Vec Object: 1 MPI process
  type: seq
1.
0.999268
0.998535
0.997803
0.997071
0.996339
0.995607
0.994875
0.994143
0.993411
0.99268
0.991948
0.991216
0.990485
0.989754
0.989022
0.988291
0.98756
0.986829
0.986098
0.985367
0.984636
0.983905
0.983175
0.982444
0.981714
0.980983
0.980253
0.979523
0.978792
0.978062
0.977332
0.976602
0.975872
0.975143
0.974413
0.973683
0.972954
0.972224
0.971495
0.970765
0.970036
0.969307
0.968578
0.967849
0.96712
0.966391
0.965662
0.964934
0.964205
0.963477
0.962748
0.96202
0.961292
0.960563
0.959835
0.959107
0.958379
0.957651
0.956924
0.956196
0.955468
0.954741
0.954013
0.953286
0.952559
0.951831
0.951104
0.950377
0.94965
0.948923
0.948197
0.94747
0.946743
0.946017
0.94529
0.944564
0.943838
0.943111
0.942385
0.941659
0.940933
0.940207
0.939482
0.938756
0.93803
0.937305
0.936579
0.935854
0.935129
0.934404
0.933678
0.932953
0.932228
0.931504
0.930779
0.930054
0.92933
0.928605
0.927881
0.927156
0.926432
0.925708
0.924984
0.92426
0.923536
0.922812
0.922088
0.921365
0.920641
0.919918
0.919194
0.918471
0.917748
0.917025
0.916302
0.915579
0.914856
0.914133
0.91341
0.912688
0.911965
0.911243
0.910521
0.909798
0.909076
0.908354
0.907632
0.90691
0.906188
0.905467
0.904745
0.904024
0.903302
0.902581
0.90186
0.901138
0.900417
0.899696
0.898976
0.898255
0.897534
0.896813
0.896093
0.895372
0.894652
0.893932
0.893212
0.892492
0.891772
0.891052
0.890332
0.889612
0.888893
0.888173
0.887454
0.886734
0.886015
0.885296
0.884577
0.883858
0.883139
0.88242
0.881701
0.880983
0.880264
0.879546
0.878828
0.878109
0.877391
0.876673
0.875955
0.875237
0.87452
0.873802
0.873084
0.872367
0.87165
0.870932
0.870215
0.869498
0.868781
0.868064
0.867347
0.866631
0.865914
0.865197
0.864481
0.863765
0.863048
0.862332
0.861616
0.8609
0.860184
0.859469
0.858753
0.858037
0.857322
0.856607
0.855891
0.855176
0.854461
0.853746
0.853031
0.852316
0.851602
0.850887
0.850173
0.849458
0.848744
0.84803
0.847316
0.846602
0.845888
0.845174
0.84446
0.843747
0.843033
0.84232
0.841607
0.840893
0.84018
0.839467
0.838754
0.838042
0.837329
0.836616
0.835904
0.835191
0.834479
0.833767
0.833055
0.832343
0.831631
0.830919
0.830208
0.829496
0.828785
0.828073
0.827362
0.826651
0.82594
0.825229
0.824518
0.823807
0.823096
0.822386
0.821675
0.820965
0.820255
0.819545
0.818835
0.818125
0.817415
0.816705
0.815996
0.815286
0.814577
0.813867
0.813158
0.812449
0.81174
0.811031
0.810322
0.809614
0.808905
0.808197
0.807488
0.80678
0.806072
0.805364
0.804656
0.803948
0.80324
0.802533
0.801825
0.801118
0.800411
0.799704
0.798996
0.79829
0.797583
0.796876
0.796169
0.795463
0.794756
0.79405
0.793344
0.792638
0.791932
0.791226
0.79052
0.789814
0.789109
0.788404
0.787698
0.786993
0.786288
0.785583
0.784878
0.784173
0.783469
0.782764
0.78206
0.781355
0.780651
0.779947
0.779243
0.778539
0.777835
0.777132
0.776428
0.775725
0.775021
0.774318
0.773615
0.772912
0.772209
0.771507
0.770804
0.770101
0.769399
0.768697
0.767994
0.767292
0.76659
0.765889
0.765187
0.764485
0.763784
0.763082
0.762381
0.76168
0.760979
0.760278
0.759577
0.758877
0.758176
0.757476
0.756775
0.756075
0.755375
0.754675
0.753975
0.753275
0.752576
0.751876
0.751177
0.750478
0.749778
0.749079
0.748381
0.747682
0.746983
0.746285
0.745586
0.744888
0.74419
0.743491
0.742794
0.742096
0.741398
0.7407
0.740003
0.739306
0.738608
0.737911
0.737214
0.736517
0.735821
0.735124
0.734427
0.733731
0.733035
0.732339
0.731643
0.730947
0.730251
0.729555
0.72886
0.728164
0.727469
0.726774
0.726079
0.725384
0.724689
0.723995
0.7233
0.722606
0.721911
0.721217
0.720523
0.719829
0.719135
0.718442
0.717748
0.717055
0.716362
0.715668
0.714975
0.714283
0.71359
0.712897
0.712205
0.711512
0.71082
0.710128
0.709436
0.708744
0.708052
0.707361
0.706669
0.705978
0.705287
0.704595
0.703905
0.703214
0.702523
0.701832
0.701142
0.700452
0.699761
0.699071
0.698381
0.697692
0.697002
0.696312
0.695623
0.694934
0.694245
0.693556
0.692867
0.692178
0.691489
0.690801
0.690113
0.689424
0.688736
0.688048
0.687361
0.686673
0.685985
0.685298
0.684611
0.683924
0.683237
0.68255
0.681863
0.681176
0.68049
0.679804
0.679118
0.678431
0.677746
0.67706
0.676374
0.675689
0.675003
0.674318
0.673633
0.672948
0.672263
0.671579
0.670894
0.67021
0.669525
0.668841
0.668157
0.667474
0.66679
0.666106
0.665423
0.66474
0.664057
0.663374
0.662691
0.662008
0.661325
0.660643
0.659961
0.659279
0.658597
0.657915
0.657233
0.656551
0.65587
0.655189
0.654508
0.653827
0.653146
0.652465
0.651785
0.651104
0.650424
0.649744
0.649064
0.648384
0.647704
0.647025
0.646345
0.645666
0.644987
0.644308
0.643629
0.642951
0.642272
0.641594
0.640915
0.640237
0.639559
0.638882
0.638204
0.637527
0.636849
0.636172
0.635495
0.634818
0.634141
0.633465
0.632788
0.632112
0.631436
0.63076
0.630084
0.629409
0.628733
0.628058
0.627382
0.626707
0.626032
0.625358
0.624683
0.624009
0.623334
0.62266
0.621986
0.621312
0.620639
0.619965
0.619292
0.618619
0.617946
0.617273
0.6166
0.615927
0.615255
0.614583
0.61391
0.613239
0.612567
0.611895
0.611224
0.610552
0.609881
0.60921
0.608539
0.607868
0.607198
0.606528
0.605857
0.605187
0.604517
0.603848
0.603178
0.602509
0.601839
0.60117
0.600501
0.599833
0.599164
0.598496
0.597827
0.597159
0.596491
0.595823
0.595156
0.594488
0.593821
0.593154
0.592487
0.59182
0.591153
0.590487
0.589821
0.589154
0.588488
0.587823
0.587157
0.586491
0.585826
0.585161
0.584496
0.583831
0.583167
0.582502
0.581838
0.581174
0.58051
0.579846
0.579182
0.578519
0.577855
0.577192
0.576529
0.575867
0.575204
0.574542
0.573879
0.573217
0.572555
0.571894
0.571232
0.570571
0.569909
0.569248
0.568587
0.567927
0.567266
0.566606
0.565946
0.565286
0.564626
0.563966
0.563307
0.562647
0.561988
0.561329
0.56067
0.560012
0.559353
0.558695
0.558037
0.557379
0.556721
0.556064
0.555407
0.554749
0.554092
0.553436
0.552779
0.552123
0.551466
0.55081
0.550154
0.549499
0.548843
0.548188
0.547532
0.546877
0.546223
0.545568
0.544914
0.544259
0.543605
0.542951
0.542298
0.541644
0.540991
0.540338
0.539685
0.539032
0.538379
0.537727
0.537075
0.536423
0.535771
0.535119
0.534468
0.533816
0.533165
0.532514
0.531864
0.531213
0.530563
0.529913
0.529263
0.528613
0.527963
0.527314
0.526665
0.526016
0.525367
0.524719
0.52407
0.523422
0.522774
0.522126
0.521478
0.520831
0.520184
0.519537
0.51889
0.518243
0.517597
0.51695
0.516304
0.515659
0.515013
0.514367
0.513722
0.513077
0.512432
0.511787
0.511143
0.510499
0.509855
0.509211
0.508567
0.507924
0.50728
0.506637
0.505994
0.505352
0.504709
0.504067
0.503425
0.502783
0.502141
0.5015
0.500859
0.500218
0.499577
0.498936
0.498296
0.497656
0.497016
0.496376
0.495736
0.495097
0.494458
0.493819
0.49318
0.492541
0.491903
0.491265
0.490627
0.489989
0.489352
0.488714
0.488077
0.48744
0.486804
0.486167
0.485531
0.484895
0.484259
0.483624
0.482988
0.482353
0.481718
0.481083
0.480449
0.479815
0.47918
0.478547
0.477913
0.477279
0.476646
0.476013
0.47538
0.474748
0.474116
0.473483
0.472851
0.47222
0.471588
0.470957
0.470326
0.469695
0.469065
0.468434
0.467804
0.467174
0.466545
0.465915
0.465286
0.464657
0.464028
0.463399
0.462771
0.462143
0.461515
0.460887
0.46026
0.459633
0.459006
0.458379
0.457752
0.457126
0.4565
0.455874
0.455249
0.454623
0.453998
0.453373
0.452748
0.452124
0.4515
0.450876
0.450252
0.449629
0.449005
0.448382
0.447759
0.447137
0.446514
0.445892
0.44527
0.444649
0.444027
0.443406
0.442785
0.442165
0.441544
0.440924
0.440304
0.439684
0.439065
0.438445
0.437826
0.437208
0.436589
0.435971
0.435353
0.434735
0.434117
0.4335
0.432883
0.432266
0.43165
0.431033
0.430417
0.429801
0.429186
0.42857
0.427955
0.42734
0.426726
0.426111
0.425497
0.424883
0.42427
0.423656
0.423043
0.42243
0.421818
0.421205
0.420593
0.419981
0.41937
0.418758
0.418147
0.417537
0.416926
0.416316
0.415706
0.415096
0.414486
0.413877
0.413268
0.412659
0.41205
0.411442
0.410834
0.410226
0.409619
0.409012
0.408405
0.407798
0.407192
0.406585
0.405979
0.405374
0.404768
0.404163
0.403558
0.402954
0.402349
0.401745
0.401142
0.400538
0.399935
0.399332
0.398729
0.398127
0.397524
0.396922
0.396321
0.395719
0.395118
0.394517
0.393917
0.393316
0.392716
0.392117
0.391517
0.390918
0.390319
0.38972
0.389122
0.388524
0.387926
0.387328
0.386731
0.386134
0.385537
0.384941
0.384345
0.383749
0.383153
0.382558
0.381963
0.381368
0.380774
0.380179
0.379586
0.378992
0.378399
0.377805
0.377213
0.37662
0.376028
0.375436
0.374844
0.374253
0.373662
0.373071
0.372481
0.371891
0.371301
0.370711
0.370122
0.369533
0.368944
0.368355
0.367767
0.367179
0.366592
0.366005
0.365418
0.364831
0.364245
0.363658
0.363073
0.362487
0.361902
0.361317
0.360732
0.360148
0.359564
0.35898
0.358397
0.357814
0.357231
0.356649
0.356066
0.355484
0.354903
0.354322
0.353741
0.35316
0.35258
0.351999
0.35142
0.35084
0.350261
0.349682
0.349104
0.348526
0.347948
0.34737
0.346793
0.346216
0.345639
0.345063
0.344487
0.343911
0.343336
0.342761
0.342186
0.341611
0.341037
0.340463
0.33989
0.339317
0.338744
0.338171
0.337599
0.337027
0.336455
0.335884
0.335313
0.334743
0.334172
0.333602
0.333033
0.332463
0.331894
0.331326
0.330757
0.330189
0.329622
0.329054
0.328487
0.327921
0.327354
0.326788
0.326222
0.325657
0.325092
0.324527
0.323963
0.323399
0.322835
0.322272
0.321709
0.321146
0.320584
0.320021
0.31946
0.318898
0.318337
0.317777
0.317216
0.316656
0.316097
0.315537
0.314978
0.31442
0.313861
0.313304
0.312746
0.312189
0.311632
0.311075
0.310519
0.309963
0.309408
0.308852
0.308298
0.307743
0.307189
0.306635
0.306082
0.305529
0.304976
0.304424
0.303872
0.30332
0.302769
0.302218
0.301667
0.301117
0.300567
0.300018
0.299468
0.29892
0.298371
0.297823
0.297275
0.296728
0.296181
0.295635
0.295088
0.294542
0.293997
0.293452
0.292907
0.292363
0.291818
0.291275
0.290731
0.290189
0.289646
0.289104
0.288562
0.28802
0.287479
0.286939
0.286398
0.285858
0.285319
0.28478
0.284241
0.283702
0.283164
0.282626
0.282089
0.281552
0.281016
0.280479
0.279944
0.279408
0.278873
0.278338
0.277804
0.27727
0.276737
0.276204
0.275671
0.275139
0.274607
0.274075
0.273544
0.273013
0.272483
0.271953
0.271423
0.270894
0.270365
0.269837
0.269309
0.268781
0.268254
0.267727
0.267201
0.266675
0.266149
0.265624
0.265099
0.264574
0.26405
0.263527
0.263003
0.262481
0.261958
0.261436
0.260914
0.260393
0.259872
0.259352
0.258832
0.258312
0.257793
0.257275
0.256756
0.256238
0.255721
0.255204
0.254687
0.254171
0.253655
0.253139
0.252624
0.25211
0.251595
0.251082
0.250568
0.250055
0.249543
0.249031
0.248519
0.248008
0.247497
0.246986
0.246476
0.245967
0.245458
0.244949
0.244441
0.243933
0.243425
0.242918
0.242412
0.241906
0.2414
0.240895
0.24039
0.239885
0.239381
0.238878
0.238375
0.237872
0.23737
0.236868
0.236367
0.235866
0.235365
0.234865
0.234366
0.233867
0.233368
0.23287
0.232372
0.231874
0.231378
0.230881
0.230385
0.229889
0.229394
0.2289
0.228405
0.227912
0.227418
0.226925
0.226433
0.225941
0.225449
0.224958
0.224468
0.223978
0.223488
0.222999
0.22251
0.222022
0.221534
0.221046
0.220559
0.220073
0.219587
0.219101
0.218616
0.218132
0.217647
0.217164
0.216681
0.216198
0.215716
0.215234
0.214752
0.214271
0.213791
0.213311
0.212832
0.212353
0.211874
0.211396
0.210919
0.210442
0.209965
0.209489
0.209013
0.208538
0.208063
0.207589
0.207115
0.206642
0.206169
0.205697
0.205225
0.204754
0.204283
0.203813
0.203343
0.202874
0.202405
0.201936
0.201469
0.201001
0.200534
0.200068
0.199602
0.199137
0.198672
0.198207
0.197743
0.19728
0.196817
0.196354
0.195893
0.195431
0.19497
0.19451
0.19405
0.19359
0.193131
0.192673
0.192215
0.191758
0.191301
0.190844
0.190389
0.189933
0.189478
0.189024
0.18857
0.188117
0.187664
0.187212
0.18676
0.186309
0.185858
0.185408
0.184958
0.184509
0.18406
0.183612
0.183164
0.182717
0.18227
0.181824
0.181379
0.180934
0.180489
0.180045
0.179602
0.179159
0.178716
0.178274
0.177833
0.177392
0.176952
0.176512
0.176073
0.175634
0.175196
0.174758
0.174321
0.173885
0.173449
0.173013
0.172578
0.172144
0.17171
0.171277
0.170844
0.170412
0.16998
0.169549
0.169118
0.168688
0.168258
0.167829
0.167401
0.166973
0.166546
0.166119
0.165693
0.165267
0.164842
0.164417
0.163993
0.163569
0.163146
0.162724
0.162302
0.161881
0.16146
0.16104
0.16062
0.160201
0.159783
0.159365
0.158947
0.158531
0.158114
0.157699
0.157283
0.156869
0.156455
0.156041
0.155628
0.155216
0.154804
0.154393
0.153983
0.153572
0.153163
0.152754
0.152346
0.151938
0.151531
0.151124
0.150718
0.150313
0.149908
0.149503
0.149099
0.148696
0.148294
0.147892
0.14749
0.147089
0.146689
0.146289
0.14589
0.145492
0.145094
0.144696
0.144299
0.143903
0.143508
0.143113
0.142718
0.142324
0.141931
0.141538
0.141146
0.140755
0.140364
0.139973
0.139583
0.139194
0.138806
0.138418
0.13803
0.137644
0.137257
0.136872
0.136487
0.136102
0.135719
0.135335
0.134953
0.134571
0.134189
0.133808
0.133428
0.133049
0.13267
0.132291
0.131913
0.131536
0.131159
0.130783
0.130408
0.130033
0.129659
0.129286
0.128913
0.12854
0.128168
0.127797
0.127427
0.127057
0.126687
0.126319
0.125951
0.125583
0.125216
0.12485
0.124484
0.124119
0.123755
0.123391
0.123028
0.122665
0.122303
0.121942
0.121581
0.121221
0.120862
0.120503
0.120145
0.119787
0.11943
0.119073
0.118718
0.118363
0.118008
0.117654
0.117301
0.116948
0.116596
0.116245
0.115894
0.115544
0.115194
0.114845
0.114497
0.114149
0.113802
0.113456
0.11311
0.112765
0.112421
0.112077
0.111733
0.111391
0.111049
0.110707
0.110367
0.110027
0.109687
0.109348
0.10901
0.108672
0.108336
0.107999
0.107664
0.107328
0.106994
0.10666
0.106327
0.105995
0.105663
0.105332
0.105001
0.104671
0.104342
0.104013
0.103685
0.103358
0.103031
0.102705
0.102379
0.102054
0.10173
0.101407
0.101084
0.100762
0.10044
0.100119
0.0997986
0.0994789
0.0991598
0.0988414
0.0985236
0.0982064
0.0978899
0.0975741
0.0972589
0.0969443
0.0966304
0.0963171
0.0960045
0.0956925
0.0953811
0.0950705
0.0947604
0.094451
0.0941422
0.0938341
0.0935266
0.0932198
0.0929136
0.0926081
0.0923032
0.091999
0.0916954
0.0913924
0.0910901
0.0907885
0.0904875
0.0901871
0.0898874
0.0895884
0.08929
0.0889922
0.0886951
0.0883986
0.0881028
0.0878076
0.0875131
0.0872192
0.086926
0.0866334
0.0863415
0.0860502
0.0857596
0.0854696
0.0851803
0.0848916
0.0846036
0.0843162
0.0840294
0.0837433
0.0834579
0.0831731
0.082889
0.0826055
0.0823226
0.0820404
0.0817589
0.081478
0.0811978
0.0809182
0.0806392
0.0803609
0.0800833
0.0798063
0.0795299
0.0792542
0.0789791
0.0787047
0.078431
0.0781579
0.0778854
0.0776136
0.0773424
0.0770719
0.076802
0.0765328
0.0762642
0.0759963
0.075729
0.0754624
0.0751964
0.074931
0.0746663
0.0744023
0.0741389
0.0738761
0.073614
0.0733525
0.0730917
0.0728316
0.072572
0.0723131
0.0720549
0.0717973
0.0715404
0.071284
0.0710284
0.0707734
0.070519
0.0702653
0.0700122
0.0697597
0.0695079
0.0692568
0.0690062
0.0687564
0.0685071
0.0682585
0.0680106
0.0677632
0.0675166
0.0672705
0.0670251
0.0667804
0.0665363
0.0662928
0.0660499
0.0658077
0.0655662
0.0653252
0.0650849
0.0648453
0.0646063
0.0643679
0.0641301
0.063893
0.0636565
0.0634207
0.0631855
0.0629509
0.062717
0.0624836
0.062251
0.0620189
0.0617875
0.0615567
0.0613265
0.061097
0.0608681
0.0606398
0.0604122
0.0601852
0.0599588
0.059733
0.0595079
0.0592834
0.0590595
0.0588362
0.0586136
0.0583916
0.0581702
0.0579494
0.0577293
0.0575098
0.0572909
0.0570726
0.0568549
0.0566379
0.0564215
0.0562057
0.0559905
0.0557759
0.055562
0.0553486
0.0551359
0.0549238
0.0547123
0.0545015
0.0542912
0.0540815
0.0538725
0.0536641
0.0534563
0.0532491
0.0530425
0.0528365
0.0526311
0.0524263
0.0522222
0.0520186
0.0518156
0.0516133
0.0514115
0.0512104
0.0510099
0.0508099
0.0506106
0.0504118
0.0502137
0.0500162
0.0498192
0.0496229
0.0494271
0.049232
0.0490374
0.0488435
0.0486501
0.0484573
0.0482651
0.0480736
0.0478826
0.0476921
0.0475023
0.0473131
0.0471245
0.0469364
0.0467489
0.046562
0.0463757
0.04619
0.0460049
0.0458203
0.0456364
0.045453
0.0452702
0.0450879
0.0449063
0.0447252
0.0445447
0.0443648
0.0441854
0.0440066
0.0438284
0.0436508
0.0434737
0.0432973
0.0431213
0.042946
0.0427712
0.042597
0.0424233
0.0422502
0.0420777
0.0419057
0.0417343
0.0415635
0.0413932
0.0412235
0.0410543
0.0408857
0.0407177
0.0405502
0.0403832
0.0402169
0.040051
0.0398858
0.039721
0.0395568
0.0393932
0.0392301
0.0390676
0.0389056
0.0387442
0.0385833
0.0384229
0.0382631
0.0381038
0.0379451
0.0377869
0.0376292
0.0374721
0.0373155
0.0371595
0.037004
0.036849
0.0366945
0.0365406
0.0363872
0.0362344
0.036082
0.0359302
0.0357789
0.0356282
0.0354779
0.0353282
0.035179
0.0350304
0.0348822
0.0347346
0.0345875
0.0344409
0.0342948
0.0341493
0.0340042
0.0338597
0.0337156
0.0335721
0.0334291
0.0332866
0.0331446
0.0330031
0.0328621
0.0327216
0.0325817
0.0324422
0.0323032
0.0321647
0.0320267
0.0318893
0.0317523
0.0316158
0.0314798
0.0313443
0.0312093
0.0310747
0.0309407
0.0308071
0.0306741
0.0305415
0.0304094
0.0302778
0.0301467
0.030016
0.0298859
0.0297562
0.029627
0.0294982
0.02937
0.0292422
0.0291149
0.028988
0.0288617
0.0287358
0.0286104
0.0284854
0.0283609
0.0282369
0.0281133
0.0279902
0.0278676
0.0277454
0.0276237
0.0275024
0.0273816
0.0272613
0.0271414
0.0270219
0.026903
0.0267844
0.0266663
0.0265487
0.0264315
0.0263148
0.0261985
0.0260826
0.0259672
0.0258522
0.0257377
0.0256236
0.02551
0.0253968
0.025284
0.0251717
0.0250598
0.0249483
0.0248373
0.0247266
0.0246165
0.0245067
0.0243974
0.0242885
0.02418
0.024072
0.0239643
0.0238571
0.0237503
0.023644
0.023538
0.0234325
0.0233274
0.0232227
0.0231184
0.0230145
0.022911
0.0228079
0.0227053
0.022603
0.0225012
0.0223998
0.0222987
0.0221981
0.0220979
0.021998
0.0218986
0.0217996
0.0217009
0.0216027
0.0215048
0.0214074
0.0213103
0.0212136
0.0211173
0.0210214
0.0209259
0.0208308
0.0207361
0.0206417
0.0205477
0.0204541
0.0203609
0.0202681
0.0201756
0.0200835
0.0199918
0.0199005
0.0198095
0.0197189
0.0196287
0.0195389
0.0194494
0.0193603
0.0192715
0.0191832
0.0190951
0.0190075
0.0189202
0.0188333
0.0187467
0.0186605
0.0185746
0.0184891
0.018404
0.0183192
0.0182347
0.0181506
0.0180669
0.0179835
0.0179004
0.0178177
0.0177354
0.0176534
0.0175717
0.0174904
0.0174094
0.0173287
0.0172484
0.0171685
0.0170888
0.0170095
0.0169306
0.0168519
0.0167736
0.0166957
0.016618
0.0165407
0.0164637
0.0163871
0.0163107
0.0162347
0.016159
0.0160837
0.0160086
0.0159339
0.0158595
0.0157854
0.0157117
0.0156382
0.0155651
0.0154922
0.0154197
0.0153475
0.0152756
0.015204
0.0151327
0.0150618
0.0149911
0.0149207
0.0148507
0.0147809
0.0147115
0.0146423
0.0145734
0.0145049
0.0144366
0.0143686
0.014301
0.0142336
0.0141665
0.0140997
0.0140332
0.013967
0.0139011
0.0138354
0.0137701
0.013705
0.0136402
0.0135757
0.0135115
0.0134476
0.0133839
0.0133205
0.0132574
0.0131946
0.0131321
0.0130698
0.0130078
0.0129461
0.0128846
0.0128234
0.0127625
0.0127019
0.0126415
0.0125814
0.0125215
0.0124619
0.0124026
0.0123436
0.0122848
0.0122263
0.012168
0.01211
0.0120522
0.0119947
0.0119375
0.0118805
0.0118238
0.0117673
0.0117111
0.0116551
0.0115994
0.0115439
0.0114887
0.0114337
0.011379
0.0113245
0.0112702
0.0112162
0.0111625
0.0111089
0.0110557
0.0110026
0.0109498
0.0108973
0.010845
0.0107929
0.010741
0.0106894
0.010638
0.0105869
0.0105359
0.0104852
0.0104348
0.0103846
0.0103346
0.0102848
0.0102352
0.0101859
0.0101368
0.0100879
0.0100393
0.00999082
0.0099426
0.00989461
0.00984683
0.00979927
0.00975193
0.0097048
0.00965789
0.00961119
0.00956471
0.00951844
0.00947238
0.00942654
0.0093809
0.00933547
0.00929025
0.00924524
0.00920043
0.00915583
0.00911144
0.00906725
0.00902326
0.00897947
0.00893589
0.00889251
0.00884933
0.00880634
0.00876356
0.00872097
0.00867858
0.00863639
0.00859439
0.00855258
0.00851097
0.00846955
0.00842832
0.00838729
0.00834644
0.00830578
0.00826532
0.00822504
0.00818494
0.00814504
0.00810532
0.00806578
0.00802643
0.00798726
0.00794827
0.00790947
0.00787084
0.0078324
0.00779413
0.00775605
0.00771814
0.00768041
0.00764286
0.00760548
0.00756827
0.00753124
0.00749439
0.0074577
0.00742119
0.00738485
0.00734868
0.00731268
0.00727685
0.00724118
0.00720569
0.00717036
0.0071352
0.0071002
0.00706537
0.0070307
0.00699619
0.00696185
0.00692767
0.00689365
0.00685979
0.00682609
0.00679255
0.00675917
0.00672594
0.00669287
0.00665996
0.00662721
0.00659461
0.00656216
0.00652987
0.00649773
0.00646574
0.0064339
0.00640222
0.00637068
0.0063393
0.00630806
0.00627697
0.00624603
0.00621524
0.0061846
0.00615409
0.00612374
0.00609353
0.00606346
0.00603354
0.00600375
0.00597411
0.00594461
0.00591526
0.00588604
0.00585696
0.00582802
0.00579922
0.00577056
0.00574203
0.00571364
0.00568538
0.00565726
0.00562928
0.00560143
0.00557371
0.00554612
0.00551867
0.00549135
0.00546416
0.0054371
0.00541017
0.00538337
0.00535669
0.00533015
0.00530373
0.00527744
0.00525128
0.00522524
0.00519933
0.00517354
0.00514788
0.00512234
0.00509692
0.00507162
0.00504645
0.0050214
0.00499647
0.00497166
0.00494696
0.00492239
0.00489794
0.0048736
0.00484938
0.00482528
0.0048013
0.00477743
0.00475368
0.00473004
0.00470651
0.0046831
0.0046598
0.00463662
0.00461355
0.00459059
0.00456774
0.004545
0.00452237
0.00449985
0.00447744
0.00445514
0.00443295
0.00441086
0.00438889
0.00436701
0.00434525
0.00432359
0.00430204
0.00428059
0.00425924
0.004238
0.00421686
0.00419583
0.0041749
0.00415407
0.00413334
0.00411271
0.00409218
0.00407175
0.00405143
0.0040312
0.00401107
0.00399103
0.0039711
0.00395126
0.00393152
0.00391188
0.00389233
0.00387288
0.00385352
0.00383426
0.00381509
0.00379601
0.00377703
0.00375814
0.00373934
0.00372064
0.00370202
0.0036835
0.00366507
0.00364673
0.00362848
0.00361032
0.00359224
0.00357426
0.00355636
0.00353855
0.00352083
0.0035032
0.00348565
0.00346819
0.00345081
0.00343352
0.00341632
0.00339919
0.00338216
0.0033652
0.00334833
0.00333155
0.00331484
0.00329822
0.00328168
0.00326522
0.00324884
0.00323254
0.00321632
0.00320019
0.00318413
0.00316815
0.00315225
0.00313643
0.00312068
0.00310501
0.00308942
0.00307391
0.00305848
0.00304312
0.00302783
0.00301262
0.00299749
0.00298243
0.00296744
0.00295253
0.0029377
0.00292293
0.00290824
0.00289362
0.00287908
0.0028646
0.0028502
0.00283587
0.00282161
0.00280742
0.0027933
0.00277925
0.00276527
0.00275135
0.00273751
0.00272374
0.00271003
0.00269639
0.00268282
0.00266932
0.00265588
0.00264251
0.00262921
0.00261597
0.0026028
0.00258969
0.00257665
0.00256367
0.00255076
0.00253791
0.00252513
0.00251241
0.00249975
0.00248715
0.00247462
0.00246215
0.00244974
0.00243739
0.00242511
0.00241288
0.00240072
0.00238862
0.00237657
0.00236459
0.00235267
0.0023408
0.002329
0.00231725
0.00230556
0.00229393
0.00228236
0.00227084
0.00225939
0.00224799
0.00223664
0.00222536
0.00221412
0.00220295
0.00219183
0.00218077
0.00216976
0.0021588
0.0021479
0.00213706
0.00212627
0.00211553
0.00210485
0.00209422
0.00208364
0.00207312
0.00206264
0.00205222
0.00204186
0.00203154
0.00202128
0.00201106
0.0020009
0.00199079
0.00198073
0.00197072
0.00196076
0.00195084
0.00194098
0.00193117
0.00192141
0.00191169
0.00190203
0.00189241
0.00188284
0.00187332
0.00186385
0.00185442
0.00184504
0.00183571
0.00182642
0.00181718
0.00180799
0.00179884
0.00178974
0.00178069
0.00177167
0.00176271
0.00175379
0.00174491
0.00173608
0.0017273
0.00171855
0.00170985
0.0017012
0.00169259
0.00168402
0.00167549
0.00166701
0.00165857
0.00165017
0.00164181
0.0016335
0.00162522
0.00161699
0.0016088
0.00160065
0.00159255
0.00158448
0.00157645
0.00156846
0.00156052
0.00155261
0.00154474
0.00153692
0.00152913
0.00152138
0.00151367
0.001506
0.00149837
0.00149077
0.00148322
0.0014757
0.00146822
0.00146077
0.00145337
0.001446
0.00143867
0.00143137
0.00142412
0.00141689
0.00140971
0.00140256
0.00139545
0.00138837
0.00138133
0.00137432
0.00136735
0.00136042
0.00135352
0.00134665
0.00133982
0.00133302
0.00132626
0.00131953
0.00131283
0.00130617
0.00129954
0.00129295
0.00128639
0.00127986
0.00127336
0.0012669
0.00126047
0.00125407
0.00124771
0.00124137
0.00123507
0.0012288
0.00122257
0.00121636
0.00121018
0.00120404
0.00119793
0.00119184
0.00118579
0.00117977
0.00117378
0.00116782
0.00116189
0.00115599
0.00115012
0.00114427
0.00113846
0.00113268
0.00112693
0.0011212
0.00111551
0.00110984
0.0011042
0.00109859
0.00109301
0.00108746
0.00108193
0.00107643
0.00107096
0.00106552
0.00106011
0.00105472
0.00104936
0.00104403
0.00103872
0.00103344
0.00102819
0.00102296
0.00101777
0.00101259
0.00100745
0.00100232
0.000997229
0.000992159
0.000987115
0.000982097
0.000977104
0.000972136
0.000967193
0.000962276
0.000957383
0.000952515
0.000947671
0.000942852
0.000938058
0.000933287
0.000928541
0.000923819
0.000919121
0.000914446
0.000909795
0.000905168
0.000900564
0.000895983
0.000891425
0.000886891
0.000882379
0.000877891
0.000873425
0.000868981
0.00086456
0.000860162
0.000855786
0.000851431
0.000847099
0.000842789
0.000838501
0.000834234
0.000829989
0.000825766
0.000821564
0.000817383
0.000813223
0.000809085
0.000804967
0.00080087
0.000796794
0.000792739
0.000788704
0.000784689
0.000780695
0.000776721
0.000772768
0.000768834
0.00076492
0.000761026
0.000757152
0.000753298
0.000749463
0.000745647
0.000741851
0.000738074
0.000734316
0.000730577
0.000726858
0.000723157
0.000719474
0.000715811
0.000712166
0.000708539
0.000704931
0.000701341
0.00069777
0.000694216
0.000690681
0.000687163
0.000683664
0.000680182
0.000676717
0.000673271
0.000669841
0.00066643
0.000663035
0.000659658
0.000656298
0.000652955
0.000649628
0.000646319
0.000643027
0.000639751
0.000636492
0.000633249
0.000630023
0.000626813
0.00062362
0.000620443
0.000617281
0.000614136
0.000611007
0.000607894
0.000604797
0.000601715
0.000598649
0.000595598
0.000592563
0.000589544
0.000586539
0.00058355
0.000580577
0.000577618
0.000574674
0.000571745
0.000568831
0.000565932
0.000563048
0.000560178
0.000557323
0.000554483
0.000551656
0.000548845
0.000546047
0.000543264
0.000540495
0.000537739
0.000534998
0.000532271
0.000529558
0.000526858
0.000524172
0.0005215
0.000518842
0.000516197
0.000513565
0.000510947
0.000508342
0.00050575
0.000503171
0.000500606
0.000498054
0.000495514
0.000492988
0.000490474
0.000487973
0.000485485
0.000483009
0.000480547
0.000478096
0.000475658
0.000473233
0.000470819
0.000468418
0.00046603
0.000463653
0.000461289
0.000458936
0.000456596
0.000454267
0.00045195
0.000449645
0.000447352
0.00044507
0.0004428
0.000440542
0.000438295
0.000436059
0.000433835
0.000431622
0.000429421
0.000427231
0.000425051
0.000422883
0.000420726
0.00041858
0.000416445
0.00041432
0.000412207
0.000410104
0.000408012
0.00040593
0.00040386
0.000401799
0.000399749
0.00039771
0.000395681
0.000393662
0.000391654
0.000389656
0.000387668
0.00038569
0.000383722
0.000381764
0.000379816
0.000377878
0.00037595
0.000374032
0.000372124
0.000370225
0.000368336
0.000366456
0.000364586
0.000362726
0.000360875
0.000359034
0.000357202
0.000355379
0.000353565
0.000351761
0.000349966
0.00034818
0.000346403
0.000344635
0.000342876
0.000341127
0.000339386
0.000337654
0.00033593
0.000334216
0.00033251
0.000330813
0.000329125
0.000327445
0.000325774
0.000324111
0.000322457
0.000320811
0.000319174
0.000317544
0.000315924
0.000314311
0.000312707
0.000311111
0.000309523
0.000307943
0.000306371
0.000304807
0.000303251
0.000301703
0.000300163
0.000298631
0.000297106
0.00029559
0.000294081
0.000292579
0.000291086
0.0002896
0.000288121
0.000286651
0.000285187
0.000283731
0.000282283
0.000280842
0.000279408
0.000277981
0.000276562
0.00027515
0.000273745
0.000272348
0.000270957
0.000269574
0.000268198
0.000266828
0.000265466
0.00026411
0.000262762
0.00026142
0.000260086
0.000258758
0.000257436
0.000256122
0.000254814
0.000253513
0.000252219
0.000250931
0.000249649
0.000248375
0.000247106
0.000245845
0.000244589
0.00024334
0.000242098
0.000240861
0.000239631
0.000238408
0.00023719
0.000235979
0.000234774
0.000233575
0.000232382
0.000231196
0.000230015
0.00022884
0.000227672
0.000226509
0.000225352
0.000224201
0.000223056
0.000221917
0.000220784
0.000219656
0.000218534
0.000217418
0.000216308
0.000215203
0.000214104
0.000213011
0.000211923
0.00021084
0.000209763
0.000208692
0.000207626
0.000206566
0.000205511
0.000204461
0.000203417
0.000202378
0.000201344
0.000200316
0.000199292
0.000198275
0.000197262
0.000196254
0.000195252
0.000194254
0.000193262
0.000192275
0.000191293
0.000190316
0.000189344
0.000188376
0.000187414
0.000186457
0.000185504
0.000184557
0.000183614
0.000182676
0.000181743
0.000180815
0.000179891
0.000178972
0.000178058
0.000177148
0.000176243
0.000175343
0.000174447
0.000173556
0.000172669
0.000171787
0.00017091
0.000170036
0.000169168
0.000168304
0.000167444
0.000166588
0.000165737
0.000164891
0.000164048
0.00016321
0.000162376
0.000161547
0.000160721
0.0001599
0.000159083
0.000158271
0.000157462
0.000156657
0.000155857
0.000155061
0.000154269
0.00015348
0.000152696
0.000151916
0.00015114
0.000150368
0.000149599
0.000148835
0.000148075
0.000147318
0.000146565
0.000145817
0.000145072
0.00014433
0.000143593
0.000142859
0.000142129
0.000141403
0.00014068
0.000139962
0.000139247
0.000138535
0.000137827
0.000137123
0.000136422
0.000135725
0.000135032
0.000134342
0.000133655
0.000132972
0.000132293
0.000131617
0.000130944
0.000130275
0.00012961
0.000128947
0.000128288
0.000127633
0.000126981
0.000126332
0.000125686
0.000125044
0.000124405
0.000123769
0.000123137
0.000122507
0.000121881
0.000121259
0.000120639
0.000120023
0.000119409
0.000118799
0.000118192
0.000117588
0.000116987
0.000116389
0.000115794
0.000115203
0.000114614
0.000114028
0.000113445
0.000112866
0.000112289
0.000111715
0.000111144
0.000110576
0.000110011
0.000109449
0.00010889
0.000108333
0.000107779
0.000107229
0.000106681
0.000106135
0.000105593
0.000105053
0.000104516
0.000103982
0.000103451
0.000102922
0.000102396
0.000101873
0.000101352
0.000100834
0.000100319
9.98062e-05
9.92961e-05
9.87886e-05
9.82837e-05
9.77814e-05
9.72816e-05
9.67844e-05
9.62898e-05
9.57976e-05
9.5308e-05
9.48209e-05
9.43363e-05
9.38541e-05
9.33745e-05
9.28972e-05
9.24224e-05
9.195e-05
9.14801e-05
9.10125e-05
9.05474e-05
9.00846e-05
8.96241e-05
8.91661e-05
8.87103e-05
8.82569e-05
8.78058e-05
8.7357e-05
8.69105e-05
8.64663e-05
8.60244e-05
8.55847e-05
8.51472e-05
8.4712e-05
8.4279e-05
8.38483e-05
8.34197e-05
8.29933e-05
8.25691e-05
8.21471e-05
8.17272e-05
8.13094e-05
8.08938e-05
8.04804e-05
8.0069e-05
7.96597e-05
7.92526e-05
7.88475e-05
7.84444e-05
7.80435e-05
7.76446e-05
7.72477e-05
7.68528e-05
7.646e-05
7.60692e-05
7.56803e-05
7.52935e-05
7.49086e-05
7.45257e-05
7.41448e-05
7.37658e-05
7.33887e-05
7.30136e-05
7.26404e-05
7.22691e-05
7.18997e-05
7.15321e-05
7.11665e-05
7.08027e-05
7.04408e-05
7.00807e-05
6.97225e-05
6.93661e-05
6.90115e-05
6.86587e-05
6.83078e-05
6.79586e-05
6.76112e-05
6.72656e-05
6.69217e-05
6.65796e-05
6.62393e-05
6.59007e-05
6.55638e-05
6.52287e-05
6.48952e-05
6.45635e-05
6.42335e-05
6.39051e-05
6.35784e-05
6.32534e-05
6.29301e-05
6.26084e-05
6.22883e-05
6.19699e-05
6.16531e-05
6.1338e-05
6.10244e-05
6.07124e-05
6.04021e-05
6.00933e-05
5.97861e-05
5.94805e-05
5.91764e-05
5.88739e-05
5.85729e-05
5.82735e-05
5.79756e-05
5.76792e-05
5.73844e-05
5.7091e-05
5.67992e-05
5.65088e-05
5.62199e-05
5.59325e-05
5.56466e-05
5.53621e-05
5.50791e-05
5.47975e-05
5.45174e-05
5.42387e-05
5.39614e-05
5.36855e-05
5.34111e-05
5.3138e-05
5.28664e-05
5.25961e-05
5.23272e-05
5.20597e-05
5.17936e-05
5.15288e-05
5.12654e-05
5.10033e-05
5.07425e-05
5.04831e-05
5.02251e-05
4.99683e-05
4.97128e-05
4.94587e-05
4.92058e-05
4.89543e-05
4.8704e-05
4.8455e-05
4.82073e-05
4.79608e-05
4.77156e-05
4.74717e-05
4.7229e-05
4.69876e-05
4.67473e-05
4.65083e-05
4.62706e-05
4.6034e-05
4.57987e-05
4.55645e-05
4.53316e-05
4.50998e-05
4.48693e-05
4.46399e-05
4.44116e-05
4.41846e-05
4.39587e-05
4.3734e-05
4.35104e-05
4.32879e-05
4.30666e-05
4.28464e-05
4.26274e-05
4.24094e-05
4.21926e-05
4.19769e-05
4.17623e-05
4.15488e-05
4.13364e-05
4.1125e-05
4.09148e-05
4.07056e-05
4.04975e-05
4.02904e-05
4.00844e-05
3.98795e-05
3.96756e-05
3.94728e-05
3.9271e-05
3.90702e-05
3.88704e-05
3.86717e-05
3.8474e-05
3.82773e-05
3.80816e-05
3.78869e-05
3.76932e-05
3.75005e-05
3.73087e-05
3.7118e-05
3.69282e-05
3.67394e-05
3.65516e-05
3.63647e-05
3.61788e-05
3.59938e-05
3.58098e-05
3.56267e-05
3.54445e-05
3.52633e-05
3.5083e-05
3.49036e-05
3.47252e-05
3.45477e-05
3.4371e-05
3.41953e-05
3.40204e-05
3.38465e-05
3.36735e-05
3.35013e-05
3.333e-05
3.31596e-05
3.29901e-05
3.28214e-05
3.26536e-05
3.24866e-05
3.23205e-05
3.21553e-05
3.19909e-05
3.18273e-05
3.16646e-05
3.15027e-05
3.13416e-05
3.11814e-05
3.10219e-05
3.08633e-05
3.07055e-05
3.05485e-05
3.03923e-05
3.02369e-05
3.00823e-05
2.99285e-05
2.97755e-05
2.96233e-05
2.94718e-05
2.93211e-05
2.91712e-05
2.9022e-05
2.88737e-05
2.8726e-05
2.85792e-05
2.8433e-05
2.82877e-05
2.8143e-05
2.79991e-05
2.7856e-05
2.77135e-05
2.75718e-05
2.74309e-05
2.72906e-05
2.71511e-05
2.70122e-05
2.68741e-05
2.67367e-05
2.66e-05
2.6464e-05
2.63287e-05
2.61941e-05
2.60602e-05
2.59269e-05
2.57943e-05
2.56625e-05
2.55312e-05
2.54007e-05
2.52708e-05
2.51416e-05
2.50131e-05
2.48852e-05
2.47579e-05
2.46313e-05
2.45054e-05
2.43801e-05
2.42554e-05
2.41314e-05
2.4008e-05
2.38853e-05
2.37631e-05
2.36416e-05
2.35208e-05
2.34005e-05
2.32808e-05
2.31618e-05
2.30434e-05
2.29256e-05
2.28083e-05
2.26917e-05
2.25757e-05
2.24602e-05
2.23454e-05
2.22311e-05
2.21175e-05
2.20044e-05
2.18919e-05
2.17799e-05
2.16686e-05
2.15578e-05
2.14475e-05
2.13379e-05
2.12288e-05
2.11202e-05
2.10122e-05
2.09048e-05
2.07979e-05
2.06916e-05
2.05858e-05
2.04805e-05
2.03758e-05
2.02716e-05
2.01679e-05
2.00648e-05
1.99622e-05
1.98602e-05
1.97586e-05
1.96576e-05
1.95571e-05
1.94571e-05
1.93576e-05
1.92586e-05
1.91601e-05
1.90621e-05
1.89647e-05
1.88677e-05
1.87712e-05
1.86752e-05
1.85798e-05
1.84848e-05
1.83902e-05
1.82962e-05
1.82026e-05
1.81096e-05
1.8017e-05
1.79248e-05
1.78332e-05
1.7742e-05
1.76513e-05
1.7561e-05
1.74712e-05
1.73819e-05
1.7293e-05
1.72046e-05
1.71166e-05
1.70291e-05
1.6942e-05
1.68554e-05
1.67692e-05
1.66835e-05
1.65982e-05
1.65133e-05
1.64288e-05
1.63448e-05
1.62613e-05
1.61781e-05
1.60954e-05
1.60131e-05
1.59312e-05
1.58497e-05
1.57687e-05
1.56881e-05
1.56078e-05
1.5528e-05
1.54486e-05
1.53696e-05
1.5291e-05
1.52129e-05
1.51351e-05
1.50577e-05
1.49807e-05
1.49041e-05
1.48279e-05
1.47521e-05
1.46766e-05
1.46016e-05
1.45269e-05
1.44526e-05
1.43787e-05
1.43052e-05
1.42321e-05
1.41593e-05
1.40869e-05
1.40148e-05
1.39432e-05
1.38719e-05
1.38009e-05
1.37304e-05
1.36602e-05
1.35903e-05
1.35208e-05
1.34517e-05
1.33829e-05
1.33145e-05
1.32464e-05
1.31787e-05
1.31113e-05
1.30442e-05
1.29775e-05
1.29112e-05
1.28451e-05
1.27795e-05
1.27141e-05
1.26491e-05
1.25844e-05
1.25201e-05
1.2456e-05
1.23924e-05
1.2329e-05
1.22659e-05
1.22032e-05
1.21408e-05
1.20787e-05
1.2017e-05
1.19555e-05
1.18944e-05
1.18336e-05
1.17731e-05
1.17129e-05
1.1653e-05
1.15934e-05
1.15341e-05
1.14751e-05
1.14164e-05
1.13581e-05
1.13e-05
1.12422e-05
1.11847e-05
1.11275e-05
1.10706e-05
1.1014e-05
1.09577e-05
1.09017e-05
1.08459e-05
1.07904e-05
1.07353e-05
1.06804e-05
1.06258e-05
1.05714e-05
1.05174e-05
1.04636e-05
1.04101e-05
1.03568e-05
1.03039e-05
1.02512e-05
1.01988e-05
1.01466e-05
1.00947e-05
1.00431e-05
9.99177e-06
9.94067e-06
9.88984e-06
9.83927e-06
9.78896e-06
9.7389e-06
9.6891e-06
9.63955e-06
9.59026e-06
9.54122e-06
9.49243e-06
9.44389e-06
9.3956e-06
9.34755e-06
9.29975e-06
9.2522e-06
9.20489e-06
9.15782e-06
9.11099e-06
9.0644e-06
9.01805e-06
8.97193e-06
8.92606e-06
8.88041e-06
8.835e-06
8.78982e-06
8.74487e-06
8.70016e-06
8.65567e-06
8.61141e-06
8.56737e-06
8.52356e-06
8.47998e-06
8.43661e-06
8.39347e-06
8.35055e-06
8.30785e-06
8.26537e-06
8.2231e-06
8.18105e-06
8.13922e-06
8.0976e-06
8.05619e-06
8.01499e-06
7.97401e-06
7.93323e-06
7.89266e-06
7.8523e-06
7.81215e-06
7.7722e-06
7.73246e-06
7.69292e-06
7.65358e-06
7.61444e-06
7.5755e-06
7.53677e-06
7.49823e-06
7.45988e-06
7.42174e-06
7.38378e-06
7.34603e-06
7.30846e-06
7.27109e-06
7.23391e-06
7.19691e-06
7.16011e-06
7.1235e-06
7.08707e-06
7.05083e-06
7.01478e-06
6.9789e-06
6.94322e-06
6.90771e-06
6.87239e-06
6.83725e-06
6.80228e-06
6.7675e-06
6.73289e-06
6.69846e-06
6.66421e-06
6.63013e-06
6.59623e-06
6.5625e-06
6.52894e-06
6.49555e-06
6.46233e-06
6.42929e-06
6.39641e-06
6.3637e-06
6.33116e-06
6.29878e-06
6.26658e-06
6.23453e-06
6.20265e-06
6.17093e-06
6.13937e-06
6.10798e-06
6.07675e-06
6.04567e-06
6.01476e-06
5.984e-06
5.9534e-06
5.92295e-06
5.89267e-06
5.86253e-06
5.83255e-06
5.80273e-06
5.77306e-06
5.74353e-06
5.71416e-06
5.68494e-06
5.65587e-06
5.62695e-06
5.59818e-06
5.56955e-06
5.54107e-06
5.51273e-06
5.48454e-06
5.4565e-06
5.42859e-06
5.40083e-06
5.37321e-06
5.34574e-06
5.3184e-06
5.29121e-06
5.26415e-06
5.23723e-06
5.21045e-06
5.1838e-06
5.15729e-06
5.13092e-06
5.10468e-06
5.07858e-06
5.05261e-06
5.02677e-06
5.00107e-06
4.97549e-06
4.95005e-06
4.92474e-06
4.89955e-06
4.8745e-06
4.84957e-06
4.82477e-06
4.8001e-06
4.77555e-06
4.75113e-06
4.72684e-06
4.70266e-06
4.67862e-06
4.65469e-06
4.63089e-06
4.60721e-06
4.58365e-06
4.56021e-06
4.53689e-06
4.51369e-06
4.49061e-06
4.46764e-06
4.4448e-06
4.42207e-06
4.39945e-06
4.37696e-06
4.35457e-06
4.33231e-06
4.31015e-06
4.28811e-06
4.26618e-06
4.24437e-06
4.22266e-06
4.20107e-06
4.17959e-06
4.15821e-06
4.13695e-06
4.11579e-06
4.09475e-06
4.07381e-06
4.05298e-06
4.03225e-06
4.01163e-06
3.99112e-06
3.97071e-06
3.9504e-06
3.9302e-06
3.9101e-06
3.89011e-06
3.87021e-06
3.85042e-06
3.83073e-06
3.81114e-06
3.79165e-06
3.77226e-06
3.75297e-06
3.73378e-06
3.71469e-06
3.69569e-06
3.67679e-06
3.65799e-06
3.63929e-06
3.62068e-06
3.60216e-06
3.58374e-06
3.56541e-06
3.54718e-06
3.52904e-06
3.511e-06
3.49304e-06
3.47518e-06
3.45741e-06
3.43973e-06
3.42214e-06
3.40464e-06
3.38723e-06
3.36991e-06
3.35267e-06
3.33553e-06
3.31847e-06
3.3015e-06
3.28462e-06
3.26782e-06
3.25111e-06
3.23449e-06
3.21794e-06
3.20149e-06
3.18512e-06
3.16883e-06
3.15262e-06
3.1365e-06
3.12046e-06
3.10451e-06
3.08863e-06
3.07284e-06
3.05712e-06
3.04149e-06
3.02594e-06
3.01046e-06
2.99507e-06
2.97975e-06
2.96451e-06
2.94935e-06
2.93427e-06
2.91927e-06
2.90434e-06
2.88949e-06
2.87471e-06
2.86001e-06
2.84538e-06
2.83083e-06
2.81636e-06
2.80195e-06
2.78763e-06
2.77337e-06
2.75919e-06
2.74508e-06
2.73104e-06
2.71708e-06
2.70318e-06
2.68936e-06
2.6756e-06
2.66192e-06
2.64831e-06
2.63477e-06
2.62129e-06
2.60789e-06
2.59455e-06
2.58128e-06
2.56808e-06
2.55495e-06
2.54189e-06
2.52889e-06
2.51596e-06
2.50309e-06
2.49029e-06
2.47755e-06
2.46489e-06
2.45228e-06
2.43974e-06
2.42726e-06
2.41485e-06
2.4025e-06
2.39022e-06
2.37799e-06
2.36583e-06
2.35373e-06
2.3417e-06
2.32972e-06
2.31781e-06
2.30596e-06
2.29416e-06
2.28243e-06
2.27076e-06
2.25915e-06
2.2476e-06
2.2361e-06
2.22467e-06
2.21329e-06
2.20197e-06
2.19071e-06
2.17951e-06
2.16836e-06
2.15728e-06
2.14624e-06
2.13527e-06
2.12435e-06
2.11349e-06
2.10268e-06
2.09192e-06
2.08123e-06
2.07058e-06
2.06e-06
2.04946e-06
2.03898e-06
2.02855e-06
2.01818e-06
2.00786e-06
1.99759e-06
1.98738e-06
1.97721e-06
1.9671e-06
1.95704e-06
1.94704e-06
1.93708e-06
1.92717e-06
1.91732e-06
1.90751e-06
1.89776e-06
1.88805e-06
1.8784e-06
1.86879e-06
1.85924e-06
1.84973e-06
1.84027e-06
1.83086e-06
1.8215e-06
1.81218e-06
1.80291e-06
1.79369e-06
1.78452e-06
1.7754e-06
1.76632e-06
1.75728e-06
1.7483e-06
1.73936e-06
1.73046e-06
1.72161e-06
1.71281e-06
1.70405e-06
1.69534e-06
1.68667e-06
1.67804e-06
1.66946e-06
1.66092e-06
1.65243e-06
1.64398e-06
1.63557e-06
1.62721e-06
1.61889e-06
1.61061e-06
1.60237e-06
1.59418e-06
1.58603e-06
1.57792e-06
1.56985e-06
1.56182e-06
1.55383e-06
1.54589e-06
1.53798e-06
1.53012e-06
1.52229e-06
1.51451e-06
1.50676e-06
1.49906e-06
1.49139e-06
1.48376e-06
1.47618e-06
1.46863e-06
1.46112e-06
1.45364e-06
1.44621e-06
1.43882e-06
1.43146e-06
1.42414e-06
1.41685e-06
1.40961e-06
1.4024e-06
1.39523e-06
1.38809e-06
1.381e-06
1.37393e-06
1.36691e-06
1.35992e-06
1.35296e-06
1.34604e-06
1.33916e-06
1.33231e-06
1.3255e-06
1.31872e-06
1.31198e-06
1.30527e-06
1.29859e-06
1.29195e-06
1.28535e-06
1.27877e-06
1.27223e-06
1.26573e-06
1.25925e-06
1.25282e-06
1.24641e-06
1.24003e-06
1.23369e-06
1.22738e-06
1.22111e-06
1.21486e-06
1.20865e-06
1.20247e-06
1.19632e-06
1.1902e-06
1.18412e-06
1.17806e-06
1.17204e-06
1.16604e-06
1.16008e-06
1.15415e-06
1.14825e-06
1.14237e-06
1.13653e-06
1.13072e-06
1.12494e-06
1.11919e-06
1.11346e-06
1.10777e-06
1.1021e-06
1.09647e-06
1.09086e-06
1.08528e-06
1.07973e-06
1.07421e-06
1.06872e-06
1.06325e-06
1.05781e-06
1.0524e-06
1.04702e-06
1.04167e-06
1.03634e-06
1.03104e-06
1.02577e-06
1.02052e-06
1.01531e-06
1.01011e-06
1.00495e-06
9.99808e-07
9.94696e-07
9.89609e-07
9.84548e-07
9.79513e-07
9.74504e-07
9.69521e-07
9.64563e-07
9.5963e-07
9.54723e-07
9.49841e-07
9.44983e-07
9.40151e-07
9.35343e-07
9.3056e-07
9.25801e-07
9.21067e-07
9.16357e-07
9.11671e-07
9.07009e-07
9.0237e-07
8.97756e-07
8.93165e-07
8.88597e-07
8.84053e-07
8.79532e-07
8.75034e-07
8.7056e-07
8.66108e-07
8.61679e-07
8.57272e-07
8.52888e-07
8.48527e-07
8.44188e-07
8.39871e-07
8.35576e-07
8.31303e-07
8.27051e-07
8.22822e-07
8.18614e-07
8.14428e-07
8.10263e-07
8.0612e-07
8.01997e-07
7.97896e-07
7.93816e-07
7.89756e-07
7.85718e-07
7.817e-07
7.77702e-07
7.73725e-07
7.69768e-07
7.65832e-07
7.61916e-07
7.58019e-07
7.54143e-07
7.50286e-07
7.4645e-07
7.42632e-07
7.38835e-07
7.35056e-07
7.31298e-07
7.27558e-07
7.23837e-07
7.20136e-07
7.16453e-07
7.12789e-07
7.09144e-07
7.05518e-07
7.0191e-07
6.9832e-07
6.94749e-07
6.91196e-07
6.87662e-07
6.84145e-07
6.80647e-07
6.77166e-07
6.73703e-07
6.70258e-07
6.6683e-07
6.6342e-07
6.60028e-07
6.56652e-07
6.53294e-07
6.49953e-07
6.4663e-07
6.43323e-07
6.40033e-07
6.3676e-07
6.33504e-07
6.30264e-07
6.27041e-07
6.23835e-07
6.20644e-07
6.1747e-07
6.14313e-07
6.11171e-07
6.08046e-07
6.04936e-07
6.01843e-07
5.98765e-07
5.95703e-07
5.92657e-07
5.89626e-07
5.86611e-07
5.83611e-07
5.80627e-07
5.77657e-07
5.74703e-07
5.71764e-07
5.68841e-07
5.65932e-07
5.63037e-07
5.60158e-07
5.57294e-07
5.54444e-07
5.51608e-07
5.48788e-07
5.45981e-07
5.43189e-07
5.40411e-07
5.37648e-07
5.34898e-07
5.32163e-07
5.29442e-07
5.26734e-07
5.2404e-07
5.21361e-07
5.18694e-07
5.16042e-07
5.13403e-07
5.10778e-07
5.08166e-07
5.05567e-07
5.02981e-07
5.00409e-07
4.9785e-07
4.95304e-07
4.92771e-07
4.90252e-07
4.87744e-07
4.8525e-07
4.82769e-07
4.803e-07
4.77844e-07
4.754e-07
4.72969e-07
4.7055e-07
4.68144e-07
4.6575e-07
4.63368e-07
4.60999e-07
4.58641e-07
4.56296e-07
4.53962e-07
4.51641e-07
4.49331e-07
4.47033e-07
4.44747e-07
4.42473e-07
4.4021e-07
4.37959e-07
4.3572e-07
4.33491e-07
4.31275e-07
4.29069e-07
4.26875e-07
4.24692e-07
4.2252e-07
4.20359e-07
4.1821e-07
4.16071e-07
4.13943e-07
4.11827e-07
4.09721e-07
4.07625e-07
4.05541e-07
4.03467e-07
4.01404e-07
3.99351e-07
3.97309e-07
3.95277e-07
3.93256e-07
3.91245e-07
3.89244e-07
3.87253e-07
3.85273e-07
3.83303e-07
3.81343e-07
3.79392e-07
3.77452e-07
3.75522e-07
3.73602e-07
3.71691e-07
3.6979e-07
3.67899e-07
3.66018e-07
3.64146e-07
3.62284e-07
3.60431e-07
3.58588e-07
3.56754e-07
3.5493e-07
3.53115e-07
3.51309e-07
3.49513e-07
3.47725e-07
3.45947e-07
3.44178e-07
3.42418e-07
3.40667e-07
3.38925e-07
3.37192e-07
3.35467e-07
3.33752e-07
3.32045e-07
3.30347e-07
3.28658e-07
3.26977e-07
3.25305e-07
3.23641e-07
3.21986e-07
3.2034e-07
3.18701e-07
3.17072e-07
3.1545e-07
3.13837e-07
3.12232e-07
3.10635e-07
3.09047e-07
3.07466e-07
3.05894e-07
3.0433e-07
3.02774e-07
3.01225e-07
2.99685e-07
2.98152e-07
2.96628e-07
2.95111e-07
2.93601e-07
2.921e-07
2.90606e-07
2.8912e-07
2.87642e-07
2.86171e-07
2.84707e-07
2.83251e-07
2.81803e-07
2.80362e-07
2.78928e-07
2.77502e-07
2.76083e-07
2.74671e-07
2.73266e-07
2.71869e-07
2.70478e-07
2.69095e-07
2.67719e-07
2.6635e-07
2.64988e-07
2.63633e-07
2.62285e-07
2.60943e-07
2.59609e-07
2.58281e-07
2.56961e-07
2.55646e-07
2.54339e-07
2.53038e-07
2.51744e-07
2.50457e-07
2.49176e-07
2.47902e-07
2.46634e-07
2.45373e-07
2.44118e-07
2.4287e-07
2.41628e-07
2.40392e-07
2.39163e-07
2.3794e-07
2.36723e-07
2.35513e-07
2.34308e-07
2.3311e-07
2.31918e-07
2.30732e-07
2.29552e-07
2.28378e-07
2.2721e-07
2.26048e-07
2.24892e-07
2.23742e-07
2.22598e-07
2.2146e-07
2.20327e-07
2.192e-07
2.1808e-07
2.16964e-07
2.15855e-07
2.14751e-07
2.13653e-07
2.1256e-07
2.11473e-07
2.10392e-07
2.09316e-07
2.08245e-07
2.0718e-07
2.06121e-07
2.05067e-07
2.04018e-07
2.02975e-07
2.01937e-07
2.00904e-07
1.99877e-07
1.98855e-07
1.97838e-07
1.96826e-07
1.9582e-07
1.94818e-07
1.93822e-07
1.92831e-07
1.91845e-07
1.90864e-07
1.89888e-07
1.88916e-07
1.8795e-07
1.86989e-07
1.86033e-07
1.85082e-07
1.84135e-07
1.83194e-07
1.82257e-07
1.81325e-07
1.80397e-07
1.79475e-07
1.78557e-07
1.77644e-07
1.76736e-07
1.75832e-07
1.74933e-07
1.74038e-07
1.73148e-07
1.72263e-07
1.71382e-07
1.70505e-07
1.69633e-07
1.68766e-07
1.67903e-07
1.67044e-07
1.6619e-07
1.6534e-07
1.64495e-07
1.63653e-07
1.62816e-07
1.61984e-07
1.61155e-07
1.60331e-07
1.59511e-07
1.58696e-07
1.57884e-07
1.57077e-07
1.56273e-07
1.55474e-07
1.54679e-07
1.53888e-07
1.53101e-07
1.52318e-07
1.51539e-07
1.50764e-07
1.49993e-07
1.49226e-07
1.48463e-07
1.47704e-07
1.46949e-07
1.46197e-07
1.4545e-07
1.44706e-07
1.43966e-07
1.4323e-07
1.42497e-07
1.41768e-07
1.41044e-07
1.40322e-07
1.39605e-07
1.38891e-07
1.3818e-07
1.37474e-07
1.36771e-07
1.36071e-07
1.35376e-07
1.34683e-07
1.33995e-07
1.33309e-07
1.32628e-07
1.31949e-07
1.31275e-07
1.30603e-07
1.29935e-07
1.29271e-07
1.2861e-07
1.27952e-07
1.27298e-07
1.26647e-07
1.25999e-07
1.25355e-07
1.24714e-07
1.24076e-07
1.23442e-07
1.2281e-07
1.22182e-07
1.21557e-07
1.20936e-07
1.20317e-07
1.19702e-07
1.1909e-07
1.18481e-07
1.17875e-07
1.17272e-07
1.16672e-07
1.16076e-07
1.15482e-07
1.14892e-07
1.14304e-07
1.1372e-07
1.13138e-07
1.1256e-07
1.11984e-07
1.11411e-07
1.10841e-07
1.10275e-07
1.09711e-07
1.0915e-07
1.08592e-07
1.08036e-07
1.07484e-07
1.06934e-07
1.06387e-07
1.05843e-07
1.05302e-07
1.04763e-07
1.04228e-07
1.03695e-07
1.03164e-07
1.02637e-07
1.02112e-07
1.0159e-07
1.0107e-07
1.00553e-07
1.00039e-07
9.95276e-08
9.90186e-08
9.85123e-08
9.80085e-08
9.75073e-08
9.70087e-08
9.65126e-08
9.6019e-08
9.5528e-08
9.50395e-08
9.45535e-08
9.40699e-08
9.35889e-08
9.31103e-08
9.26341e-08
9.21604e-08
9.16891e-08
9.12202e-08
9.07537e-08
9.02896e-08
8.98279e-08
8.93686e-08
8.89115e-08
8.84569e-08
8.80045e-08
8.75545e-08
8.71067e-08
8.66613e-08
8.62181e-08
8.57772e-08
8.53385e-08
8.49021e-08
8.4468e-08
8.4036e-08
8.36063e-08
8.31787e-08
8.27533e-08
8.23302e-08
8.19091e-08
8.14903e-08
8.10735e-08
8.06589e-08
8.02465e-08
7.98361e-08
7.94278e-08
7.90216e-08
7.86175e-08
7.82155e-08
7.78155e-08
7.74176e-08
7.70217e-08
7.66278e-08
7.62359e-08
7.58461e-08
7.54582e-08
7.50723e-08
7.46884e-08
7.43065e-08
7.39265e-08
7.35484e-08
7.31723e-08
7.27981e-08
7.24259e-08
7.20555e-08
7.1687e-08
7.13204e-08
7.09557e-08
7.05928e-08
7.02318e-08
6.98727e-08
6.95154e-08
6.91599e-08
6.88062e-08
6.84543e-08
6.81043e-08
6.7756e-08
6.74095e-08
6.70648e-08
6.67218e-08
6.63806e-08
6.60412e-08
6.57034e-08
6.53674e-08
6.50332e-08
6.47006e-08
6.43697e-08
6.40405e-08
6.3713e-08
6.33872e-08
6.30631e-08
6.27406e-08
6.24197e-08
6.21005e-08
6.1783e-08
6.1467e-08
6.11527e-08
6.084e-08
6.05288e-08
6.02193e-08
5.99113e-08
5.9605e-08
5.93002e-08
5.89969e-08
5.86952e-08
5.8395e-08
5.80964e-08
5.77993e-08
5.75037e-08
5.72097e-08
5.69171e-08
5.66261e-08
5.63365e-08
5.60484e-08
5.57618e-08
5.54766e-08
5.51929e-08
5.49107e-08
5.46299e-08
5.43505e-08
5.40725e-08
5.3796e-08
5.35209e-08
5.32472e-08
5.29749e-08
5.2704e-08
5.24345e-08
5.21664e-08
5.18996e-08
5.16342e-08
5.13701e-08
5.11074e-08
5.08461e-08
5.05861e-08
5.03274e-08
5.007e-08
4.9814e-08
4.95592e-08
4.93058e-08
4.90536e-08
4.88028e-08
4.85532e-08
4.83049e-08
4.80579e-08
4.78121e-08
4.75676e-08
4.73244e-08
4.70824e-08
4.68416e-08
4.66021e-08
4.63637e-08
4.61266e-08
4.58908e-08
4.56561e-08
4.54226e-08
4.51903e-08
4.49592e-08
4.47293e-08
4.45006e-08
4.4273e-08
4.40466e-08
4.38213e-08
4.35973e-08
4.33743e-08
4.31525e-08
4.29318e-08
4.27123e-08
4.24938e-08
4.22765e-08
4.20603e-08
4.18453e-08
4.16313e-08
4.14184e-08
4.12066e-08
4.09958e-08
4.07862e-08
4.05776e-08
4.03701e-08
4.01637e-08
3.99583e-08
3.97539e-08
3.95506e-08
3.93484e-08
3.91472e-08
3.8947e-08
3.87478e-08
3.85496e-08
3.83525e-08
3.81564e-08
3.79613e-08
3.77671e-08
3.7574e-08
3.73818e-08
3.71907e-08
3.70005e-08
3.68113e-08
3.6623e-08
3.64357e-08
3.62494e-08
3.6064e-08
3.58796e-08
3.56961e-08
3.55136e-08
3.5332e-08
3.51513e-08
3.49715e-08
3.47927e-08
3.46148e-08
3.44378e-08
3.42617e-08
3.40864e-08
3.39121e-08
3.37387e-08
3.35662e-08
3.33945e-08
3.32238e-08
3.30539e-08
3.28848e-08
3.27167e-08
3.25493e-08
3.23829e-08
3.22173e-08
3.20525e-08
3.18886e-08
3.17256e-08
3.15633e-08
3.14019e-08
3.12413e-08
3.10816e-08
3.09226e-08
3.07645e-08
3.06072e-08
3.04506e-08
3.02949e-08
3.014e-08
2.99859e-08
2.98325e-08
2.968e-08
2.95282e-08
2.93772e-08
2.92269e-08
2.90775e-08
2.89288e-08
2.87808e-08
2.86337e-08
2.84872e-08
2.83416e-08
2.81966e-08
2.80524e-08
2.7909e-08
2.77663e-08
2.76243e-08
2.7483e-08
2.73425e-08
2.72026e-08
2.70635e-08
2.69251e-08
2.67874e-08
2.66504e-08
2.65142e-08
2.63786e-08
2.62437e-08
2.61095e-08
2.59759e-08
2.58431e-08
2.57109e-08
2.55795e-08
2.54487e-08
2.53185e-08
2.5189e-08
2.50602e-08
2.49321e-08
2.48046e-08
2.46777e-08
2.45515e-08
2.4426e-08
2.43011e-08
2.41768e-08
2.40532e-08
2.39302e-08
2.38078e-08
2.3686e-08
2.35649e-08
2.34444e-08
2.33245e-08
2.32052e-08
2.30866e-08
2.29685e-08
2.2851e-08
2.27342e-08
2.26179e-08
2.25023e-08
2.23872e-08
2.22727e-08
2.21588e-08
2.20455e-08
2.19328e-08
2.18206e-08
2.1709e-08
2.1598e-08
2.14875e-08
2.13777e-08
2.12683e-08
2.11596e-08
2.10514e-08
2.09437e-08
2.08366e-08
2.07301e-08
2.0624e-08
2.05186e-08
2.04136e-08
2.03093e-08
2.02054e-08
2.01021e-08
1.99993e-08
1.9897e-08
1.97952e-08
1.9694e-08
1.95933e-08
1.94931e-08
1.93934e-08
1.92942e-08
1.91956e-08
1.90974e-08
1.89998e-08
1.89026e-08
1.88059e-08
1.87098e-08
1.86141e-08
1.85189e-08
1.84242e-08
1.833e-08
1.82362e-08
1.8143e-08
1.80502e-08
1.79579e-08
1.78661e-08
1.77747e-08
1.76838e-08
1.75934e-08
1.75034e-08
1.74139e-08
1.73248e-08
1.72362e-08
1.71481e-08
1.70604e-08
1.69732e-08
1.68864e-08
1.68e-08
1.67141e-08
1.66286e-08
1.65436e-08
1.6459e-08
1.63748e-08
1.62911e-08
1.62078e-08
1.61249e-08
1.60424e-08
1.59604e-08
1.58788e-08
1.57976e-08
1.57168e-08
1.56364e-08
1.55564e-08
1.54769e-08
1.53977e-08
1.5319e-08
1.52407e-08
1.51627e-08
1.50852e-08
1.5008e-08
1.49313e-08
1.48549e-08
1.4779e-08
1.47034e-08
1.46282e-08
1.45534e-08
1.4479e-08
1.44049e-08
1.43313e-08
1.4258e-08
1.41851e-08
1.41125e-08
1.40403e-08
1.39685e-08
1.38971e-08
1.3826e-08
1.37553e-08
1.3685e-08
1.3615e-08
1.35454e-08
1.34761e-08
1.34072e-08
1.33386e-08
1.32704e-08
1.32026e-08
1.31351e-08
1.30679e-08
1.30011e-08
1.29346e-08
1.28684e-08
1.28026e-08
1.27371e-08
1.2672e-08
1.26072e-08
1.25427e-08
1.24786e-08
1.24148e-08
1.23513e-08
1.22881e-08
1.22253e-08
1.21628e-08
1.21006e-08
1.20387e-08
1.19771e-08
1.19159e-08
1.18549e-08
1.17943e-08
1.1734e-08
1.1674e-08
1.16143e-08
1.15549e-08
1.14958e-08
1.1437e-08
1.13785e-08
1.13204e-08
1.12625e-08
1.12049e-08
1.11476e-08
1.10906e-08
1.10339e-08
1.09774e-08
1.09213e-08
1.08654e-08
1.08099e-08
1.07546e-08
1.06996e-08
1.06449e-08
1.05904e-08
1.05363e-08
1.04824e-08
1.04288e-08
1.03755e-08
1.03224e-08
1.02696e-08
1.02171e-08
1.01649e-08
1.01129e-08
1.00612e-08
1.00097e-08
9.95852e-09
9.90759e-09
9.85693e-09
9.80652e-09
9.75637e-09
9.70648e-09
9.65684e-09
9.60746e-09
9.55833e-09
9.50945e-09
9.46082e-09
9.41244e-09
9.3643e-09
9.31642e-09
9.26877e-09
9.22137e-09
9.17422e-09
9.1273e-09
9.08063e-09
9.03419e-09
8.98799e-09
8.94203e-09
8.8963e-09
8.8508e-09
8.80554e-09
8.76051e-09
8.71571e-09
8.67114e-09
8.6268e-09
8.58268e-09
8.53879e-09
8.49513e-09
8.45168e-09
8.40846e-09
8.36546e-09
8.32268e-09
8.28012e-09
8.23778e-09
8.19565e-09
8.15374e-09
8.11205e-09
8.07056e-09
8.02929e-09
7.98823e-09
7.94738e-09
7.90674e-09
7.8663e-09
7.82608e-09
7.78605e-09
7.74624e-09
7.70663e-09
7.66721e-09
7.62801e-09
7.589e-09
7.55019e-09
7.51158e-09
7.47316e-09
7.43495e-09
7.39693e-09
7.3591e-09
7.32147e-09
7.28403e-09
7.24678e-09
7.20972e-09
7.17285e-09
7.13617e-09
7.09967e-09
7.06337e-09
7.02725e-09
6.99131e-09
6.95556e-09
6.91999e-09
6.8846e-09
6.84939e-09
6.81437e-09
6.77952e-09
6.74485e-09
6.71036e-09
6.67604e-09
6.6419e-09
6.60794e-09
6.57414e-09
6.54053e-09
6.50708e-09
6.4738e-09
6.4407e-09
6.40776e-09
6.37499e-09
6.34239e-09
6.30996e-09
6.27769e-09
6.24559e-09
6.21365e-09
6.18187e-09
6.15026e-09
6.11881e-09
6.08752e-09
6.05638e-09
6.02541e-09
5.9946e-09
5.96394e-09
5.93345e-09
5.9031e-09
5.87292e-09
5.84288e-09
5.813e-09
5.78328e-09
5.7537e-09
5.72428e-09
5.69501e-09
5.66588e-09
5.63691e-09
5.60808e-09
5.5794e-09
5.55087e-09
5.52248e-09
5.49424e-09
5.46615e-09
5.43819e-09
5.41038e-09
5.38271e-09
5.35519e-09
5.3278e-09
5.30056e-09
5.27345e-09
5.24648e-09
5.21965e-09
5.19296e-09
5.16641e-09
5.13999e-09
5.1137e-09
5.08755e-09
5.06153e-09
5.03565e-09
5.0099e-09
4.98428e-09
4.95879e-09
4.93343e-09
4.9082e-09
4.8831e-09
4.85813e-09
4.83329e-09
4.80857e-09
4.78398e-09
4.75951e-09
4.73518e-09
4.71096e-09
4.68687e-09
4.6629e-09
4.63906e-09
4.61533e-09
4.59173e-09
4.56825e-09
4.54489e-09
4.52165e-09
4.49852e-09
4.47552e-09
4.45263e-09
4.42986e-09
4.40721e-09
4.38467e-09
4.36225e-09
4.33994e-09
4.31775e-09
4.29567e-09
4.2737e-09
4.25184e-09
4.2301e-09
4.20847e-09
4.18695e-09
4.16553e-09
4.14423e-09
4.12304e-09
4.10196e-09
4.08098e-09
4.06011e-09
4.03935e-09
4.01869e-09
3.99814e-09
3.97769e-09
3.95735e-09
3.93711e-09
3.91698e-09
3.89695e-09
3.87702e-09
3.85719e-09
3.83747e-09
3.81785e-09
3.79832e-09
3.7789e-09
3.75957e-09
3.74035e-09
3.72122e-09
3.70219e-09
3.68326e-09
3.66442e-09
3.64568e-09
3.62704e-09
3.60849e-09
3.59004e-09
3.57168e-09
3.55341e-09
3.53524e-09
3.51716e-09
3.49918e-09
3.48128e-09
3.46348e-09
3.44577e-09
3.42815e-09
3.41062e-09
3.39318e-09
3.37582e-09
3.35856e-09
3.34138e-09
3.3243e-09
3.3073e-09
3.29038e-09
3.27356e-09
3.25682e-09
3.24016e-09
3.22359e-09
3.20711e-09
3.19071e-09
3.17439e-09
3.15816e-09
3.14201e-09
3.12594e-09
3.10995e-09
3.09405e-09
3.07823e-09
3.06249e-09
3.04682e-09
3.03124e-09
3.01574e-09
3.00032e-09
2.98498e-09
2.96971e-09
2.95453e-09
2.93942e-09
2.92438e-09
2.90943e-09
2.89455e-09
2.87975e-09
2.86502e-09
2.85037e-09
2.8358e-09
2.82129e-09
2.80687e-09
2.79251e-09
2.77823e-09
2.76402e-09
2.74989e-09
2.73583e-09
2.72184e-09
2.70792e-09
2.69407e-09
2.68029e-09
2.66659e-09
2.65295e-09
2.63938e-09
2.62588e-09
2.61246e-09
2.5991e-09
2.58581e-09
2.57258e-09
2.55943e-09
2.54634e-09
2.53332e-09
2.52036e-09
2.50747e-09
2.49465e-09
2.48189e-09
2.4692e-09
2.45657e-09
2.44401e-09
2.43151e-09
2.41908e-09
2.40671e-09
2.3944e-09
2.38216e-09
2.36997e-09
2.35785e-09
2.3458e-09
2.3338e-09
2.32187e-09
2.30999e-09
2.29818e-09
2.28643e-09
2.27473e-09
2.2631e-09
2.25153e-09
2.24001e-09
2.22856e-09
2.21716e-09
2.20582e-09
2.19454e-09
2.18332e-09
2.17216e-09
2.16105e-09
2.15e-09
2.139e-09
2.12806e-09
2.11718e-09
2.10635e-09
2.09558e-09
2.08487e-09
2.0742e-09
2.0636e-09
2.05304e-09
2.04255e-09
2.0321e-09
2.02171e-09
2.01137e-09
2.00108e-09
1.99085e-09
1.98067e-09
1.97054e-09
1.96046e-09
1.95044e-09
1.94046e-09
1.93054e-09
1.92067e-09
1.91085e-09
1.90107e-09
1.89135e-09
1.88168e-09
1.87206e-09
1.86248e-09
1.85296e-09
1.84348e-09
1.83406e-09
1.82468e-09
1.81535e-09
1.80606e-09
1.79683e-09
1.78764e-09
1.7785e-09
1.7694e-09
1.76035e-09
1.75135e-09
1.7424e-09
1.73348e-09
1.72462e-09
1.7158e-09
1.70703e-09
1.6983e-09
1.68961e-09
1.68097e-09
1.67238e-09
1.66382e-09
1.65531e-09
1.64685e-09
1.63843e-09
1.63005e-09
1.62171e-09
1.61342e-09
1.60517e-09
1.59696e-09
1.58879e-09
1.58067e-09
1.57259e-09
1.56454e-09
1.55654e-09
1.54858e-09
1.54066e-09
1.53279e-09
1.52495e-09
1.51715e-09
1.50939e-09
1.50167e-09
1.49399e-09
1.48635e-09
1.47875e-09
1.47119e-09
1.46367e-09
1.45618e-09
1.44873e-09
1.44133e-09
1.43395e-09
1.42662e-09
1.41933e-09
1.41207e-09
1.40485e-09
1.39766e-09
1.39052e-09
1.3834e-09
1.37633e-09
1.36929e-09
1.36229e-09
1.35532e-09
1.34839e-09
1.3415e-09
1.33464e-09
1.32781e-09
1.32102e-09
1.31427e-09
1.30754e-09
1.30086e-09
1.29421e-09
1.28759e-09
1.281e-09
1.27445e-09
1.26793e-09
1.26145e-09
1.255e-09
1.24858e-09
1.2422e-09
1.23584e-09
1.22952e-09
1.22324e-09
1.21698e-09
1.21076e-09
1.20457e-09
1.19841e-09
1.19228e-09
1.18618e-09
1.18011e-09
1.17408e-09
1.16808e-09
1.1621e-09
1.15616e-09
1.15025e-09
1.14436e-09
1.13851e-09
1.13269e-09
1.1269e-09
1.12114e-09
1.1154e-09
1.1097e-09
1.10402e-09
1.09838e-09
1.09276e-09
1.08717e-09
1.08161e-09
1.07608e-09
1.07058e-09
1.0651e-09
1.05966e-09
1.05424e-09
1.04885e-09
1.04348e-09
1.03815e-09
1.03284e-09
1.02756e-09
1.0223e-09
1.01707e-09
1.01187e-09
1.0067e-09
1.00155e-09
9.96428e-10
9.91332e-10
9.86263e-10
9.81219e-10
9.76202e-10
9.71209e-10
9.66243e-10
9.61302e-10
9.56386e-10
9.51495e-10
9.46629e-10
9.41788e-10
9.36972e-10
9.3218e-10
9.27413e-10
9.22671e-10
9.17952e-10
9.13258e-10
9.08588e-10
9.03941e-10
8.99319e-10
8.9472e-10
8.90144e-10
8.85592e-10
8.81064e-10
8.76558e-10
8.72075e-10
8.67616e-10
8.63179e-10
8.58765e-10
8.54373e-10
8.50004e-10
8.45657e-10
8.41333e-10
8.3703e-10
8.3275e-10
8.28491e-10
8.24254e-10
8.20039e-10
8.15846e-10
8.11674e-10
8.07523e-10
8.03393e-10
7.99285e-10
7.95197e-10
7.91131e-10
7.87085e-10
7.8306e-10
7.79056e-10
7.75072e-10
7.71108e-10
7.67165e-10
7.63242e-10
7.59339e-10
7.55455e-10
7.51592e-10
7.47749e-10
7.43925e-10
7.4012e-10
7.36336e-10
7.3257e-10
7.28824e-10
7.25097e-10
7.21389e-10
7.177e-10
7.14029e-10
7.10378e-10
7.06745e-10
7.03131e-10
6.99535e-10
6.95958e-10
6.92399e-10
6.88858e-10
6.85336e-10
6.81831e-10
6.78344e-10
6.74875e-10
6.71424e-10
6.6799e-10
6.64574e-10
6.61176e-10
6.57795e-10
6.54431e-10
6.51084e-10
6.47755e-10
6.44442e-10
6.41147e-10
6.37868e-10
6.34606e-10
6.31361e-10
6.28132e-10
6.2492e-10
6.21724e-10
6.18545e-10
6.15381e-10
6.12234e-10
6.09104e-10
6.05989e-10
6.0289e-10
5.99807e-10
5.96739e-10
5.93688e-10
5.90652e-10
5.87631e-10
5.84626e-10
5.81636e-10
5.78662e-10
5.75703e-10
5.72759e-10
5.6983e-10
5.66916e-10
5.64017e-10
5.61132e-10
5.58263e-10
5.55408e-10
5.52568e-10
5.49742e-10
5.46931e-10
5.44134e-10
5.41351e-10
5.38583e-10
5.35829e-10
5.33088e-10
5.30362e-10
5.2765e-10
5.24952e-10
5.22267e-10
5.19596e-10
5.16939e-10
5.14296e-10
5.11666e-10
5.09049e-10
5.06446e-10
5.03856e-10
5.01279e-10
4.98716e-10
4.96166e-10
4.93628e-10
4.91104e-10
4.88593e-10
4.86094e-10
4.83608e-10
4.81135e-10
4.78675e-10
4.76227e-10
4.73791e-10
4.71368e-10
4.68958e-10
4.6656e-10
4.64174e-10
4.618e-10
4.59439e-10
4.57089e-10
4.54752e-10
4.52426e-10
4.50112e-10
4.47811e-10
4.45521e-10
4.43242e-10
4.40976e-10
4.38721e-10
4.36477e-10
4.34245e-10
4.32024e-10
4.29815e-10
4.27617e-10
4.2543e-10
4.23255e-10
4.2109e-10
4.18937e-10
4.16794e-10
4.14663e-10
4.12542e-10
4.10433e-10
4.08334e-10
4.06246e-10
4.04168e-10
4.02101e-10
4.00045e-10
3.97999e-10
3.95964e-10
3.93939e-10
3.91925e-10
3.8992e-10
3.87926e-10
3.85943e-10
3.83969e-10
3.82005e-10
3.80052e-10
3.78108e-10
3.76175e-10
3.74251e-10
3.72337e-10
3.70433e-10
3.68539e-10
3.66654e-10
3.64779e-10
3.62914e-10
3.61058e-10
3.59211e-10
3.57374e-10
3.55547e-10
3.53729e-10
3.5192e-10
3.5012e-10
3.4833e-10
3.46548e-10
3.44776e-10
3.43013e-10
3.41259e-10
3.39514e-10
3.37778e-10
3.3605e-10
3.34332e-10
3.32622e-10
3.30921e-10
3.29229e-10
3.27545e-10
3.2587e-10
3.24204e-10
3.22546e-10
3.20896e-10
3.19255e-10
3.17623e-10
3.15998e-10
3.14382e-10
3.12775e-10
3.11175e-10
3.09584e-10
3.08001e-10
3.06426e-10
3.04859e-10
3.033e-10
3.01749e-10
3.00206e-10
2.9867e-10
2.97143e-10
2.95623e-10
2.94112e-10
2.92608e-10
2.91111e-10
2.89623e-10
2.88141e-10
2.86668e-10
2.85202e-10
2.83743e-10
2.82292e-10
2.80849e-10
2.79413e-10
2.77984e-10
2.76562e-10
2.75148e-10
2.73741e-10
2.72341e-10
2.70948e-10
2.69563e-10
2.68184e-10
2.66813e-10
2.65448e-10
2.64091e-10
2.6274e-10
2.61397e-10
2.6006e-10
2.5873e-10
2.57407e-10
2.56091e-10
2.54781e-10
2.53478e-10
2.52182e-10
2.50892e-10
2.49609e-10
2.48333e-10
2.47063e-10
2.45799e-10
2.44542e-10
2.43292e-10
2.42048e-10
2.4081e-10
2.39578e-10
2.38353e-10
2.37134e-10
2.35922e-10
2.34715e-10
2.33515e-10
2.32321e-10
2.31133e-10
2.29951e-10
2.28775e-10
2.27605e-10
2.26441e-10
2.25283e-10
2.24131e-10
2.22985e-10
2.21844e-10
2.2071e-10
2.19581e-10
2.18458e-10
2.17341e-10
2.1623e-10
2.15124e-10
2.14024e-10
2.12929e-10
2.11841e-10
2.10757e-10
2.09679e-10
2.08607e-10
2.0754e-10
2.06479e-10
2.05423e-10
2.04373e-10
2.03327e-10
2.02288e-10
2.01253e-10
2.00224e-10
1.992e-10
1.98181e-10
1.97168e-10
1.9616e-10
1.95157e-10
1.94159e-10
1.93166e-10
1.92178e-10
1.91195e-10
1.90217e-10
1.89245e-10
1.88277e-10
1.87314e-10
1.86356e-10
1.85403e-10
1.84455e-10
1.83512e-10
1.82573e-10
1.8164e-10
1.80711e-10
1.79787e-10
1.78867e-10
1.77953e-10
1.77043e-10
1.76137e-10
1.75236e-10
1.7434e-10
1.73449e-10
1.72562e-10
1.71679e-10
1.70801e-10
1.69928e-10
1.69059e-10
1.68194e-10
1.67334e-10
1.66479e-10
1.65627e-10
1.6478e-10
1.63938e-10
1.63099e-10
1.62265e-10
1.61435e-10
1.6061e-10
1.59788e-10
1.58971e-10
1.58158e-10
1.5735e-10
1.56545e-10
1.55744e-10
1.54948e-10
1.54156e-10
1.53367e-10
1.52583e-10
1.51803e-10
1.51026e-10
1.50254e-10
1.49486e-10
1.48721e-10
1.47961e-10
1.47204e-10
1.46451e-10
1.45702e-10
1.44957e-10
1.44216e-10
1.43478e-10
1.42745e-10
1.42015e-10
1.41288e-10
1.40566e-10
1.39847e-10
1.39132e-10
1.3842e-10
1.37713e-10
1.37008e-10
1.36308e-10
1.35611e-10
1.34917e-10
1.34227e-10
1.33541e-10
1.32858e-10
1.32178e-10
1.31503e-10
1.3083e-10
1.30161e-10
1.29495e-10
1.28833e-10
1.28174e-10
1.27519e-10
1.26867e-10
1.26218e-10
1.25573e-10
1.2493e-10
1.24291e-10
1.23656e-10
1.23024e-10
1.22394e-10
1.21768e-10
1.21146e-10
1.20526e-10
1.1991e-10
1.19297e-10
1.18687e-10
1.1808e-10
1.17476e-10
1.16875e-10
1.16277e-10
1.15683e-10
1.15091e-10
1.14503e-10
1.13917e-10
1.13335e-10
1.12755e-10
1.12178e-10
1.11605e-10
1.11034e-10
1.10466e-10
1.09901e-10
1.09339e-10
1.0878e-10
1.08224e-10
1.0767e-10
1.0712e-10
1.06572e-10
1.06027e-10
1.05485e-10
1.04945e-10
1.04409e-10
1.03875e-10
1.03344e-10
1.02815e-10
1.02289e-10
1.01766e-10
1.01246e-10
1.00728e-10
1.00213e-10
9.97004e-11
9.91906e-11
9.86833e-11
9.81787e-11
9.76766e-11
9.71771e-11
9.66802e-11
9.61857e-11
9.56939e-11
9.52045e-11
9.47176e-11
9.42333e-11
9.37514e-11
9.32719e-11
9.2795e-11
9.23204e-11
9.18483e-11
9.13786e-11
9.09113e-11
9.04464e-11
8.99839e-11
8.95237e-11
8.90659e-11
8.86104e-11
8.81573e-11
8.77065e-11
8.7258e-11
8.68117e-11
8.63678e-11
8.59261e-11
8.54867e-11
8.50496e-11
8.46146e-11
8.41819e-11
8.37514e-11
8.33231e-11
8.2897e-11
8.24731e-11
8.20514e-11
8.16318e-11
8.12143e-11
8.0799e-11
8.03858e-11
7.99747e-11
7.95657e-11
7.91588e-11
7.8754e-11
7.83513e-11
7.79506e-11
7.7552e-11
7.71554e-11
7.67609e-11
7.63683e-11
7.59778e-11
7.55892e-11
7.52027e-11
7.48181e-11
7.44355e-11
7.40548e-11
7.36761e-11
7.32994e-11
7.29245e-11
7.25516e-11
7.21806e-11
7.18115e-11
7.14442e-11
7.10789e-11
7.07154e-11
7.03538e-11
6.9994e-11
6.96361e-11
6.92799e-11
6.89257e-11
6.85732e-11
6.82225e-11
6.78736e-11
6.75265e-11
6.71812e-11
6.68377e-11
6.64959e-11
6.61558e-11
6.58175e-11
6.54809e-11
6.51461e-11
6.48129e-11
6.44815e-11
6.41517e-11
6.38237e-11
6.34973e-11
6.31726e-11
6.28495e-11
6.25281e-11
6.22083e-11
6.18902e-11
6.15737e-11
6.12588e-11
6.09456e-11
6.06339e-11
6.03238e-11
6.00154e-11
5.97084e-11
5.94031e-11
5.90993e-11
5.87971e-11
5.84964e-11
5.81973e-11
5.78997e-11
5.76036e-11
5.7309e-11
5.70159e-11
5.67244e-11
5.64343e-11
5.61457e-11
5.58586e-11
5.55729e-11
5.52887e-11
5.5006e-11
5.47247e-11
5.44448e-11
5.41664e-11
5.38894e-11
5.36138e-11
5.33397e-11
5.30669e-11
5.27955e-11
5.25255e-11
5.22569e-11
5.19897e-11
5.17238e-11
5.14593e-11
5.11962e-11
5.09344e-11
5.06739e-11
5.04147e-11
5.01569e-11
4.99004e-11
4.96453e-11
4.93914e-11
4.91388e-11
4.88875e-11
4.86375e-11
4.83888e-11
4.81413e-11
4.78951e-11
4.76502e-11
4.74065e-11
4.71641e-11
4.69229e-11
4.6683e-11
4.64442e-11
4.62067e-11
4.59704e-11
4.57353e-11
4.55015e-11
4.52688e-11
4.50373e-11
4.4807e-11
4.45778e-11
4.43499e-11
4.41231e-11
4.38974e-11
4.36729e-11
4.34496e-11
4.32274e-11
4.30063e-11
4.27864e-11
4.25676e-11
4.23499e-11
4.21334e-11
4.19179e-11
4.17035e-11
4.14903e-11
4.12781e-11
4.1067e-11
4.0857e-11
4.06481e-11
4.04402e-11
4.02334e-11
4.00276e-11
3.98229e-11
3.96193e-11
3.94167e-11
3.92151e-11
3.90146e-11
3.88151e-11
3.86166e-11
3.84191e-11
3.82226e-11
3.80272e-11
3.78327e-11
3.76392e-11
3.74467e-11
3.72552e-11
3.70647e-11
3.68752e-11
3.66866e-11
3.6499e-11
3.63124e-11
3.61267e-11
3.59419e-11
3.57581e-11
3.55752e-11
3.53933e-11
3.52123e-11
3.50323e-11
3.48531e-11
3.46749e-11
3.44976e-11
3.43211e-11
3.41456e-11
3.3971e-11
3.37973e-11
3.36245e-11
3.34525e-11
3.32814e-11
3.31112e-11
3.29419e-11
3.27734e-11
3.26058e-11
3.24391e-11
3.22732e-11
3.21082e-11
3.1944e-11
3.17806e-11
3.16181e-11
3.14564e-11
3.12956e-11
3.11355e-11
3.09763e-11
3.08179e-11
3.06603e-11
3.05035e-11
3.03475e-11
3.01923e-11
3.00379e-11
2.98843e-11
2.97315e-11
2.95794e-11
2.94282e-11
2.92777e-11
2.9128e-11
2.8979e-11
2.88308e-11
2.86834e-11
2.85367e-11
2.83908e-11
2.82456e-11
2.81011e-11
2.79574e-11
2.78145e-11
2.76722e-11
2.75307e-11
2.73899e-11
2.72498e-11
2.71105e-11
2.69719e-11
2.68339e-11
2.66967e-11
2.65602e-11
2.64244e-11
2.62892e-11
2.61548e-11
2.6021e-11
2.5888e-11
2.57556e-11
2.56239e-11
2.54928e-11
2.53625e-11
2.52328e-11
2.51037e-11
2.49754e-11
2.48476e-11
2.47206e-11
2.45942e-11
2.44684e-11
2.43433e-11
2.42188e-11
2.40949e-11
2.39717e-11
2.38491e-11
2.37271e-11
2.36058e-11
2.34851e-11
2.3365e-11
2.32455e-11
2.31266e-11
2.30084e-11
2.28907e-11
2.27737e-11
2.26572e-11
2.25413e-11
2.24261e-11
2.23114e-11
2.21973e-11
2.20838e-11
2.19708e-11
2.18585e-11
2.17467e-11
2.16355e-11
2.15248e-11
2.14148e-11
2.13053e-11
2.11963e-11
2.10879e-11
2.09801e-11
2.08728e-11
2.0766e-11
2.06598e-11
2.05542e-11
2.04491e-11
2.03445e-11
2.02405e-11
2.0137e-11
2.0034e-11
1.99315e-11
1.98296e-11
1.97282e-11
1.96273e-11
1.95269e-11
1.94271e-11
1.93277e-11
1.92289e-11
1.91306e-11
1.90327e-11
1.89354e-11
1.88386e-11
1.87422e-11
1.86464e-11
1.8551e-11
1.84562e-11
1.83618e-11
1.82679e-11
1.81745e-11
1.80815e-11
1.79891e-11
1.78971e-11
1.78055e-11
1.77145e-11
1.76239e-11
1.75338e-11
1.74441e-11
1.73549e-11
1.72662e-11
1.71779e-11
1.709e-11
1.70026e-11
1.69157e-11
1.68292e-11
1.67431e-11
1.66575e-11
1.65723e-11
1.64875e-11
1.64032e-11
1.63193e-11
1.62359e-11
1.61529e-11
1.60703e-11
1.59881e-11
1.59063e-11
1.5825e-11
1.57441e-11
1.56635e-11
1.55834e-11
1.55037e-11
1.54245e-11
1.53456e-11
1.52671e-11
1.5189e-11
1.51114e-11
1.50341e-11
1.49572e-11
1.48807e-11
1.48046e-11
1.47289e-11
1.46536e-11
1.45787e-11
1.45041e-11
1.44299e-11
1.43561e-11
1.42827e-11
1.42097e-11
1.4137e-11
1.40647e-11
1.39928e-11
1.39212e-11
1.385e-11
1.37792e-11
1.37088e-11
1.36387e-11
1.35689e-11
1.34995e-11
1.34305e-11
1.33618e-11
1.32935e-11
1.32255e-11
1.31579e-11
1.30906e-11
1.30236e-11
1.2957e-11
1.28908e-11
1.28248e-11
1.27593e-11
1.2694e-11
1.26291e-11
1.25645e-11
1.25003e-11
1.24363e-11
1.23727e-11
1.23095e-11
1.22465e-11
1.21839e-11
1.21216e-11
1.20596e-11
1.19979e-11
1.19366e-11
1.18755e-11
1.18148e-11
1.17544e-11
1.16943e-11
1.16345e-11
1.1575e-11
1.15158e-11
1.14569e-11
1.13983e-11
1.134e-11
1.1282e-11
1.12243e-11
1.11669e-11
1.11098e-11
1.1053e-11
1.09965e-11
1.09402e-11
1.08843e-11
1.08286e-11
1.07733e-11
1.07182e-11
1.06634e-11
1.06088e-11
1.05546e-11
1.05006e-11
1.04469e-11
1.03935e-11
1.03403e-11
1.02875e-11
1.02348e-11
1.01825e-11
1.01304e-11
1.00786e-11
1.00271e-11
9.97581e-12
9.92479e-12
9.87404e-12
9.82354e-12
9.77331e-12
9.72333e-12
9.67361e-12
9.62414e-12
9.57492e-12
9.52596e-12
9.47724e-12
9.42878e-12
9.38056e-12
9.33259e-12
9.28486e-12
9.23738e-12
9.19014e-12
9.14315e-12
9.09639e-12
9.04987e-12
9.00359e-12
8.95755e-12
8.91174e-12
8.86617e-12
8.82083e-12
8.77572e-12
8.73084e-12
8.68619e-12
8.64177e-12
8.59758e-12
8.55362e-12
8.50987e-12
8.46636e-12
8.42306e-12
8.37999e-12
8.33713e-12
8.2945e-12
8.25208e-12
8.20988e-12
8.1679e-12
8.12613e-12
8.08457e-12
8.04323e-12
8.0021e-12
7.96117e-12
7.92046e-12
7.87996e-12
7.83966e-12
7.79957e-12
7.75968e-12
7.72e-12
7.68052e-12
7.64125e-12
7.60217e-12
7.56329e-12
7.52462e-12
7.48614e-12
7.44785e-12
7.40977e-12
7.37187e-12
7.33418e-12
7.29667e-12
7.25936e-12
7.22223e-12
7.1853e-12
7.14856e-12
7.112e-12
7.07563e-12
7.03945e-12
7.00345e-12
6.96763e-12
6.932e-12
6.89655e-12
6.86128e-12
6.8262e-12
6.79129e-12
6.75656e-12
6.72201e-12
6.68763e-12
6.65343e-12
6.61941e-12
6.58556e-12
6.55188e-12
6.51837e-12
6.48504e-12
6.45188e-12
6.41888e-12
6.38606e-12
6.3534e-12
6.32091e-12
6.28859e-12
6.25643e-12
6.22443e-12
6.1926e-12
6.16093e-12
6.12943e-12
6.09808e-12
6.0669e-12
6.03587e-12
6.00501e-12
5.9743e-12
5.94375e-12
5.91335e-12
5.88311e-12
5.85303e-12
5.82309e-12
5.79332e-12
5.76369e-12
5.73421e-12
5.70489e-12
5.67572e-12
5.64669e-12
5.61782e-12
5.58909e-12
5.56051e-12
5.53207e-12
5.50378e-12
5.47563e-12
5.44763e-12
5.41977e-12
5.39206e-12
5.36448e-12
5.33705e-12
5.30976e-12
5.28261e-12
5.25559e-12
5.22871e-12
5.20198e-12
5.17537e-12
5.14891e-12
5.12258e-12
5.09638e-12
5.07032e-12
5.04439e-12
5.01859e-12
4.99293e-12
4.9674e-12
4.94199e-12
4.91672e-12
4.89158e-12
4.86656e-12
4.84168e-12
4.81692e-12
4.79228e-12
4.76778e-12
4.74339e-12
4.71914e-12
4.695e-12
4.671e-12
4.64711e-12
4.62334e-12
4.5997e-12
4.57618e-12
4.55278e-12
4.52949e-12
4.50633e-12
4.48329e-12
4.46036e-12
4.43755e-12
4.41486e-12
4.39228e-12
4.36982e-12
4.34747e-12
4.32524e-12
4.30312e-12
4.28112e-12
4.25922e-12
4.23744e-12
4.21577e-12
4.19421e-12
4.17277e-12
4.15143e-12
4.1302e-12
4.10908e-12
4.08806e-12
4.06716e-12
4.04636e-12
4.02567e-12
4.00508e-12
3.9846e-12
3.96422e-12
3.94395e-12
3.92378e-12
3.90371e-12
3.88375e-12
3.86389e-12
3.84413e-12
3.82447e-12
3.80491e-12
3.78546e-12
3.7661e-12
3.74684e-12
3.72768e-12
3.70862e-12
3.68965e-12
3.67078e-12
3.65201e-12
3.63333e-12
3.61475e-12
3.59627e-12
3.57788e-12
3.55958e-12
3.54138e-12
3.52327e-12
3.50525e-12
3.48733e-12
3.46949e-12
3.45175e-12
3.4341e-12
3.41654e-12
3.39907e-12
3.38168e-12
3.36439e-12
3.34718e-12
3.33007e-12
3.31304e-12
3.2961e-12
3.27924e-12
3.26247e-12
3.24579e-12
3.22919e-12
3.21267e-12
3.19625e-12
3.1799e-12
3.16364e-12
3.14746e-12
3.13136e-12
3.11535e-12
3.09942e-12
3.08357e-12
3.0678e-12
3.05211e-12
3.03651e-12
3.02098e-12
3.00553e-12
2.99016e-12
2.97487e-12
2.95965e-12
2.94452e-12
2.92946e-12
2.91448e-12
2.89958e-12
2.88475e-12
2.87e-12
2.85532e-12
2.84072e-12
2.82619e-12
2.81174e-12
2.79736e-12
2.78305e-12
2.76882e-12
2.75466e-12
2.74058e-12
2.72656e-12
2.71262e-12
2.69875e-12
2.68494e-12
2.67121e-12
2.65755e-12
2.64396e-12
2.63044e-12
2.61699e-12
2.60361e-12
2.59029e-12
2.57705e-12
2.56387e-12
2.55076e-12
2.53771e-12
2.52474e-12
2.51182e-12
2.49898e-12
2.4862e-12
2.47349e-12
2.46084e-12
2.44825e-12
2.43573e-12
2.42328e-12
2.41088e-12
2.39856e-12
2.38629e-12
2.37409e-12
2.36195e-12
2.34987e-12
2.33785e-12
2.3259e-12
2.314e-12
2.30217e-12
2.29039e-12
2.27868e-12
2.26703e-12
2.25544e-12
2.2439e-12
2.23243e-12
2.22101e-12
2.20965e-12
2.19835e-12
2.18711e-12
2.17593e-12
2.1648e-12
2.15373e-12
2.14271e-12
2.13176e-12
2.12086e-12
2.11001e-12
2.09922e-12
2.08848e-12
2.0778e-12
2.06718e-12
2.05661e-12
2.04609e-12
2.03563e-12
2.02522e-12
2.01486e-12
2.00456e-12
1.99431e-12
1.98411e-12
1.97396e-12
1.96387e-12
1.95382e-12
1.94383e-12
1.93389e-12
1.924e-12
1.91416e-12
1.90437e-12
1.89464e-12
1.88495e-12
1.87531e-12
1.86572e-12
1.85618e-12
1.84668e-12
1.83724e-12
1.82785e-12
1.8185e-12
1.8092e-12
1.79995e-12
1.79074e-12
1.78158e-12
1.77247e-12
1.76341e-12
1.75439e-12
1.74542e-12
1.73649e-12
1.72761e-12
1.71878e-12
1.70999e-12
1.70124e-12
1.69254e-12
1.68389e-12
1.67528e-12
1.66671e-12
1.65819e-12
1.64971e-12
1.64127e-12
1.63288e-12
1.62453e-12
1.61622e-12
1.60796e-12
1.59973e-12
1.59155e-12
1.58341e-12
1.57532e-12
1.56726e-12
1.55925e-12
1.55127e-12
1.54334e-12
1.53545e-12
1.52759e-12
1.51978e-12
1.51201e-12
1.50428e-12
1.49659e-12
1.48893e-12
1.48132e-12
1.47374e-12
1.46621e-12
1.45871e-12
1.45125e-12
1.44383e-12
1.43644e-12
1.4291e-12
1.42179e-12
1.41452e-12
1.40729e-12
1.40009e-12
1.39293e-12
1.38581e-12
1.37872e-12
1.37167e-12
1.36465e-12
1.35768e-12
1.35073e-12
1.34382e-12
1.33695e-12
1.33012e-12
1.32331e-12
1.31655e-12
1.30981e-12
1.30312e-12
1.29645e-12
1.28982e-12
1.28323e-12
1.27666e-12
1.27014e-12
1.26364e-12
1.25718e-12
1.25075e-12
1.24435e-12
1.23799e-12
1.23166e-12
1.22536e-12
1.21909e-12
1.21286e-12
1.20666e-12
1.20049e-12
1.19435e-12
1.18824e-12
1.18216e-12
1.17612e-12
1.1701e-12
1.16412e-12
1.15817e-12
1.15224e-12
1.14635e-12
1.14049e-12
1.13466e-12
1.12885e-12
1.12308e-12
1.11734e-12
1.11162e-12
1.10594e-12
1.10028e-12
1.09466e-12
1.08906e-12
1.08349e-12
1.07795e-12
1.07244e-12
1.06695e-12
1.0615e-12
1.05607e-12
1.05067e-12
1.04529e-12
1.03995e-12
1.03463e-12
1.02934e-12
1.02408e-12
1.01884e-12
1.01363e-12
1.00845e-12
1.00329e-12
9.98158e-13
9.93053e-13
9.87975e-13
9.82923e-13
9.77896e-13
9.72895e-13
9.6792e-13
9.6297e-13
9.58046e-13
9.53146e-13
9.48272e-13
9.43423e-13
9.38598e-13
9.33799e-13
9.29023e-13
9.24272e-13
9.19546e-13
9.14843e-13
9.10165e-13
9.05511e-13
9.0088e-13
8.96273e-13
8.9169e-13
8.8713e-13
8.82593e-13
8.78079e-13
8.73589e-13
8.69122e-13
8.64677e-13
8.60255e-13
8.55856e-13
8.51479e-13
8.47125e-13
8.42793e-13
8.38483e-13
8.34195e-13
8.29929e-13
8.25685e-13
8.21463e-13
8.17262e-13
8.13083e-13
8.08925e-13
8.04788e-13
8.00672e-13
7.96578e-13
7.92504e-13
7.88451e-13
7.84419e-13
7.80408e-13
7.76417e-13
7.72447e-13
7.68497e-13
7.64567e-13
7.60657e-13
7.56767e-13
7.52897e-13
7.49047e-13
7.45216e-13
7.41405e-13
7.37614e-13
7.33842e-13
7.30089e-13
7.26355e-13
7.22641e-13
7.18945e-13
7.15269e-13
7.11611e-13
7.07972e-13
7.04352e-13
7.0075e-13
6.97166e-13
6.93601e-13
6.90054e-13
6.86525e-13
6.83014e-13
6.79522e-13
6.76047e-13
6.72589e-13
6.6915e-13
6.65728e-13
6.62323e-13
6.58936e-13
6.55567e-13
6.52214e-13
6.48879e-13
6.45561e-13
6.42259e-13
6.38975e-13
6.35707e-13
6.32456e-13
6.29222e-13
6.26004e-13
6.22803e-13
6.19618e-13
6.1645e-13
6.13297e-13
6.10161e-13
6.07041e-13
6.03936e-13
6.00848e-13
5.97775e-13
5.94718e-13
5.91677e-13
5.88651e-13
5.85641e-13
5.82646e-13
5.79667e-13
5.76702e-13
5.73753e-13
5.70819e-13
5.679e-13
5.64996e-13
5.62106e-13
5.59232e-13
5.56372e-13
5.53527e-13
5.50696e-13
5.4788e-13
5.45078e-13
5.42291e-13
5.39518e-13
5.36759e-13
5.34014e-13
5.31283e-13
5.28566e-13
5.25863e-13
5.23174e-13
5.20498e-13
5.17837e-13
5.15188e-13
5.12554e-13
5.09933e-13
5.07325e-13
5.04731e-13
5.0215e-13
4.99582e-13
4.97027e-13
4.94485e-13
4.91956e-13
4.89441e-13
4.86938e-13
4.84448e-13
4.8197e-13
4.79505e-13
4.77053e-13
4.74614e-13
4.72187e-13
4.69772e-13
4.6737e-13
4.6498e-13
4.62602e-13
4.60236e-13
4.57883e-13
4.55541e-13
4.53211e-13
4.50894e-13
4.48588e-13
4.46294e-13
4.44012e-13
4.41741e-13
4.39482e-13
4.37235e-13
4.34999e-13
4.32774e-13
4.30561e-13
4.28359e-13
4.26169e-13
4.23989e-13
4.21821e-13
4.19664e-13
4.17518e-13
4.15383e-13
4.13259e-13
4.11145e-13
4.09043e-13
4.06951e-13
4.0487e-13
4.02799e-13
4.00739e-13
3.9869e-13
3.96651e-13
3.94623e-13
3.92605e-13
3.90597e-13
3.886e-13
3.86612e-13
3.84635e-13
3.82668e-13
3.80712e-13
3.78765e-13
3.76828e-13
3.74901e-13
3.72983e-13
3.71076e-13
3.69178e-13
3.67291e-13
3.65412e-13
3.63544e-13
3.61684e-13
3.59835e-13
3.57995e-13
3.56164e-13
3.54343e-13
3.52531e-13
3.50728e-13
3.48934e-13
3.4715e-13
3.45375e-13
3.43608e-13
3.41851e-13
3.40103e-13
3.38364e-13
3.36633e-13
3.34912e-13
3.33199e-13
3.31495e-13
3.298e-13
3.28114e-13
3.26436e-13
3.24766e-13
3.23106e-13
3.21453e-13
3.19809e-13
3.18174e-13
3.16547e-13
3.14928e-13
3.13318e-13
3.11715e-13
3.10121e-13
3.08535e-13
3.06958e-13
3.05388e-13
3.03826e-13
3.02272e-13
3.00727e-13
2.99189e-13
2.97659e-13
2.96137e-13
2.94622e-13
2.93116e-13
2.91617e-13
2.90125e-13
2.88642e-13
2.87166e-13
2.85697e-13
2.84236e-13
2.82782e-13
2.81336e-13
2.79898e-13
2.78466e-13
2.77042e-13
2.75626e-13
2.74216e-13
2.72814e-13
2.71419e-13
2.70031e-13
2.6865e-13
2.67276e-13
2.65909e-13
2.64549e-13
2.63196e-13
2.6185e-13
2.60511e-13
2.59179e-13
2.57854e-13
2.56535e-13
2.55223e-13
2.53918e-13
2.5262e-13
2.51328e-13
2.50042e-13
2.48764e-13
2.47492e-13
2.46226e-13
2.44967e-13
2.43714e-13
2.42468e-13
2.41228e-13
2.39994e-13
2.38767e-13
2.37546e-13
2.36331e-13
2.35123e-13
2.3392e-13
2.32724e-13
2.31534e-13
2.3035e-13
2.29172e-13
2.28e-13
2.26834e-13
2.25674e-13
2.2452e-13
2.23372e-13
2.2223e-13
2.21093e-13
2.19962e-13
2.18838e-13
2.17718e-13
2.16605e-13
2.15497e-13
2.14395e-13
2.13299e-13
2.12208e-13
2.11123e-13
2.10043e-13
2.08969e-13
2.07901e-13
2.06837e-13
2.0578e-13
2.04727e-13
2.0368e-13
2.02639e-13
2.01603e-13
2.00572e-13
1.99546e-13
1.98525e-13
1.9751e-13
1.965e-13
1.95495e-13
1.94496e-13
1.93501e-13
1.92511e-13
1.91527e-13
1.90548e-13
1.89573e-13
1.88604e-13
1.87639e-13
1.8668e-13
1.85725e-13
1.84775e-13
1.8383e-13
1.8289e-13
1.81955e-13
1.81024e-13
1.80099e-13
1.79178e-13
1.78261e-13
1.7735e-13
1.76443e-13
1.75541e-13
1.74643e-13
1.7375e-13
1.72861e-13
1.71977e-13
1.71098e-13
1.70223e-13
1.69352e-13
1.68486e-13
1.67625e-13
1.66768e-13
1.65915e-13
1.65066e-13
1.64222e-13
1.63382e-13
1.62547e-13
1.61716e-13
1.60889e-13
1.60066e-13
1.59247e-13
1.58433e-13
1.57623e-13
1.56817e-13
1.56015e-13
1.55217e-13
1.54423e-13
1.53633e-13
1.52848e-13
1.52066e-13
1.51288e-13
1.50515e-13
1.49745e-13
1.48979e-13
1.48217e-13
1.47459e-13
1.46705e-13
1.45955e-13
1.45209e-13
1.44466e-13
1.43727e-13
1.42992e-13
1.42261e-13
1.41534e-13
1.4081e-13
1.4009e-13
1.39373e-13
1.38661e-13
1.37952e-13
1.37246e-13
1.36544e-13
1.35846e-13
1.35151e-13
1.3446e-13
1.33773e-13
1.33088e-13
1.32408e-13
1.31731e-13
1.31057e-13
1.30387e-13
1.2972e-13
1.29057e-13
1.28397e-13
1.2774e-13
1.27087e-13
1.26437e-13
1.2579e-13
1.25147e-13
1.24507e-13
1.23871e-13
1.23237e-13
1.22607e-13
1.2198e-13
1.21356e-13
1.20735e-13
1.20118e-13
1.19504e-13
1.18893e-13
1.18285e-13
1.1768e-13
1.17078e-13
1.16479e-13
1.15884e-13
1.15291e-13
1.14701e-13
1.14115e-13
1.13531e-13
1.12951e-13
1.12373e-13
1.11798e-13
1.11227e-13
1.10658e-13
1.10092e-13
1.09529e-13
1.08969e-13
1.08412e-13
1.07857e-13
1.07306e-13
1.06757e-13
1.06211e-13
1.05668e-13
1.05127e-13
1.0459e-13
1.04055e-13
1.03523e-13
1.02994e-13
1.02467e-13
1.01943e-13
1.01422e-13
1.00903e-13
1.00387e-13
9.98735e-14
9.93627e-14
9.88546e-14
9.83491e-14
9.78462e-14
9.73458e-14
9.6848e-14
9.63527e-14
9.586e-14
9.53698e-14
9.48821e-14
9.43968e-14
9.39141e-14
9.34338e-14
9.2956e-14
9.24807e-14
9.20077e-14
9.15372e-14
9.10691e-14
9.06034e-14
9.01401e-14
8.96791e-14
8.92205e-14
8.87643e-14
8.83103e-14
8.78587e-14
8.74094e-14
8.69624e-14
8.65177e-14
8.60753e-14
8.56351e-14
8.51972e-14
8.47615e-14
8.4328e-14
8.38968e-14
8.34678e-14
8.30409e-14
8.26163e-14
8.21938e-14
8.17734e-14
8.13553e-14
8.09392e-14
8.05253e-14
8.01135e-14
7.97038e-14
7.92962e-14
7.88907e-14
7.84873e-14
7.80859e-14
7.76866e-14
7.72893e-14
7.68941e-14
7.65009e-14
7.61097e-14
7.57204e-14
7.53332e-14
7.4948e-14
7.45647e-14
7.41834e-14
7.3804e-14
7.34266e-14
7.30511e-14
7.26775e-14
7.23059e-14
7.19361e-14
7.15683e-14
7.12023e-14
7.08381e-14
7.04759e-14
7.01155e-14
6.97569e-14
6.94002e-14
6.90453e-14
6.86922e-14
6.83409e-14
6.79914e-14
6.76437e-14
6.72978e-14
6.69537e-14
6.66113e-14
6.62706e-14
6.59317e-14
6.55946e-14
6.52591e-14
6.49254e-14
6.45934e-14
6.42631e-14
6.39344e-14
6.36075e-14
6.32822e-14
6.29586e-14
6.26366e-14
6.23163e-14
6.19977e-14
6.16806e-14
6.13652e-14
6.10514e-14
6.07392e-14
6.04286e-14
6.01195e-14
5.98121e-14
5.95062e-14
5.92019e-14
5.88992e-14
5.8598e-14
5.82983e-14
5.80002e-14
5.77036e-14
5.74085e-14
5.71149e-14
5.68228e-14
5.65322e-14
5.62431e-14
5.59555e-14
5.56694e-14
5.53847e-14
5.51015e-14
5.48197e-14
5.45393e-14
5.42604e-14
5.3983e-14
5.37069e-14
5.34323e-14
5.3159e-14
5.28872e-14
5.26167e-14
5.23476e-14
5.20799e-14
5.18136e-14
5.15486e-14
5.1285e-14
5.10228e-14
5.07618e-14
5.05023e-14
5.0244e-14
4.99871e-14
4.97314e-14
4.94771e-14
4.92241e-14
4.89724e-14
4.87219e-14
4.84728e-14
4.82249e-14
4.79783e-14
4.77329e-14
4.74888e-14
4.7246e-14
4.70044e-14
4.6764e-14
4.65248e-14
4.62869e-14
4.60502e-14
4.58147e-14
4.55804e-14
4.53473e-14
4.51154e-14
4.48847e-14
4.46552e-14
4.44268e-14
4.41997e-14
4.39736e-14
4.37487e-14
4.3525e-14
4.33024e-14
4.3081e-14
4.28607e-14
4.26415e-14
4.24234e-14
4.22065e-14
4.19907e-14
4.17759e-14
4.15623e-14
4.13497e-14
4.11383e-14
4.09279e-14
4.07186e-14
4.05104e-14
4.03032e-14
4.00971e-14
3.98921e-14
3.96881e-14
3.94851e-14
3.92832e-14
3.90823e-14
3.88824e-14
3.86836e-14
3.84858e-14
3.8289e-14
3.80932e-14
3.78984e-14
3.77046e-14
3.75117e-14
3.73199e-14
3.71291e-14
3.69392e-14
3.67503e-14
3.65624e-14
3.63754e-14
3.61894e-14
3.60043e-14
3.58202e-14
3.5637e-14
3.54548e-14
3.52734e-14
3.50931e-14
3.49136e-14
3.47351e-14
3.45574e-14
3.43807e-14
3.42049e-14
3.403e-14
3.38559e-14
3.36828e-14
3.35106e-14
3.33392e-14
3.31687e-14
3.29991e-14
3.28303e-14
3.26624e-14
3.24954e-14
3.23292e-14
3.21639e-14
3.19994e-14
3.18358e-14
3.1673e-14
3.1511e-14
3.13499e-14
3.11896e-14
3.10301e-14
3.08714e-14
3.07135e-14
3.05564e-14
3.04002e-14
3.02447e-14
3.00901e-14
2.99362e-14
2.97831e-14
2.96308e-14
2.94793e-14
2.93285e-14
2.91785e-14
2.90293e-14
2.88809e-14
2.87332e-14
2.85862e-14
2.844e-14
2.82946e-14
2.81499e-14
2.8006e-14
2.78627e-14
2.77202e-14
2.75785e-14
2.74375e-14
2.72971e-14
2.71576e-14
2.70187e-14
2.68805e-14
2.6743e-14
2.66063e-14
2.64702e-14
2.63349e-14
2.62002e-14
2.60662e-14
2.59329e-14
2.58003e-14
2.56683e-14
2.55371e-14
2.54065e-14
2.52766e-14
2.51473e-14
2.50187e-14
2.48908e-14
2.47635e-14
2.46368e-14
2.45109e-14
2.43855e-14
2.42608e-14
2.41367e-14
2.40133e-14
2.38905e-14
2.37683e-14
2.36468e-14
2.35259e-14
2.34056e-14
2.32859e-14
2.31668e-14
2.30483e-14
2.29304e-14
2.28132e-14
2.26965e-14
2.25805e-14
2.2465e-14
2.23501e-14
2.22358e-14
2.21221e-14
2.2009e-14
2.18964e-14
2.17844e-14
2.1673e-14
2.15622e-14
2.14519e-14
2.13422e-14
2.12331e-14
2.11245e-14
2.10165e-14
2.0909e-14
2.08021e-14
2.06957e-14
2.05899e-14
2.04846e-14
2.03798e-14
2.02756e-14
2.01719e-14
2.00688e-14
1.99661e-14
1.9864e-14
1.97624e-14
1.96614e-14
1.95608e-14
1.94608e-14
1.93613e-14
1.92623e-14
1.91638e-14
1.90658e-14
1.89683e-14
1.88713e-14
1.87748e-14
1.86788e-14
1.85832e-14
1.84882e-14
1.83937e-14
1.82996e-14
1.8206e-14
1.81129e-14
1.80203e-14
1.79281e-14
1.78365e-14
1.77452e-14
1.76545e-14
1.75642e-14
1.74744e-14
1.7385e-14
1.72961e-14
1.72077e-14
1.71197e-14
1.70321e-14
1.6945e-14
1.68584e-14
1.67722e-14
1.66864e-14
1.66011e-14
1.65162e-14
1.64317e-14
1.63477e-14
1.62641e-14
1.61809e-14
1.60982e-14
1.60158e-14
1.59339e-14
1.58524e-14
1.57714e-14
1.56907e-14
1.56105e-14
1.55307e-14
1.54512e-14
1.53722e-14
1.52936e-14
1.52154e-14
1.51376e-14
1.50602e-14
1.49832e-14
1.49065e-14
1.48303e-14
1.47545e-14
1.4679e-14
1.4604e-14
1.45293e-14
1.4455e-14
1.43811e-14
1.43075e-14
1.42343e-14
1.41616e-14
1.40891e-14
1.40171e-14
1.39454e-14
1.38741e-14
1.38031e-14
1.37326e-14
1.36623e-14
1.35925e-14
1.35229e-14
1.34538e-14
1.3385e-14
1.33165e-14
1.32484e-14
1.31807e-14
1.31133e-14
1.30462e-14
1.29795e-14
1.29131e-14
1.28471e-14
1.27814e-14
1.2716e-14
1.2651e-14
1.25863e-14
1.2522e-14
1.24579e-14
1.23942e-14
1.23308e-14
1.22678e-14
1.2205e-14
1.21426e-14
1.20805e-14
1.20188e-14
1.19573e-14
1.18961e-14
1.18353e-14
1.17748e-14
1.17146e-14
1.16547e-14
1.15951e-14
1.15358e-14
1.14768e-14
1.14181e-14
1.13597e-14
1.13016e-14
1.12438e-14
1.11863e-14
1.11291e-14
1.10722e-14
1.10156e-14
1.09592e-14
1.09032e-14
1.08474e-14
1.0792e-14
1.07368e-14
1.06819e-14
1.06272e-14
1.05729e-14
1.05188e-14
1.0465e-14
1.04115e-14
1.03583e-14
1.03053e-14
1.02526e-14
1.02002e-14
1.0148e-14
1.00961e-14
1.00445e-14
9.99312e-15
9.94202e-15
9.89118e-15
9.8406e-15
9.79027e-15
9.74021e-15
9.6904e-15
9.64084e-15
9.59154e-15
9.54249e-15
9.49369e-15
9.44514e-15
9.39684e-15
9.34879e-15
9.30098e-15
9.25342e-15
9.2061e-15
9.15902e-15
9.11218e-15
9.06558e-15
9.01922e-15
8.9731e-15
8.92721e-15
8.88156e-15
8.83614e-15
8.79095e-15
8.746e-15
8.70127e-15
8.65677e-15
8.61251e-15
8.56846e-15
8.52464e-15
8.48105e-15
8.43768e-15
8.39453e-15
8.3516e-15
8.30889e-15
8.2664e-15
8.22413e-15
8.18207e-15
8.14023e-15
8.0986e-15
8.05719e-15
8.01599e-15
7.97499e-15
7.93421e-15
7.89364e-15
7.85327e-15
7.81311e-15
7.77315e-15
7.7334e-15
7.69386e-15
7.65451e-15
7.61537e-15
7.57642e-15
7.53768e-15
7.49913e-15
7.46078e-15
7.42263e-15
7.38467e-15
7.34691e-15
7.30934e-15
7.27196e-15
7.23477e-15
7.19777e-15
7.16096e-15
7.12434e-15
7.08791e-15
7.05166e-15
7.0156e-15
6.97973e-15
6.94403e-15
6.90852e-15
6.87319e-15
6.83804e-15
6.80308e-15
6.76829e-15
6.73367e-15
6.69924e-15
6.66498e-15
6.6309e-15
6.59699e-15
6.56325e-15
6.52969e-15
6.4963e-15
6.46308e-15
6.43002e-15
6.39714e-15
6.36443e-15
6.33188e-15
6.2995e-15
6.26729e-15
6.23524e-15
6.20335e-15
6.17163e-15
6.14007e-15
6.10867e-15
6.07743e-15
6.04635e-15
6.01543e-15
5.98467e-15
5.95406e-15
5.92361e-15
5.89332e-15
5.86318e-15
5.8332e-15
5.80337e-15
5.77369e-15
5.74417e-15
5.71479e-15
5.68557e-15
5.65649e-15
5.62757e-15
5.59879e-15
5.57016e-15
5.54167e-15
5.51333e-15
5.48514e-15
5.45709e-15
5.42918e-15
5.40142e-15
5.3738e-15
5.34632e-15
5.31897e-15
5.29177e-15
5.26471e-15
5.23779e-15
5.21101e-15
5.18436e-15
5.15784e-15
5.13147e-15
5.10523e-15
5.07912e-15
5.05315e-15
5.0273e-15
5.0016e-15
4.97602e-15
4.95057e-15
4.92526e-15
4.90007e-15
4.87501e-15
4.85008e-15
4.82528e-15
4.8006e-15
4.77605e-15
4.75163e-15
4.72733e-15
4.70315e-15
4.6791e-15
4.65518e-15
4.63137e-15
4.60769e-15
4.58412e-15
4.56068e-15
4.53736e-15
4.51415e-15
4.49107e-15
4.4681e-15
4.44525e-15
4.42252e-15
4.3999e-15
4.3774e-15
4.35502e-15
4.33275e-15
4.31059e-15
4.28855e-15
4.26662e-15
4.2448e-15
4.22309e-15
4.20149e-15
4.18001e-15
4.15863e-15
4.13737e-15
4.11621e-15
4.09516e-15
4.07422e-15
4.05338e-15
4.03265e-15
4.01203e-15
3.99151e-15
3.9711e-15
3.95079e-15
3.93059e-15
3.91049e-15
3.89049e-15
3.8706e-15
3.8508e-15
3.83111e-15
3.81152e-15
3.79203e-15
3.77264e-15
3.75334e-15
3.73415e-15
3.71505e-15
3.69606e-15
3.67715e-15
3.65835e-15
3.63964e-15
3.62103e-15
3.60251e-15
3.58409e-15
3.56576e-15
3.54753e-15
3.52938e-15
3.51134e-15
3.49338e-15
3.47551e-15
3.45774e-15
3.44006e-15
3.42247e-15
3.40497e-15
3.38755e-15
3.37023e-15
3.35299e-15
3.33585e-15
3.31879e-15
3.30182e-15
3.28493e-15
3.26813e-15
3.25142e-15
3.23479e-15
3.21825e-15
3.20179e-15
3.18542e-15
3.16913e-15
3.15292e-15
3.1368e-15
3.12076e-15
3.1048e-15
3.08892e-15
3.07313e-15
3.05741e-15
3.04178e-15
3.02622e-15
3.01075e-15
2.99535e-15
2.98003e-15
2.96479e-15
2.94963e-15
2.93455e-15
2.91954e-15
2.90461e-15
2.88976e-15
2.87498e-15
2.86028e-15
2.84565e-15
2.8311e-15
2.81662e-15
2.80221e-15
2.78788e-15
2.77363e-15
2.75944e-15
2.74533e-15
2.73129e-15
2.71733e-15
2.70343e-15
2.68961e-15
2.67585e-15
2.66217e-15
2.64855e-15
2.63501e-15
2.62153e-15
2.60813e-15
2.59479e-15
2.58152e-15
2.56832e-15
2.55519e-15
2.54212e-15
2.52912e-15
2.51618e-15
2.50332e-15
2.49052e-15
2.47778e-15
2.46511e-15
2.4525e-15
2.43996e-15
2.42748e-15
2.41507e-15
2.40272e-15
2.39043e-15
2.37821e-15
2.36605e-15
2.35395e-15
2.34191e-15
2.32993e-15
2.31802e-15
2.30616e-15
2.29437e-15
2.28264e-15
2.27096e-15
2.25935e-15
2.2478e-15
2.2363e-15
2.22487e-15
2.21349e-15
2.20217e-15
2.19091e-15
2.1797e-15
2.16856e-15
2.15747e-15
2.14643e-15
2.13546e-15
2.12454e-15
2.11367e-15
2.10286e-15
2.09211e-15
2.08141e-15
2.07077e-15
2.06018e-15
2.04964e-15
2.03916e-15
2.02873e-15
2.01836e-15
2.00804e-15
1.99777e-15
1.98755e-15
1.97739e-15
1.96728e-15
1.95722e-15
1.94721e-15
1.93725e-15
1.92734e-15
1.91749e-15
1.90768e-15
1.89792e-15
1.88822e-15
1.87856e-15
1.86896e-15
1.8594e-15
1.84989e-15
1.84043e-15
1.83102e-15
1.82165e-15
1.81234e-15
1.80307e-15
1.79385e-15
1.78468e-15
1.77555e-15
1.76647e-15
1.75744e-15
1.74845e-15
1.73951e-15
1.73061e-15
1.72176e-15
1.71296e-15
1.7042e-15
1.69548e-15
1.68681e-15
1.67819e-15
1.6696e-15
1.66107e-15
1.65257e-15
1.64412e-15
1.63571e-15
1.62735e-15
1.61903e-15
1.61075e-15
1.60251e-15
1.59431e-15
1.58616e-15
1.57805e-15
1.56998e-15
1.56195e-15
1.55396e-15
1.54602e-15
1.53811e-15
1.53025e-15
1.52242e-15
1.51463e-15
1.50689e-15
1.49918e-15
1.49152e-15
1.48389e-15
1.4763e-15
1.46875e-15
1.46124e-15
1.45377e-15
1.44633e-15
1.43894e-15
1.43158e-15
1.42426e-15
1.41697e-15
1.40973e-15
1.40252e-15
1.39535e-15
1.38821e-15
1.38111e-15
1.37405e-15
1.36702e-15
1.36003e-15
1.35308e-15
1.34616e-15
1.33927e-15
1.33242e-15
1.32561e-15
1.31883e-15
1.31209e-15
1.30538e-15
1.2987e-15
1.29206e-15
1.28545e-15
1.27888e-15
1.27234e-15
1.26583e-15
1.25936e-15
1.25292e-15
1.24651e-15
1.24014e-15
1.2338e-15
1.22749e-15
1.22121e-15
1.21496e-15
1.20875e-15
1.20257e-15
1.19642e-15
1.1903e-15
1.18421e-15
1.17816e-15
1.17213e-15
1.16614e-15
1.16018e-15
1.15424e-15
1.14834e-15
1.14247e-15
1.13663e-15
1.13081e-15
1.12503e-15
1.11928e-15
1.11355e-15
1.10786e-15
1.10219e-15
1.09656e-15
1.09095e-15
1.08537e-15
1.07982e-15
1.0743e-15
1.0688e-15
1.06334e-15
1.0579e-15
1.05249e-15
1.04711e-15
1.04175e-15
1.03643e-15
1.03113e-15
1.02585e-15
1.02061e-15
1.01539e-15
1.0102e-15
1.00503e-15
9.9989e-16
9.94777e-16
9.8969e-16
9.84629e-16
9.79593e-16
9.74584e-16
9.696e-16
9.64642e-16
9.59709e-16
9.54801e-16
9.49918e-16
9.4506e-16
9.40228e-16
9.35419e-16
9.30636e-16
9.25877e-16
9.21142e-16
9.16431e-16
9.11745e-16
9.07082e-16
9.02444e-16
8.97829e-16
8.93237e-16
8.88669e-16
8.84125e-16
8.79604e-16
8.75105e-16
8.7063e-16
8.66178e-16
8.61749e-16
8.57342e-16
8.52957e-16
8.48596e-16
8.44256e-16
8.39939e-16
8.35643e-16
8.3137e-16
8.27118e-16
8.22889e-16
8.18681e-16
8.14494e-16
8.10329e-16
8.06185e-16
8.02062e-16
7.9796e-16
7.9388e-16
7.8982e-16
7.85781e-16
7.81763e-16
7.77765e-16
7.73788e-16
7.6983e-16
7.65894e-16
7.61977e-16
7.5808e-16
7.54204e-16
7.50347e-16
7.4651e-16
7.42692e-16
7.38894e-16
7.35116e-16
7.31356e-16
7.27616e-16
7.23895e-16
7.20193e-16
7.1651e-16
7.12846e-16
7.09201e-16
7.05574e-16
7.01966e-16
6.98376e-16
6.94805e-16
6.91252e-16
6.87717e-16
6.842e-16
6.80701e-16
6.7722e-16
6.73757e-16
6.70311e-16
6.66883e-16
6.63473e-16
6.6008e-16
6.56705e-16
6.53346e-16
6.50005e-16
6.46681e-16
6.43374e-16
6.40084e-16
6.36811e-16
6.33554e-16
6.30314e-16
6.27091e-16
6.23884e-16
6.20694e-16
6.1752e-16
6.14362e-16
6.1122e-16
6.08094e-16
6.04985e-16
6.01891e-16
5.98813e-16
5.95751e-16
5.92704e-16
5.89673e-16
5.86658e-16
5.83657e-16
5.80673e-16
5.77703e-16
5.74749e-16
5.7181e-16
5.68886e-16
5.65976e-16
5.63082e-16
5.60203e-16
5.57338e-16
5.54488e-16
5.51652e-16
5.48831e-16
5.46024e-16
5.43232e-16
5.40454e-16
5.3769e-16
5.34941e-16
5.32205e-16
5.29483e-16
5.26776e-16
5.24082e-16
5.21402e-16
5.18735e-16
5.16083e-16
5.13444e-16
5.10818e-16
5.08206e-16
5.05607e-16
5.03021e-16
5.00449e-16
4.9789e-16
4.95343e-16
4.9281e-16
4.9029e-16
4.87783e-16
4.85288e-16
4.82807e-16
4.80338e-16
4.77881e-16
4.75438e-16
4.73006e-16
4.70587e-16
4.68181e-16
4.65787e-16
4.63405e-16
4.61035e-16
4.58677e-16
4.56332e-16
4.53998e-16
4.51676e-16
4.49367e-16
4.47069e-16
4.44782e-16
4.42508e-16
4.40245e-16
4.37994e-16
4.35754e-16
4.33525e-16
4.31308e-16
4.29103e-16
4.26908e-16
4.24725e-16
4.22553e-16
4.20392e-16
4.18243e-16
4.16104e-16
4.13976e-16
4.11859e-16
4.09753e-16
4.07657e-16
4.05573e-16
4.03499e-16
4.01435e-16
3.99382e-16
3.9734e-16
3.95308e-16
3.93286e-16
3.91275e-16
3.89274e-16
3.87284e-16
3.85303e-16
3.83333e-16
3.81372e-16
3.79422e-16
3.77482e-16
3.75551e-16
3.73631e-16
3.7172e-16
3.69819e-16
3.67928e-16
3.66047e-16
3.64175e-16
3.62312e-16
3.60459e-16
3.58616e-16
3.56782e-16
3.54958e-16
3.53143e-16
3.51337e-16
3.4954e-16
3.47752e-16
3.45974e-16
3.44205e-16
3.42445e-16
3.40693e-16
3.38951e-16
3.37218e-16
3.35493e-16
3.33778e-16
3.32071e-16
3.30373e-16
3.28683e-16
3.27002e-16
3.2533e-16
3.23666e-16
3.22011e-16
3.20365e-16
3.18726e-16
3.17096e-16
3.15475e-16
3.13861e-16
3.12256e-16
3.1066e-16
3.09071e-16
3.0749e-16
3.05918e-16
3.04353e-16
3.02797e-16
3.01249e-16
2.99708e-16
2.98175e-16
2.96651e-16
2.95134e-16
2.93624e-16
2.92123e-16
2.90629e-16
2.89143e-16
2.87664e-16
2.86193e-16
2.84729e-16
2.83273e-16
2.81825e-16
2.80384e-16
2.7895e-16
2.77523e-16
2.76104e-16
2.74692e-16
2.73287e-16
2.7189e-16
2.70499e-16
2.69116e-16
2.6774e-16
2.66371e-16
2.65008e-16
2.63653e-16
2.62305e-16
2.60964e-16
2.59629e-16
2.58301e-16
2.5698e-16
2.55666e-16
2.54359e-16
2.53058e-16
2.51764e-16
2.50477e-16
2.49196e-16
2.47921e-16
2.46653e-16
2.45392e-16
2.44137e-16
2.42889e-16
2.41647e-16
2.40411e-16
2.39181e-16
2.37958e-16
2.36741e-16
2.35531e-16
2.34326e-16
2.33128e-16
2.31936e-16
