Vec Object: Vec_0x55bb03d9c0c0_0 1 MPI process
  type: seq
1.
0.999826
0.999653
0.999479
0.999306
0.999132
0.998958
0.998785
0.998611
0.998437
0.998264
0.99809
0.997916
0.997743
0.997569
0.997395
0.997221
0.997048
0.996874
0.9967
0.996527
0.996353
0.996179
0.996005
0.995831
0.995658
0.995484
0.99531
0.995136
0.994962
0.994789
0.994615
0.994441
0.994267
0.994093
0.993919
0.993745
0.993572
0.993398
0.993224
0.99305
0.992876
0.992702
0.992528
0.992354
0.99218
0.992006
0.991832
0.991658
0.991484
0.99131
0.991136
0.990962
0.990788
0.990614
0.99044
0.990266
0.990092
0.989918
0.989744
0.98957
0.989396
0.989222
0.989047
0.988873
0.988699
0.988525
0.988351
0.988177
0.988003
0.987828
0.987654
0.98748
0.987306
0.987132
0.986957
0.986783
0.986609
0.986435
0.98626
0.986086
0.985912
0.985738
0.985563
0.985389
0.985215
0.98504
0.984866
0.984692
0.984517
0.984343
0.984169
0.983994
0.98382
0.983646
0.983471
0.983297
0.983122
0.982948
0.982774
0.982599
0.982425
0.98225
0.982076
0.981901
0.981727
0.981552
0.981378
0.981203
0.981029
0.980854
0.98068
0.980505
0.980331
0.980156
0.979981
0.979807
0.979632
0.979458
0.979283
0.979108
0.978934
0.978759
0.978584
0.97841
0.978235
0.97806
0.977886
0.977711
0.977536
0.977362
0.977187
0.977012
0.976837
0.976663
0.976488
0.976313
0.976138
0.975963
0.975789
0.975614
0.975439
0.975264
0.975089
0.974915
0.97474
0.974565
0.97439
0.974215
0.97404
0.973865
0.97369
0.973515
0.97334
0.973165
0.972991
0.972816
0.972641
0.972466
0.972291
0.972116
0.971941
0.971766
0.97159
0.971415
0.97124
0.971065
0.97089
0.970715
0.97054
0.970365
0.97019
0.970015
0.96984
0.969664
0.969489
0.969314
0.969139
0.968964
0.968789
0.968613
0.968438
0.968263
0.968088
0.967912
0.967737
0.967562
0.967387
0.967211
0.967036
0.966861
0.966685
0.96651
0.966335
0.966159
0.965984
0.965809
0.965633
0.965458
0.965282
0.965107
0.964932
0.964756
0.964581
0.964405
0.96423
0.964054
0.963879
0.963703
0.963528
0.963352
0.963177
0.963001
0.962826
0.96265
0.962475
0.962299
0.962123
0.961948
0.961772
0.961597
0.961421
0.961245
0.96107
0.960894
0.960718
0.960543
0.960367
0.960191
0.960016
0.95984
0.959664
0.959488
0.959313
0.959137
0.958961
0.958785
0.958609
0.958434
0.958258
0.958082
0.957906
0.95773
0.957554
0.957379
0.957203
0.957027
0.956851
0.956675
0.956499
0.956323
0.956147
0.955971
0.955795
0.955619
0.955443
0.955267
0.955091
0.954915
0.954739
0.954563
0.954387
0.954211
0.954035
0.953859
0.953682
0.953506
0.95333
0.953154
0.952978
0.952802
0.952626
0.952449
0.952273
0.952097
0.951921
0.951744
0.951568
0.951392
0.951216
0.951039
0.950863
0.950687
0.95051
0.950334
0.950158
0.949981
0.949805
0.949629
0.949452
0.949276
0.9491
0.948923
0.948747
0.94857
0.948394
0.948217
0.948041
0.947864
0.947688
0.947511
0.947335
0.947158
0.946982
0.946805
0.946629
0.946452
0.946275
0.946099
0.945922
0.945745
0.945569
0.945392
0.945215
0.945039
0.944862
0.944685
0.944509
0.944332
0.944155
0.943978
0.943802
0.943625
0.943448
0.943271
0.943094
0.942918
0.942741
0.942564
0.942387
0.94221
0.942033
0.941856
0.941679
0.941503
0.941326
0.941149
0.940972
0.940795
0.940618
0.940441
0.940264
0.940087
0.93991
0.939733
0.939556
0.939378
0.939201
0.939024
0.938847
0.93867
0.938493
0.938316
0.938139
0.937961
0.937784
0.937607
0.93743
0.937253
0.937075
0.936898
0.936721
0.936543
0.936366
0.936189
0.936012
0.935834
0.935657
0.93548
0.935302
0.935125
0.934947
0.93477
0.934593
0.934415
0.934238
0.93406
0.933883
0.933705
0.933528
0.93335
0.933173
0.932995
0.932818
0.93264
0.932462
0.932285
0.932107
0.93193
0.931752
0.931574
0.931397
0.931219
0.931041
0.930864
0.930686
0.930508
0.93033
0.930153
0.929975
0.929797
0.929619
0.929442
0.929264
0.929086
0.928908
0.92873
0.928552
0.928374
0.928197
0.928019
0.927841
0.927663
0.927485
0.927307
0.927129
0.926951
0.926773
0.926595
0.926417
0.926239
0.926061
0.925883
0.925704
0.925526
0.925348
0.92517
0.924992
0.924814
0.924636
0.924457
0.924279
0.924101
0.923923
0.923744
0.923566
0.923388
0.92321
0.923031
0.922853
0.922675
0.922496
0.922318
0.92214
0.921961
0.921783
0.921604
0.921426
0.921248
0.921069
0.920891
0.920712
0.920534
0.920355
0.920177
0.919998
0.919819
0.919641
0.919462
0.919284
0.919105
0.918926
0.918748
0.918569
0.91839
0.918212
0.918033
0.917854
0.917675
0.917497
0.917318
0.917139
0.91696
0.916782
0.916603
0.916424
0.916245
0.916066
0.915887
0.915708
0.915529
0.915351
0.915172
0.914993
0.914814
0.914635
0.914456
0.914277
0.914098
0.913919
0.913739
0.91356
0.913381
0.913202
0.913023
0.912844
0.912665
0.912486
0.912306
0.912127
0.911948
0.911769
0.911589
0.91141
0.911231
0.911052
0.910872
0.910693
0.910514
0.910334
0.910155
0.909975
0.909796
0.909617
0.909437
0.909258
0.909078
0.908899
0.908719
0.90854
0.90836
0.908181
0.908001
0.907821
0.907642
0.907462
0.907283
0.907103
0.906923
0.906744
0.906564
0.906384
0.906205
0.906025
0.905845
0.905665
0.905485
0.905306
0.905126
0.904946
0.904766
0.904586
0.904406
0.904226
0.904047
0.903867
0.903687
0.903507
0.903327
0.903147
0.902967
0.902787
0.902607
0.902427
0.902246
0.902066
0.901886
0.901706
0.901526
0.901346
0.901166
0.900985
0.900805
0.900625
0.900445
0.900264
0.900084
0.899904
0.899723
0.899543
0.899363
0.899182
0.899002
0.898822
0.898641
0.898461
0.89828
0.8981
0.897919
0.897739
0.897558
0.897378
0.897197
0.897017
0.896836
0.896655
0.896475
0.896294
0.896113
0.895933
0.895752
0.895571
0.895391
0.89521
0.895029
0.894848
0.894668
0.894487
0.894306
0.894125
0.893944
0.893763
0.893582
0.893401
0.89322
0.893039
0.892858
0.892677
0.892496
0.892315
0.892134
0.891953
0.891772
0.891591
0.89141
0.891229
0.891048
0.890867
0.890685
0.890504
0.890323
0.890142
0.88996
0.889779
0.889598
0.889416
0.889235
0.889054
0.888872
0.888691
0.88851
0.888328
0.888147
0.887965
0.887784
0.887602
0.887421
0.887239
0.887058
0.886876
0.886694
0.886513
0.886331
0.886149
0.885968
0.885786
0.885604
0.885423
0.885241
0.885059
0.884877
0.884696
0.884514
0.884332
0.88415
0.883968
0.883786
0.883604
0.883422
0.88324
0.883058
0.882876
0.882694
0.882512
0.88233
0.882148
0.881966
0.881784
0.881602
0.88142
0.881238
0.881055
0.880873
0.880691
0.880509
0.880326
0.880144
0.879962
0.879779
0.879597
0.879415
0.879232
0.87905
0.878868
0.878685
0.878503
0.87832
0.878138
0.877955
0.877773
0.87759
0.877407
0.877225
0.877042
0.876859
0.876677
0.876494
0.876311
0.876129
0.875946
0.875763
0.87558
0.875398
0.875215
0.875032
0.874849
0.874666
0.874483
0.8743
0.874117
0.873934
0.873751
0.873568
0.873385
0.873202
0.873019
0.872836
0.872653
0.87247
0.872287
0.872103
0.87192
0.871737
0.871554
0.871371
0.871187
0.871004
0.870821
0.870637
0.870454
0.87027
0.870087
0.869904
0.86972
0.869537
0.869353
0.86917
0.868986
0.868803
0.868619
0.868435
0.868252
0.868068
0.867884
0.867701
0.867517
0.867333
0.86715
0.866966
0.866782
0.866598
0.866414
0.86623
0.866047
0.865863
0.865679
0.865495
0.865311
0.865127
0.864943
0.864759
0.864575
0.864391
0.864206
0.864022
0.863838
0.863654
0.86347
0.863286
0.863101
0.862917
0.862733
0.862548
0.862364
0.86218
0.861995
0.861811
0.861627
0.861442
0.861258
0.861073
0.860889
0.860704
0.86052
0.860335
0.86015
0.859966
0.859781
0.859596
0.859412
0.859227
0.859042
0.858858
0.858673
0.858488
0.858303
0.858118
0.857933
0.857748
0.857564
0.857379
0.857194
0.857009
0.856824
0.856639
0.856453
0.856268
0.856083
0.855898
0.855713
0.855528
0.855343
0.855157
0.854972
0.854787
0.854601
0.854416
0.854231
0.854045
0.85386
0.853675
0.853489
0.853304
0.853118
0.852933
0.852747
0.852562
0.852376
0.85219
0.852005
0.851819
0.851633
0.851448
0.851262
0.851076
0.85089
0.850704
0.850519
0.850333
0.850147
0.849961
0.849775
0.849589
0.849403
0.849217
0.849031
0.848845
0.848659
0.848473
0.848287
0.8481
0.847914
0.847728
0.847542
0.847356
0.847169
0.846983
0.846797
0.84661
0.846424
0.846237
0.846051
0.845865
0.845678
0.845491
0.845305
0.845118
0.844932
0.844745
0.844559
0.844372
0.844185
0.843998
0.843812
0.843625
0.843438
0.843251
0.843064
0.842877
0.842691
0.842504
0.842317
0.84213
0.841943
0.841756
0.841569
0.841381
0.841194
0.841007
0.84082
0.840633
0.840446
0.840258
0.840071
0.839884
0.839696
0.839509
0.839322
0.839134
0.838947
0.838759
0.838572
0.838384
0.838197
0.838009
0.837822
0.837634
0.837446
0.837259
0.837071
0.836883
0.836695
0.836508
0.83632
0.836132
0.835944
0.835756
0.835568
0.83538
0.835192
0.835004
0.834816
0.834628
0.83444
0.834252
0.834064
0.833876
0.833687
0.833499
0.833311
0.833123
0.832934
0.832746
0.832557
0.832369
0.832181
0.831992
0.831804
0.831615
0.831427
0.831238
0.831049
0.830861
0.830672
0.830483
0.830295
0.830106
0.829917
0.829728
0.829539
0.829351
0.829162
0.828973
0.828784
0.828595
0.828406
0.828217
0.828028
0.827839
0.827649
0.82746
0.827271
0.827082
0.826893
0.826703
0.826514
0.826325
0.826135
0.825946
0.825756
0.825567
0.825377
0.825188
0.824998
0.824809
0.824619
0.82443
0.82424
0.82405
0.82386
0.823671
0.823481
0.823291
0.823101
0.822911
0.822721
0.822531
0.822341
0.822151
0.821961
0.821771
0.821581
0.821391
0.821201
0.821011
0.82082
0.82063
0.82044
0.82025
0.820059
0.819869
0.819678
0.819488
0.819298
0.819107
0.818916
0.818726
0.818535
0.818345
0.818154
0.817963
0.817773
0.817582
0.817391
0.8172
0.817009
0.816818
0.816627
0.816437
0.816246
0.816055
0.815863
0.815672
0.815481
0.81529
0.815099
0.814908
0.814716
0.814525
0.814334
0.814143
0.813951
0.81376
0.813568
0.813377
0.813185
0.812994
0.812802
0.812611
0.812419
0.812227
0.812036
0.811844
0.811652
0.81146
0.811268
0.811076
0.810885
0.810693
0.810501
0.810309
0.810117
0.809925
0.809732
0.80954
0.809348
0.809156
0.808964
0.808771
0.808579
0.808387
0.808194
0.808002
0.807809
0.807617
0.807424
0.807232
0.807039
0.806847
0.806654
0.806461
0.806268
0.806076
0.805883
0.80569
0.805497
0.805304
0.805111
0.804918
0.804725
0.804532
0.804339
0.804146
0.803953
0.80376
0.803567
0.803373
0.80318
0.802987
0.802793
0.8026
0.802406
0.802213
0.802019
0.801826
0.801632
0.801439
0.801245
0.801051
0.800858
0.800664
0.80047
0.800276
0.800082
0.799888
0.799694
0.7995
0.799306
0.799112
0.798918
0.798724
0.79853
0.798336
0.798141
0.797947
0.797753
0.797559
0.797364
0.79717
0.796975
0.796781
0.796586
0.796392
0.796197
0.796002
0.795808
0.795613
0.795418
0.795223
0.795028
0.794834
0.794639
0.794444
0.794249
0.794054
0.793859
0.793663
0.793468
0.793273
0.793078
0.792883
0.792687
0.792492
0.792297
0.792101
0.791906
0.79171
0.791515
0.791319
0.791123
0.790928
0.790732
0.790536
0.79034
0.790145
0.789949
0.789753
0.789557
0.789361
0.789165
0.788969
0.788773
0.788577
0.78838
0.788184
0.787988
0.787792
0.787595
0.787399
0.787203
0.787006
0.78681
0.786613
0.786416
0.78622
0.786023
0.785827
0.78563
0.785433
0.785236
0.785039
0.784842
0.784645
0.784448
0.784251
0.784054
0.783857
0.78366
0.783463
0.783266
0.783068
0.782871
0.782674
0.782476
0.782279
0.782081
0.781884
0.781686
0.781489
0.781291
0.781093
0.780895
0.780698
0.7805
0.780302
0.780104
0.779906
0.779708
0.77951
0.779312
0.779114
0.778916
0.778717
0.778519
0.778321
0.778122
0.777924
0.777726
0.777527
0.777329
0.77713
0.776931
0.776733
0.776534
0.776335
0.776137
0.775938
0.775739
0.77554
0.775341
0.775142
0.774943
0.774744
0.774545
0.774346
0.774146
0.773947
0.773748
0.773548
0.773349
0.773149
0.77295
0.77275
0.772551
0.772351
0.772152
0.771952
0.771752
0.771552
0.771352
0.771152
0.770952
0.770752
0.770552
0.770352
0.770152
0.769952
0.769752
0.769552
0.769351
0.769151
0.76895
0.76875
0.768549
0.768349
0.768148
0.767948
0.767747
0.767546
0.767345
0.767145
0.766944
0.766743
0.766542
0.766341
0.76614
0.765939
0.765737
0.765536
0.765335
0.765134
0.764932
0.764731
0.764529
0.764328
0.764126
0.763925
0.763723
0.763521
0.76332
0.763118
0.762916
0.762714
0.762512
0.76231
0.762108
0.761906
0.761704
0.761502
0.761299
0.761097
0.760895
0.760692
0.76049
0.760287
0.760085
0.759882
0.75968
0.759477
0.759274
0.759072
0.758869
0.758666
0.758463
0.75826
0.758057
0.757854
0.757651
0.757447
0.757244
0.757041
0.756838
0.756634
0.756431
0.756227
0.756024
0.75582
0.755616
0.755413
0.755209
0.755005
0.754801
0.754597
0.754394
0.754189
0.753985
0.753781
0.753577
0.753373
0.753169
0.752964
0.75276
0.752556
0.752351
0.752147
0.751942
0.751737
0.751533
0.751328
0.751123
0.750918
0.750713
0.750508
0.750303
0.750098
0.749893
0.749688
0.749483
0.749278
0.749072
0.748867
0.748661
0.748456
0.74825
0.748045
0.747839
0.747633
0.747428
0.747222
0.747016
0.74681
0.746604
0.746398
0.746192
0.745986
0.74578
0.745573
0.745367
0.745161
0.744954
0.744748
0.744541
0.744335
0.744128
0.743921
0.743714
0.743508
0.743301
0.743094
0.742887
0.74268
0.742473
0.742266
0.742058
0.741851
0.741644
0.741436
0.741229
0.741021
0.740814
0.740606
0.740399
0.740191
0.739983
0.739775
0.739567
0.739359
0.739151
0.738943
0.738735
0.738527
0.738319
0.738111
0.737902
0.737694
0.737485
0.737277
0.737068
0.73686
0.736651
0.736442
0.736233
0.736024
0.735815
0.735606
0.735397
0.735188
0.734979
0.73477
0.73456
0.734351
0.734142
0.733932
0.733723
0.733513
0.733303
0.733094
0.732884
0.732674
0.732464
0.732254
0.732044
0.731834
0.731624
0.731414
0.731203
0.730993
0.730783
0.730572
0.730362
0.730151
0.729941
0.72973
0.729519
0.729308
0.729097
0.728887
0.728676
0.728464
0.728253
0.728042
0.727831
0.72762
0.727408
0.727197
0.726985
0.726774
0.726562
0.72635
0.726139
0.725927
0.725715
0.725503
0.725291
0.725079
0.724867
0.724655
0.724442
0.72423
0.724018
0.723805
0.723593
0.72338
0.723167
0.722955
0.722742
0.722529
0.722316
0.722103
0.72189
0.721677
0.721464
0.721251
0.721037
0.720824
0.720611
0.720397
0.720184
0.71997
0.719756
0.719542
0.719329
0.719115
0.718901
0.718687
0.718473
0.718259
0.718044
0.71783
0.717616
0.717401
0.717187
0.716972
0.716758
0.716543
0.716328
0.716113
0.715899
0.715684
0.715469
0.715254
0.715038
0.714823
0.714608
0.714392
0.714177
0.713962
0.713746
0.71353
0.713315
0.713099
0.712883
0.712667
0.712451
0.712235
0.712019
0.711803
0.711587
0.71137
0.711154
0.710938
0.710721
0.710504
0.710288
0.710071
0.709854
0.709637
0.70942
0.709203
0.708986
0.708769
0.708552
0.708335
0.708117
0.7079
0.707682
0.707465
0.707247
0.707029
0.706812
0.706594
0.706376
0.706158
0.70594
0.705722
0.705503
0.705285
0.705067
0.704848
0.70463
0.704411
0.704193
0.703974
0.703755
0.703536
0.703317
0.703098
0.702879
0.70266
0.702441
0.702222
0.702002
0.701783
0.701563
0.701344
0.701124
0.700904
0.700684
0.700465
0.700245
0.700025
0.699805
0.699584
0.699364
0.699144
0.698923
0.698703
0.698482
0.698262
0.698041
0.69782
0.697599
0.697378
0.697158
0.696936
0.696715
0.696494
0.696273
0.696051
0.69583
0.695608
0.695387
0.695165
0.694943
0.694722
0.6945
0.694278
0.694056
0.693834
0.693611
0.693389
0.693167
0.692944
0.692722
0.692499
0.692277
0.692054
0.691831
0.691608
0.691385
0.691162
0.690939
0.690716
0.690492
0.690269
0.690046
0.689822
0.689599
0.689375
0.689151
0.688927
0.688703
0.688479
0.688255
0.688031
0.687807
0.687583
0.687358
0.687134
0.686909
0.686685
0.68646
0.686235
0.68601
0.685785
0.68556
0.685335
0.68511
0.684885
0.68466
0.684434
0.684209
0.683983
0.683758
0.683532
0.683306
0.68308
0.682854
0.682628
0.682402
0.682176
0.68195
0.681723
0.681497
0.68127
0.681044
0.680817
0.68059
0.680363
0.680136
0.679909
0.679682
0.679455
0.679228
0.679
0.678773
0.678545
0.678318
0.67809
0.677862
0.677635
0.677407
0.677179
0.676951
0.676722
0.676494
0.676266
0.676037
0.675809
0.67558
0.675352
0.675123
0.674894
0.674665
0.674436
0.674207
0.673978
0.673749
0.673519
0.67329
0.67306
0.672831
0.672601
0.672371
0.672142
0.671912
0.671682
0.671452
0.671221
0.670991
0.670761
0.67053
0.6703
0.670069
0.669839
0.669608
0.669377
0.669146
0.668915
0.668684
0.668453
0.668221
0.66799
0.667759
0.667527
0.667295
0.667064
0.666832
0.6666
0.666368
0.666136
0.665904
0.665672
0.665439
0.665207
0.664974
0.664742
0.664509
0.664276
0.664044
0.663811
0.663578
0.663345
0.663111
0.662878
0.662645
0.662411
0.662178
0.661944
0.661711
0.661477
0.661243
0.661009
0.660775
0.660541
0.660306
0.660072
0.659838
0.659603
0.659369
0.659134
0.658899
0.658664
0.658429
0.658194
0.657959
0.657724
0.657489
0.657253
0.657018
0.656782
0.656547
0.656311
0.656075
0.655839
0.655603
0.655367
0.655131
0.654894
0.654658
0.654422
0.654185
0.653948
0.653712
0.653475
0.653238
0.653001
0.652764
0.652527
0.652289
0.652052
0.651814
0.651577
0.651339
0.651102
0.650864
0.650626
0.650388
0.65015
0.649912
0.649673
0.649435
0.649196
0.648958
0.648719
0.64848
0.648242
0.648003
0.647764
0.647525
0.647285
0.647046
0.646807
0.646567
0.646328
0.646088
0.645848
0.645608
0.645368
0.645128
0.644888
0.644648
0.644408
0.644167
0.643927
0.643686
0.643446
0.643205
0.642964
0.642723
0.642482
0.642241
0.642
0.641758
0.641517
0.641275
0.641034
0.640792
0.64055
0.640308
0.640066
0.639824
0.639582
0.63934
0.639097
0.638855
0.638612
0.63837
0.638127
0.637884
0.637641
0.637398
0.637155
0.636912
0.636668
0.636425
0.636182
0.635938
0.635694
0.63545
0.635207
0.634963
0.634718
0.634474
0.63423
0.633986
0.633741
0.633497
0.633252
0.633007
0.632762
0.632517
0.632272
0.632027
0.631782
0.631537
0.631291
0.631046
0.6308
0.630555
0.630309
0.630063
0.629817
0.629571
0.629325
0.629078
0.628832
0.628585
0.628339
0.628092
0.627845
0.627598
0.627352
0.627104
0.626857
0.62661
0.626363
0.626115
0.625868
0.62562
0.625372
0.625124
0.624877
0.624628
0.62438
0.624132
0.623884
0.623635
0.623387
0.623138
0.622889
0.622641
0.622392
0.622143
0.621894
0.621644
0.621395
0.621146
0.620896
0.620647
0.620397
0.620147
0.619897
0.619647
0.619397
0.619147
0.618897
0.618646
0.618396
0.618145
0.617894
0.617644
0.617393
0.617142
0.616891
0.616639
0.616388
0.616137
0.615885
0.615634
0.615382
0.61513
0.614878
0.614626
0.614374
0.614122
0.61387
0.613617
0.613365
0.613112
0.61286
0.612607
0.612354
0.612101
0.611848
0.611595
0.611342
0.611088
0.610835
0.610581
0.610327
0.610074
0.60982
0.609566
0.609312
0.609057
0.608803
0.608549
0.608294
0.60804
0.607785
0.60753
0.607275
0.60702
0.606765
0.60651
0.606255
0.605999
0.605744
0.605488
0.605233
0.604977
0.604721
0.604465
0.604209
0.603953
0.603696
0.60344
0.603183
0.602927
0.60267
0.602413
0.602156
0.601899
0.601642
0.601385
0.601128
0.60087
0.600613
0.600355
0.600097
0.599839
0.599581
0.599323
0.599065
0.598807
0.598549
0.59829
0.598032
0.597773
0.597514
0.597255
0.596996
0.596737
0.596478
0.596219
0.59596
0.5957
0.595441
0.595181
0.594921
0.594661
0.594401
0.594141
0.593881
0.593621
0.59336
0.5931
0.592839
0.592578
0.592318
0.592057
0.591796
0.591535
0.591273
0.591012
0.590751
0.590489
0.590228
0.589966
0.589704
0.589442
0.58918
0.588918
0.588656
0.588393
0.588131
0.587868
0.587606
0.587343
0.58708
0.586817
0.586554
0.586291
0.586027
0.585764
0.5855
0.585237
0.584973
0.584709
0.584445
0.584181
0.583917
0.583653
0.583389
0.583124
0.58286
0.582595
0.58233
0.582066
0.581801
0.581536
0.58127
0.581005
0.58074
0.580474
0.580209
0.579943
0.579677
0.579411
0.579145
0.578879
0.578613
0.578347
0.57808
0.577814
0.577547
0.577281
0.577014
0.576747
0.57648
0.576213
0.575945
0.575678
0.575411
0.575143
0.574875
0.574608
0.57434
0.574072
0.573804
0.573535
0.573267
0.572999
0.57273
0.572462
0.572193
0.571924
0.571655
0.571386
0.571117
0.570848
0.570578
0.570309
0.570039
0.56977
0.5695
0.56923
0.56896
0.56869
0.56842
0.56815
0.567879
0.567609
0.567338
0.567067
0.566797
0.566526
0.566255
0.565984
0.565712
0.565441
0.56517
0.564898
0.564626
0.564355
0.564083
0.563811
0.563539
0.563267
0.562994
0.562722
0.562449
0.562177
0.561904
0.561631
0.561358
0.561085
0.560812
0.560539
0.560266
0.559992
0.559719
0.559445
0.559171
0.558897
0.558623
0.558349
0.558075
0.557801
0.557526
0.557252
0.556977
0.556703
0.556428
0.556153
0.555878
0.555603
0.555327
0.555052
0.554777
0.554501
0.554225
0.55395
0.553674
0.553398
0.553122
0.552845
0.552569
0.552293
0.552016
0.55174
0.551463
0.551186
0.550909
0.550632
0.550355
0.550078
0.5498
0.549523
0.549245
0.548968
0.54869
0.548412
0.548134
0.547856
0.547578
0.547299
0.547021
0.546742
0.546464
0.546185
0.545906
0.545627
0.545348
0.545069
0.54479
0.54451
0.544231
0.543951
0.543672
0.543392
0.543112
0.542832
0.542552
0.542272
0.541991
0.541711
0.54143
0.54115
0.540869
0.540588
0.540307
0.540026
0.539745
0.539464
0.539182
0.538901
0.538619
0.538338
0.538056
0.537774
0.537492
0.53721
0.536928
0.536645
0.536363
0.53608
0.535798
0.535515
0.535232
0.534949
0.534666
0.534383
0.5341
0.533816
0.533533
0.533249
0.532965
0.532682
0.532398
0.532114
0.531829
0.531545
0.531261
0.530976
0.530692
0.530407
0.530122
0.529838
0.529553
0.529268
0.528982
0.528697
0.528412
0.528126
0.527841
0.527555
0.527269
0.526983
0.526697
0.526411
0.526125
0.525838
0.525552
0.525265
0.524979
0.524692
0.524405
0.524118
0.523831
0.523544
0.523257
0.522969
0.522682
0.522394
0.522106
0.521819
0.521531
0.521243
0.520954
0.520666
0.520378
0.520089
0.519801
0.519512
0.519223
0.518935
0.518646
0.518357
0.518067
0.517778
0.517489
0.517199
0.51691
0.51662
0.51633
0.51604
0.51575
0.51546
0.51517
0.514879
0.514589
0.514298
0.514008
0.513717
0.513426
0.513135
0.512844
0.512553
0.512262
0.51197
0.511679
0.511387
0.511096
0.510804
0.510512
0.51022
0.509928
0.509635
0.509343
0.509051
0.508758
0.508466
0.508173
0.50788
0.507587
0.507294
0.507001
0.506708
0.506414
0.506121
0.505827
0.505533
0.50524
0.504946
0.504652
0.504358
0.504063
0.503769
0.503475
0.50318
0.502886
0.502591
0.502296
0.502001
0.501706
0.501411
0.501116
0.50082
0.500525
0.500229
0.499934
0.499638
0.499342
0.499046
0.49875
0.498454
0.498158
0.497861
0.497565
0.497268
0.496972
0.496675
0.496378
0.496081
0.495784
0.495487
0.495189
0.494892
0.494594
0.494297
0.493999
0.493701
0.493403
0.493105
0.492807
0.492509
0.492211
0.491912
0.491614
0.491315
0.491016
0.490717
0.490419
0.490119
0.48982
0.489521
0.489222
0.488922
0.488623
0.488323
0.488023
0.487723
0.487423
0.487123
0.486823
0.486523
0.486223
0.485922
0.485622
0.485321
0.48502
0.484719
0.484418
0.484117
0.483816
0.483515
0.483213
0.482912
0.48261
0.482308
0.482007
0.481705
0.481403
0.481101
0.480799
0.480496
0.480194
0.479891
0.479589
0.479286
0.478983
0.47868
0.478377
0.478074
0.477771
0.477468
0.477164
0.476861
0.476557
0.476253
0.47595
0.475646
0.475342
0.475038
0.474733
0.474429
0.474125
0.47382
0.473516
0.473211
0.472906
0.472601
0.472296
0.471991
0.471686
0.471381
0.471075
0.47077
0.470464
0.470158
0.469853
0.469547
0.469241
0.468935
0.468628
0.468322
0.468016
0.467709
0.467403
0.467096
0.466789
0.466482
0.466175
0.465868
0.465561
0.465254
0.464946
0.464639
0.464331
0.464024
0.463716
0.463408
0.4631
0.462792
0.462484
0.462176
0.461867
0.461559
0.46125
0.460942
0.460633
0.460324
0.460015
0.459706
0.459397
0.459088
0.458779
0.458469
0.45816
0.45785
0.45754
0.45723
0.456921
0.456611
0.4563
0.45599
0.45568
0.45537
0.455059
0.454749
0.454438
0.454127
0.453816
0.453505
0.453194
0.452883
0.452572
0.452261
0.451949
0.451638
0.451326
0.451014
0.450702
0.450391
0.450079
0.449766
0.449454
0.449142
0.44883
0.448517
0.448205
0.447892
0.447579
0.447266
0.446953
0.44664
0.446327
0.446014
0.445701
0.445387
0.445074
0.44476
0.444446
0.444133
0.443819
0.443505
0.443191
0.442877
0.442562
0.442248
0.441933
0.441619
0.441304
0.44099
0.440675
0.44036
0.440045
0.43973
0.439415
0.439099
0.438784
0.438469
0.438153
0.437837
0.437522
0.437206
0.43689
0.436574
0.436258
0.435942
0.435625
0.435309
0.434993
0.434676
0.434359
0.434043
0.433726
0.433409
0.433092
0.432775
0.432458
0.43214
0.431823
0.431506
0.431188
0.430871
0.430553
0.430235
0.429917
0.429599
0.429281
0.428963
0.428645
0.428326
0.428008
0.427689
0.427371
0.427052
0.426733
0.426414
0.426096
0.425776
0.425457
0.425138
0.424819
0.424499
0.42418
0.42386
0.423541
0.423221
0.422901
0.422581
0.422261
0.421941
0.421621
0.421301
0.42098
0.42066
0.42034
0.420019
0.419698
0.419377
0.419057
0.418736
0.418415
0.418094
0.417772
0.417451
0.41713
0.416808
0.416487
0.416165
0.415843
0.415522
0.4152
0.414878
0.414556
0.414234
0.413911
0.413589
0.413267
0.412944
0.412622
0.412299
0.411976
0.411654
0.411331
0.411008
0.410685
0.410362
0.410038
0.409715
0.409392
0.409068
0.408745
0.408421
0.408097
0.407774
0.40745
0.407126
0.406802
0.406478
0.406154
0.405829
0.405505
0.40518
0.404856
0.404531
0.404207
0.403882
0.403557
0.403232
0.402907
0.402582
0.402257
0.401932
0.401607
0.401281
0.400956
0.40063
0.400305
0.399979
0.399653
0.399327
0.399001
0.398675
0.398349
0.398023
0.397697
0.397371
0.397044
0.396718
0.396391
0.396065
0.395738
0.395411
0.395084
0.394757
0.39443
0.394103
0.393776
0.393449
0.393122
0.392794
0.392467
0.392139
0.391812
0.391484
0.391156
0.390828
0.390501
0.390173
0.389845
0.389516
0.389188
0.38886
0.388532
0.388203
0.387875
0.387546
0.387218
0.386889
0.38656
0.386231
0.385902
0.385573
0.385244
0.384915
0.384586
0.384257
0.383927
0.383598
0.383269
0.382939
0.382609
0.38228
0.38195
0.38162
0.38129
0.38096
0.38063
0.3803
0.37997
0.37964
0.379309
0.378979
0.378648
0.378318
0.377987
0.377657
0.377326
0.376995
0.376664
0.376333
0.376002
0.375671
0.37534
0.375009
0.374678
0.374346
0.374015
0.373684
0.373352
0.37302
0.372689
0.372357
0.372025
0.371693
0.371362
0.37103
0.370698
0.370365
0.370033
0.369701
0.369369
0.369036
0.368704
0.368372
0.368039
0.367706
0.367374
0.367041
0.366708
0.366375
0.366042
0.365709
0.365376
0.365043
0.36471
0.364377
0.364044
0.36371
0.363377
0.363043
0.36271
0.362376
0.362043
0.361709
0.361375
0.361041
0.360708
0.360374
0.36004
0.359706
0.359371
0.359037
0.358703
0.358369
0.358034
0.3577
0.357366
0.357031
0.356697
0.356362
0.356027
0.355693
0.355358
0.355023
0.354688
0.354353
0.354018
0.353683
0.353348
0.353013
0.352678
0.352342
0.352007
0.351672
0.351336
0.351001
0.350665
0.35033
0.349994
0.349658
0.349323
0.348987
0.348651
0.348315
0.347979
0.347643
0.347307
0.346971
0.346635
0.346299
0.345962
0.345626
0.34529
0.344953
0.344617
0.344281
0.343944
0.343607
0.343271
0.342934
0.342597
0.342261
0.341924
0.341587
0.34125
0.340913
0.340576
0.340239
0.339902
0.339565
0.339228
0.33889
0.338553
0.338216
0.337879
0.337541
0.337204
0.336866
0.336529
0.336191
0.335854
0.335516
0.335178
0.334841
0.334503
0.334165
0.333827
0.333489
0.333151
0.332813
0.332475
0.332137
0.331799
0.331461
0.331123
0.330785
0.330446
0.330108
0.32977
0.329431
0.329093
0.328755
0.328416
0.328078
0.327739
0.327401
0.327062
0.326723
0.326385
0.326046
0.325707
0.325368
0.32503
0.324691
0.324352
0.324013
0.323674
0.323335
0.322996
0.322657
0.322318
0.321979
0.321639
0.3213
0.320961
0.320622
0.320283
0.319943
0.319604
0.319265
0.318925
0.318586
0.318246
0.317907
0.317567
0.317228
0.316888
0.316549
0.316209
0.315869
0.31553
0.31519
0.31485
0.314511
0.314171
0.313831
0.313491
0.313151
0.312812
0.312472
0.312132
0.311792
0.311452
0.311112
0.310772
0.310432
0.310092
0.309752
0.309412
0.309072
0.308731
0.308391
0.308051
0.307711
0.307371
0.30703
0.30669
0.30635
0.30601
0.305669
0.305329
0.304989
0.304648
0.304308
0.303968
0.303627
0.303287
0.302946
0.302606
0.302265
0.301925
0.301584
0.301244
0.300903
0.300563
0.300222
0.299882
0.299541
0.299201
0.29886
0.298519
0.298179
0.297838
0.297498
0.297157
0.296816
0.296476
0.296135
0.295794
0.295454
0.295113
0.294772
0.294431
0.294091
0.29375
0.293409
0.293069
0.292728
0.292387
0.292046
0.291706
0.291365
0.291024
0.290683
0.290342
0.290002
0.289661
0.28932
0.288979
0.288638
0.288298
0.287957
0.287616
0.287275
0.286935
0.286594
0.286253
0.285912
0.285571
0.285231
0.28489
0.284549
0.284208
0.283867
0.283527
0.283186
0.282845
0.282504
0.282164
0.281823
0.281482
0.281141
0.280801
0.28046
0.280119
0.279779
0.279438
0.279097
0.278756
0.278416
0.278075
0.277734
0.277394
0.277053
0.276713
0.276372
0.276031
0.275691
0.27535
0.27501
0.274669
0.274328
0.273988
0.273647
0.273307
0.272966
0.272626
0.272286
0.271945
0.271605
0.271264
0.270924
0.270584
0.270243
0.269903
0.269563
0.269222
0.268882
0.268542
0.268202
0.267861
0.267521
0.267181
0.266841
0.266501
0.266161
0.265821
0.26548
0.26514
0.2648
0.26446
0.264121
0.263781
0.263441
0.263101
0.262761
0.262421
0.262081
0.261742
0.261402
0.261062
0.260722
0.260383
0.260043
0.259704
0.259364
0.259024
0.258685
0.258346
0.258006
0.257667
0.257327
0.256988
0.256649
0.256309
0.25597
0.255631
0.255292
0.254953
0.254614
0.254275
0.253936
0.253597
0.253258
0.252919
0.25258
0.252241
0.251902
0.251564
0.251225
0.250886
0.250548
0.250209
0.249871
0.249532
0.249194
0.248855
0.248517
0.248179
0.24784
0.247502
0.247164
0.246826
0.246488
0.24615
0.245812
0.245474
0.245136
0.244798
0.244461
0.244123
0.243785
0.243447
0.24311
0.242772
0.242435
0.242098
0.24176
0.241423
0.241086
0.240748
0.240411
0.240074
0.239737
0.2394
0.239063
0.238726
0.23839
0.238053
0.237716
0.23738
0.237043
0.236707
0.23637
0.236034
0.235697
0.235361
0.235025
0.234689
0.234353
0.234017
0.233681
0.233345
0.233009
0.232674
0.232338
0.232002
0.231667
0.231331
0.230996
0.230661
0.230325
0.22999
0.229655
0.22932
0.228985
0.22865
0.228315
0.227981
0.227646
0.227311
0.226977
0.226642
0.226308
0.225974
0.225639
0.225305
0.224971
0.224637
0.224303
0.22397
0.223636
0.223302
0.222969
0.222635
0.222302
0.221968
0.221635
0.221302
0.220969
0.220636
0.220303
0.21997
0.219637
0.219305
0.218972
0.218639
0.218307
0.217975
0.217643
0.21731
0.216978
0.216646
0.216315
0.215983
0.215651
0.21532
0.214988
0.214657
0.214325
0.213994
0.213663
0.213332
0.213001
0.21267
0.21234
0.212009
0.211678
0.211348
0.211018
0.210687
0.210357
0.210027
0.209697
0.209368
0.209038
0.208708
0.208379
0.208049
0.20772
0.207391
0.207062
0.206733
0.206404
0.206075
0.205746
0.205418
0.205089
0.204761
0.204433
0.204105
0.203777
0.203449
0.203121
0.202794
0.202466
0.202139
0.201811
0.201484
0.201157
0.20083
0.200503
0.200176
0.19985
0.199523
0.199197
0.198871
0.198545
0.198219
0.197893
0.197567
0.197241
0.196916
0.19659
0.196265
0.19594
0.195615
0.19529
0.194965
0.194641
0.194316
0.193992
0.193668
0.193344
0.19302
0.192696
0.192372
0.192048
0.191725
0.191402
0.191078
0.190755
0.190433
0.19011
0.189787
0.189465
0.189142
0.18882
0.188498
0.188176
0.187854
0.187532
0.187211
0.18689
0.186568
0.186247
0.185926
0.185605
0.185285
0.184964
0.184644
0.184324
0.184004
0.183684
0.183364
0.183044
0.182725
0.182405
0.182086
0.181767
0.181448
0.18113
0.180811
0.180493
0.180174
0.179856
0.179538
0.179221
0.178903
0.178585
0.178268
0.177951
0.177634
0.177317
0.177
0.176684
0.176368
0.176051
0.175735
0.17542
0.175104
0.174788
0.174473
0.174158
0.173843
0.173528
0.173213
0.172899
0.172584
0.17227
0.171956
0.171642
0.171328
0.171015
0.170702
0.170388
0.170076
0.169763
0.16945
0.169138
0.168825
0.168513
0.168201
0.16789
0.167578
0.167267
0.166955
0.166644
0.166334
0.166023
0.165712
0.165402
0.165092
0.164782
0.164472
0.164163
0.163853
0.163544
0.163235
0.162927
0.162618
0.16231
0.162001
0.161693
0.161385
0.161078
0.16077
0.160463
0.160156
0.159849
0.159542
0.159236
0.15893
0.158624
0.158318
0.158012
0.157707
0.157401
0.157096
0.156791
0.156487
0.156182
0.155878
0.155574
0.15527
0.154966
0.154663
0.15436
0.154057
0.153754
0.153451
0.153149
0.152847
0.152545
0.152243
0.151941
0.15164
0.151339
0.151038
0.150737
0.150437
0.150137
0.149837
0.149537
0.149237
0.148938
0.148638
0.14834
0.148041
0.147742
0.147444
0.147146
0.146848
0.14655
0.146253
0.145956
0.145659
0.145362
0.145066
0.144769
0.144473
0.144178
0.143882
0.143587
0.143292
0.142997
0.142702
0.142408
0.142113
0.141819
0.141526
0.141232
0.140939
0.140646
0.140353
0.140061
0.139768
0.139476
0.139185
0.138893
0.138602
0.138311
0.13802
0.137729
0.137439
0.137149
0.136859
0.136569
0.13628
0.135991
0.135702
0.135413
0.135125
0.134837
0.134549
0.134261
0.133974
0.133687
0.1334
0.133113
0.132827
0.132541
0.132255
0.131969
0.131684
0.131399
0.131114
0.130829
0.130545
0.130261
0.129977
0.129694
0.12941
0.129127
0.128845
0.128562
0.12828
0.127998
0.127716
0.127435
0.127154
0.126873
0.126592
0.126312
0.126032
0.125752
0.125472
0.125193
0.124914
0.124636
0.124357
0.124079
0.123801
0.123523
0.123246
0.122969
0.122692
0.122416
0.122139
0.121863
0.121588
0.121312
0.121037
0.120762
0.120488
0.120214
0.11994
0.119666
0.119393
0.119119
0.118847
0.118574
0.118302
0.11803
0.117758
0.117487
0.117215
0.116945
0.116674
0.116404
0.116134
0.115864
0.115595
0.115326
0.115057
0.114789
0.11452
0.114252
0.113985
0.113718
0.11345
0.113184
0.112917
0.112651
0.112385
0.11212
0.111855
0.11159
0.111325
0.111061
0.110797
0.110533
0.11027
0.110007
0.109744
0.109481
0.109219
0.108957
0.108696
0.108435
0.108174
0.107913
0.107653
0.107393
0.107133
0.106874
0.106615
0.106356
0.106097
0.105839
0.105581
0.105324
0.105067
0.10481
0.104553
0.104297
0.104041
0.103786
0.10353
0.103275
0.103021
0.102766
0.102512
0.102259
0.102005
0.101752
0.1015
0.101247
0.100995
0.100744
0.100492
0.100241
0.0999903
0.0997399
0.0994898
0.0992401
0.0989906
0.0987415
0.0984927
0.0982443
0.0979961
0.0977484
0.0975009
0.0972538
0.097007
0.0967605
0.0965144
0.0962686
0.0960231
0.095778
0.0955332
0.0952888
0.0950446
0.0948009
0.0945574
0.0943143
0.0940716
0.0938291
0.093587
0.0933453
0.0931039
0.0928628
0.0926221
0.0923817
0.0921417
0.091902
0.0916626
0.0914236
0.0911849
0.0909466
0.0907086
0.090471
0.0902337
0.0899968
0.0897602
0.0895239
0.089288
0.0890525
0.0888173
0.0885824
0.0883479
0.0881137
0.0878799
0.0876465
0.0874134
0.0871806
0.0869482
0.0867162
0.0864845
0.0862531
0.0860221
0.0857915
0.0855612
0.0853313
0.0851017
0.0848725
0.0846436
0.0844151
0.0841869
0.0839591
0.0837317
0.0835046
0.0832779
0.0830515
0.0828255
0.0825999
0.0823746
0.0821497
0.0819251
0.0817009
0.081477
0.0812535
0.0810304
0.0808077
0.0805853
0.0803632
0.0801415
0.0799202
0.0796993
0.0794787
0.0792585
0.0790386
0.0788191
0.0786
0.0783812
0.0781628
0.0779448
0.0777271
0.0775098
0.0772929
0.0770764
0.0768602
0.0766443
0.0764289
0.0762138
0.0759991
0.0757847
0.0755707
0.0753571
0.0751439
0.074931
0.0747185
0.0745064
0.0742946
0.0740832
0.0738722
0.0736615
0.0734513
0.0732414
0.0730318
0.0728227
0.0726139
0.0724055
0.0721974
0.0719898
0.0717825
0.0715756
0.071369
0.0711629
0.0709571
0.0707516
0.0705466
0.0703419
0.0701376
0.0699337
0.0697302
0.069527
0.0693242
0.0691218
0.0689198
0.0687181
0.0685169
0.0683159
0.0681154
0.0679153
0.0677155
0.0675161
0.0673171
0.0671185
0.0669202
0.0667223
0.0665248
0.0663277
0.066131
0.0659346
0.0657386
0.065543
0.0653478
0.0651529
0.0649585
0.0647644
0.0645707
0.0643774
0.0641844
0.0639919
0.0637997
0.0636079
0.0634165
0.0632254
0.0630348
0.0628445
0.0626546
0.0624651
0.0622759
0.0620872
0.0618988
0.0617108
0.0615232
0.061336
0.0611491
0.0609627
0.0607766
0.0605909
0.0604056
0.0602206
0.0600361
0.0598519
0.0596681
0.0594847
0.0593017
0.059119
0.0589368
0.0587549
0.0585734
0.0583923
0.0582115
0.0580312
0.0578512
0.0576716
0.0574924
0.0573136
0.0571352
0.0569571
0.0567795
0.0566022
0.0564252
0.0562487
0.0560726
0.0558968
0.0557214
0.0555464
0.0553718
0.0551976
0.0550237
0.0548503
0.0546772
0.0545045
0.0543321
0.0541602
0.0539886
0.0538175
0.0536467
0.0534762
0.0533062
0.0531365
0.0529673
0.0527984
0.0526299
0.0524617
0.052294
0.0521266
0.0519596
0.051793
0.0516268
0.0514609
0.0512955
0.0511304
0.0509657
0.0508013
0.0506374
0.0504738
0.0503106
0.0501478
0.0499854
0.0498233
0.0496617
0.0495004
0.0493394
0.0491789
0.0490187
0.048859
0.0486996
0.0485405
0.0483819
0.0482236
0.0480657
0.0479082
0.047751
0.0475943
0.0474379
0.0472819
0.0471262
0.046971
0.0468161
0.0466616
0.0465074
0.0463537
0.0462003
0.0460473
0.0458946
0.0457424
0.0455905
0.045439
0.0452878
0.0451371
0.0449867
0.0448366
0.044687
0.0445377
0.0443888
0.0442403
0.0440921
0.0439443
0.0437969
0.0436498
0.0435031
0.0433568
0.0432109
0.0430653
0.0429201
0.0427753
0.0426308
0.0424867
0.042343
0.0421996
0.0420566
0.041914
0.0417717
0.0416298
0.0414883
0.0413471
0.0412063
0.0410659
0.0409258
0.0407861
0.0406468
0.0405078
0.0403692
0.040231
0.0400931
0.0399555
0.0398184
0.0396816
0.0395452
0.0394091
0.0392734
0.039138
0.039003
0.0388684
0.0387341
0.0386002
0.0384666
0.0383334
0.0382006
0.0380681
0.037936
0.0378042
0.0376728
0.0375417
0.037411
0.0372807
0.0371507
0.037021
0.0368917
0.0367628
0.0366342
0.036506
0.0363781
0.0362506
0.0361234
0.0359966
0.0358701
0.035744
0.0356183
0.0354928
0.0353678
0.035243
0.0351187
0.0349946
0.034871
0.0347476
0.0346246
0.034502
0.0343797
0.0342578
0.0341361
0.0340149
0.033894
0.0337734
0.0336532
0.0335333
0.0334137
0.0332945
0.0331756
0.0330571
0.0329389
0.0328211
0.0327036
0.0325864
0.0324696
0.0323531
0.0322369
0.0321211
0.0320056
0.0318905
0.0317757
0.0316612
0.031547
0.0314332
0.0313197
0.0312066
0.0310938
0.0309813
0.0308691
0.0307573
0.0306458
0.0305347
0.0304238
0.0303133
0.0302031
0.0300933
0.0299838
0.0298746
0.0297657
0.0296572
0.0295489
0.029441
0.0293335
0.0292262
0.0291193
0.0290127
0.0289064
0.0288004
0.0286948
0.0285895
0.0284845
0.0283798
0.0282754
0.0281714
0.0280676
0.0279642
0.0278611
0.0277584
0.0276559
0.0275537
0.0274519
0.0273504
0.0272492
0.0271482
0.0270477
0.0269474
0.0268474
0.0267478
0.0266484
0.0265494
0.0264506
0.0263522
0.0262541
0.0261563
0.0260588
0.0259616
0.0258647
0.0257681
0.0256718
0.0255758
0.0254801
0.0253847
0.0252897
0.0251949
0.0251004
0.0250062
0.0249123
0.0248188
0.0247255
0.0246325
0.0245398
0.0244474
0.0243553
0.0242635
0.024172
0.0240808
0.0239898
0.0238992
0.0238089
0.0237188
0.023629
0.0235396
0.0234504
0.0233615
0.0232729
0.0231846
0.0230965
0.0230088
0.0229213
0.0228342
0.0227473
0.0226607
0.0225743
0.0224883
0.0224026
0.0223171
0.0222319
0.022147
0.0220623
0.021978
0.0218939
0.0218101
0.0217266
0.0216433
0.0215603
0.0214776
0.0213952
0.0213131
0.0212312
0.0211496
0.0210682
0.0209872
0.0209064
0.0208259
0.0207456
0.0206656
0.0205859
0.0205065
0.0204273
0.0203484
0.0202698
0.0201914
0.0201133
0.0200354
0.0199578
0.0198805
0.0198034
0.0197266
0.0196501
0.0195738
0.0194978
0.019422
0.0193465
0.0192712
0.0191963
0.0191215
0.019047
0.0189728
0.0188988
0.0188251
0.0187517
0.0186785
0.0186055
0.0185328
0.0184603
0.0183881
0.0183162
0.0182445
0.018173
0.0181018
0.0180308
0.0179601
0.0178896
0.0178194
0.0177494
0.0176797
0.0176102
0.0175409
0.0174719
0.0174031
0.0173346
0.0172663
0.0171983
0.0171304
0.0170629
0.0169955
0.0169284
0.0168616
0.0167949
0.0167285
0.0166624
0.0165965
0.0165308
0.0164653
0.0164001
0.0163351
0.0162703
0.0162058
0.0161415
0.0160774
0.0160135
0.0159499
0.0158865
0.0158234
0.0157604
0.0156977
0.0156352
0.0155729
0.0155109
0.015449
0.0153874
0.0153261
0.0152649
0.015204
0.0151432
0.0150827
0.0150224
0.0149624
0.0149025
0.0148429
0.0147835
0.0147243
0.0146653
0.0146065
0.0145479
0.0144896
0.0144315
0.0143735
0.0143158
0.0142583
0.014201
0.0141439
0.0140871
0.0140304
0.0139739
0.0139177
0.0138616
0.0138058
0.0137501
0.0136947
0.0136395
0.0135844
0.0135296
0.013475
0.0134206
0.0133663
0.0133123
0.0132585
0.0132049
0.0131515
0.0130982
0.0130452
0.0129924
0.0129397
0.0128873
0.012835
0.012783
0.0127311
0.0126794
0.012628
0.0125767
0.0125256
0.0124747
0.012424
0.0123734
0.0123231
0.012273
0.012223
0.0121732
0.0121237
0.0120743
0.012025
0.011976
0.0119272
0.0118785
0.01183
0.0117817
0.0117336
0.0116857
0.0116379
0.0115904
0.011543
0.0114958
0.0114487
0.0114019
0.0113552
0.0113087
0.0112624
0.0112162
0.0111702
0.0111244
0.0110788
0.0110334
0.0109881
0.010943
0.010898
0.0108533
0.0108087
0.0107643
0.01072
0.0106759
0.010632
0.0105883
0.0105447
0.0105013
0.010458
0.0104149
0.010372
0.0103293
0.0102867
0.0102443
0.010202
0.0101599
0.010118
0.0100762
0.0100346
0.00999313
0.00995184
0.0099107
0.00986973
0.00982891
0.00978825
0.00974775
0.00970741
0.00966722
0.00962719
0.00958731
0.00954759
0.00950802
0.0094686
0.00942934
0.00939023
0.00935128
0.00931247
0.00927382
0.00923531
0.00919696
0.00915876
0.0091207
0.00908279
0.00904504
0.00900743
0.00896996
0.00893264
0.00889547
0.00885845
0.00882157
0.00878483
0.00874824
0.00871179
0.00867548
0.00863932
0.0086033
0.00856742
0.00853168
0.00849608
0.00846063
0.00842531
0.00839013
0.00835509
0.00832019
0.00828542
0.0082508
0.00821631
0.00818195
0.00814773
0.00811365
0.0080797
0.00804589
0.00801221
0.00797866
0.00794525
0.00791197
0.00787882
0.0078458
0.00781292
0.00778016
0.00774753
0.00771504
0.00768267
0.00765043
0.00761833
0.00758634
0.00755449
0.00752276
0.00749116
0.00745969
0.00742834
0.00739712
0.00736602
0.00733504
0.00730419
0.00727346
0.00724286
0.00721238
0.00718202
0.00715178
0.00712166
0.00709167
0.00706179
0.00703203
0.0070024
0.00697288
0.00694348
0.0069142
0.00688504
0.00685599
0.00682706
0.00679825
0.00676955
0.00674097
0.00671251
0.00668416
0.00665592
0.0066278
0.00659979
0.00657189
0.00654411
0.00651644
0.00648888
0.00646143
0.0064341
0.00640687
0.00637975
0.00635275
0.00632585
0.00629906
0.00627239
0.00624582
0.00621935
0.006193
0.00616675
0.00614061
0.00611457
0.00608864
0.00606282
0.0060371
0.00601148
0.00598597
0.00596057
0.00593526
0.00591006
0.00588497
0.00585997
0.00583508
0.00581029
0.0057856
0.00576101
0.00573652
0.00571213
0.00568784
0.00566365
0.00563956
0.00561557
0.00559167
0.00556788
0.00554418
0.00552058
0.00549707
0.00547366
0.00545035
0.00542713
0.00540401
0.00538098
0.00535805
0.00533521
0.00531247
0.00528982
0.00526726
0.0052448
0.00522242
0.00520014
0.00517795
0.00515585
0.00513385
0.00511193
0.00509011
0.00506837
0.00504672
0.00502517
0.0050037
0.00498232
0.00496103
0.00493983
0.00491871
0.00489768
0.00487674
0.00485589
0.00483512
0.00481443
0.00479384
0.00477333
0.0047529
0.00473256
0.0047123
0.00469212
0.00467203
0.00465203
0.0046321
0.00461226
0.0045925
0.00457282
0.00455323
0.00453371
0.00451428
0.00449493
0.00447565
0.00445646
0.00443735
0.00441832
0.00439936
0.00438049
0.00436169
0.00434297
0.00432433
0.00430577
0.00428729
0.00426888
0.00425055
0.00423229
0.00421411
0.00419601
0.00417798
0.00416003
0.00414215
0.00412435
0.00410662
0.00408897
0.00407139
0.00405388
0.00403645
0.00401909
0.0040018
0.00398458
0.00396744
0.00395037
0.00393337
0.00391644
0.00389958
0.00388279
0.00386607
0.00384943
0.00383285
0.00381634
0.0037999
0.00378353
0.00376723
0.003751
0.00373483
0.00371874
0.00370271
0.00368675
0.00367085
0.00365502
0.00363926
0.00362357
0.00360794
0.00359237
0.00357688
0.00356144
0.00354608
0.00353077
0.00351553
0.00350036
0.00348525
0.0034702
0.00345522
0.0034403
0.00342544
0.00341065
0.00339591
0.00338124
0.00336663
0.00335209
0.0033376
0.00332318
0.00330882
0.00329451
0.00328027
0.00326609
0.00325197
0.0032379
0.0032239
0.00320996
0.00319607
0.00318225
0.00316848
0.00315477
0.00314112
0.00312753
0.00311399
0.00310051
0.00308709
0.00307373
0.00306042
0.00304717
0.00303397
0.00302083
0.00300775
0.00299472
0.00298175
0.00296883
0.00295597
0.00294316
0.0029304
0.0029177
0.00290506
0.00289246
0.00287993
0.00286744
0.00285501
0.00284263
0.0028303
0.00281803
0.0028058
0.00279363
0.00278151
0.00276945
0.00275743
0.00274547
0.00273355
0.00272169
0.00270988
0.00269812
0.0026864
0.00267474
0.00266313
0.00265157
0.00264005
0.00262859
0.00261717
0.0026058
0.00259449
0.00258321
0.00257199
0.00256082
0.00254969
0.00253861
0.00252758
0.0025166
0.00250566
0.00249477
0.00248392
0.00247312
0.00246237
0.00245166
0.002441
0.00243039
0.00241982
0.0024093
0.00239882
0.00238838
0.00237799
0.00236765
0.00235734
0.00234709
0.00233687
0.0023267
0.00231658
0.0023065
0.00229646
0.00228646
0.00227651
0.0022666
0.00225673
0.0022469
0.00223712
0.00222737
0.00221767
0.00220802
0.0021984
0.00218882
0.00217929
0.00216979
0.00216034
0.00215093
0.00214155
0.00213222
0.00212293
0.00211368
0.00210447
0.00209529
0.00208616
0.00207706
0.00206801
0.00205899
0.00205001
0.00204108
0.00203218
0.00202331
0.00201449
0.0020057
0.00199695
0.00198824
0.00197957
0.00197093
0.00196233
0.00195377
0.00194525
0.00193676
0.00192831
0.00191989
0.00191151
0.00190317
0.00189486
0.00188659
0.00187835
0.00187015
0.00186199
0.00185386
0.00184576
0.0018377
0.00182968
0.00182169
0.00181373
0.00180581
0.00179792
0.00179007
0.00178225
0.00177446
0.00176671
0.00175899
0.00175131
0.00174365
0.00173603
0.00172845
0.00172089
0.00171337
0.00170588
0.00169843
0.001691
0.00168361
0.00167625
0.00166892
0.00166163
0.00165436
0.00164713
0.00163992
0.00163275
0.00162561
0.0016185
0.00161142
0.00160438
0.00159736
0.00159037
0.00158341
0.00157649
0.00156959
0.00156272
0.00155588
0.00154908
0.0015423
0.00153555
0.00152883
0.00152214
0.00151548
0.00150884
0.00150224
0.00149566
0.00148911
0.0014826
0.00147611
0.00146964
0.00146321
0.0014568
0.00145042
0.00144407
0.00143775
0.00143145
0.00142518
0.00141894
0.00141273
0.00140654
0.00140038
0.00139424
0.00138813
0.00138205
0.001376
0.00136997
0.00136397
0.00135799
0.00135204
0.00134612
0.00134022
0.00133434
0.0013285
0.00132267
0.00131688
0.00131111
0.00130536
0.00129964
0.00129394
0.00128827
0.00128262
0.001277
0.0012714
0.00126582
0.00126027
0.00125475
0.00124924
0.00124377
0.00123831
0.00123288
0.00122747
0.00122209
0.00121673
0.00121139
0.00120608
0.00120079
0.00119552
0.00119028
0.00118506
0.00117986
0.00117468
0.00116953
0.0011644
0.00115929
0.0011542
0.00114913
0.00114409
0.00113907
0.00113407
0.00112909
0.00112414
0.00111921
0.00111429
0.0011094
0.00110453
0.00109968
0.00109486
0.00109005
0.00108526
0.0010805
0.00107576
0.00107103
0.00106633
0.00106165
0.00105699
0.00105234
0.00104772
0.00104312
0.00103854
0.00103398
0.00102944
0.00102492
0.00102042
0.00101593
0.00101147
0.00100703
0.0010026
0.000998201
0.000993815
0.000989449
0.000985102
0.000980774
0.000976465
0.000972175
0.000967903
0.00096365
0.000959416
0.0009552
0.000951002
0.000946823
0.000942662
0.000938519
0.000934395
0.000930288
0.000926199
0.000922128
0.000918075
0.00091404
0.000910022
0.000906021
0.000902039
0.000898073
0.000894125
0.000890194
0.00088628
0.000882384
0.000878504
0.000874641
0.000870796
0.000866967
0.000863154
0.000859359
0.00085558
0.000851817
0.000848071
0.000844342
0.000840628
0.000836931
0.00083325
0.000829585
0.000825936
0.000822304
0.000818687
0.000815085
0.0008115
0.00080793
0.000804376
0.000800837
0.000797314
0.000793806
0.000790314
0.000786837
0.000783375
0.000779928
0.000776497
0.00077308
0.000769678
0.000766291
0.000762919
0.000759562
0.000756219
0.000752891
0.000749578
0.000746279
0.000742995
0.000739725
0.000736469
0.000733227
0.00073
0.000726787
0.000723588
0.000720403
0.000717232
0.000714074
0.000710931
0.000707801
0.000704685
0.000701583
0.000698494
0.000695419
0.000692357
0.000689309
0.000686274
0.000683252
0.000680244
0.000677249
0.000674266
0.000671297
0.000668341
0.000665398
0.000662468
0.000659551
0.000656646
0.000653754
0.000650875
0.000648008
0.000645154
0.000642313
0.000639484
0.000636667
0.000633863
0.000631071
0.000628291
0.000625524
0.000622768
0.000620025
0.000617293
0.000614574
0.000611867
0.000609171
0.000606487
0.000603815
0.000601155
0.000598507
0.00059587
0.000593244
0.00059063
0.000588028
0.000585437
0.000582857
0.000580289
0.000577732
0.000575186
0.000572652
0.000570128
0.000567616
0.000565114
0.000562624
0.000560144
0.000557676
0.000555218
0.000552771
0.000550334
0.000547909
0.000545494
0.00054309
0.000540696
0.000538313
0.00053594
0.000533577
0.000531225
0.000528884
0.000526552
0.000524231
0.00052192
0.000519619
0.000517328
0.000515048
0.000512777
0.000510516
0.000508266
0.000506025
0.000503794
0.000501572
0.000499361
0.000497159
0.000494967
0.000492785
0.000490612
0.000488448
0.000486295
0.00048415
0.000482015
0.00047989
0.000477774
0.000475667
0.000473569
0.00047148
0.000469401
0.000467331
0.00046527
0.000463218
0.000461175
0.000459141
0.000457116
0.0004551
0.000453093
0.000451094
0.000449104
0.000447124
0.000445151
0.000443188
0.000441233
0.000439287
0.000437349
0.000435419
0.000433499
0.000431586
0.000429682
0.000427787
0.0004259
0.000424021
0.00042215
0.000420288
0.000418433
0.000416587
0.000414749
0.00041292
0.000411098
0.000409284
0.000407478
0.00040568
0.00040389
0.000402108
0.000400334
0.000398567
0.000396809
0.000395058
0.000393314
0.000391579
0.000389851
0.00038813
0.000386418
0.000384712
0.000383015
0.000381324
0.000379642
0.000377966
0.000376298
0.000374637
0.000372984
0.000371338
0.000369699
0.000368067
0.000366443
0.000364825
0.000363215
0.000361612
0.000360016
0.000358427
0.000356845
0.00035527
0.000353701
0.00035214
0.000350586
0.000349038
0.000347497
0.000345963
0.000344436
0.000342916
0.000341402
0.000339895
0.000338394
0.0003369
0.000335413
0.000333932
0.000332458
0.00033099
0.000329529
0.000328074
0.000326626
0.000325184
0.000323748
0.000322319
0.000320895
0.000319479
0.000318068
0.000316664
0.000315265
0.000313873
0.000312488
0.000311108
0.000309734
0.000308366
0.000307005
0.000305649
0.000304299
0.000302956
0.000301618
0.000300286
0.00029896
0.00029764
0.000296325
0.000295017
0.000293714
0.000292417
0.000291125
0.00028984
0.00028856
0.000287285
0.000286016
0.000284753
0.000283496
0.000282243
0.000280997
0.000279756
0.00027852
0.00027729
0.000276065
0.000274846
0.000273632
0.000272423
0.00027122
0.000270022
0.000268829
0.000267642
0.00026646
0.000265283
0.000264111
0.000262944
0.000261783
0.000260626
0.000259475
0.000258329
0.000257188
0.000256052
0.00025492
0.000253794
0.000252673
0.000251557
0.000250446
0.000249339
0.000248238
0.000247141
0.000246049
0.000244962
0.00024388
0.000242802
0.00024173
0.000240662
0.000239598
0.00023854
0.000237486
0.000236437
0.000235392
0.000234352
0.000233317
0.000232286
0.000231259
0.000230238
0.00022922
0.000228207
0.000227199
0.000226195
0.000225196
0.000224201
0.00022321
0.000222224
0.000221242
0.000220264
0.000219291
0.000218322
0.000217357
0.000216396
0.00021544
0.000214488
0.00021354
0.000212597
0.000211657
0.000210722
0.00020979
0.000208863
0.00020794
0.000207021
0.000206106
0.000205196
0.000204289
0.000203386
0.000202487
0.000201592
0.000200701
0.000199814
0.000198931
0.000198052
0.000197176
0.000196305
0.000195437
0.000194574
0.000193714
0.000192857
0.000192005
0.000191156
0.000190311
0.00018947
0.000188633
0.000187799
0.000186969
0.000186142
0.00018532
0.000184501
0.000183685
0.000182873
0.000182065
0.00018126
0.000180459
0.000179661
0.000178867
0.000178076
0.000177289
0.000176505
0.000175725
0.000174948
0.000174175
0.000173405
0.000172638
0.000171875
0.000171115
0.000170359
0.000169606
0.000168856
0.000168109
0.000167366
0.000166626
0.00016589
0.000165156
0.000164426
0.000163699
0.000162975
0.000162255
0.000161538
0.000160823
0.000160112
0.000159404
0.0001587
0.000157998
0.000157299
0.000156604
0.000155912
0.000155222
0.000154536
0.000153853
0.000153172
0.000152495
0.000151821
0.00015115
0.000150481
0.000149816
0.000149153
0.000148494
0.000147837
0.000147184
0.000146533
0.000145885
0.00014524
0.000144598
0.000143958
0.000143322
0.000142688
0.000142057
0.000141429
0.000140803
0.000140181
0.000139561
0.000138944
0.000138329
0.000137718
0.000137109
0.000136502
0.000135899
0.000135298
0.000134699
0.000134104
0.000133511
0.00013292
0.000132332
0.000131747
0.000131165
0.000130585
0.000130007
0.000129432
0.00012886
0.00012829
0.000127722
0.000127158
0.000126595
0.000126035
0.000125478
0.000124923
0.00012437
0.00012382
0.000123273
0.000122728
0.000122185
0.000121644
0.000121106
0.000120571
0.000120037
0.000119507
0.000118978
0.000118452
0.000117928
0.000117406
0.000116887
0.00011637
0.000115855
0.000115343
0.000114833
0.000114325
0.000113819
0.000113316
0.000112814
0.000112315
0.000111819
0.000111324
0.000110832
0.000110341
0.000109853
0.000109367
0.000108884
0.000108402
0.000107922
0.000107445
0.00010697
0.000106497
0.000106026
0.000105557
0.00010509
0.000104625
0.000104162
0.000103701
0.000103242
0.000102786
0.000102331
0.000101878
0.000101428
0.000100979
0.000100532
0.000100088
9.96448e-05
9.9204e-05
9.87651e-05
9.83282e-05
9.78932e-05
9.74601e-05
9.7029e-05
9.65997e-05
9.61724e-05
9.57469e-05
9.53233e-05
9.49016e-05
9.44818e-05
9.40638e-05
9.36477e-05
9.32333e-05
9.28209e-05
9.24102e-05
9.20014e-05
9.15944e-05
9.11891e-05
9.07857e-05
9.0384e-05
8.99842e-05
8.9586e-05
8.91897e-05
8.87951e-05
8.84022e-05
8.80111e-05
8.76217e-05
8.7234e-05
8.68481e-05
8.64638e-05
8.60813e-05
8.57004e-05
8.53212e-05
8.49437e-05
8.45679e-05
8.41937e-05
8.38212e-05
8.34504e-05
8.30811e-05
8.27135e-05
8.23475e-05
8.19832e-05
8.16204e-05
8.12593e-05
8.08998e-05
8.05418e-05
8.01854e-05
7.98306e-05
7.94774e-05
7.91257e-05
7.87756e-05
7.8427e-05
7.808e-05
7.77345e-05
7.73906e-05
7.70481e-05
7.67072e-05
7.63678e-05
7.60298e-05
7.56934e-05
7.53585e-05
7.5025e-05
7.4693e-05
7.43625e-05
7.40335e-05
7.37059e-05
7.33797e-05
7.3055e-05
7.27317e-05
7.24099e-05
7.20894e-05
7.17704e-05
7.14528e-05
7.11367e-05
7.08219e-05
7.05085e-05
7.01964e-05
6.98858e-05
6.95765e-05
6.92686e-05
6.89621e-05
6.86569e-05
6.83531e-05
6.80506e-05
6.77495e-05
6.74496e-05
6.71512e-05
6.6854e-05
6.65581e-05
6.62636e-05
6.59703e-05
6.56784e-05
6.53877e-05
6.50983e-05
6.48103e-05
6.45234e-05
6.42379e-05
6.39536e-05
6.36706e-05
6.33888e-05
6.31082e-05
6.2829e-05
6.25509e-05
6.22741e-05
6.19985e-05
6.17241e-05
6.14509e-05
6.11789e-05
6.09082e-05
6.06386e-05
6.03702e-05
6.0103e-05
5.9837e-05
5.95722e-05
5.93086e-05
5.90461e-05
5.87847e-05
5.85246e-05
5.82655e-05
5.80077e-05
5.77509e-05
5.74953e-05
5.72408e-05
5.69875e-05
5.67353e-05
5.64842e-05
5.62342e-05
5.59853e-05
5.57375e-05
5.54908e-05
5.52452e-05
5.50007e-05
5.47572e-05
5.45149e-05
5.42736e-05
5.40333e-05
5.37942e-05
5.35561e-05
5.3319e-05
5.3083e-05
5.28481e-05
5.26142e-05
5.23813e-05
5.21494e-05
5.19186e-05
5.16888e-05
5.146e-05
5.12322e-05
5.10054e-05
5.07797e-05
5.05549e-05
5.03311e-05
5.01083e-05
4.98865e-05
4.96657e-05
4.94459e-05
4.9227e-05
4.90091e-05
4.87922e-05
4.85762e-05
4.83612e-05
4.81471e-05
4.7934e-05
4.77218e-05
4.75106e-05
4.73002e-05
4.70909e-05
4.68824e-05
4.66749e-05
4.64683e-05
4.62626e-05
4.60578e-05
4.58539e-05
4.56509e-05
4.54488e-05
4.52477e-05
4.50474e-05
4.48479e-05
4.46494e-05
4.44518e-05
4.4255e-05
4.40591e-05
4.3864e-05
4.36699e-05
4.34765e-05
4.32841e-05
4.30925e-05
4.29017e-05
4.27118e-05
4.25227e-05
4.23345e-05
4.2147e-05
4.19605e-05
4.17747e-05
4.15898e-05
4.14057e-05
4.12224e-05
4.10399e-05
4.08582e-05
4.06773e-05
4.04972e-05
4.03179e-05
4.01394e-05
3.99617e-05
3.97848e-05
3.96087e-05
3.94334e-05
3.92588e-05
3.9085e-05
3.89119e-05
3.87397e-05
3.85682e-05
3.83974e-05
3.82274e-05
3.80582e-05
3.78897e-05
3.77219e-05
3.75549e-05
3.73887e-05
3.72231e-05
3.70583e-05
3.68943e-05
3.67309e-05
3.65683e-05
3.64064e-05
3.62452e-05
3.60848e-05
3.5925e-05
3.57659e-05
3.56076e-05
3.54499e-05
3.5293e-05
3.51367e-05
3.49812e-05
3.48263e-05
3.46721e-05
3.45186e-05
3.43658e-05
3.42136e-05
3.40621e-05
3.39113e-05
3.37612e-05
3.36117e-05
3.34629e-05
3.33147e-05
3.31672e-05
3.30204e-05
3.28742e-05
3.27286e-05
3.25837e-05
3.24394e-05
3.22958e-05
3.21528e-05
3.20104e-05
3.18687e-05
3.17276e-05
3.15871e-05
3.14473e-05
3.1308e-05
3.11694e-05
3.10314e-05
3.0894e-05
3.07572e-05
3.0621e-05
3.04854e-05
3.03504e-05
3.02161e-05
3.00823e-05
2.99491e-05
2.98165e-05
2.96844e-05
2.9553e-05
2.94221e-05
2.92919e-05
2.91622e-05
2.9033e-05
2.89045e-05
2.87765e-05
2.86491e-05
2.85222e-05
2.83959e-05
2.82702e-05
2.8145e-05
2.80204e-05
2.78963e-05
2.77728e-05
2.76498e-05
2.75274e-05
2.74055e-05
2.72841e-05
2.71633e-05
2.7043e-05
2.69233e-05
2.6804e-05
2.66854e-05
2.65672e-05
2.64495e-05
2.63324e-05
2.62158e-05
2.60997e-05
2.59842e-05
2.58691e-05
2.57545e-05
2.56405e-05
2.55269e-05
2.54139e-05
2.53014e-05
2.51893e-05
2.50778e-05
2.49667e-05
2.48562e-05
2.47461e-05
2.46365e-05
2.45274e-05
2.44188e-05
2.43107e-05
2.4203e-05
2.40958e-05
2.39891e-05
2.38829e-05
2.37771e-05
2.36718e-05
2.3567e-05
2.34626e-05
2.33587e-05
2.32553e-05
2.31523e-05
2.30498e-05
2.29477e-05
2.28461e-05
2.27449e-05
2.26442e-05
2.25439e-05
2.24441e-05
2.23447e-05
2.22457e-05
2.21472e-05
2.20491e-05
2.19515e-05
2.18542e-05
2.17575e-05
2.16611e-05
2.15652e-05
2.14697e-05
2.13746e-05
2.12799e-05
2.11857e-05
2.10919e-05
2.09985e-05
2.09055e-05
2.08129e-05
2.07207e-05
2.06289e-05
2.05376e-05
2.04466e-05
2.03561e-05
2.02659e-05
2.01762e-05
2.00868e-05
1.99978e-05
1.99093e-05
1.98211e-05
1.97333e-05
1.96459e-05
1.95589e-05
1.94723e-05
1.9386e-05
1.93002e-05
1.92147e-05
1.91296e-05
1.90449e-05
1.89605e-05
1.88766e-05
1.8793e-05
1.87097e-05
1.86269e-05
1.85444e-05
1.84622e-05
1.83805e-05
1.8299e-05
1.8218e-05
1.81373e-05
1.8057e-05
1.7977e-05
1.78974e-05
1.78181e-05
1.77392e-05
1.76606e-05
1.75824e-05
1.75045e-05
1.7427e-05
1.73498e-05
1.7273e-05
1.71965e-05
1.71203e-05
1.70445e-05
1.6969e-05
1.68938e-05
1.6819e-05
1.67445e-05
1.66703e-05
1.65965e-05
1.6523e-05
1.64498e-05
1.63769e-05
1.63044e-05
1.62322e-05
1.61603e-05
1.60887e-05
1.60174e-05
1.59465e-05
1.58759e-05
1.58056e-05
1.57355e-05
1.56658e-05
1.55965e-05
1.55274e-05
1.54586e-05
1.53901e-05
1.5322e-05
1.52541e-05
1.51865e-05
1.51193e-05
1.50523e-05
1.49856e-05
1.49192e-05
1.48531e-05
1.47874e-05
1.47219e-05
1.46566e-05
1.45917e-05
1.45271e-05
1.44627e-05
1.43987e-05
1.43349e-05
1.42714e-05
1.42082e-05
1.41452e-05
1.40826e-05
1.40202e-05
1.39581e-05
1.38963e-05
1.38347e-05
1.37734e-05
1.37124e-05
1.36517e-05
1.35912e-05
1.3531e-05
1.34711e-05
1.34114e-05
1.3352e-05
1.32928e-05
1.3234e-05
1.31753e-05
1.3117e-05
1.30589e-05
1.3001e-05
1.29434e-05
1.28861e-05
1.2829e-05
1.27722e-05
1.27156e-05
1.26593e-05
1.26032e-05
1.25474e-05
1.24918e-05
1.24365e-05
1.23814e-05
1.23265e-05
1.22719e-05
1.22175e-05
1.21634e-05
1.21095e-05
1.20559e-05
1.20025e-05
1.19493e-05
1.18964e-05
1.18437e-05
1.17912e-05
1.1739e-05
1.1687e-05
1.16352e-05
1.15837e-05
1.15323e-05
1.14813e-05
1.14304e-05
1.13798e-05
1.13293e-05
1.12792e-05
1.12292e-05
1.11794e-05
1.11299e-05
1.10806e-05
1.10315e-05
1.09827e-05
1.0934e-05
1.08856e-05
1.08373e-05
1.07893e-05
1.07415e-05
1.06939e-05
1.06466e-05
1.05994e-05
1.05524e-05
1.05057e-05
1.04591e-05
1.04128e-05
1.03667e-05
1.03208e-05
1.0275e-05
1.02295e-05
1.01842e-05
1.01391e-05
1.00942e-05
1.00494e-05
1.00049e-05
9.96059e-06
9.91646e-06
9.87252e-06
9.82879e-06
9.78524e-06
9.74189e-06
9.69873e-06
9.65576e-06
9.61298e-06
9.57039e-06
9.52799e-06
9.48578e-06
9.44375e-06
9.40191e-06
9.36026e-06
9.31879e-06
9.2775e-06
9.2364e-06
9.19548e-06
9.15474e-06
9.11418e-06
9.0738e-06
9.0336e-06
8.99357e-06
8.95373e-06
8.91406e-06
8.87456e-06
8.83524e-06
8.7961e-06
8.75713e-06
8.71833e-06
8.6797e-06
8.64125e-06
8.60296e-06
8.56484e-06
8.5269e-06
8.48912e-06
8.45151e-06
8.41406e-06
8.37678e-06
8.33967e-06
8.30272e-06
8.26593e-06
8.22931e-06
8.19284e-06
8.15654e-06
8.1204e-06
8.08443e-06
8.04861e-06
8.01294e-06
7.97744e-06
7.9421e-06
7.90691e-06
7.87187e-06
7.83699e-06
7.80227e-06
7.7677e-06
7.73328e-06
7.69902e-06
7.6649e-06
7.63094e-06
7.59713e-06
7.56347e-06
7.52996e-06
7.49659e-06
7.46338e-06
7.43031e-06
7.39738e-06
7.36461e-06
7.33198e-06
7.29949e-06
7.26715e-06
7.23495e-06
7.20289e-06
7.17097e-06
7.1392e-06
7.10756e-06
7.07607e-06
7.04472e-06
7.0135e-06
6.98243e-06
6.95149e-06
6.92068e-06
6.89002e-06
6.85949e-06
6.82909e-06
6.79883e-06
6.76871e-06
6.73872e-06
6.70886e-06
6.67913e-06
6.64953e-06
6.62007e-06
6.59073e-06
6.56153e-06
6.53245e-06
6.50351e-06
6.47469e-06
6.446e-06
6.41744e-06
6.389e-06
6.36069e-06
6.3325e-06
6.30444e-06
6.27651e-06
6.24869e-06
6.22101e-06
6.19344e-06
6.16599e-06
6.13867e-06
6.11147e-06
6.08439e-06
6.05743e-06
6.03058e-06
6.00386e-06
5.97726e-06
5.95077e-06
5.9244e-06
5.89815e-06
5.87201e-06
5.84599e-06
5.82008e-06
5.79429e-06
5.76862e-06
5.74305e-06
5.7176e-06
5.69227e-06
5.66704e-06
5.64193e-06
5.61693e-06
5.59204e-06
5.56726e-06
5.54258e-06
5.51802e-06
5.49357e-06
5.46923e-06
5.44499e-06
5.42086e-06
5.39684e-06
5.37292e-06
5.34911e-06
5.32541e-06
5.30181e-06
5.27831e-06
5.25492e-06
5.23163e-06
5.20845e-06
5.18537e-06
5.16239e-06
5.13951e-06
5.11673e-06
5.09406e-06
5.07148e-06
5.04901e-06
5.02663e-06
5.00436e-06
4.98218e-06
4.9601e-06
4.93812e-06
4.91624e-06
4.89445e-06
4.87276e-06
4.85116e-06
4.82966e-06
4.80826e-06
4.78695e-06
4.76574e-06
4.74462e-06
4.72359e-06
4.70266e-06
4.68182e-06
4.66107e-06
4.64041e-06
4.61984e-06
4.59937e-06
4.57899e-06
4.55869e-06
4.53849e-06
4.51838e-06
4.49835e-06
4.47842e-06
4.45857e-06
4.43881e-06
4.41914e-06
4.39955e-06
4.38005e-06
4.36064e-06
4.34132e-06
4.32207e-06
4.30292e-06
4.28385e-06
4.26486e-06
4.24596e-06
4.22714e-06
4.20841e-06
4.18976e-06
4.17119e-06
4.1527e-06
4.1343e-06
4.11598e-06
4.09773e-06
4.07957e-06
4.06149e-06
4.04349e-06
4.02557e-06
4.00773e-06
3.98997e-06
3.97228e-06
3.95468e-06
3.93715e-06
3.9197e-06
3.90233e-06
3.88503e-06
3.86781e-06
3.85067e-06
3.8336e-06
3.81661e-06
3.7997e-06
3.78286e-06
3.76609e-06
3.7494e-06
3.73278e-06
3.71623e-06
3.69976e-06
3.68337e-06
3.66704e-06
3.65079e-06
3.63461e-06
3.6185e-06
3.60246e-06
3.58649e-06
3.5706e-06
3.55477e-06
3.53901e-06
3.52333e-06
3.50771e-06
3.49216e-06
3.47669e-06
3.46128e-06
3.44593e-06
3.43066e-06
3.41545e-06
3.40032e-06
3.38525e-06
3.37024e-06
3.3553e-06
3.34043e-06
3.32562e-06
3.31088e-06
3.29621e-06
3.2816e-06
3.26705e-06
3.25257e-06
3.23815e-06
3.2238e-06
3.20951e-06
3.19529e-06
3.18112e-06
3.16702e-06
3.15299e-06
3.13901e-06
3.1251e-06
3.11124e-06
3.09745e-06
3.08372e-06
3.07006e-06
3.05645e-06
3.0429e-06
3.02941e-06
3.01598e-06
3.00261e-06
2.98931e-06
2.97605e-06
2.96286e-06
2.94973e-06
2.93665e-06
2.92364e-06
2.91068e-06
2.89778e-06
2.88493e-06
2.87214e-06
2.85941e-06
2.84674e-06
2.83412e-06
2.82156e-06
2.80905e-06
2.7966e-06
2.7842e-06
2.77186e-06
2.75957e-06
2.74734e-06
2.73516e-06
2.72304e-06
2.71097e-06
2.69895e-06
2.68699e-06
2.67507e-06
2.66322e-06
2.65141e-06
2.63966e-06
2.62796e-06
2.61631e-06
2.60471e-06
2.59316e-06
2.58167e-06
2.57022e-06
2.55883e-06
2.54749e-06
2.53619e-06
2.52495e-06
2.51376e-06
2.50262e-06
2.49152e-06
2.48048e-06
2.46948e-06
2.45853e-06
2.44764e-06
2.43679e-06
2.42598e-06
2.41523e-06
2.40452e-06
2.39386e-06
2.38325e-06
2.37269e-06
2.36217e-06
2.3517e-06
2.34127e-06
2.33089e-06
2.32056e-06
2.31027e-06
2.30003e-06
2.28983e-06
2.27968e-06
2.26958e-06
2.25952e-06
2.2495e-06
2.23953e-06
2.2296e-06
2.21971e-06
2.20987e-06
2.20008e-06
2.19032e-06
2.18061e-06
2.17095e-06
2.16132e-06
2.15174e-06
2.1422e-06
2.13271e-06
2.12325e-06
2.11384e-06
2.10447e-06
2.09514e-06
2.08585e-06
2.0766e-06
2.0674e-06
2.05823e-06
2.04911e-06
2.04002e-06
2.03098e-06
2.02197e-06
2.01301e-06
2.00408e-06
1.9952e-06
1.98635e-06
1.97755e-06
1.96878e-06
1.96005e-06
1.95136e-06
1.94271e-06
1.9341e-06
1.92552e-06
1.91699e-06
1.90849e-06
1.90003e-06
1.8916e-06
1.88322e-06
1.87487e-06
1.86656e-06
1.85828e-06
1.85004e-06
1.84184e-06
1.83367e-06
1.82554e-06
1.81745e-06
1.80939e-06
1.80137e-06
1.79339e-06
1.78543e-06
1.77752e-06
1.76964e-06
1.76179e-06
1.75398e-06
1.7462e-06
1.73846e-06
1.73075e-06
1.72308e-06
1.71544e-06
1.70784e-06
1.70026e-06
1.69273e-06
1.68522e-06
1.67775e-06
1.67031e-06
1.66291e-06
1.65553e-06
1.64819e-06
1.64088e-06
1.63361e-06
1.62637e-06
1.61916e-06
1.61198e-06
1.60483e-06
1.59771e-06
1.59063e-06
1.58358e-06
1.57656e-06
1.56957e-06
1.56261e-06
1.55568e-06
1.54878e-06
1.54191e-06
1.53508e-06
1.52827e-06
1.5215e-06
1.51475e-06
1.50803e-06
1.50135e-06
1.49469e-06
1.48806e-06
1.48146e-06
1.4749e-06
1.46836e-06
1.46185e-06
1.45536e-06
1.44891e-06
1.44249e-06
1.43609e-06
1.42972e-06
1.42338e-06
1.41707e-06
1.41079e-06
1.40453e-06
1.39831e-06
1.39211e-06
1.38593e-06
1.37979e-06
1.37367e-06
1.36758e-06
1.36152e-06
1.35548e-06
1.34947e-06
1.34348e-06
1.33753e-06
1.3316e-06
1.32569e-06
1.31981e-06
1.31396e-06
1.30814e-06
1.30234e-06
1.29656e-06
1.29081e-06
1.28509e-06
1.27939e-06
1.27372e-06
1.26807e-06
1.26245e-06
1.25685e-06
1.25127e-06
1.24573e-06
1.2402e-06
1.2347e-06
1.22923e-06
1.22378e-06
1.21835e-06
1.21295e-06
1.20757e-06
1.20222e-06
1.19688e-06
1.19158e-06
1.18629e-06
1.18103e-06
1.1758e-06
1.17058e-06
1.16539e-06
1.16022e-06
1.15508e-06
1.14996e-06
1.14486e-06
1.13978e-06
1.13473e-06
1.12969e-06
1.12469e-06
1.1197e-06
1.11473e-06
1.10979e-06
1.10487e-06
1.09997e-06
1.09509e-06
1.09023e-06
1.0854e-06
1.08059e-06
1.0758e-06
1.07102e-06
1.06628e-06
1.06155e-06
1.05684e-06
1.05215e-06
1.04749e-06
1.04284e-06
1.03822e-06
1.03361e-06
1.02903e-06
1.02447e-06
1.01992e-06
1.0154e-06
1.0109e-06
1.00641e-06
1.00195e-06
9.97508e-07
9.93085e-07
9.88681e-07
9.84296e-07
9.79931e-07
9.75586e-07
9.71259e-07
9.66952e-07
9.62664e-07
9.58395e-07
9.54145e-07
9.49913e-07
9.45701e-07
9.41507e-07
9.37331e-07
9.33175e-07
9.29036e-07
9.24916e-07
9.20814e-07
9.16731e-07
9.12665e-07
9.08618e-07
9.04588e-07
9.00577e-07
8.96583e-07
8.92607e-07
8.88648e-07
8.84707e-07
8.80783e-07
8.76877e-07
8.72988e-07
8.69117e-07
8.65262e-07
8.61425e-07
8.57605e-07
8.53801e-07
8.50015e-07
8.46245e-07
8.42492e-07
8.38756e-07
8.35036e-07
8.31332e-07
8.27646e-07
8.23975e-07
8.20321e-07
8.16683e-07
8.13061e-07
8.09455e-07
8.05865e-07
8.02291e-07
7.98733e-07
7.9519e-07
7.91663e-07
7.88152e-07
7.84657e-07
7.81177e-07
7.77712e-07
7.74263e-07
7.70829e-07
7.6741e-07
7.64007e-07
7.60618e-07
7.57245e-07
7.53886e-07
7.50543e-07
7.47214e-07
7.439e-07
7.40601e-07
7.37316e-07
7.34046e-07
7.3079e-07
7.27549e-07
7.24322e-07
7.2111e-07
7.17911e-07
7.14727e-07
7.11557e-07
7.08401e-07
7.0526e-07
7.02131e-07
6.99017e-07
6.95917e-07
6.9283e-07
6.89758e-07
6.86698e-07
6.83653e-07
6.8062e-07
6.77602e-07
6.74596e-07
6.71604e-07
6.68625e-07
6.6566e-07
6.62707e-07
6.59768e-07
6.56842e-07
6.53928e-07
6.51028e-07
6.4814e-07
6.45265e-07
6.42403e-07
6.39554e-07
6.36717e-07
6.33893e-07
6.31082e-07
6.28282e-07
6.25496e-07
6.22721e-07
6.19959e-07
6.17209e-07
6.14472e-07
6.11746e-07
6.09033e-07
6.06331e-07
6.03642e-07
6.00965e-07
5.98299e-07
5.95645e-07
5.93003e-07
5.90373e-07
5.87754e-07
5.85147e-07
5.82552e-07
5.79968e-07
5.77395e-07
5.74834e-07
5.72284e-07
5.69746e-07
5.67219e-07
5.64703e-07
5.62198e-07
5.59704e-07
5.57221e-07
5.5475e-07
5.52289e-07
5.49839e-07
5.474e-07
5.44972e-07
5.42555e-07
5.40148e-07
5.37752e-07
5.35367e-07
5.32992e-07
5.30628e-07
5.28274e-07
5.25931e-07
5.23598e-07
5.21275e-07
5.18963e-07
5.16661e-07
5.14369e-07
5.12087e-07
5.09816e-07
5.07554e-07
5.05303e-07
5.03061e-07
5.0083e-07
4.98608e-07
4.96397e-07
4.94195e-07
4.92002e-07
4.8982e-07
4.87647e-07
4.85484e-07
4.8333e-07
4.81186e-07
4.79052e-07
4.76927e-07
4.74811e-07
4.72705e-07
4.70608e-07
4.6852e-07
4.66442e-07
4.64373e-07
4.62313e-07
4.60262e-07
4.5822e-07
4.56187e-07
4.54164e-07
4.52149e-07
4.50143e-07
4.48146e-07
4.46158e-07
4.44179e-07
4.42209e-07
4.40247e-07
4.38294e-07
4.3635e-07
4.34414e-07
4.32487e-07
4.30568e-07
4.28658e-07
4.26757e-07
4.24863e-07
4.22979e-07
4.21102e-07
4.19234e-07
4.17374e-07
4.15523e-07
4.13679e-07
4.11844e-07
4.10017e-07
4.08198e-07
4.06387e-07
4.04584e-07
4.02789e-07
4.01003e-07
3.99224e-07
3.97453e-07
3.95689e-07
3.93934e-07
3.92186e-07
3.90446e-07
3.88714e-07
3.8699e-07
3.85273e-07
3.83564e-07
3.81862e-07
3.80168e-07
3.78481e-07
3.76802e-07
3.75131e-07
3.73466e-07
3.71809e-07
3.7016e-07
3.68518e-07
3.66883e-07
3.65255e-07
3.63635e-07
3.62021e-07
3.60415e-07
3.58816e-07
3.57224e-07
3.5564e-07
3.54062e-07
3.52491e-07
3.50927e-07
3.4937e-07
3.4782e-07
3.46277e-07
3.44741e-07
3.43211e-07
3.41689e-07
3.40173e-07
3.38663e-07
3.37161e-07
3.35665e-07
3.34176e-07
3.32693e-07
3.31217e-07
3.29748e-07
3.28285e-07
3.26828e-07
3.25378e-07
3.23935e-07
3.22497e-07
3.21067e-07
3.19642e-07
3.18224e-07
3.16812e-07
3.15406e-07
3.14007e-07
3.12614e-07
3.11227e-07
3.09846e-07
3.08471e-07
3.07103e-07
3.0574e-07
3.04384e-07
3.03033e-07
3.01689e-07
3.0035e-07
2.99017e-07
2.97691e-07
2.9637e-07
2.95055e-07
2.93746e-07
2.92442e-07
2.91145e-07
2.89853e-07
2.88567e-07
2.87287e-07
2.86012e-07
2.84743e-07
2.8348e-07
2.82222e-07
2.8097e-07
2.79723e-07
2.78482e-07
2.77246e-07
2.76016e-07
2.74791e-07
2.73572e-07
2.72358e-07
2.7115e-07
2.69947e-07
2.68749e-07
2.67556e-07
2.66369e-07
2.65187e-07
2.64011e-07
2.62839e-07
2.61673e-07
2.60512e-07
2.59356e-07
2.58205e-07
2.5706e-07
2.55919e-07
2.54783e-07
2.53653e-07
2.52527e-07
2.51407e-07
2.50291e-07
2.49181e-07
2.48075e-07
2.46974e-07
2.45878e-07
2.44787e-07
2.43701e-07
2.4262e-07
2.41543e-07
2.40471e-07
2.39404e-07
2.38342e-07
2.37285e-07
2.36232e-07
2.35183e-07
2.3414e-07
2.33101e-07
2.32067e-07
2.31037e-07
2.30012e-07
2.28991e-07
2.27975e-07
2.26963e-07
2.25956e-07
2.24953e-07
2.23955e-07
2.22961e-07
2.21972e-07
2.20987e-07
2.20006e-07
2.1903e-07
2.18058e-07
2.17091e-07
2.16127e-07
2.15168e-07
2.14213e-07
2.13263e-07
2.12316e-07
2.11374e-07
2.10436e-07
2.09503e-07
2.08573e-07
2.07647e-07
2.06726e-07
2.05808e-07
2.04895e-07
2.03986e-07
2.03081e-07
2.0218e-07
2.01282e-07
2.00389e-07
1.995e-07
1.98615e-07
1.97733e-07
1.96856e-07
1.95982e-07
1.95112e-07
1.94247e-07
1.93385e-07
1.92526e-07
1.91672e-07
1.90821e-07
1.89975e-07
1.89132e-07
1.88292e-07
1.87457e-07
1.86625e-07
1.85797e-07
1.84972e-07
1.84151e-07
1.83334e-07
1.8252e-07
1.8171e-07
1.80904e-07
1.80101e-07
1.79302e-07
1.78506e-07
1.77714e-07
1.76925e-07
1.7614e-07
1.75359e-07
1.7458e-07
1.73806e-07
1.73034e-07
1.72266e-07
1.71502e-07
1.70741e-07
1.69983e-07
1.69229e-07
1.68478e-07
1.6773e-07
1.66985e-07
1.66244e-07
1.65507e-07
1.64772e-07
1.64041e-07
1.63313e-07
1.62588e-07
1.61866e-07
1.61148e-07
1.60433e-07
1.59721e-07
1.59012e-07
1.58306e-07
1.57604e-07
1.56904e-07
1.56208e-07
1.55515e-07
1.54824e-07
1.54137e-07
1.53453e-07
1.52772e-07
1.52094e-07
1.51419e-07
1.50747e-07
1.50078e-07
1.49412e-07
1.48749e-07
1.48089e-07
1.47432e-07
1.46777e-07
1.46126e-07
1.45477e-07
1.44832e-07
1.44189e-07
1.43549e-07
1.42912e-07
1.42277e-07
1.41646e-07
1.41017e-07
1.40391e-07
1.39768e-07
1.39148e-07
1.3853e-07
1.37916e-07
1.37303e-07
1.36694e-07
1.36087e-07
1.35483e-07
1.34882e-07
1.34283e-07
1.33687e-07
1.33094e-07
1.32503e-07
1.31915e-07
1.3133e-07
1.30747e-07
1.30166e-07
1.29589e-07
1.29014e-07
1.28441e-07
1.27871e-07
1.27303e-07
1.26738e-07
1.26176e-07
1.25616e-07
1.25058e-07
1.24503e-07
1.2395e-07
1.234e-07
1.22853e-07
1.22307e-07
1.21764e-07
1.21224e-07
1.20686e-07
1.2015e-07
1.19617e-07
1.19086e-07
1.18557e-07
1.18031e-07
1.17507e-07
1.16986e-07
1.16466e-07
1.1595e-07
1.15435e-07
1.14922e-07
1.14412e-07
1.13905e-07
1.13399e-07
1.12896e-07
1.12394e-07
1.11896e-07
1.11399e-07
1.10904e-07
1.10412e-07
1.09922e-07
1.09434e-07
1.08948e-07
1.08465e-07
1.07983e-07
1.07504e-07
1.07027e-07
1.06552e-07
1.06079e-07
1.05608e-07
1.05139e-07
1.04672e-07
1.04208e-07
1.03745e-07
1.03285e-07
1.02826e-07
1.0237e-07
1.01915e-07
1.01463e-07
1.01013e-07
1.00564e-07
1.00118e-07
9.96734e-08
9.9231e-08
9.87905e-08
9.8352e-08
9.79154e-08
9.74808e-08
9.7048e-08
9.66172e-08
9.61884e-08
9.57614e-08
9.53363e-08
9.49131e-08
9.44918e-08
9.40723e-08
9.36547e-08
9.3239e-08
9.28251e-08
9.2413e-08
9.20028e-08
9.15944e-08
9.11878e-08
9.0783e-08
9.038e-08
8.99788e-08
8.95793e-08
8.91817e-08
8.87858e-08
8.83917e-08
8.79993e-08
8.76086e-08
8.72197e-08
8.68325e-08
8.6447e-08
8.60633e-08
8.56812e-08
8.53009e-08
8.49222e-08
8.45452e-08
8.41699e-08
8.37962e-08
8.34242e-08
8.30539e-08
8.26852e-08
8.23181e-08
8.19527e-08
8.15889e-08
8.12267e-08
8.08661e-08
8.05071e-08
8.01497e-08
7.97939e-08
7.94396e-08
7.9087e-08
7.87359e-08
7.83863e-08
7.80383e-08
7.76919e-08
7.7347e-08
7.70036e-08
7.66617e-08
7.63214e-08
7.59826e-08
7.56453e-08
7.53094e-08
7.49751e-08
7.46422e-08
7.43109e-08
7.3981e-08
7.36525e-08
7.33255e-08
7.3e-08
7.26759e-08
7.23533e-08
7.2032e-08
7.17123e-08
7.13939e-08
7.10769e-08
7.07614e-08
7.04472e-08
7.01345e-08
6.98231e-08
6.95131e-08
6.92045e-08
6.88972e-08
6.85913e-08
6.82868e-08
6.79837e-08
6.76818e-08
6.73813e-08
6.70822e-08
6.67844e-08
6.64879e-08
6.61927e-08
6.58988e-08
6.56062e-08
6.53149e-08
6.50249e-08
6.47363e-08
6.44488e-08
6.41627e-08
6.38778e-08
6.35942e-08
6.33119e-08
6.30308e-08
6.27509e-08
6.24723e-08
6.2195e-08
6.19188e-08
6.16439e-08
6.13702e-08
6.10977e-08
6.08265e-08
6.05564e-08
6.02875e-08
6.00199e-08
5.97534e-08
5.94881e-08
5.9224e-08
5.8961e-08
5.86992e-08
5.84386e-08
5.81791e-08
5.79208e-08
5.76636e-08
5.74076e-08
5.71527e-08
5.6899e-08
5.66463e-08
5.63948e-08
5.61444e-08
5.58951e-08
5.56469e-08
5.53999e-08
5.51539e-08
5.4909e-08
5.46652e-08
5.44225e-08
5.41808e-08
5.39403e-08
5.37008e-08
5.34623e-08
5.32249e-08
5.29886e-08
5.27533e-08
5.25191e-08
5.22859e-08
5.20537e-08
5.18226e-08
5.15925e-08
5.13634e-08
5.11354e-08
5.09083e-08
5.06823e-08
5.04572e-08
5.02332e-08
5.00101e-08
4.97881e-08
4.9567e-08
4.93469e-08
4.91278e-08
4.89096e-08
4.86925e-08
4.84762e-08
4.8261e-08
4.80467e-08
4.78334e-08
4.7621e-08
4.74095e-08
4.7199e-08
4.69894e-08
4.67807e-08
4.6573e-08
4.63662e-08
4.61603e-08
4.59554e-08
4.57513e-08
4.55481e-08
4.53459e-08
4.51445e-08
4.49441e-08
4.47445e-08
4.45458e-08
4.4348e-08
4.41511e-08
4.3955e-08
4.37598e-08
4.35655e-08
4.3372e-08
4.31794e-08
4.29877e-08
4.27968e-08
4.26068e-08
4.24176e-08
4.22292e-08
4.20417e-08
4.1855e-08
4.16691e-08
4.14841e-08
4.12999e-08
4.11165e-08
4.09339e-08
4.07521e-08
4.05711e-08
4.0391e-08
4.02116e-08
4.0033e-08
3.98553e-08
3.96783e-08
3.95021e-08
3.93267e-08
3.9152e-08
3.89782e-08
3.88051e-08
3.86327e-08
3.84612e-08
3.82904e-08
3.81203e-08
3.7951e-08
3.77825e-08
3.76147e-08
3.74477e-08
3.72814e-08
3.71158e-08
3.6951e-08
3.67869e-08
3.66235e-08
3.64609e-08
3.6299e-08
3.61378e-08
3.59773e-08
3.58175e-08
3.56584e-08
3.55001e-08
3.53424e-08
3.51855e-08
3.50292e-08
3.48737e-08
3.47188e-08
3.45646e-08
3.44111e-08
3.42583e-08
3.41061e-08
3.39547e-08
3.38039e-08
3.36537e-08
3.35043e-08
3.33555e-08
3.32074e-08
3.30599e-08
3.29131e-08
3.27669e-08
3.26214e-08
3.24765e-08
3.23323e-08
3.21887e-08
3.20457e-08
3.19034e-08
3.17617e-08
3.16206e-08
3.14802e-08
3.13404e-08
3.12012e-08
3.10626e-08
3.09247e-08
3.07873e-08
3.06506e-08
3.05145e-08
3.03789e-08
3.0244e-08
3.01097e-08
2.9976e-08
2.98428e-08
2.97103e-08
2.95783e-08
2.9447e-08
2.93162e-08
2.9186e-08
2.90564e-08
2.89273e-08
2.87988e-08
2.86709e-08
2.85436e-08
2.84168e-08
2.82906e-08
2.8165e-08
2.80399e-08
2.79153e-08
2.77913e-08
2.76679e-08
2.7545e-08
2.74227e-08
2.73009e-08
2.71796e-08
2.70589e-08
2.69387e-08
2.68191e-08
2.67e-08
2.65814e-08
2.64633e-08
2.63458e-08
2.62288e-08
2.61123e-08
2.59963e-08
2.58808e-08
2.57659e-08
2.56514e-08
2.55375e-08
2.54241e-08
2.53111e-08
2.51987e-08
2.50868e-08
2.49754e-08
2.48644e-08
2.4754e-08
2.4644e-08
2.45346e-08
2.44256e-08
2.43171e-08
2.42091e-08
2.41016e-08
2.39945e-08
2.38879e-08
2.37818e-08
2.36762e-08
2.3571e-08
2.34663e-08
2.33621e-08
2.32583e-08
2.3155e-08
2.30522e-08
2.29498e-08
2.28478e-08
2.27464e-08
2.26453e-08
2.25447e-08
2.24446e-08
2.23449e-08
2.22456e-08
2.21468e-08
2.20485e-08
2.19505e-08
2.1853e-08
2.17559e-08
2.16593e-08
2.15631e-08
2.14673e-08
2.1372e-08
2.1277e-08
2.11825e-08
2.10884e-08
2.09947e-08
2.09015e-08
2.08086e-08
2.07162e-08
2.06242e-08
2.05326e-08
2.04414e-08
2.03506e-08
2.02602e-08
2.01702e-08
2.00806e-08
1.99914e-08
1.99026e-08
1.98142e-08
1.97261e-08
1.96385e-08
1.95513e-08
1.94644e-08
1.9378e-08
1.92919e-08
1.92062e-08
1.91209e-08
1.90359e-08
1.89514e-08
1.88672e-08
1.87834e-08
1.86999e-08
1.86169e-08
1.85342e-08
1.84518e-08
1.83699e-08
1.82882e-08
1.8207e-08
1.81261e-08
1.80456e-08
1.79654e-08
1.78856e-08
1.78062e-08
1.77271e-08
1.76483e-08
1.75699e-08
1.74919e-08
1.74142e-08
1.73368e-08
1.72598e-08
1.71831e-08
1.71068e-08
1.70308e-08
1.69551e-08
1.68798e-08
1.68048e-08
1.67302e-08
1.66558e-08
1.65818e-08
1.65082e-08
1.64348e-08
1.63618e-08
1.62891e-08
1.62168e-08
1.61447e-08
1.6073e-08
1.60016e-08
1.59305e-08
1.58597e-08
1.57893e-08
1.57191e-08
1.56493e-08
1.55798e-08
1.55106e-08
1.54417e-08
1.53731e-08
1.53048e-08
1.52368e-08
1.51691e-08
1.51017e-08
1.50346e-08
1.49678e-08
1.49013e-08
1.48351e-08
1.47692e-08
1.47036e-08
1.46383e-08
1.45732e-08
1.45085e-08
1.4444e-08
1.43798e-08
1.4316e-08
1.42524e-08
1.4189e-08
1.4126e-08
1.40632e-08
1.40008e-08
1.39386e-08
1.38766e-08
1.3815e-08
1.37536e-08
1.36925e-08
1.36317e-08
1.35711e-08
1.35108e-08
1.34508e-08
1.3391e-08
1.33315e-08
1.32723e-08
1.32133e-08
1.31546e-08
1.30962e-08
1.3038e-08
1.29801e-08
1.29224e-08
1.2865e-08
1.28078e-08
1.27509e-08
1.26943e-08
1.26379e-08
1.25817e-08
1.25258e-08
1.24702e-08
1.24147e-08
1.23596e-08
1.23047e-08
1.225e-08
1.21956e-08
1.21414e-08
1.20874e-08
1.20337e-08
1.19803e-08
1.1927e-08
1.1874e-08
1.18213e-08
1.17688e-08
1.17165e-08
1.16644e-08
1.16126e-08
1.1561e-08
1.15096e-08
1.14585e-08
1.14076e-08
1.13569e-08
1.13064e-08
1.12562e-08
1.12062e-08
1.11564e-08
1.11068e-08
1.10575e-08
1.10083e-08
1.09594e-08
1.09107e-08
1.08622e-08
1.0814e-08
1.07659e-08
1.07181e-08
1.06705e-08
1.0623e-08
1.05758e-08
1.05288e-08
1.04821e-08
1.04355e-08
1.03891e-08
1.0343e-08
1.0297e-08
1.02512e-08
1.02057e-08
1.01603e-08
1.01152e-08
1.00703e-08
1.00255e-08
9.98096e-09
9.93661e-09
9.89245e-09
9.84849e-09
9.80473e-09
9.76116e-09
9.71779e-09
9.67461e-09
9.63162e-09
9.58882e-09
9.54621e-09
9.50379e-09
9.46156e-09
9.41952e-09
9.37766e-09
9.33599e-09
9.2945e-09
9.2532e-09
9.21208e-09
9.17115e-09
9.13039e-09
9.08982e-09
9.04943e-09
9.00922e-09
8.96918e-09
8.92933e-09
8.88965e-09
8.85014e-09
8.81081e-09
8.77166e-09
8.73268e-09
8.69388e-09
8.65524e-09
8.61678e-09
8.57849e-09
8.54037e-09
8.50242e-09
8.46463e-09
8.42702e-09
8.38957e-09
8.35229e-09
8.31517e-09
8.27822e-09
8.24143e-09
8.20481e-09
8.16835e-09
8.13205e-09
8.09591e-09
8.05993e-09
8.02411e-09
7.98845e-09
7.95295e-09
7.91761e-09
7.88242e-09
7.8474e-09
7.81252e-09
7.7778e-09
7.74324e-09
7.70883e-09
7.67457e-09
7.64046e-09
7.60651e-09
7.5727e-09
7.53905e-09
7.50555e-09
7.47219e-09
7.43898e-09
7.40592e-09
7.37301e-09
7.34024e-09
7.30762e-09
7.27515e-09
7.24282e-09
7.21063e-09
7.17858e-09
7.14668e-09
7.11492e-09
7.0833e-09
7.05182e-09
7.02048e-09
6.98928e-09
6.95822e-09
6.92729e-09
6.89651e-09
6.86586e-09
6.83534e-09
6.80496e-09
6.77472e-09
6.74461e-09
6.71464e-09
6.68479e-09
6.65509e-09
6.62551e-09
6.59606e-09
6.56675e-09
6.53756e-09
6.50851e-09
6.47958e-09
6.45078e-09
6.42211e-09
6.39357e-09
6.36515e-09
6.33686e-09
6.3087e-09
6.28066e-09
6.25275e-09
6.22496e-09
6.19729e-09
6.16975e-09
6.14233e-09
6.11503e-09
6.08785e-09
6.06079e-09
6.03385e-09
6.00704e-09
5.98034e-09
5.95376e-09
5.9273e-09
5.90095e-09
5.87472e-09
5.84861e-09
5.82262e-09
5.79674e-09
5.77098e-09
5.74533e-09
5.71979e-09
5.69437e-09
5.66906e-09
5.64386e-09
5.61878e-09
5.5938e-09
5.56894e-09
5.54419e-09
5.51954e-09
5.49501e-09
5.47059e-09
5.44627e-09
5.42207e-09
5.39797e-09
5.37397e-09
5.35009e-09
5.32631e-09
5.30263e-09
5.27906e-09
5.2556e-09
5.23224e-09
5.20898e-09
5.18583e-09
5.16278e-09
5.13983e-09
5.11699e-09
5.09424e-09
5.0716e-09
5.04906e-09
5.02661e-09
5.00427e-09
4.98203e-09
4.95988e-09
4.93784e-09
4.91589e-09
4.89404e-09
4.87228e-09
4.85063e-09
4.82906e-09
4.8076e-09
4.78623e-09
4.76495e-09
4.74377e-09
4.72269e-09
4.7017e-09
4.6808e-09
4.65999e-09
4.63928e-09
4.61865e-09
4.59812e-09
4.57768e-09
4.55734e-09
4.53708e-09
4.51691e-09
4.49683e-09
4.47684e-09
4.45694e-09
4.43713e-09
4.41741e-09
4.39777e-09
4.37822e-09
4.35876e-09
4.33938e-09
4.3201e-09
4.30089e-09
4.28177e-09
4.26274e-09
4.24379e-09
4.22493e-09
4.20615e-09
4.18745e-09
4.16883e-09
4.1503e-09
4.13185e-09
4.11348e-09
4.0952e-09
4.07699e-09
4.05887e-09
4.04083e-09
4.02286e-09
4.00498e-09
3.98718e-09
3.96945e-09
3.95181e-09
3.93424e-09
3.91675e-09
3.89934e-09
3.88201e-09
3.86475e-09
3.84757e-09
3.83046e-09
3.81344e-09
3.79648e-09
3.77961e-09
3.7628e-09
3.74608e-09
3.72942e-09
3.71284e-09
3.69634e-09
3.67991e-09
3.66355e-09
3.64726e-09
3.63105e-09
3.6149e-09
3.59883e-09
3.58283e-09
3.56691e-09
3.55105e-09
3.53526e-09
3.51955e-09
3.5039e-09
3.48832e-09
3.47281e-09
3.45738e-09
3.44201e-09
3.4267e-09
3.41147e-09
3.3963e-09
3.3812e-09
3.36617e-09
3.35121e-09
3.33631e-09
3.32148e-09
3.30671e-09
3.29201e-09
3.27737e-09
3.2628e-09
3.2483e-09
3.23386e-09
3.21948e-09
3.20516e-09
3.19092e-09
3.17673e-09
3.16261e-09
3.14855e-09
3.13455e-09
3.12061e-09
3.10674e-09
3.09293e-09
3.07917e-09
3.06548e-09
3.05186e-09
3.03829e-09
3.02478e-09
3.01133e-09
2.99794e-09
2.98461e-09
2.97134e-09
2.95813e-09
2.94498e-09
2.93189e-09
2.91885e-09
2.90588e-09
2.89296e-09
2.88009e-09
2.86729e-09
2.85454e-09
2.84185e-09
2.82921e-09
2.81664e-09
2.80411e-09
2.79165e-09
2.77923e-09
2.76688e-09
2.75457e-09
2.74233e-09
2.73013e-09
2.718e-09
2.70591e-09
2.69388e-09
2.6819e-09
2.66998e-09
2.65811e-09
2.64629e-09
2.63452e-09
2.62281e-09
2.61115e-09
2.59954e-09
2.58798e-09
2.57647e-09
2.56502e-09
2.55361e-09
2.54226e-09
2.53095e-09
2.5197e-09
2.5085e-09
2.49734e-09
2.48624e-09
2.47518e-09
2.46418e-09
2.45322e-09
2.44231e-09
2.43145e-09
2.42064e-09
2.40988e-09
2.39916e-09
2.3885e-09
2.37788e-09
2.3673e-09
2.35678e-09
2.3463e-09
2.33587e-09
2.32548e-09
2.31514e-09
2.30484e-09
2.2946e-09
2.28439e-09
2.27424e-09
2.26412e-09
2.25406e-09
2.24403e-09
2.23405e-09
2.22412e-09
2.21423e-09
2.20438e-09
2.19458e-09
2.18482e-09
2.17511e-09
2.16544e-09
2.15581e-09
2.14622e-09
2.13668e-09
2.12718e-09
2.11772e-09
2.1083e-09
2.09893e-09
2.08959e-09
2.0803e-09
2.07105e-09
2.06184e-09
2.05267e-09
2.04355e-09
2.03446e-09
2.02541e-09
2.0164e-09
2.00744e-09
1.99851e-09
1.98962e-09
1.98078e-09
1.97197e-09
1.9632e-09
1.95447e-09
1.94578e-09
1.93713e-09
1.92851e-09
1.91994e-09
1.9114e-09
1.9029e-09
1.89444e-09
1.88601e-09
1.87762e-09
1.86928e-09
1.86096e-09
1.85269e-09
1.84445e-09
1.83625e-09
1.82808e-09
1.81995e-09
1.81186e-09
1.8038e-09
1.79578e-09
1.78779e-09
1.77984e-09
1.77193e-09
1.76405e-09
1.7562e-09
1.74839e-09
1.74062e-09
1.73288e-09
1.72517e-09
1.7175e-09
1.70986e-09
1.70226e-09
1.69469e-09
1.68715e-09
1.67965e-09
1.67218e-09
1.66474e-09
1.65734e-09
1.64997e-09
1.64263e-09
1.63532e-09
1.62805e-09
1.62081e-09
1.6136e-09
1.60643e-09
1.59928e-09
1.59217e-09
1.58509e-09
1.57804e-09
1.57102e-09
1.56403e-09
1.55708e-09
1.55015e-09
1.54326e-09
1.5364e-09
1.52956e-09
1.52276e-09
1.51599e-09
1.50925e-09
1.50253e-09
1.49585e-09
1.4892e-09
1.48258e-09
1.47598e-09
1.46942e-09
1.46288e-09
1.45638e-09
1.4499e-09
1.44345e-09
1.43703e-09
1.43064e-09
1.42428e-09
1.41794e-09
1.41164e-09
1.40536e-09
1.39911e-09
1.39288e-09
1.38669e-09
1.38052e-09
1.37438e-09
1.36827e-09
1.36218e-09
1.35613e-09
1.35009e-09
1.34409e-09
1.33811e-09
1.33216e-09
1.32624e-09
1.32034e-09
1.31446e-09
1.30862e-09
1.3028e-09
1.297e-09
1.29123e-09
1.28549e-09
1.27977e-09
1.27408e-09
1.26841e-09
1.26277e-09
1.25716e-09
1.25156e-09
1.246e-09
1.24046e-09
1.23494e-09
1.22945e-09
1.22398e-09
1.21853e-09
1.21311e-09
1.20772e-09
1.20235e-09
1.197e-09
1.19167e-09
1.18637e-09
1.1811e-09
1.17584e-09
1.17061e-09
1.16541e-09
1.16022e-09
1.15506e-09
1.14992e-09
1.14481e-09
1.13972e-09
1.13465e-09
1.1296e-09
1.12458e-09
1.11957e-09
1.11459e-09
1.10964e-09
1.1047e-09
1.09979e-09
1.0949e-09
1.09003e-09
1.08518e-09
1.08035e-09
1.07554e-09
1.07076e-09
1.066e-09
1.06126e-09
1.05654e-09
1.05184e-09
1.04716e-09
1.0425e-09
1.03786e-09
1.03325e-09
1.02865e-09
1.02407e-09
1.01952e-09
1.01498e-09
1.01047e-09
1.00597e-09
1.0015e-09
9.97044e-10
9.92608e-10
9.88193e-10
9.83797e-10
9.79421e-10
9.75064e-10
9.70727e-10
9.66409e-10
9.6211e-10
9.5783e-10
9.53569e-10
9.49327e-10
9.45104e-10
9.409e-10
9.36715e-10
9.32548e-10
9.28399e-10
9.2427e-10
9.20158e-10
9.16065e-10
9.1199e-10
9.07933e-10
9.03894e-10
8.99873e-10
8.9587e-10
8.91884e-10
8.87917e-10
8.83967e-10
8.80035e-10
8.7612e-10
8.72222e-10
8.68342e-10
8.64479e-10
8.60634e-10
8.56805e-10
8.52993e-10
8.49199e-10
8.45421e-10
8.4166e-10
8.37916e-10
8.34188e-10
8.30477e-10
8.26783e-10
8.23105e-10
8.19443e-10
8.15797e-10
8.12168e-10
8.08555e-10
8.04958e-10
8.01377e-10
7.97812e-10
7.94263e-10
7.90729e-10
7.87211e-10
7.83709e-10
7.80223e-10
7.76752e-10
7.73296e-10
7.69856e-10
7.66431e-10
7.63021e-10
7.59627e-10
7.56247e-10
7.52883e-10
7.49533e-10
7.46199e-10
7.42879e-10
7.39574e-10
7.36284e-10
7.33008e-10
7.29747e-10
7.265e-10
7.23268e-10
7.2005e-10
7.16847e-10
7.13658e-10
7.10483e-10
7.07322e-10
7.04175e-10
7.01042e-10
6.97923e-10
6.94818e-10
6.91727e-10
6.88649e-10
6.85585e-10
6.82535e-10
6.79498e-10
6.76475e-10
6.73465e-10
6.70469e-10
6.67486e-10
6.64516e-10
6.6156e-10
6.58617e-10
6.55686e-10
6.52769e-10
6.49865e-10
6.46973e-10
6.44095e-10
6.41229e-10
6.38376e-10
6.35536e-10
6.32708e-10
6.29893e-10
6.27091e-10
6.24301e-10
6.21523e-10
6.18758e-10
6.16004e-10
6.13264e-10
6.10535e-10
6.07819e-10
6.05114e-10
6.02422e-10
5.99742e-10
5.97073e-10
5.94416e-10
5.91772e-10
5.89139e-10
5.86517e-10
5.83908e-10
5.8131e-10
5.78723e-10
5.76148e-10
5.73585e-10
5.71032e-10
5.68492e-10
5.65962e-10
5.63444e-10
5.60937e-10
5.58441e-10
5.55956e-10
5.53483e-10
5.5102e-10
5.48568e-10
5.46127e-10
5.43697e-10
5.41278e-10
5.38869e-10
5.36472e-10
5.34085e-10
5.31708e-10
5.29342e-10
5.26987e-10
5.24642e-10
5.22308e-10
5.19983e-10
5.1767e-10
5.15366e-10
5.13073e-10
5.1079e-10
5.08517e-10
5.06254e-10
5.04002e-10
5.01759e-10
4.99526e-10
4.97304e-10
4.95091e-10
4.92888e-10
4.90694e-10
4.88511e-10
4.86337e-10
4.84173e-10
4.82019e-10
4.79874e-10
4.77738e-10
4.75613e-10
4.73496e-10
4.71389e-10
4.69291e-10
4.67203e-10
4.65124e-10
4.63054e-10
4.60994e-10
4.58943e-10
4.569e-10
4.54867e-10
4.52843e-10
4.50828e-10
4.48822e-10
4.46824e-10
4.44836e-10
4.42857e-10
4.40886e-10
4.38924e-10
4.36971e-10
4.35026e-10
4.3309e-10
4.31163e-10
4.29244e-10
4.27334e-10
4.25432e-10
4.23539e-10
4.21654e-10
4.19778e-10
4.1791e-10
4.1605e-10
4.14199e-10
4.12355e-10
4.1052e-10
4.08694e-10
4.06875e-10
4.05064e-10
4.03262e-10
4.01467e-10
3.9968e-10
3.97902e-10
3.96131e-10
3.94368e-10
3.92613e-10
3.90866e-10
3.89126e-10
3.87395e-10
3.85671e-10
3.83954e-10
3.82245e-10
3.80544e-10
3.78851e-10
3.77165e-10
3.75486e-10
3.73815e-10
3.72152e-10
3.70495e-10
3.68847e-10
3.67205e-10
3.65571e-10
3.63944e-10
3.62324e-10
3.60712e-10
3.59106e-10
3.57508e-10
3.55917e-10
3.54333e-10
3.52756e-10
3.51186e-10
3.49623e-10
3.48067e-10
3.46518e-10
3.44976e-10
3.43441e-10
3.41912e-10
3.4039e-10
3.38876e-10
3.37367e-10
3.35866e-10
3.34371e-10
3.32883e-10
3.31401e-10
3.29926e-10
3.28458e-10
3.26996e-10
3.25541e-10
