Vec Object: Vec_0x55e2489620c0_0 1 MPI process
  type: seq
1.
0.999941
0.999882
0.999823
0.999764
0.999705
0.999646
0.999587
0.999528
0.999469
0.99941
0.999351
0.999292
0.999233
0.999174
0.999115
0.999056
0.998997
0.998938
0.998879
0.99882
0.998761
0.998702
0.998643
0.998584
0.998525
0.998466
0.998407
0.998348
0.998289
0.99823
0.998171
0.998112
0.998053
0.997994
0.997935
0.997876
0.997817
0.997758
0.997699
0.99764
0.997581
0.997522
0.997463
0.997404
0.997345
0.997286
0.997227
0.997168
0.997108
0.997049
0.99699
0.996931
0.996872
0.996813
0.996754
0.996695
0.996636
0.996577
0.996518
0.996459
0.9964
0.996341
0.996282
0.996222
0.996163
0.996104
0.996045
0.995986
0.995927
0.995868
0.995809
0.99575
0.995691
0.995632
0.995572
0.995513
0.995454
0.995395
0.995336
0.995277
0.995218
0.995159
0.9951
0.99504
0.994981
0.994922
0.994863
0.994804
0.994745
0.994686
0.994627
0.994567
0.994508
0.994449
0.99439
0.994331
0.994272
0.994213
0.994153
0.994094
0.994035
0.993976
0.993917
0.993858
0.993798
0.993739
0.99368
0.993621
0.993562
0.993503
0.993443
0.993384
0.993325
0.993266
0.993207
0.993148
0.993088
0.993029
0.99297
0.992911
0.992852
0.992792
0.992733
0.992674
0.992615
0.992556
0.992496
0.992437
0.992378
0.992319
0.99226
0.9922
0.992141
0.992082
0.992023
0.991964
0.991904
0.991845
0.991786
0.991727
0.991667
0.991608
0.991549
0.99149
0.99143
0.991371
0.991312
0.991253
0.991193
0.991134
0.991075
0.991016
0.990956
0.990897
0.990838
0.990779
0.990719
0.99066
0.990601
0.990542
0.990482
0.990423
0.990364
0.990305
0.990245
0.990186
0.990127
0.990067
0.990008
0.989949
0.98989
0.98983
0.989771
0.989712
0.989652
0.989593
0.989534
0.989474
0.989415
0.989356
0.989297
0.989237
0.989178
0.989119
0.989059
0.989
0.988941
0.988881
0.988822
0.988763
0.988703
0.988644
0.988585
0.988525
0.988466
0.988407
0.988347
0.988288
0.988229
0.988169
0.98811
0.988051
0.987991
0.987932
0.987872
0.987813
0.987754
0.987694
0.987635
0.987576
0.987516
0.987457
0.987398
0.987338
0.987279
0.987219
0.98716
0.987101
0.987041
0.986982
0.986922
0.986863
0.986804
0.986744
0.986685
0.986625
0.986566
0.986507
0.986447
0.986388
0.986328
0.986269
0.98621
0.98615
0.986091
0.986031
0.985972
0.985912
0.985853
0.985794
0.985734
0.985675
0.985615
0.985556
0.985496
0.985437
0.985377
0.985318
0.985258
0.985199
0.98514
0.98508
0.985021
0.984961
0.984902
0.984842
0.984783
0.984723
0.984664
0.984604
0.984545
0.984485
0.984426
0.984366
0.984307
0.984247
0.984188
0.984128
0.984069
0.984009
0.98395
0.98389
0.983831
0.983771
0.983712
0.983652
0.983593
0.983533
0.983474
0.983414
0.983355
0.983295
0.983236
0.983176
0.983117
0.983057
0.982998
0.982938
0.982878
0.982819
0.982759
0.9827
0.98264
0.982581
0.982521
0.982462
0.982402
0.982342
0.982283
0.982223
0.982164
0.982104
0.982045
0.981985
0.981925
0.981866
0.981806
0.981747
0.981687
0.981628
0.981568
0.981508
0.981449
0.981389
0.98133
0.98127
0.98121
0.981151
0.981091
0.981032
0.980972
0.980912
0.980853
0.980793
0.980733
0.980674
0.980614
0.980555
0.980495
0.980435
0.980376
0.980316
0.980256
0.980197
0.980137
0.980077
0.980018
0.979958
0.979898
0.979839
0.979779
0.979719
0.97966
0.9796
0.97954
0.979481
0.979421
0.979361
0.979302
0.979242
0.979182
0.979123
0.979063
0.979003
0.978944
0.978884
0.978824
0.978764
0.978705
0.978645
0.978585
0.978526
0.978466
0.978406
0.978346
0.978287
0.978227
0.978167
0.978108
0.978048
0.977988
0.977928
0.977869
0.977809
0.977749
0.977689
0.97763
0.97757
0.97751
0.97745
0.977391
0.977331
0.977271
0.977211
0.977151
0.977092
0.977032
0.976972
0.976912
0.976853
0.976793
0.976733
0.976673
0.976613
0.976554
0.976494
0.976434
0.976374
0.976314
0.976255
0.976195
0.976135
0.976075
0.976015
0.975956
0.975896
0.975836
0.975776
0.975716
0.975656
0.975597
0.975537
0.975477
0.975417
0.975357
0.975297
0.975238
0.975178
0.975118
0.975058
0.974998
0.974938
0.974878
0.974819
0.974759
0.974699
0.974639
0.974579
0.974519
0.974459
0.974399
0.974339
0.97428
0.97422
0.97416
0.9741
0.97404
0.97398
0.97392
0.97386
0.9738
0.97374
0.973681
0.973621
0.973561
0.973501
0.973441
0.973381
0.973321
0.973261
0.973201
0.973141
0.973081
0.973021
0.972961
0.972901
0.972841
0.972781
0.972721
0.972662
0.972602
0.972542
0.972482
0.972422
0.972362
0.972302
0.972242
0.972182
0.972122
0.972062
0.972002
0.971942
0.971882
0.971822
0.971762
0.971702
0.971642
0.971582
0.971522
0.971462
0.971402
0.971342
0.971282
0.971222
0.971162
0.971102
0.971042
0.970981
0.970921
0.970861
0.970801
0.970741
0.970681
0.970621
0.970561
0.970501
0.970441
0.970381
0.970321
0.970261
0.970201
0.970141
0.970081
0.97002
0.96996
0.9699
0.96984
0.96978
0.96972
0.96966
0.9696
0.96954
0.96948
0.96942
0.969359
0.969299
0.969239
0.969179
0.969119
0.969059
0.968999
0.968939
0.968878
0.968818
0.968758
0.968698
0.968638
0.968578
0.968518
0.968457
0.968397
0.968337
0.968277
0.968217
0.968157
0.968096
0.968036
0.967976
0.967916
0.967856
0.967795
0.967735
0.967675
0.967615
0.967555
0.967494
0.967434
0.967374
0.967314
0.967254
0.967193
0.967133
0.967073
0.967013
0.966953
0.966892
0.966832
0.966772
0.966712
0.966651
0.966591
0.966531
0.966471
0.96641
0.96635
0.96629
0.96623
0.966169
0.966109
0.966049
0.965988
0.965928
0.965868
0.965808
0.965747
0.965687
0.965627
0.965566
0.965506
0.965446
0.965386
0.965325
0.965265
0.965205
0.965144
0.965084
0.965024
0.964963
0.964903
0.964843
0.964782
0.964722
0.964662
0.964601
0.964541
0.964481
0.96442
0.96436
0.9643
0.964239
0.964179
0.964118
0.964058
0.963998
0.963937
0.963877
0.963817
0.963756
0.963696
0.963635
0.963575
0.963515
0.963454
0.963394
0.963333
0.963273
0.963213
0.963152
0.963092
0.963031
0.962971
0.96291
0.96285
0.96279
0.962729
0.962669
0.962608
0.962548
0.962487
0.962427
0.962366
0.962306
0.962245
0.962185
0.962124
0.962064
0.962004
0.961943
0.961883
0.961822
0.961762
0.961701
0.961641
0.96158
0.96152
0.961459
0.961399
0.961338
0.961277
0.961217
0.961156
0.961096
0.961035
0.960975
0.960914
0.960854
0.960793
0.960733
0.960672
0.960612
0.960551
0.96049
0.96043
0.960369
0.960309
0.960248
0.960188
0.960127
0.960066
0.960006
0.959945
0.959885
0.959824
0.959763
0.959703
0.959642
0.959582
0.959521
0.95946
0.9594
0.959339
0.959278
0.959218
0.959157
0.959097
0.959036
0.958975
0.958915
0.958854
0.958793
0.958733
0.958672
0.958611
0.958551
0.95849
0.958429
0.958369
0.958308
0.958247
0.958187
0.958126
0.958065
0.958004
0.957944
0.957883
0.957822
0.957762
0.957701
0.95764
0.957579
0.957519
0.957458
0.957397
0.957336
0.957276
0.957215
0.957154
0.957093
0.957033
0.956972
0.956911
0.95685
0.95679
0.956729
0.956668
0.956607
0.956546
0.956486
0.956425
0.956364
0.956303
0.956242
0.956182
0.956121
0.95606
0.955999
0.955938
0.955878
0.955817
0.955756
0.955695
0.955634
0.955573
0.955513
0.955452
0.955391
0.95533
0.955269
0.955208
0.955147
0.955086
0.955026
0.954965
0.954904
0.954843
0.954782
0.954721
0.95466
0.954599
0.954538
0.954478
0.954417
0.954356
0.954295
0.954234
0.954173
0.954112
0.954051
0.95399
0.953929
0.953868
0.953807
0.953746
0.953685
0.953624
0.953563
0.953502
0.953441
0.95338
0.953319
0.953258
0.953197
0.953136
0.953075
0.953014
0.952953
0.952892
0.952831
0.95277
0.952709
0.952648
0.952587
0.952526
0.952465
0.952404
0.952343
0.952282
0.952221
0.95216
0.952099
0.952038
0.951977
0.951916
0.951855
0.951793
0.951732
0.951671
0.95161
0.951549
0.951488
0.951427
0.951366
0.951305
0.951243
0.951182
0.951121
0.95106
0.950999
0.950938
0.950877
0.950816
0.950754
0.950693
0.950632
0.950571
0.95051
0.950449
0.950387
0.950326
0.950265
0.950204
0.950143
0.950081
0.95002
0.949959
0.949898
0.949837
0.949775
0.949714
0.949653
0.949592
0.94953
0.949469
0.949408
0.949347
0.949285
0.949224
0.949163
0.949102
0.94904
0.948979
0.948918
0.948856
0.948795
0.948734
0.948673
0.948611
0.94855
0.948489
0.948427
0.948366
0.948305
0.948243
0.948182
0.948121
0.948059
0.947998
0.947937
0.947875
0.947814
0.947753
0.947691
0.94763
0.947568
0.947507
0.947446
0.947384
0.947323
0.947261
0.9472
0.947139
0.947077
0.947016
0.946954
0.946893
0.946832
0.94677
0.946709
0.946647
0.946586
0.946524
0.946463
0.946401
0.94634
0.946278
0.946217
0.946155
0.946094
0.946033
0.945971
0.94591
0.945848
0.945786
0.945725
0.945663
0.945602
0.94554
0.945479
0.945417
0.945356
0.945294
0.945233
0.945171
0.94511
0.945048
0.944986
0.944925
0.944863
0.944802
0.94474
0.944678
0.944617
0.944555
0.944494
0.944432
0.94437
0.944309
0.944247
0.944186
0.944124
0.944062
0.944001
0.943939
0.943877
0.943816
0.943754
0.943692
0.943631
0.943569
0.943507
0.943446
0.943384
0.943322
0.94326
0.943199
0.943137
0.943075
0.943014
0.942952
0.94289
0.942828
0.942767
0.942705
0.942643
0.942581
0.94252
0.942458
0.942396
0.942334
0.942272
0.942211
0.942149
0.942087
0.942025
0.941963
0.941902
0.94184
0.941778
0.941716
0.941654
0.941592
0.94153
0.941469
0.941407
0.941345
0.941283
0.941221
0.941159
0.941097
0.941035
0.940974
0.940912
0.94085
0.940788
0.940726
0.940664
0.940602
0.94054
0.940478
0.940416
0.940354
0.940292
0.94023
0.940168
0.940106
0.940044
0.939982
0.93992
0.939858
0.939796
0.939734
0.939672
0.93961
0.939548
0.939486
0.939424
0.939362
0.9393
0.939238
0.939176
0.939114
0.939052
0.93899
0.938928
0.938866
0.938804
0.938741
0.938679
0.938617
0.938555
0.938493
0.938431
0.938369
0.938307
0.938244
0.938182
0.93812
0.938058
0.937996
0.937934
0.937871
0.937809
0.937747
0.937685
0.937623
0.93756
0.937498
0.937436
0.937374
0.937311
0.937249
0.937187
0.937125
0.937062
0.937
0.936938
0.936876
0.936813
0.936751
0.936689
0.936626
0.936564
0.936502
0.93644
0.936377
0.936315
0.936253
0.93619
0.936128
0.936065
0.936003
0.935941
0.935878
0.935816
0.935754
0.935691
0.935629
0.935566
0.935504
0.935442
0.935379
0.935317
0.935254
0.935192
0.935129
0.935067
0.935004
0.934942
0.934879
0.934817
0.934754
0.934692
0.934629
0.934567
0.934504
0.934442
0.934379
0.934317
0.934254
0.934192
0.934129
0.934067
0.934004
0.933941
0.933879
0.933816
0.933754
0.933691
0.933628
0.933566
0.933503
0.93344
0.933378
0.933315
0.933253
0.93319
0.933127
0.933064
0.933002
0.932939
0.932876
0.932814
0.932751
0.932688
0.932626
0.932563
0.9325
0.932437
0.932375
0.932312
0.932249
0.932186
0.932123
0.932061
0.931998
0.931935
0.931872
0.931809
0.931747
0.931684
0.931621
0.931558
0.931495
0.931432
0.931369
0.931307
0.931244
0.931181
0.931118
0.931055
0.930992
0.930929
0.930866
0.930803
0.93074
0.930677
0.930614
0.930551
0.930488
0.930425
0.930362
0.930299
0.930236
0.930173
0.93011
0.930047
0.929984
0.929921
0.929858
0.929795
0.929732
0.929669
0.929606
0.929543
0.92948
0.929416
0.929353
0.92929
0.929227
0.929164
0.929101
0.929038
0.928974
0.928911
0.928848
0.928785
0.928722
0.928658
0.928595
0.928532
0.928469
0.928405
0.928342
0.928279
0.928216
0.928152
0.928089
0.928026
0.927962
0.927899
0.927836
0.927772
0.927709
0.927646
0.927582
0.927519
0.927456
0.927392
0.927329
0.927265
0.927202
0.927139
0.927075
0.927012
0.926948
0.926885
0.926821
0.926758
0.926694
0.926631
0.926567
0.926504
0.92644
0.926377
0.926313
0.92625
0.926186
0.926122
0.926059
0.925995
0.925932
0.925868
0.925804
0.925741
0.925677
0.925613
0.92555
0.925486
0.925422
0.925359
0.925295
0.925231
0.925168
0.925104
0.92504
0.924976
0.924913
0.924849
0.924785
0.924721
0.924657
0.924594
0.92453
0.924466
0.924402
0.924338
0.924274
0.92421
0.924147
0.924083
0.924019
0.923955
0.923891
0.923827
0.923763
0.923699
0.923635
0.923571
0.923507
0.923443
0.923379
0.923315
0.923251
0.923187
0.923123
0.923059
0.922995
0.922931
0.922866
0.922802
0.922738
0.922674
0.92261
0.922546
0.922482
0.922417
0.922353
0.922289
0.922225
0.92216
0.922096
0.922032
0.921968
0.921903
0.921839
0.921775
0.92171
0.921646
0.921582
0.921517
0.921453
0.921389
0.921324
0.92126
0.921195
0.921131
0.921066
0.921002
0.920938
0.920873
0.920809
0.920744
0.92068
0.920615
0.92055
0.920486
0.920421
0.920357
0.920292
0.920227
0.920163
0.920098
0.920033
0.919969
0.919904
0.919839
0.919775
0.91971
0.919645
0.91958
0.919516
0.919451
0.919386
0.919321
0.919256
0.919192
0.919127
0.919062
0.918997
0.918932
0.918867
0.918802
0.918737
0.918672
0.918607
0.918542
0.918477
0.918412
0.918347
0.918282
0.918217
0.918152
0.918087
0.918022
0.917957
0.917891
0.917826
0.917761
0.917696
0.917631
0.917565
0.9175
0.917435
0.91737
0.917304
0.917239
0.917174
0.917108
0.917043
0.916978
0.916912
0.916847
0.916781
0.916716
0.91665
0.916585
0.916519
0.916454
0.916388
0.916323
0.916257
0.916192
0.916126
0.91606
0.915995
0.915929
0.915863
0.915798
0.915732
0.915666
0.9156
0.915535
0.915469
0.915403
0.915337
0.915271
0.915205
0.915139
0.915073
0.915007
0.914942
0.914876
0.91481
0.914743
0.914677
0.914611
0.914545
0.914479
0.914413
0.914347
0.914281
0.914214
0.914148
0.914082
0.914016
0.913949
0.913883
0.913817
0.91375
0.913684
0.913618
0.913551
0.913485
0.913418
0.913352
0.913285
0.913219
0.913152
0.913086
0.913019
0.912952
0.912886
0.912819
0.912752
0.912685
0.912619
0.912552
0.912485
0.912418
0.912351
0.912284
0.912218
0.912151
0.912084
0.912017
0.91195
0.911883
0.911815
0.911748
0.911681
0.911614
0.911547
0.91148
0.911412
0.911345
0.911278
0.91121
0.911143
0.911076
0.911008
0.910941
0.910873
0.910806
0.910738
0.910671
0.910603
0.910536
0.910468
0.9104
0.910332
0.910265
0.910197
0.910129
0.910061
0.909993
0.909925
0.909858
0.90979
0.909722
0.909653
0.909585
0.909517
0.909449
0.909381
0.909313
0.909245
0.909176
0.909108
0.90904
0.908971
0.908903
0.908834
0.908766
0.908697
0.908629
0.90856
0.908492
0.908423
0.908354
0.908285
0.908217
0.908148
0.908079
0.90801
0.907941
0.907872
0.907803
0.907734
0.907665
0.907596
0.907527
0.907458
0.907389
0.907319
0.90725
0.907181
0.907111
0.907042
0.906972
0.906903
0.906833
0.906764
0.906694
0.906625
0.906555
0.906485
0.906415
0.906345
0.906276
0.906206
0.906136
0.906066
0.905996
0.905926
0.905856
0.905785
0.905715
0.905645
0.905575
0.905504
0.905434
0.905364
0.905293
0.905223
0.905152
0.905082
0.905011
0.90494
0.90487
0.904799
0.904728
0.904657
0.904586
0.904515
0.904444
0.904373
0.904302
0.904231
0.90416
0.904089
0.904018
0.903946
0.903875
0.903803
0.903732
0.903661
0.903589
0.903518
0.903446
0.903374
0.903303
0.903231
0.903159
0.903087
0.903015
0.902943
0.902871
0.902799
0.902727
0.902655
0.902583
0.902511
0.902438
0.902366
0.902294
0.902221
0.902149
0.902076
0.902004
0.901931
0.901859
0.901786
0.901713
0.90164
0.901568
0.901495
0.901422
0.901349
0.901276
0.901203
0.90113
0.901056
0.900983
0.90091
0.900837
0.900763
0.90069
0.900616
0.900543
0.900469
0.900396
0.900322
0.900248
0.900175
0.900101
0.900027
0.899953
0.899879
0.899805
0.899731
0.899657
0.899583
0.899508
0.899434
0.89936
0.899286
0.899211
0.899137
0.899062
0.898988
0.898913
0.898838
0.898764
0.898689
0.898614
0.898539
0.898464
0.898389
0.898314
0.898239
0.898164
0.898089
0.898014
0.897938
0.897863
0.897788
0.897712
0.897637
0.897561
0.897486
0.89741
0.897334
0.897259
0.897183
0.897107
0.897031
0.896955
0.896879
0.896803
0.896727
0.896651
0.896575
0.896499
0.896422
0.896346
0.89627
0.896193
0.896117
0.89604
0.895963
0.895887
0.89581
0.895733
0.895657
0.89558
0.895503
0.895426
0.895349
0.895272
0.895195
0.895117
0.89504
0.894963
0.894885
0.894808
0.894731
0.894653
0.894576
0.894498
0.89442
0.894343
0.894265
0.894187
0.894109
0.894031
0.893953
0.893875
0.893797
0.893719
0.893641
0.893563
0.893484
0.893406
0.893327
0.893249
0.89317
0.893092
0.893013
0.892935
0.892856
0.892777
0.892698
0.892619
0.89254
0.892461
0.892382
0.892303
0.892224
0.892145
0.892066
0.891986
0.891907
0.891827
0.891748
0.891668
0.891589
0.891509
0.891429
0.89135
0.89127
0.89119
0.89111
0.89103
0.89095
0.89087
0.89079
0.890709
0.890629
0.890549
0.890469
0.890388
0.890308
0.890227
0.890146
0.890066
0.889985
0.889904
0.889824
0.889743
0.889662
0.889581
0.8895
0.889419
0.889337
0.889256
0.889175
0.889094
0.889012
0.888931
0.888849
0.888768
0.888686
0.888605
0.888523
0.888441
0.888359
0.888277
0.888195
0.888114
0.888031
0.887949
0.887867
0.887785
0.887703
0.88762
0.887538
0.887456
0.887373
0.88729
0.887208
0.887125
0.887042
0.88696
0.886877
0.886794
0.886711
0.886628
0.886545
0.886462
0.886379
0.886295
0.886212
0.886129
0.886045
0.885962
0.885878
0.885795
0.885711
0.885627
0.885543
0.88546
0.885376
0.885292
0.885208
0.885124
0.88504
0.884955
0.884871
0.884787
0.884703
0.884618
0.884534
0.884449
0.884365
0.88428
0.884195
0.884111
0.884026
0.883941
0.883856
0.883771
0.883686
0.883601
0.883516
0.88343
0.883345
0.88326
0.883174
0.883089
0.883003
0.882918
0.882832
0.882746
0.882661
0.882575
0.882489
0.882403
0.882317
0.882231
0.882145
0.882059
0.881973
0.881886
0.8818
0.881713
0.881627
0.88154
0.881454
0.881367
0.881281
0.881194
0.881107
0.88102
0.880933
0.880846
0.880759
0.880672
0.880585
0.880497
0.88041
0.880323
0.880235
0.880148
0.88006
0.879973
0.879885
0.879797
0.879709
0.879622
0.879534
0.879446
0.879358
0.879269
0.879181
0.879093
0.879005
0.878916
0.878828
0.87874
0.878651
0.878562
0.878474
0.878385
0.878296
0.878207
0.878119
0.87803
0.877941
0.877852
0.877762
0.877673
0.877584
0.877495
0.877405
0.877316
0.877226
0.877137
0.877047
0.876957
0.876868
0.876778
0.876688
0.876598
0.876508
0.876418
0.876328
0.876237
0.876147
0.876057
0.875966
0.875876
0.875785
0.875695
0.875604
0.875514
0.875423
0.875332
0.875241
0.87515
0.875059
0.874968
0.874877
0.874786
0.874694
0.874603
0.874512
0.87442
0.874329
0.874237
0.874145
0.874054
0.873962
0.87387
0.873778
0.873686
0.873594
0.873502
0.87341
0.873318
0.873225
0.873133
0.873041
0.872948
0.872856
0.872763
0.87267
0.872578
0.872485
0.872392
0.872299
0.872206
0.872113
0.87202
0.871927
0.871833
0.87174
0.871647
0.871553
0.87146
0.871366
0.871272
0.871179
0.871085
0.870991
0.870897
0.870803
0.870709
0.870615
0.870521
0.870427
0.870332
0.870238
0.870144
0.870049
0.869955
0.86986
0.869765
0.86967
0.869576
0.869481
0.869386
0.869291
0.869196
0.869101
0.869005
0.86891
0.868815
0.868719
0.868624
0.868528
0.868433
0.868337
0.868241
0.868145
0.868049
0.867954
0.867858
0.867761
0.867665
0.867569
0.867473
0.867376
0.86728
0.867184
0.867087
0.86699
0.866894
0.866797
0.8667
0.866603
0.866506
0.866409
0.866312
0.866215
0.866118
0.866021
0.865923
0.865826
0.865728
0.865631
0.865533
0.865435
0.865338
0.86524
0.865142
0.865044
0.864946
0.864848
0.86475
0.864651
0.864553
0.864455
0.864356
0.864258
0.864159
0.86406
0.863962
0.863863
0.863764
0.863665
0.863566
0.863467
0.863368
0.863269
0.86317
0.86307
0.862971
0.862871
0.862772
0.862672
0.862572
0.862473
0.862373
0.862273
0.862173
0.862073
0.861973
0.861873
0.861772
0.861672
0.861572
0.861471
0.861371
0.86127
0.86117
0.861069
0.860968
0.860867
0.860766
0.860665
0.860564
0.860463
0.860362
0.86026
0.860159
0.860058
0.859956
0.859855
0.859753
0.859651
0.859549
0.859448
0.859346
0.859244
0.859142
0.859039
0.858937
0.858835
0.858733
0.85863
0.858528
0.858425
0.858322
0.85822
0.858117
0.858014
0.857911
0.857808
0.857705
0.857602
0.857499
0.857395
0.857292
0.857189
0.857085
0.856982
0.856878
0.856774
0.85667
0.856567
0.856463
0.856359
0.856255
0.85615
0.856046
0.855942
0.855838
0.855733
0.855629
0.855524
0.855419
0.855315
0.85521
0.855105
0.855
0.854895
0.85479
0.854685
0.85458
0.854474
0.854369
0.854263
0.854158
0.854052
0.853947
0.853841
0.853735
0.853629
0.853523
0.853417
0.853311
0.853205
0.853098
0.852992
0.852886
0.852779
0.852673
0.852566
0.852459
0.852352
0.852246
0.852139
0.852032
0.851925
0.851817
0.85171
0.851603
0.851495
0.851388
0.85128
0.851173
0.851065
0.850957
0.85085
0.850742
0.850634
0.850526
0.850417
0.850309
0.850201
0.850093
0.849984
0.849876
0.849767
0.849658
0.84955
0.849441
0.849332
0.849223
0.849114
0.849005
0.848896
0.848786
0.848677
0.848568
0.848458
0.848349
0.848239
0.848129
0.848019
0.847909
0.847799
0.847689
0.847579
0.847469
0.847359
0.847249
0.847138
0.847028
0.846917
0.846806
0.846696
0.846585
0.846474
0.846363
0.846252
0.846141
0.84603
0.845918
0.845807
0.845696
0.845584
0.845473
0.845361
0.845249
0.845137
0.845026
0.844914
0.844802
0.844689
0.844577
0.844465
0.844353
0.84424
0.844128
0.844015
0.843902
0.84379
0.843677
0.843564
0.843451
0.843338
0.843225
0.843111
0.842998
0.842885
0.842771
0.842658
0.842544
0.84243
0.842317
0.842203
0.842089
0.841975
0.841861
0.841747
0.841632
0.841518
0.841404
0.841289
0.841175
0.84106
0.840945
0.84083
0.840716
0.840601
0.840486
0.84037
0.840255
0.84014
0.840025
0.839909
0.839794
0.839678
0.839562
0.839447
0.839331
0.839215
0.839099
0.838983
0.838866
0.83875
0.838634
0.838517
0.838401
0.838284
0.838168
0.838051
0.837934
0.837817
0.8377
0.837583
0.837466
0.837349
0.837231
0.837114
0.836997
0.836879
0.836761
0.836644
0.836526
0.836408
0.83629
0.836172
0.836054
0.835936
0.835817
0.835699
0.835581
0.835462
0.835343
0.835225
0.835106
0.834987
0.834868
0.834749
0.83463
0.834511
0.834391
0.834272
0.834153
0.834033
0.833913
0.833794
0.833674
0.833554
0.833434
0.833314
0.833194
0.833074
0.832953
0.832833
0.832713
0.832592
0.832471
0.832351
0.83223
0.832109
0.831988
0.831867
0.831746
0.831625
0.831503
0.831382
0.831261
0.831139
0.831017
0.830896
0.830774
0.830652
0.83053
0.830408
0.830286
0.830163
0.830041
0.829919
0.829796
0.829674
0.829551
0.829428
0.829305
0.829183
0.82906
0.828936
0.828813
0.82869
0.828567
0.828443
0.82832
0.828196
0.828072
0.827949
0.827825
0.827701
0.827577
0.827453
0.827329
0.827204
0.82708
0.826955
0.826831
0.826706
0.826581
0.826457
0.826332
0.826207
0.826082
0.825957
0.825831
0.825706
0.825581
0.825455
0.825329
0.825204
0.825078
0.824952
0.824826
0.8247
0.824574
0.824448
0.824321
0.824195
0.824069
0.823942
0.823815
0.823689
0.823562
0.823435
0.823308
0.823181
0.823054
0.822926
0.822799
0.822672
0.822544
0.822416
0.822289
0.822161
0.822033
0.821905
0.821777
0.821649
0.821521
0.821392
0.821264
0.821135
0.821007
0.820878
0.820749
0.82062
0.820491
0.820362
0.820233
0.820104
0.819975
0.819845
0.819716
0.819586
0.819456
0.819327
0.819197
0.819067
0.818937
0.818807
0.818676
0.818546
0.818416
0.818285
0.818155
0.818024
0.817893
0.817762
0.817631
0.8175
0.817369
0.817238
0.817107
0.816975
0.816844
0.816712
0.81658
0.816449
0.816317
0.816185
0.816053
0.815921
0.815788
0.815656
0.815524
0.815391
0.815258
0.815126
0.814993
0.81486
0.814727
0.814594
0.814461
0.814328
0.814194
0.814061
0.813927
0.813794
0.81366
0.813526
0.813392
0.813258
0.813124
0.81299
0.812856
0.812721
0.812587
0.812452
0.812318
0.812183
0.812048
0.811913
0.811778
0.811643
0.811508
0.811372
0.811237
0.811101
0.810966
0.81083
0.810694
0.810559
0.810423
0.810286
0.81015
0.810014
0.809878
0.809741
0.809605
0.809468
0.809331
0.809195
0.809058
0.808921
0.808783
0.808646
0.808509
0.808372
0.808234
0.808096
0.807959
0.807821
0.807683
0.807545
0.807407
0.807269
0.807131
0.806992
0.806854
0.806715
0.806577
0.806438
0.806299
0.80616
0.806021
0.805882
0.805743
0.805603
0.805464
0.805324
0.805185
0.805045
0.804905
0.804765
0.804625
0.804485
0.804345
0.804205
0.804064
0.803924
0.803783
0.803643
0.803502
0.803361
0.80322
0.803079
0.802938
0.802796
0.802655
0.802514
0.802372
0.80223
0.802089
0.801947
0.801805
0.801663
0.80152
0.801378
0.801236
0.801093
0.800951
0.800808
0.800665
0.800522
0.80038
0.800236
0.800093
0.79995
0.799807
0.799663
0.79952
0.799376
0.799232
0.799088
0.798944
0.7988
0.798656
0.798512
0.798368
0.798223
0.798079
0.797934
0.797789
0.797644
0.797499
0.797354
0.797209
0.797064
0.796918
0.796773
0.796627
0.796482
0.796336
0.79619
0.796044
0.795898
0.795752
0.795606
0.795459
0.795313
0.795166
0.795019
0.794873
0.794726
0.794579
0.794432
0.794284
0.794137
0.79399
0.793842
0.793695
0.793547
0.793399
0.793251
0.793103
0.792955
0.792807
0.792658
0.79251
0.792362
0.792213
0.792064
0.791915
0.791766
0.791617
0.791468
0.791319
0.791169
0.79102
0.79087
0.790721
0.790571
0.790421
0.790271
0.790121
0.789971
0.789821
0.78967
0.78952
0.789369
0.789218
0.789067
0.788916
0.788765
0.788614
0.788463
0.788312
0.78816
0.788009
0.787857
0.787705
0.787553
0.787401
0.787249
0.787097
0.786945
0.786792
0.78664
0.786487
0.786335
0.786182
0.786029
0.785876
0.785723
0.785569
0.785416
0.785262
0.785109
0.784955
0.784801
0.784647
0.784493
0.784339
0.784185
0.784031
0.783876
0.783722
0.783567
0.783412
0.783258
0.783103
0.782947
0.782792
0.782637
0.782482
0.782326
0.78217
0.782015
0.781859
0.781703
0.781547
0.781391
0.781234
0.781078
0.780922
0.780765
0.780608
0.780451
0.780295
0.780138
0.77998
0.779823
0.779666
0.779508
0.779351
0.779193
0.779035
0.778877
0.778719
0.778561
0.778403
0.778245
0.778086
0.777928
0.777769
0.77761
0.777451
0.777292
0.777133
0.776974
0.776814
0.776655
0.776495
0.776336
0.776176
0.776016
0.775856
0.775696
0.775536
0.775375
0.775215
0.775054
0.774894
0.774733
0.774572
0.774411
0.77425
0.774089
0.773927
0.773766
0.773604
0.773443
0.773281
0.773119
0.772957
0.772795
0.772632
0.77247
0.772308
0.772145
0.771982
0.771819
0.771657
0.771494
0.77133
0.771167
0.771004
0.77084
0.770677
0.770513
0.770349
0.770185
0.770021
0.769857
0.769693
0.769528
0.769364
0.769199
0.769034
0.768869
0.768704
0.768539
0.768374
0.768209
0.768043
0.767878
0.767712
0.767546
0.767381
0.767215
0.767048
0.766882
0.766716
0.766549
0.766383
0.766216
0.766049
0.765882
0.765715
0.765548
0.765381
0.765213
0.765046
0.764878
0.764711
0.764543
0.764375
0.764207
0.764038
0.76387
0.763702
0.763533
0.763364
0.763196
0.763027
0.762858
0.762688
0.762519
0.76235
0.76218
0.762011
0.761841
0.761671
0.761501
0.761331
0.761161
0.76099
0.76082
0.760649
0.760479
0.760308
0.760137
0.759966
0.759795
0.759624
0.759452
0.759281
0.759109
0.758937
0.758765
0.758593
0.758421
0.758249
0.758077
0.757904
0.757732
0.757559
0.757386
0.757213
0.75704
0.756867
0.756694
0.75652
0.756347
0.756173
0.755999
0.755825
0.755651
0.755477
0.755303
0.755128
0.754954
0.754779
0.754604
0.75443
0.754255
0.754079
0.753904
0.753729
0.753553
0.753378
0.753202
0.753026
0.75285
0.752674
0.752498
0.752322
0.752145
0.751968
0.751792
0.751615
0.751438
0.751261
0.751084
0.750906
0.750729
0.750551
0.750374
0.750196
0.750018
0.74984
0.749662
0.749483
0.749305
0.749126
0.748948
0.748769
0.74859
0.748411
0.748232
0.748052
0.747873
0.747693
0.747514
0.747334
0.747154
0.746974
0.746794
0.746614
0.746433
0.746253
0.746072
0.745891
0.74571
0.745529
0.745348
0.745167
0.744985
0.744804
0.744622
0.74444
0.744258
0.744076
0.743894
0.743712
0.743529
0.743347
0.743164
0.742981
0.742798
0.742615
0.742432
0.742249
0.742065
0.741882
0.741698
0.741514
0.74133
0.741146
0.740962
0.740778
0.740593
0.740409
0.740224
0.740039
0.739854
0.739669
0.739484
0.739298
0.739113
0.738927
0.738741
0.738556
0.73837
0.738183
0.737997
0.737811
0.737624
0.737438
0.737251
0.737064
0.736877
0.73669
0.736502
0.736315
0.736127
0.73594
0.735752
0.735564
0.735376
0.735188
0.734999
0.734811
0.734622
0.734433
0.734245
0.734056
0.733867
0.733677
0.733488
0.733298
0.733109
0.732919
0.732729
0.732539
0.732349
0.732158
0.731968
0.731777
0.731587
0.731396
0.731205
0.731014
0.730823
0.730631
0.73044
0.730248
0.730056
0.729865
0.729672
0.72948
0.729288
0.729096
0.728903
0.72871
0.728518
0.728325
0.728131
0.727938
0.727745
0.727551
0.727358
0.727164
0.72697
0.726776
0.726582
0.726388
0.726193
0.725999
0.725804
0.725609
0.725414
0.725219
0.725024
0.724828
0.724633
0.724437
0.724241
0.724046
0.72385
0.723653
0.723457
0.723261
0.723064
0.722867
0.72267
0.722473
0.722276
0.722079
0.721882
0.721684
0.721486
0.721288
0.721091
0.720892
0.720694
0.720496
0.720297
0.720099
0.7199
0.719701
0.719502
0.719303
0.719103
0.718904
0.718704
0.718505
0.718305
0.718105
0.717905
0.717704
0.717504
0.717303
0.717103
0.716902
0.716701
0.7165
0.716298
0.716097
0.715895
0.715694
0.715492
0.71529
0.715088
0.714885
0.714683
0.714481
0.714278
0.714075
0.713872
0.713669
0.713466
0.713262
0.713059
0.712855
0.712652
0.712448
0.712244
0.712039
0.711835
0.711631
0.711426
0.711221
0.711016
0.710811
0.710606
0.710401
0.710195
0.70999
0.709784
0.709578
0.709372
0.709166
0.708959
0.708753
0.708546
0.708339
0.708132
0.707925
0.707718
0.707511
0.707303
0.707096
0.706888
0.70668
0.706472
0.706264
0.706056
0.705847
0.705638
0.70543
0.705221
0.705012
0.704803
0.704593
0.704384
0.704174
0.703964
0.703754
0.703544
0.703334
0.703124
0.702913
0.702703
0.702492
0.702281
0.70207
0.701859
0.701647
0.701436
0.701224
0.701012
0.7008
0.700588
0.700376
0.700163
0.699951
0.699738
0.699525
0.699312
0.699099
0.698886
0.698673
0.698459
0.698245
0.698031
0.697817
0.697603
0.697389
0.697174
0.69696
0.696745
0.69653
0.696315
0.6961
0.695885
0.695669
0.695453
0.695238
0.695022
0.694806
0.694589
0.694373
0.694156
0.69394
0.693723
0.693506
0.693289
0.693072
0.692854
0.692636
0.692419
0.692201
0.691983
0.691765
0.691546
0.691328
0.691109
0.69089
0.690671
0.690452
0.690233
0.690014
0.689794
0.689575
0.689355
0.689135
0.688915
0.688694
0.688474
0.688253
0.688032
0.687812
0.687591
0.687369
0.687148
0.686926
0.686705
0.686483
0.686261
0.686039
0.685817
0.685594
0.685372
0.685149
0.684926
0.684703
0.68448
0.684256
0.684033
0.683809
0.683585
0.683361
0.683137
0.682913
0.682689
0.682464
0.682239
0.682014
0.681789
0.681564
0.681339
0.681113
0.680888
0.680662
0.680436
0.68021
0.679983
0.679757
0.67953
0.679304
0.679077
0.67885
0.678622
0.678395
0.678168
0.67794
0.677712
0.677484
0.677256
0.677028
0.676799
0.67657
0.676342
0.676113
0.675884
0.675654
0.675425
0.675195
0.674966
0.674736
0.674506
0.674275
0.674045
0.673815
0.673584
0.673353
0.673122
0.672891
0.67266
0.672428
0.672196
0.671965
0.671733
0.671501
0.671268
0.671036
0.670803
0.670571
0.670338
0.670105
0.669871
0.669638
0.669404
0.669171
0.668937
0.668703
0.668469
0.668234
0.668
0.667765
0.66753
0.667295
0.66706
0.666825
0.666589
0.666354
0.666118
0.665882
0.665646
0.66541
0.665173
0.664936
0.6647
0.664463
0.664226
0.663988
0.663751
0.663513
0.663276
0.663038
0.6628
0.662561
0.662323
0.662084
0.661846
0.661607
0.661368
0.661129
0.660889
0.66065
0.66041
0.66017
0.65993
0.65969
0.659449
0.659209
0.658968
0.658727
0.658486
0.658245
0.658004
0.657762
0.65752
0.657279
0.657037
0.656794
0.656552
0.65631
0.656067
0.655824
0.655581
0.655338
0.655094
0.654851
0.654607
0.654363
0.654119
0.653875
0.653631
0.653386
0.653142
0.652897
0.652652
0.652407
0.652161
0.651916
0.65167
0.651424
0.651178
0.650932
0.650686
0.650439
0.650192
0.649945
0.649698
0.649451
0.649204
0.648956
0.648708
0.648461
0.648213
0.647964
0.647716
0.647467
0.647219
0.64697
0.646721
0.646471
0.646222
0.645972
0.645723
0.645473
0.645223
0.644972
0.644722
0.644471
0.64422
0.643969
0.643718
0.643467
0.643216
0.642964
0.642712
0.64246
0.642208
0.641956
0.641703
0.64145
0.641198
0.640945
0.640691
0.640438
0.640185
0.639931
0.639677
0.639423
0.639169
0.638914
0.63866
0.638405
0.63815
0.637895
0.63764
0.637384
0.637128
0.636873
0.636617
0.636361
0.636104
0.635848
0.635591
0.635334
0.635077
0.63482
0.634563
0.634305
0.634047
0.633789
0.633531
0.633273
0.633015
0.632756
0.632497
0.632238
0.631979
0.63172
0.63146
0.631201
0.630941
0.630681
0.630421
0.63016
0.6299
0.629639
0.629378
0.629117
0.628856
0.628594
0.628333
0.628071
0.627809
0.627547
0.627284
0.627022
0.626759
0.626496
0.626233
0.62597
0.625707
0.625443
0.625179
0.624915
0.624651
0.624387
0.624122
0.623858
0.623593
0.623328
0.623063
0.622797
0.622532
0.622266
0.622
0.621734
0.621468
0.621201
0.620935
0.620668
0.620401
0.620134
0.619866
0.619599
0.619331
0.619063
0.618795
0.618527
0.618258
0.617989
0.617721
0.617452
0.617182
0.616913
0.616643
0.616374
0.616104
0.615834
0.615563
0.615293
0.615022
0.614751
0.61448
0.614209
0.613938
0.613666
0.613394
0.613122
0.61285
0.612578
0.612305
0.612033
0.61176
0.611487
0.611213
0.61094
0.610666
0.610393
0.610119
0.609844
0.60957
0.609295
0.609021
0.608746
0.608471
0.608195
0.60792
0.607644
0.607368
0.607092
0.606816
0.60654
0.606263
0.605986
0.605709
0.605432
0.605155
0.604877
0.604599
0.604322
0.604043
0.603765
0.603487
0.603208
0.602929
0.60265
0.602371
0.602091
0.601812
0.601532
0.601252
0.600972
0.600691
0.600411
0.60013
0.599849
0.599568
0.599287
0.599005
0.598723
0.598441
0.598159
0.597877
0.597595
0.597312
0.597029
0.596746
0.596463
0.596179
0.595896
0.595612
0.595328
0.595044
0.594759
0.594475
0.59419
0.593905
0.59362
0.593334
0.593049
0.592763
0.592477
0.592191
0.591905
0.591618
0.591332
0.591045
0.590758
0.59047
0.590183
0.589895
0.589607
0.589319
0.589031
0.588742
0.588454
0.588165
0.587876
0.587587
0.587297
0.587008
0.586718
0.586428
0.586138
0.585847
0.585557
0.585266
0.584975
0.584684
0.584392
0.584101
0.583809
0.583517
0.583225
0.582932
0.58264
0.582347
0.582054
0.581761
0.581467
0.581174
0.58088
0.580586
0.580292
0.579998
0.579703
0.579408
0.579113
0.578818
0.578523
0.578227
0.577932
0.577636
0.57734
0.577043
0.576747
0.57645
0.576153
0.575856
0.575559
0.575261
0.574963
0.574665
0.574367
0.574069
0.57377
0.573472
0.573173
0.572874
0.572574
0.572275
0.571975
0.571675
0.571375
0.571075
0.570774
0.570473
0.570172
0.569871
0.56957
0.569268
0.568966
0.568664
0.568362
0.56806
0.567757
0.567455
0.567152
0.566848
0.566545
0.566241
0.565938
0.565634
0.565329
0.565025
0.56472
0.564416
0.564111
0.563805
0.5635
0.563194
0.562888
0.562582
0.562276
0.56197
0.561663
0.561356
0.561049
0.560742
0.560434
0.560127
0.559819
0.559511
0.559202
0.558894
0.558585
0.558276
0.557967
0.557658
0.557348
0.557038
0.556728
0.556418
0.556108
0.555797
0.555487
0.555176
0.554864
0.554553
0.554241
0.553929
0.553617
0.553305
0.552993
0.55268
0.552367
0.552054
0.551741
0.551427
0.551114
0.5508
0.550486
0.550171
0.549857
0.549542
0.549227
0.548912
0.548596
0.548281
0.547965
0.547649
0.547333
0.547016
0.5467
0.546383
0.546066
0.545748
0.545431
0.545113
0.544795
0.544477
0.544159
0.54384
0.543521
0.543202
0.542883
0.542564
0.542244
0.541924
0.541604
0.541284
0.540964
0.540643
0.540322
0.540001
0.539679
0.539358
0.539036
0.538714
0.538392
0.53807
0.537747
0.537424
0.537101
0.536778
0.536454
0.536131
0.535807
0.535483
0.535158
0.534834
0.534509
0.534184
0.533859
0.533533
0.533208
0.532882
0.532556
0.53223
0.531903
0.531576
0.531249
0.530922
0.530595
0.530267
0.52994
0.529612
0.529283
0.528955
0.528626
0.528297
0.527968
0.527639
0.527309
0.52698
0.52665
0.526319
0.525989
0.525658
0.525328
0.524996
0.524665
0.524334
0.524002
0.52367
0.523338
0.523005
0.522673
0.52234
0.522007
0.521674
0.52134
0.521006
0.520673
0.520338
0.520004
0.519669
0.519335
0.519
0.518664
0.518329
0.517993
0.517657
0.517321
0.516985
0.516648
0.516311
0.515974
0.515637
0.5153
0.514962
0.514624
0.514286
0.513947
0.513609
0.51327
0.512931
0.512592
0.512252
0.511913
0.511573
0.511232
0.510892
0.510551
0.510211
0.50987
0.509528
0.509187
0.508845
0.508503
0.508161
0.507819
0.507476
0.507133
0.50679
0.506447
0.506103
0.505759
0.505415
0.505071
0.504727
0.504382
0.504037
0.503692
0.503347
0.503001
0.502655
0.502309
0.501963
0.501617
0.50127
0.500923
0.500576
0.500229
0.499881
0.499533
0.499185
0.498837
0.498488
0.49814
0.497791
0.497441
0.497092
0.496742
0.496392
0.496042
0.495692
0.495341
0.494991
0.494639
0.494288
0.493937
0.493585
0.493233
0.492881
0.492528
0.492176
0.491823
0.49147
0.491116
0.490763
0.490409
0.490055
0.489701
0.489346
0.488992
0.488637
0.488281
0.487926
0.48757
0.487214
0.486858
0.486502
0.486145
0.485789
0.485432
0.485074
0.484717
0.484359
0.484001
0.483643
0.483284
0.482926
0.482567
0.482208
0.481848
0.481489
0.481129
0.480769
0.480408
0.480048
0.479687
0.479326
0.478965
0.478603
0.478242
0.47788
0.477518
0.477155
0.476792
0.47643
0.476066
0.475703
0.47534
0.474976
0.474612
0.474247
0.473883
0.473518
0.473153
0.472788
0.472422
0.472057
0.471691
0.471324
0.470958
0.470591
0.470224
0.469857
0.46949
0.469122
0.468754
0.468386
0.468018
0.467649
0.467281
0.466912
0.466542
0.466173
0.465803
0.465433
0.465063
0.464692
0.464322
0.463951
0.463579
0.463208
0.462836
0.462464
0.462092
0.46172
0.461347
0.460974
0.460601
0.460228
0.459854
0.45948
0.459106
0.458732
0.458358
0.457983
0.457608
0.457232
0.456857
0.456481
0.456105
0.455729
0.455353
0.454976
0.454599
0.454222
0.453844
0.453467
0.453089
0.45271
0.452332
0.451953
0.451574
0.451195
0.450816
0.450436
0.450056
0.449676
0.449296
0.448915
0.448535
0.448153
0.447772
0.447391
0.447009
0.446627
0.446244
0.445862
0.445479
0.445096
0.444713
0.444329
0.443946
0.443562
0.443177
0.442793
0.442408
0.442023
0.441638
0.441252
0.440867
0.440481
0.440094
0.439708
0.439321
0.438934
0.438547
0.43816
0.437772
0.437384
0.436996
0.436608
0.436219
0.43583
0.435441
0.435051
0.434662
0.434272
0.433882
0.433491
0.433101
0.43271
0.432319
0.431927
0.431536
0.431144
0.430752
0.430359
0.429967
0.429574
0.429181
0.428787
0.428394
0.428
0.427606
0.427211
0.426817
0.426422
0.426027
0.425631
0.425236
0.42484
0.424444
0.424048
0.423651
0.423254
0.422857
0.42246
0.422062
0.421664
0.421266
0.420868
0.420469
0.42007
0.419671
0.419272
0.418872
0.418473
0.418073
0.417672
0.417272
0.416871
0.41647
0.416068
0.415667
0.415265
0.414863
0.41446
0.414058
0.413655
0.413252
0.412849
0.412445
0.412041
0.411637
0.411233
0.410828
0.410423
0.410018
0.409613
0.409207
0.408801
0.408395
0.407989
0.407582
0.407175
0.406768
0.406361
0.405953
0.405545
0.405137
0.404729
0.40432
0.403911
0.403502
0.403093
0.402683
0.402273
0.401863
0.401452
0.401042
0.400631
0.40022
0.399808
0.399397
0.398985
0.398572
0.39816
0.397747
0.397334
0.396921
0.396508
0.396094
0.39568
0.395266
0.394851
0.394437
0.394022
0.393606
0.393191
0.392775
0.392359
0.391943
0.391526
0.39111
0.390693
0.390275
0.389858
0.38944
0.389022
0.388604
0.388185
0.387766
0.387347
0.386928
0.386508
0.386088
0.385668
0.385248
0.384827
0.384407
0.383985
0.383564
0.383142
0.382721
0.382298
0.381876
0.381453
0.38103
0.380607
0.380184
0.37976
0.379336
0.378912
0.378488
0.378063
0.377638
0.377213
0.376787
0.376362
0.375936
0.375509
0.375083
0.374656
0.374229
0.373802
0.373374
0.372947
0.372519
0.37209
0.371662
0.371233
0.370804
0.370374
0.369945
0.369515
0.369085
0.368655
0.368224
0.367793
0.367362
0.366931
0.366499
0.366067
0.365635
0.365203
0.36477
0.364337
0.363904
0.36347
0.363037
0.362603
0.362168
0.361734
0.361299
0.360864
0.360429
0.359994
0.359558
0.359122
0.358685
0.358249
0.357812
0.357375
0.356938
0.3565
0.356062
0.355624
0.355186
0.354747
0.354309
0.353869
0.35343
0.35299
0.352551
0.35211
0.35167
0.351229
0.350788
0.350347
0.349906
0.349464
0.349022
0.34858
0.348137
0.347695
0.347252
0.346809
0.346365
0.345921
0.345477
0.345033
0.344588
0.344144
0.343699
0.343253
0.342808
0.342362
0.341916
0.34147
0.341023
0.340576
0.340129
0.339682
0.339234
0.338786
0.338338
0.33789
0.337441
0.336992
0.336543
0.336093
0.335644
0.335194
0.334744
0.334293
0.333842
0.333391
0.33294
0.332489
0.332037
0.331585
0.331133
0.33068
0.330227
0.329774
0.329321
0.328868
0.328414
0.32796
0.327505
0.327051
0.326596
0.326141
0.325686
0.32523
0.324774
0.324318
0.323862
0.323405
0.322948
0.322491
0.322034
0.321576
0.321118
0.32066
0.320201
0.319743
0.319284
0.318825
0.318365
0.317906
0.317446
0.316985
0.316525
0.316064
0.315603
0.315142
0.31468
0.314219
0.313757
0.313294
0.312832
0.312369
0.311906
0.311443
0.310979
0.310516
0.310052
0.309587
0.309123
0.308658
0.308193
0.307728
0.307262
0.306796
0.30633
0.305864
0.305397
0.30493
0.304463
0.303996
0.303528
0.303061
0.302593
0.302124
0.301656
0.301187
0.300718
0.300248
0.299779
0.299309
0.298839
0.298368
0.297898
0.297427
0.296956
0.296484
0.296013
0.295541
0.295069
0.294596
0.294124
0.293651
0.293178
0.292705
0.292231
0.291757
0.291283
0.290809
0.290334
0.289859
0.289384
0.288909
0.288433
0.287957
0.287481
0.287005
0.286528
0.286051
0.285574
0.285097
0.284619
0.284141
0.283663
0.283185
0.282706
0.282228
0.281749
0.281269
0.28079
0.28031
0.27983
0.279349
0.278869
0.278388
0.277907
0.277426
0.276944
0.276463
0.275981
0.275498
0.275016
0.274533
0.27405
0.273567
0.273083
0.2726
0.272116
0.271632
0.271147
0.270663
0.270178
0.269693
0.269207
0.268722
0.268236
0.26775
0.267263
0.266777
0.26629
0.265803
0.265315
0.264828
0.26434
0.263852
0.263364
0.262875
0.262387
0.261898
0.261409
0.260919
0.260429
0.25994
0.259449
0.258959
0.258468
0.257978
0.257487
0.256995
0.256504
0.256012
0.25552
0.255028
0.254535
0.254043
0.25355
0.253057
0.252563
0.25207
0.251576
0.251082
0.250587
0.250093
0.249598
0.249103
0.248608
0.248112
0.247617
0.247121
0.246625
0.246129
0.245632
0.245135
0.244638
0.244141
0.243643
0.243146
0.242648
0.24215
0.241651
0.241153
0.240654
0.240155
0.239656
0.239156
0.238657
0.238157
0.237657
0.237157
0.236656
0.236155
0.235654
0.235153
0.234652
0.23415
0.233648
0.233146
0.232644
0.232142
0.231639
0.231136
0.230633
0.23013
0.229626
0.229122
0.228619
0.228114
0.22761
0.227105
0.226601
0.226096
0.225591
0.225085
0.22458
0.224074
0.223568
0.223062
0.222555
0.222049
0.221542
0.221035
0.220528
0.22002
0.219513
0.219005
0.218497
0.217989
0.21748
0.216972
0.216463
0.215954
0.215445
0.214936
0.214426
0.213916
0.213406
0.212896
0.212386
0.211876
0.211365
0.210854
0.210343
0.209832
0.20932
0.208809
0.208297
0.207785
0.207273
0.206761
0.206248
0.205735
0.205223
0.20471
0.204196
0.203683
0.203169
0.202656
0.202142
0.201628
0.201113
0.200599
0.200084
0.19957
0.199055
0.19854
0.198024
0.197509
0.196993
0.196477
0.195962
0.195445
0.194929
0.194413
0.193896
0.19338
0.192863
0.192346
0.191828
0.191311
0.190794
0.190276
0.189758
0.18924
0.188722
0.188204
0.187685
0.187167
0.186648
0.186129
0.18561
0.185091
0.184572
0.184053
0.183533
0.183013
0.182494
0.181974
0.181454
0.180933
0.180413
0.179893
0.179372
0.178851
0.178331
0.17781
0.177288
0.176767
0.176246
0.175725
0.175203
0.174681
0.174159
0.173638
0.173116
0.172593
0.172071
0.171549
0.171026
0.170504
0.169981
0.169458
0.168935
0.168412
0.167889
0.167366
0.166843
0.16632
0.165796
0.165273
0.164749
0.164225
0.163701
0.163178
0.162654
0.16213
0.161605
0.161081
0.160557
0.160033
0.159508
0.158984
0.158459
0.157934
0.15741
0.156885
0.15636
0.155835
0.15531
0.154785
0.15426
0.153735
0.15321
0.152685
0.152159
0.151634
0.151109
0.150583
0.150058
0.149532
0.149007
0.148481
0.147956
0.14743
0.146905
0.146379
0.145853
0.145328
0.144802
0.144276
0.143751
0.143225
0.142699
0.142173
0.141648
0.141122
0.140596
0.14007
0.139545
0.139019
0.138493
0.137967
0.137442
0.136916
0.13639
0.135865
0.135339
0.134813
0.134288
0.133762
0.133237
0.132711
0.132186
0.131661
0.131135
0.13061
0.130085
0.12956
0.129035
0.12851
0.127985
0.12746
0.126935
0.12641
0.125886
0.125361
0.124837
0.124312
0.123788
0.123264
0.122739
0.122215
0.121692
0.121168
0.120644
0.12012
0.119597
0.119074
0.11855
0.118027
0.117504
0.116981
0.116459
0.115936
0.115414
0.114892
0.114369
0.113847
0.113326
0.112804
0.112283
0.111761
0.11124
0.110719
0.110199
0.109678
0.109158
0.108638
0.108118
0.107598
0.107079
0.106559
0.10604
0.105521
0.105003
0.104484
0.103966
0.103448
0.102931
0.102413
0.101896
0.101379
0.100863
0.100346
0.0998303
0.0993146
0.0987991
0.098284
0.0977691
0.0972545
0.0967403
0.0962264
0.0957128
0.0951995
0.0946866
0.094174
0.0936617
0.0931498
0.0926382
0.0921271
0.0916163
0.0911058
0.0905958
0.0900861
0.0895768
0.0890679
0.0885595
0.0880514
0.0875438
0.0870366
0.0865298
0.0860235
0.0855176
0.0850122
0.0845072
0.0840027
0.0834987
0.0829951
0.0824921
0.0819895
0.0814875
0.0809859
0.0804849
0.0799844
0.0794844
0.078985
0.0784861
0.0779878
0.0774901
0.0769929
0.0764964
0.0760004
0.075505
0.0750102
0.074516
0.0740225
0.0735296
0.0730373
0.0725457
0.0720547
0.0715645
0.0710749
0.070586
0.0700977
0.0696102
0.0691235
0.0686374
0.0681521
0.0676675
0.0671837
0.0667006
0.0662184
0.0657369
0.0652562
0.0647763
0.0642973
0.0638191
0.0633417
0.0628651
0.0623895
0.0619147
0.0614408
0.0609678
0.0604957
0.0600245
0.0595542
0.0590849
0.0586166
0.0581492
0.0576828
0.0572174
0.056753
0.0562896
0.0558273
0.055366
0.0549057
0.0544466
0.0539885
0.0535315
0.0530756
0.0526208
0.0521672
0.0517147
0.0512634
0.0508133
0.0503643
0.0499166
0.0494701
0.0490248
0.0485808
0.048138
0.0476965
0.0472564
0.0468175
0.0463799
0.0459437
0.0455089
0.0450754
0.0446433
0.0442127
0.0437834
0.0433556
0.0429292
0.0425043
0.0420809
0.041659
0.0412386
0.0408197
0.0404024
0.0399867
0.0395725
0.03916
0.0387491
0.0383398
0.0379321
0.0375262
0.0371219
0.0367193
0.0363185
0.0359194
0.035522
0.0351265
0.0347327
0.0343408
0.0339507
0.0335624
0.033176
0.0327915
0.0324089
0.0320282
0.0316495
0.0312727
0.0308979
0.0305251
0.0301544
0.0297856
0.0294189
0.0290543
0.0286918
0.0283313
0.027973
0.0276168
0.0272628
0.026911
0.0265614
0.026214
0.0258688
0.0255258
0.0251851
0.0248468
0.0245107
0.0241769
0.0238454
0.0235163
0.0231896
0.0228653
0.0225433
0.0222238
0.0219067
0.021592
0.0212798
0.0209701
0.0206629
0.0203581
0.0200559
0.0197562
0.0194591
0.0191645
0.0188725
0.018583
0.0182962
0.018012
0.0177303
0.0174513
0.017175
0.0169012
0.0166302
0.0163618
0.016096
0.015833
0.0155726
0.0153149
0.01506
0.0148077
0.0145581
0.0143113
0.0140671
0.0138257
0.013587
0.0133511
0.0131179
0.0128874
0.0126596
0.0124345
0.0122122
0.0119926
0.0117758
0.0115616
0.0113502
0.0111415
0.0109355
0.0107322
0.0105316
0.0103338
0.0101385
0.00994601
0.00975615
0.00956894
0.00938439
0.00920248
0.0090232
0.00884653
0.00867247
0.00850101
0.00833212
0.00816579
0.00800202
0.00784079
0.00768207
0.00752585
0.00737213
0.00722087
0.00707206
0.00692568
0.00678172
0.00664016
0.00650097
0.00636413
0.00622963
0.00609744
0.00596755
0.00583992
0.00571455
0.00559139
0.00547044
0.00535167
0.00523506
0.00512058
0.0050082
0.00489791
0.00478968
0.00468349
0.0045793
0.00447711
0.00437687
0.00427856
0.00418217
0.00408766
0.00399501
0.00390419
0.00381518
0.00372795
0.00364247
0.00355873
0.00347669
0.00339633
0.00331762
0.00324054
0.00316506
0.00309116
0.00301881
0.00294799
0.00287866
0.00281081
0.00274442
0.00267944
0.00261588
0.00255368
0.00249284
0.00243333
0.00237513
0.00231821
0.00226254
0.00220811
0.00215489
0.00210287
0.00205201
0.00200229
0.0019537
0.00190621
0.0018598
0.00181444
0.00177013
0.00172683
0.00168453
0.0016432
0.00160284
0.00156341
0.00152489
0.00148728
0.00145055
0.00141468
0.00137965
0.00134545
0.00131205
0.00127945
0.00124763
0.00121656
0.00118623
0.00115662
0.00112773
0.00109953
0.00107201
0.00104515
0.00101893
0.000993358
0.0009684
0.000944049
0.00092029
0.000897109
0.000874494
0.000852431
0.000830909
0.000809914
0.000789435
0.000769459
0.000749974
0.000730971
0.000712436
0.000694359
0.00067673
0.000659538
0.000642772
0.000626423
0.000610481
0.000594936
0.000579778
0.000564998
0.000550588
0.000536538
0.000522839
0.000509484
0.000496464
0.000483771
0.000471397
0.000459334
0.000447574
0.000436111
0.000424937
0.000414045
0.000403428
0.000393079
0.000382992
0.000373161
0.000363578
0.000354238
0.000345136
0.000336264
0.000327617
0.000319191
0.000310978
0.000302975
0.000295175
0.000287574
0.000280167
0.000272948
0.000265914
0.000259059
0.00025238
0.000245871
0.000239528
0.000233348
0.000227325
0.000221457
0.00021574
0.000210168
0.00020474
0.00019945
0.000194297
0.000189275
0.000184383
0.000179616
0.000174972
0.000170446
0.000166038
0.000161742
0.000157557
0.00015348
0.000149508
0.000145638
0.000141867
0.000138194
0.000134615
0.000131129
0.000127732
0.000124423
0.000121199
0.000118059
0.000114999
0.000112019
0.000109115
0.000106287
0.000103531
0.000100847
9.82317e-05
9.56842e-05
9.32026e-05
9.07851e-05
8.84301e-05
8.6136e-05
8.39013e-05
8.17243e-05
7.96037e-05
7.75379e-05
7.55256e-05
7.35654e-05
7.16559e-05
6.97958e-05
6.7984e-05
6.6219e-05
6.44997e-05
6.2825e-05
6.11937e-05
5.96046e-05
5.80567e-05
5.6549e-05
5.50803e-05
5.36496e-05
5.22561e-05
5.08987e-05
4.95764e-05
4.82885e-05
4.7034e-05
4.5812e-05
4.46217e-05
4.34623e-05
4.23329e-05
4.12329e-05
4.01614e-05
3.91177e-05
3.81011e-05
3.71109e-05
3.61463e-05
3.52069e-05
3.42918e-05
3.34004e-05
3.25322e-05
3.16865e-05
3.08628e-05
3.00605e-05
2.9279e-05
2.85178e-05
2.77764e-05
2.70543e-05
2.63509e-05
2.56657e-05
2.49984e-05
2.43484e-05
2.37153e-05
2.30986e-05
2.2498e-05
2.19129e-05
2.13431e-05
2.07881e-05
2.02475e-05
1.97209e-05
1.9208e-05
1.87085e-05
1.82219e-05
1.7748e-05
1.72864e-05
1.68368e-05
1.63989e-05
1.59724e-05
1.55569e-05
1.51523e-05
1.47581e-05
1.43743e-05
1.40004e-05
1.36362e-05
1.32815e-05
1.2936e-05
1.25995e-05
1.22717e-05
1.19525e-05
1.16416e-05
1.13387e-05
1.10438e-05
1.07565e-05
1.04766e-05
1.02041e-05
9.93861e-06
9.68005e-06
9.42821e-06
9.18292e-06
8.94402e-06
8.71132e-06
8.48468e-06
8.26393e-06
8.04893e-06
7.83951e-06
7.63555e-06
7.43689e-06
7.24339e-06
7.05493e-06
6.87137e-06
6.69259e-06
6.51845e-06
6.34885e-06
6.18366e-06
6.02276e-06
5.86605e-06
5.71342e-06
5.56476e-06
5.41997e-06
5.27894e-06
5.14158e-06
5.00779e-06
4.87749e-06
4.75057e-06
4.62696e-06
4.50656e-06
4.3893e-06
4.27508e-06
4.16384e-06
4.05549e-06
3.94996e-06
3.84718e-06
3.74707e-06
3.64957e-06
3.5546e-06
3.4621e-06
3.37201e-06
3.28427e-06
3.1988e-06
3.11556e-06
3.03449e-06
2.95552e-06
2.87861e-06
2.80371e-06
2.73075e-06
2.65969e-06
2.59047e-06
2.52306e-06
2.45741e-06
2.39346e-06
2.33117e-06
2.27051e-06
2.21142e-06
2.15387e-06
2.09782e-06
2.04323e-06
1.99006e-06
1.93827e-06
1.88783e-06
1.8387e-06
1.79086e-06
1.74425e-06
1.69886e-06
1.65465e-06
1.61159e-06
1.56965e-06
1.5288e-06
1.48902e-06
1.45027e-06
1.41253e-06
1.37577e-06
1.33996e-06
1.30509e-06
1.27113e-06
1.23805e-06
1.20583e-06
1.17445e-06
1.14389e-06
1.11412e-06
1.08512e-06
1.05688e-06
1.02938e-06
1.00259e-06
9.76499e-07
9.51087e-07
9.26335e-07
9.02228e-07
8.78748e-07
8.5588e-07
8.33606e-07
8.11912e-07
7.90782e-07
7.70203e-07
7.50159e-07
7.30636e-07
7.11622e-07
6.93102e-07
6.75065e-07
6.57496e-07
6.40385e-07
6.2372e-07
6.07488e-07
5.91678e-07
5.7628e-07
5.61282e-07
5.46675e-07
5.32448e-07
5.18591e-07
5.05095e-07
4.9195e-07
4.79148e-07
4.66678e-07
4.54533e-07
4.42704e-07
4.31182e-07
4.19961e-07
4.09032e-07
3.98387e-07
3.88019e-07
3.77921e-07
3.68085e-07
3.58506e-07
3.49176e-07
3.40089e-07
3.31238e-07
3.22618e-07
3.14222e-07
3.06044e-07
2.98079e-07
2.90322e-07
2.82766e-07
2.75407e-07
2.6824e-07
2.61259e-07
2.5446e-07
2.47837e-07
2.41387e-07
2.35105e-07
2.28987e-07
2.23027e-07
2.17223e-07
2.1157e-07
2.06064e-07
2.00701e-07
1.95478e-07
1.9039e-07
1.85436e-07
1.8061e-07
1.75909e-07
1.71331e-07
1.66872e-07
1.6253e-07
1.583e-07
1.5418e-07
1.50167e-07
1.46259e-07
1.42453e-07
1.38746e-07
1.35135e-07
1.31618e-07
1.28192e-07
1.24856e-07
1.21607e-07
1.18442e-07
1.1536e-07
1.12357e-07
1.09433e-07
1.06585e-07
1.03811e-07
1.0111e-07
9.84783e-08
9.59154e-08
9.34192e-08
9.0988e-08
8.862e-08
8.63137e-08
8.40673e-08
8.18795e-08
7.97486e-08
7.76731e-08
7.56517e-08
7.36828e-08
7.17652e-08
6.98975e-08
6.80784e-08
6.63067e-08
6.45811e-08
6.29003e-08
6.12633e-08
5.9669e-08
5.81161e-08
5.66036e-08
5.51305e-08
5.36957e-08
5.22983e-08
5.09372e-08
4.96116e-08
4.83204e-08
4.70629e-08
4.58381e-08
4.46451e-08
4.34832e-08
4.23516e-08
4.12494e-08
4.01758e-08
3.91303e-08
3.81119e-08
3.712e-08
3.6154e-08
3.52131e-08
3.42966e-08
3.34041e-08
3.25347e-08
3.1688e-08
3.08633e-08
3.00601e-08
2.92778e-08
2.85158e-08
2.77737e-08
2.70509e-08
2.63469e-08
2.56612e-08
2.49934e-08
2.43429e-08
2.37094e-08
2.30923e-08
2.24914e-08
2.1906e-08
2.13359e-08
2.07807e-08
2.02398e-08
1.97131e-08
1.92001e-08
1.87004e-08
1.82137e-08
1.77397e-08
1.7278e-08
1.68283e-08
1.63904e-08
1.59638e-08
1.55484e-08
1.51437e-08
1.47496e-08
1.43657e-08
1.39919e-08
1.36277e-08
1.32731e-08
1.29276e-08
1.25912e-08
1.22635e-08
1.19443e-08
1.16335e-08
1.13307e-08
1.10358e-08
1.07486e-08
1.04689e-08
1.01964e-08
9.93108e-09
9.67262e-09
9.42089e-09
9.17571e-09
8.93691e-09
8.70433e-09
8.47779e-09
8.25716e-09
8.04227e-09
7.83296e-09
7.62911e-09
7.43056e-09
7.23718e-09
7.04883e-09
6.86539e-09
6.68671e-09
6.51269e-09
6.3432e-09
6.17811e-09
6.01733e-09
5.86073e-09
5.7082e-09
5.55964e-09
5.41495e-09
5.27403e-09
5.13677e-09
5.00309e-09
4.87288e-09
4.74606e-09
4.62255e-09
4.50224e-09
4.38507e-09
4.27095e-09
4.1598e-09
4.05154e-09
3.9461e-09
3.8434e-09
3.74337e-09
3.64595e-09
3.55107e-09
3.45865e-09
3.36864e-09
3.28097e-09
3.19558e-09
3.11242e-09
3.03141e-09
2.95252e-09
2.87568e-09
2.80084e-09
2.72795e-09
2.65695e-09
2.58781e-09
2.52046e-09
2.45486e-09
2.39098e-09
2.32875e-09
2.26814e-09
2.20911e-09
2.15162e-09
2.09563e-09
2.04109e-09
1.98797e-09
1.93623e-09
1.88584e-09
1.83676e-09
1.78896e-09
1.7424e-09
1.69705e-09
1.65289e-09
1.60987e-09
1.56797e-09
1.52717e-09
1.48742e-09
1.44871e-09
1.41101e-09
1.37429e-09
1.33852e-09
1.30369e-09
1.26976e-09
1.23671e-09
1.20453e-09
1.17318e-09
1.14265e-09
1.11291e-09
1.08395e-09
1.05574e-09
1.02826e-09
1.0015e-09
9.75436e-10
9.5005e-10
9.25325e-10
9.01243e-10
8.77788e-10
8.54943e-10
8.32693e-10
8.11022e-10
7.89915e-10
7.69358e-10
7.49335e-10
7.29834e-10
7.1084e-10
6.9234e-10
6.74322e-10
6.56772e-10
6.3968e-10
6.23032e-10
6.06818e-10
5.91025e-10
5.75643e-10
5.60662e-10
5.46071e-10
5.31859e-10
5.18018e-10
5.04536e-10
4.91406e-10
4.78617e-10
4.66161e-10
4.54029e-10
4.42213e-10
4.30704e-10
4.19495e-10
4.08577e-10
3.97944e-10
3.87588e-10
3.77501e-10
3.67676e-10
3.58107e-10
3.48787e-10
3.3971e-10
3.30869e-10
3.22258e-10
3.13871e-10
3.05703e-10
2.97747e-10
2.89998e-10
2.82451e-10
2.751e-10
2.67941e-10
2.60967e-10
2.54176e-10
2.47561e-10
2.41118e-10
2.34843e-10
2.28731e-10
2.22778e-10
2.1698e-10
2.11333e-10
2.05833e-10
2.00477e-10
1.95259e-10
1.90177e-10
1.85228e-10
1.80408e-10
1.75712e-10
1.71139e-10
1.66686e-10
1.62348e-10
1.58122e-10
1.54007e-10
1.49999e-10
1.46095e-10
1.42293e-10
1.3859e-10
1.34983e-10
1.3147e-10
1.28049e-10
1.24716e-10
1.21471e-10
1.18309e-10
1.1523e-10
1.12231e-10
1.0931e-10
1.06466e-10
1.03695e-10
1.00996e-10
9.83678e-11
9.58077e-11
9.33143e-11
9.08858e-11
8.85205e-11
8.62167e-11
8.39729e-11
8.17875e-11
7.9659e-11
7.75859e-11
7.55667e-11
7.36001e-11
7.16846e-11
6.9819e-11
6.80019e-11
6.62322e-11
6.45085e-11
6.28296e-11
6.11945e-11
5.96019e-11
5.80508e-11
5.654e-11
5.50685e-11
5.36353e-11
5.22395e-11
5.08799e-11
4.95558e-11
4.82661e-11
4.701e-11
4.57865e-11
4.45949e-11
4.34343e-11
4.23039e-11
4.1203e-11
4.01307e-11
3.90863e-11
3.8069e-11
3.70783e-11
3.61133e-11
3.51735e-11
3.42581e-11
3.33665e-11
3.24981e-11
3.16524e-11
3.08286e-11
3.00263e-11
2.92448e-11
2.84837e-11
2.77425e-11
2.70205e-11
2.63172e-11
2.56323e-11
2.49652e-11
2.43155e-11
2.36827e-11
2.30664e-11
2.24661e-11
2.18814e-11
2.13119e-11
2.07573e-11
2.02171e-11
1.96909e-11
1.91784e-11
1.86793e-11
1.81932e-11
1.77197e-11
1.72586e-11
1.68094e-11
1.63719e-11
1.59458e-11
1.55309e-11
1.51267e-11
1.4733e-11
1.43496e-11
1.39761e-11
1.36124e-11
1.32581e-11
1.29131e-11
1.2577e-11
1.22497e-11
1.19309e-11
1.16204e-11
1.1318e-11
1.10234e-11
1.07365e-11
1.04571e-11
1.0185e-11
9.91989e-12
9.66173e-12
9.41028e-12
9.16538e-12
8.92685e-12
8.69452e-12
8.46825e-12
8.24786e-12
8.03321e-12
7.82414e-12
7.62052e-12
7.42219e-12
7.22903e-12
7.04089e-12
6.85765e-12
6.67918e-12
6.50536e-12
6.33605e-12
6.17116e-12
6.01055e-12
5.85413e-12
5.70177e-12
5.55338e-12
5.40885e-12
5.26809e-12
5.13099e-12
4.99745e-12
4.86739e-12
4.74072e-12
4.61734e-12
4.49717e-12
4.38013e-12
4.26614e-12
4.15511e-12
4.04697e-12
3.94165e-12
3.83907e-12
3.73916e-12
3.64185e-12
3.54707e-12
3.45475e-12
3.36484e-12
3.27727e-12
3.19198e-12
3.10891e-12
3.028e-12
2.9492e-12
2.87244e-12
2.79769e-12
2.72488e-12
2.65396e-12
2.58489e-12
2.51762e-12
2.4521e-12
2.38828e-12
2.32613e-12
2.26559e-12
2.20663e-12
2.1492e-12
2.09327e-12
2.03879e-12
1.98573e-12
1.93405e-12
1.88372e-12
1.83469e-12
1.78694e-12
1.74044e-12
1.69514e-12
1.65103e-12
1.60806e-12
1.56621e-12
1.52545e-12
1.48575e-12
1.44708e-12
1.40942e-12
1.37274e-12
1.33701e-12
1.30222e-12
1.26833e-12
1.23532e-12
1.20317e-12
1.17186e-12
1.14136e-12
1.11166e-12
1.08272e-12
1.05455e-12
1.0271e-12
1.00037e-12
9.74336e-13
9.48979e-13
9.24282e-13
9.00227e-13
8.76799e-13
8.5398e-13
8.31755e-13
8.10108e-13
7.89025e-13
7.68491e-13
7.48491e-13
7.29011e-13
7.10039e-13
6.9156e-13
6.73562e-13
6.56032e-13
6.38959e-13
6.2233e-13
6.06134e-13
5.90359e-13
5.74995e-13
5.6003e-13
5.45456e-13
5.3126e-13
5.17434e-13
5.03968e-13
4.90852e-13
4.78077e-13
4.65635e-13
4.53517e-13
4.41714e-13
4.30219e-13
4.19022e-13
4.08117e-13
3.97496e-13
3.87151e-13
3.77075e-13
3.67262e-13
3.57704e-13
3.48394e-13
3.39327e-13
3.30496e-13
3.21895e-13
3.13518e-13
3.05358e-13
2.97411e-13
2.89671e-13
2.82132e-13
2.7479e-13
2.67638e-13
2.60673e-13
2.53889e-13
2.47282e-13
2.40846e-13
2.34578e-13
2.28473e-13
2.22527e-13
2.16736e-13
2.11095e-13
2.05601e-13
2.00251e-13
1.95039e-13
1.89963e-13
1.85019e-13
1.80204e-13
1.75514e-13
1.70947e-13
1.66498e-13
1.62164e-13
1.57944e-13
1.53834e-13
1.4983e-13
1.45931e-13
1.42133e-13
1.38434e-13
1.34831e-13
1.31322e-13
1.27904e-13
1.24576e-13
1.21334e-13
1.18176e-13
1.151e-13
1.12105e-13
1.09187e-13
1.06346e-13
1.03578e-13
1.00882e-13
9.82569e-14
9.56997e-14
9.32091e-14
9.07834e-14
8.84207e-14
8.61195e-14
8.38783e-14
8.16953e-14
7.95692e-14
7.74984e-14
7.54815e-14
7.35171e-14
7.16038e-14
6.97403e-14
6.79253e-14
6.61575e-14
6.44358e-14
6.27588e-14
6.11255e-14
5.95347e-14
5.79853e-14
5.64762e-14
5.50064e-14
5.35749e-14
5.21806e-14
5.08226e-14
4.94999e-14
4.82117e-14
4.6957e-14
4.57349e-14
4.45446e-14
4.33854e-14
4.22562e-14
4.11565e-14
4.00854e-14
3.90422e-14
3.80261e-14
3.70365e-14
3.60726e-14
3.51338e-14
3.42194e-14
3.33289e-14
3.24615e-14
3.16167e-14
3.07938e-14
2.99924e-14
2.92119e-14
2.84516e-14
2.77112e-14
2.699e-14
2.62876e-14
2.56034e-14
2.49371e-14
2.42881e-14
2.3656e-14
2.30403e-14
2.24407e-14
2.18567e-14
2.12879e-14
2.07339e-14
2.01943e-14
1.96687e-14
1.91568e-14
1.86583e-14
1.81727e-14
1.76997e-14
1.72391e-14
1.67904e-14
1.63535e-14
1.59279e-14
1.55133e-14
1.51096e-14
1.47164e-14
1.43334e-14
1.39603e-14
1.3597e-14
1.32432e-14
1.28985e-14
1.25628e-14
1.22359e-14
1.19174e-14
1.16073e-14
1.13052e-14
1.1011e-14
1.07244e-14
1.04453e-14
1.01735e-14
9.90871e-15
9.65083e-15
9.39967e-15
9.15504e-15
8.91678e-15
8.68472e-15
8.4587e-15
8.23856e-15
8.02415e-15
7.81532e-15
7.61192e-15
7.41382e-15
7.22088e-15
7.03295e-15
6.84992e-15
6.67165e-15
6.49802e-15
6.32891e-15
6.1642e-15
6.00377e-15
5.84752e-15
5.69534e-15
5.54712e-15
5.40275e-15
5.26215e-15
5.1252e-15
4.99181e-15
4.8619e-15
4.73537e-15
4.61213e-15
4.4921e-15
4.37519e-15
4.26133e-15
4.15043e-15
4.04241e-15
3.93721e-15
3.83474e-15
3.73494e-15
3.63774e-15
3.54306e-15
3.45086e-15
3.36105e-15
3.27358e-15
3.18838e-15
3.1054e-15
3.02458e-15
2.94587e-15
2.8692e-15
2.79453e-15
2.7218e-15
2.65097e-15
2.58197e-15
2.51478e-15
2.44933e-15
2.38559e-15
2.3235e-15
2.26303e-15
2.20414e-15
2.14677e-15
2.0909e-15
2.03649e-15
1.98349e-15
1.93187e-15
1.88159e-15
1.83262e-15
1.78493e-15
1.73847e-15
1.69323e-15
1.64916e-15
1.60624e-15
1.56444e-15
1.52373e-15
1.48407e-15
1.44545e-15
1.40783e-15
1.37119e-15
1.33551e-15
1.30075e-15
1.2669e-15
1.23393e-15
1.20181e-15
1.17053e-15
1.14007e-15
1.1104e-15
1.0815e-15
1.05336e-15
1.02594e-15
9.99242e-16
9.73237e-16
9.47908e-16
9.23239e-16
8.99211e-16
8.75809e-16
8.53016e-16
8.30816e-16
8.09194e-16
7.88135e-16
7.67624e-16
7.47646e-16
7.28188e-16
7.09237e-16
6.90779e-16
6.72802e-16
6.55292e-16
6.38238e-16
6.21628e-16
6.0545e-16
5.89693e-16
5.74346e-16
5.59398e-16
5.4484e-16
5.3066e-16
5.1685e-16
5.03399e-16
4.90298e-16
4.77538e-16
4.6511e-16
4.53005e-16
4.41216e-16
4.29733e-16
4.18549e-16
4.07656e-16
3.97047e-16
3.86714e-16
3.7665e-16
3.66847e-16
3.573e-16
3.48001e-16
3.38944e-16
3.30123e-16
3.21532e-16
3.13164e-16
3.05014e-16
2.97076e-16
2.89344e-16
2.81814e-16
2.7448e-16
2.67336e-16
2.60379e-16
2.53603e-16
2.47003e-16
2.40574e-16
2.34313e-16
2.28215e-16
2.22276e-16
2.16491e-16
2.10857e-16
2.05369e-16
2.00025e-16
1.94819e-16
1.89749e-16
1.8481e-16
1.80001e-16
1.75316e-16
1.70754e-16
1.6631e-16
1.61981e-16
1.57766e-16
1.5366e-16
1.49661e-16
1.45766e-16
1.41972e-16
1.38278e-16
1.34679e-16
1.31174e-16
1.2776e-16
1.24435e-16
1.21197e-16
1.18042e-16
1.1497e-16
1.11978e-16
1.09064e-16
1.06226e-16
1.03461e-16
1.00768e-16
9.8146e-17
9.55917e-17
9.31039e-17
9.06809e-17
8.83209e-17
8.60223e-17
8.37836e-17
8.16031e-17
7.94794e-17
7.74109e-17
7.53963e-17
7.34341e-17
7.15229e-17
6.96615e-17
6.78486e-17
6.60828e-17
6.4363e-17
6.2688e-17
6.10565e-17
5.94675e-17
5.79198e-17
5.64125e-17
5.49443e-17
5.35144e-17
5.21217e-17
5.07652e-17
4.9444e-17
4.81572e-17
4.69039e-17
4.56833e-17
4.44943e-17
4.33364e-17
4.22085e-17
4.11101e-17
4.00402e-17
3.89981e-17
3.79832e-17
3.69947e-17
3.60319e-17
3.50941e-17
3.41808e-17
3.32912e-17
3.24248e-17
3.1581e-17
3.07591e-17
2.99586e-17
2.91789e-17
2.84195e-17
2.76799e-17
2.69595e-17
2.62579e-17
2.55745e-17
2.49089e-17
2.42607e-17
2.36293e-17
2.30143e-17
2.24154e-17
2.1832e-17
2.12638e-17
2.07104e-17
2.01714e-17
1.96465e-17
1.91352e-17
1.86372e-17
1.81522e-17
1.76797e-17
1.72196e-17
1.67715e-17
1.6335e-17
1.59099e-17
1.54958e-17
1.50925e-17
1.46998e-17
1.43172e-17
1.39446e-17
1.35817e-17
1.32282e-17
1.28839e-17
1.25486e-17
1.22221e-17
1.1904e-17
1.15942e-17
1.12924e-17
1.09985e-17
1.07123e-17
1.04335e-17
1.0162e-17
9.89752e-18
9.63993e-18
9.38905e-18
9.1447e-18
8.90671e-18
8.67491e-18
8.44914e-18
8.22925e-18
8.01509e-18
7.80649e-18
7.60333e-18
7.40545e-18
7.21272e-18
7.02501e-18
6.84218e-18
6.66411e-18
6.49068e-18
6.32176e-18
6.15723e-18
5.99699e-18
5.84092e-18
5.68891e-18
5.54085e-18
5.39665e-18
5.2562e-18
5.11941e-18
4.98618e-18
4.85641e-18
4.73002e-18
4.60692e-18
4.48703e-18
4.37025e-18
4.25651e-18
4.14574e-18
4.03784e-18
3.93276e-18
3.83041e-18
3.73072e-18
3.63363e-18
3.53906e-18
3.44696e-18
3.35725e-18
3.26988e-18
3.18478e-18
3.10189e-18
3.02117e-18
2.94254e-18
2.86596e-18
2.79137e-18
2.71873e-18
2.64797e-18
2.57906e-18
2.51194e-18
2.44656e-18
2.38289e-18
2.32088e-18
2.26048e-18
2.20165e-18
2.14435e-18
2.08854e-18
2.03419e-18
1.98125e-18
1.92968e-18
1.87946e-18
1.83055e-18
1.78291e-18
1.73651e-18
1.69132e-18
1.6473e-18
1.60443e-18
1.56267e-18
1.522e-18
1.48239e-18
1.44381e-18
1.40624e-18
1.36964e-18
1.334e-18
1.29928e-18
1.26547e-18
1.23253e-18
1.20045e-18
1.16921e-18
1.13878e-18
1.10915e-18
1.08028e-18
1.05217e-18
1.02478e-18
9.98113e-19
9.72137e-19
9.46837e-19
9.22196e-19
8.98195e-19
8.7482e-19
8.52052e-19
8.29878e-19
8.0828e-19
7.87244e-19
7.66756e-19
7.46801e-19
7.27366e-19
7.08436e-19
6.89999e-19
6.72041e-19
6.54551e-19
6.37517e-19
6.20925e-19
6.04765e-19
5.89026e-19
5.73697e-19
5.58766e-19
5.44224e-19
5.30061e-19
5.16266e-19
5.0283e-19
4.89744e-19
4.76998e-19
4.64584e-19
4.52493e-19
4.40717e-19
4.29247e-19
4.18076e-19
4.07196e-19
3.96598e-19
3.86277e-19
3.76224e-19
3.66433e-19
3.56896e-19
3.47608e-19
3.38561e-19
3.2975e-19
3.21168e-19
3.1281e-19
3.04669e-19
2.9674e-19
2.89017e-19
2.81496e-19
2.7417e-19
2.67034e-19
2.60085e-19
2.53316e-19
2.46723e-19
2.40302e-19
2.34048e-19
2.27957e-19
2.22025e-19
2.16246e-19
2.10619e-19
2.05137e-19
1.99798e-19
1.94599e-19
1.89534e-19
1.84602e-19
1.79797e-19
1.75118e-19
1.70561e-19
1.66122e-19
1.61798e-19
1.57588e-19
1.53486e-19
1.49492e-19
1.45601e-19
1.41812e-19
1.38121e-19
1.34527e-19
1.31026e-19
1.27616e-19
1.24294e-19
1.2106e-19
1.17909e-19
1.1484e-19
1.11852e-19
1.08941e-19
1.06106e-19
1.03344e-19
1.00655e-19
9.8035e-20
9.54836e-20
9.29987e-20
9.05784e-20
8.8221e-20
8.59251e-20
8.36889e-20
8.15109e-20
7.93895e-20
7.73234e-20
7.5311e-20
7.33511e-20
7.14421e-20
6.95828e-20
6.77719e-20
6.60081e-20
6.42903e-20
6.26171e-20
6.09875e-20
5.94003e-20
5.78544e-20
5.63487e-20
5.48822e-20
5.34539e-20
5.20627e-20
5.07078e-20
4.93881e-20
4.81028e-20
4.68509e-20
4.56316e-20
4.4444e-20
4.32874e-20
4.21608e-20
4.10636e-20
3.99949e-20
3.8954e-20
3.79402e-20
3.69528e-20
3.59911e-20
3.50545e-20
3.41422e-20
3.32536e-20
3.23882e-20
3.15453e-20
3.07243e-20
2.99247e-20
2.91459e-20
2.83874e-20
2.76486e-20
2.6929e-20
2.62282e-20
2.55456e-20
2.48808e-20
2.42332e-20
2.36026e-20
2.29883e-20
2.239e-20
2.18073e-20
2.12398e-20
2.0687e-20
2.01486e-20
1.96243e-20
1.91135e-20
1.86161e-20
1.81316e-20
1.76597e-20
1.72001e-20
1.67525e-20
1.63165e-20
1.58919e-20
1.54783e-20
1.50755e-20
1.46831e-20
1.4301e-20
1.39288e-20
1.35663e-20
1.32132e-20
1.28694e-20
1.25344e-20
1.22082e-20
1.18905e-20
1.15811e-20
1.12797e-20
1.09861e-20
1.07002e-20
1.04217e-20
1.01505e-20
9.88632e-21
9.62903e-21
9.37843e-21
9.13436e-21
8.89663e-21
8.6651e-21
8.43959e-21
8.21995e-21
8.00602e-21
7.79766e-21
7.59473e-21
7.39707e-21
7.20456e-21
7.01706e-21
6.83444e-21
6.65658e-21
6.48334e-21
6.31461e-21
6.15027e-21
5.99021e-21
5.83431e-21
5.68247e-21
5.53459e-21
5.39055e-21
5.25026e-21
5.11362e-21
4.98054e-21
4.85092e-21
4.72467e-21
4.60171e-21
4.48195e-21
4.36531e-21
4.2517e-21
4.14105e-21
4.03328e-21
3.92831e-21
3.82607e-21
3.7265e-21
3.62952e-21
3.53506e-21
3.44306e-21
3.35345e-21
3.26618e-21
3.18118e-21
3.09839e-21
3.01775e-21
2.93921e-21
2.86272e-21
2.78822e-21
2.71565e-21
2.64498e-21
2.57614e-21
2.5091e-21
2.4438e-21
2.3802e-21
2.31825e-21
2.25792e-21
2.19916e-21
2.14192e-21
2.08618e-21
2.03189e-21
1.97901e-21
1.9275e-21
1.87734e-21
1.82848e-21
1.78089e-21
1.73455e-21
1.6894e-21
1.64544e-21
1.60261e-21
1.56091e-21
1.52028e-21
1.48072e-21
1.44218e-21
1.40465e-21
1.36809e-21
1.33249e-21
1.29781e-21
1.26403e-21
1.23114e-21
1.1991e-21
1.16789e-21
1.1375e-21
1.10789e-21
1.07906e-21
1.05098e-21
1.02362e-21
9.96984e-22
9.71037e-22
9.45766e-22
9.21152e-22
8.97179e-22
8.7383e-22
8.51088e-22
8.28939e-22
8.07365e-22
7.86354e-22
7.65889e-22
7.45956e-22
7.26543e-22
7.07634e-22
6.89218e-22
6.71281e-22
6.53811e-22
6.36795e-22
6.20223e-22
6.04081e-22
5.8836e-22
5.73048e-22
5.58134e-22
5.43609e-22
5.29461e-22
5.15682e-22
5.02261e-22
4.8919e-22
4.76458e-22
4.64058e-22
4.51981e-22
4.40218e-22
4.28762e-22
4.17603e-22
4.06735e-22
3.9615e-22
3.8584e-22
3.75798e-22
3.66018e-22
3.56492e-22
3.47215e-22
3.38178e-22
3.29377e-22
3.20805e-22
3.12456e-22
3.04324e-22
2.96404e-22
2.8869e-22
2.81177e-22
2.73859e-22
2.66732e-22
2.5979e-22
2.53029e-22
2.46444e-22
2.4003e-22
2.33784e-22
2.27699e-22
2.21773e-22
2.16002e-22
2.1038e-22
2.04905e-22
1.99572e-22
1.94378e-22
1.8932e-22
1.84393e-22
1.79594e-22
1.7492e-22
1.70368e-22
1.65934e-22
1.61615e-22
1.57409e-22
1.53313e-22
1.49323e-22
1.45436e-22
1.41651e-22
1.37965e-22
1.34374e-22
1.30877e-22
1.27471e-22
1.24154e-22
1.20923e-22
1.17776e-22
1.1471e-22
1.11725e-22
1.08817e-22
1.05985e-22
1.03227e-22
1.00541e-22
9.79241e-23
9.53756e-23
9.28934e-23
9.04758e-23
8.81212e-23
8.58278e-23
8.35941e-23
8.14186e-23
7.92997e-23
7.72359e-23
7.52258e-23
7.3268e-23
7.13612e-23
6.9504e-23
6.76952e-23
6.59334e-23
6.42175e-23
6.25462e-23
6.09184e-23
5.9333e-23
5.77889e-23
5.62849e-23
5.48201e-23
5.33934e-23
5.20038e-23
5.06504e-23
4.93322e-23
4.80483e-23
4.67979e-23
4.55799e-23
4.43937e-23
4.32384e-23
4.21131e-23
4.10171e-23
3.99496e-23
3.89099e-23
3.78973e-23
3.6911e-23
3.59504e-23
3.50148e-23
3.41035e-23
3.3216e-23
3.23515e-23
3.15095e-23
3.06895e-23
2.98908e-23
2.91129e-23
2.83552e-23
2.76173e-23
2.68985e-23
2.61985e-23
2.55167e-23
2.48526e-23
2.42058e-23
2.35758e-23
2.29623e-23
2.23647e-23
2.17826e-23
2.12157e-23
2.06636e-23
2.01258e-23
1.96021e-23
1.90919e-23
1.8595e-23
1.81111e-23
1.76398e-23
1.71807e-23
1.67335e-23
1.62981e-23
1.58739e-23
1.54608e-23
1.50584e-23
1.46665e-23
1.42848e-23
1.3913e-23
1.3551e-23
1.31983e-23
1.28548e-23
1.25203e-23
1.21944e-23
1.1877e-23
1.15679e-23
1.12669e-23
1.09737e-23
1.06881e-23
1.04099e-23
1.0139e-23
9.87513e-24
9.61813e-24
9.36781e-24
9.12401e-24
8.88656e-24
8.65529e-24
8.43003e-24
8.21064e-24
7.99695e-24
7.78883e-24
7.58613e-24
7.3887e-24
7.1964e-24
7.00912e-24
6.8267e-24
6.64904e-24
6.476e-24
6.30746e-24
6.1433e-24
5.98342e-24
5.8277e-24
5.67604e-24
5.52832e-24
5.38444e-24
5.24431e-24
5.10783e-24
4.9749e-24
4.84542e-24
4.71932e-24
4.5965e-24
4.47687e-24
4.36036e-24
4.24688e-24
4.13636e-24
4.02871e-24
3.92386e-24
3.82174e-24
3.72228e-24
3.62541e-24
3.53106e-24
3.43916e-24
3.34965e-24
3.26248e-24
3.17757e-24
3.09488e-24
3.01433e-24
2.93588e-24
2.85948e-24
2.78506e-24
2.71258e-24
2.64198e-24
2.57322e-24
2.50625e-24
2.44103e-24
2.3775e-24
2.31563e-24
2.25536e-24
2.19666e-24
2.1395e-24
2.08382e-24
2.02958e-24
1.97676e-24
1.92532e-24
1.87521e-24
1.82641e-24
1.77888e-24
1.73258e-24
1.68749e-24
1.64357e-24
1.6008e-24
1.55914e-24
1.51856e-24
1.47904e-24
1.44055e-24
1.40306e-24
1.36654e-24
1.33098e-24
1.29634e-24
1.2626e-24
1.22974e-24
1.19774e-24
1.16657e-24
1.13621e-24
1.10664e-24
1.07784e-24
1.04979e-24
1.02246e-24
9.95855e-25
9.69937e-25
9.44695e-25
9.20109e-25
8.96163e-25
8.7284e-25
8.50124e-25
8.28e-25
8.06451e-25
7.85463e-25
7.65021e-25
7.45111e-25
7.2572e-25
7.06833e-25
6.88437e-25
6.7052e-25
6.5307e-25
6.36074e-25
6.1952e-25
6.03397e-25
5.87693e-25
5.72398e-25
5.57502e-25
5.42993e-25
5.28861e-25
5.15097e-25
5.01692e-25
4.88635e-25
4.75919e-25
4.63533e-25
4.51469e-25
4.3972e-25
4.28276e-25
4.1713e-25
4.06274e-25
3.95701e-25
3.85402e-25
3.75372e-25
3.65603e-25
3.56088e-25
3.46821e-25
3.37795e-25
3.29004e-25
3.20441e-25
3.12102e-25
3.03979e-25
2.96068e-25
2.88363e-25
2.80858e-25
2.73549e-25
2.6643e-25
2.59496e-25
2.52743e-25
2.46165e-25
2.39758e-25
2.33519e-25
2.27441e-25
2.21522e-25
2.15757e-25
2.10142e-25
2.04673e-25
1.99346e-25
1.94158e-25
1.89105e-25
1.84184e-25
1.7939e-25
1.74722e-25
1.70174e-25
1.65746e-25
1.61432e-25
1.57231e-25
1.53139e-25
1.49153e-25
1.45272e-25
1.41491e-25
1.37809e-25
1.34222e-25
1.30729e-25
1.27327e-25
1.24013e-25
1.20786e-25
1.17642e-25
1.1458e-25
1.11598e-25
1.08694e-25
1.05865e-25
1.0311e-25
1.00427e-25
9.78131e-26
9.52675e-26
9.27881e-26
9.03733e-26
8.80213e-26
8.57305e-26
8.34994e-26
8.13263e-26
7.92098e-26
7.71483e-26
7.51405e-26
7.3185e-26
7.12803e-26
6.94253e-26
6.76184e-26
6.58587e-26
6.41447e-26
6.24753e-26
6.08494e-26
5.92658e-26
5.77234e-26
5.62211e-26
5.47579e-26
5.33329e-26
5.19449e-26
5.0593e-26
4.92763e-26
4.79939e-26
4.67448e-26
4.55283e-26
4.43434e-26
4.31894e-26
4.20653e-26
4.09706e-26
3.99043e-26
3.88658e-26
3.78543e-26
3.68692e-26
3.59096e-26
3.49751e-26
3.40648e-26
3.31783e-26
3.23148e-26
3.14738e-26
3.06547e-26
2.98569e-26
2.90799e-26
2.83231e-26
2.7586e-26
2.6868e-26
2.61688e-26
2.54877e-26
2.48244e-26
2.41784e-26
2.35491e-26
2.29362e-26
2.23393e-26
2.17579e-26
2.11917e-26
2.06402e-26
2.0103e-26
1.95798e-26
1.90703e-26
1.8574e-26
1.80906e-26
1.76198e-26
1.71612e-26
1.67146e-26
1.62796e-26
1.58559e-26
1.54432e-26
1.50413e-26
1.46499e-26
1.42686e-26
1.38973e-26
1.35356e-26
1.31833e-26
1.28402e-26
1.25061e-26
1.21806e-26
1.18636e-26
1.15548e-26
1.12541e-26
1.09612e-26
1.0676e-26
1.03981e-26
1.01275e-26
9.86393e-27
9.60722e-27
9.35719e-27
9.11367e-27
8.87648e-27
8.64547e-27
8.42047e-27
8.20133e-27
7.98789e-27
7.78e-27
7.57752e-27
7.38032e-27
7.18824e-27
7.00117e-27
6.81896e-27
6.6415e-27
6.46865e-27
6.3003e-27
6.13634e-27
5.97664e-27
5.8211e-27
5.6696e-27
5.52205e-27
5.37834e-27
5.23836e-27
5.10203e-27
4.96925e-27
4.83993e-27
4.71397e-27
4.59129e-27
4.4718e-27
4.35542e-27
4.24207e-27
4.13167e-27
4.02414e-27
3.91941e-27
3.81741e-27
3.71806e-27
3.6213e-27
3.52705e-27
3.43526e-27
3.34586e-27
3.25878e-27
3.17397e-27
3.09137e-27
3.01091e-27
2.93255e-27
2.85623e-27
2.7819e-27
2.7095e-27
2.63898e-27
2.5703e-27
2.50341e-27
2.43826e-27
2.3748e-27
2.313e-27
2.2528e-27
2.19417e-27
2.13707e-27
2.08145e-27
2.02728e-27
1.97452e-27
1.92313e-27
1.87308e-27
1.82434e-27
1.77686e-27
1.73062e-27
1.68558e-27
1.64171e-27
1.59898e-27
1.55737e-27
1.51684e-27
1.47736e-27
1.43891e-27
1.40147e-27
1.36499e-27
1.32947e-27
1.29487e-27
1.26117e-27
1.22835e-27
1.19638e-27
1.16524e-27
1.13492e-27
1.10538e-27
1.07661e-27
1.04859e-27
1.0213e-27
9.94725e-28
9.68837e-28
9.43623e-28
9.19065e-28
8.95146e-28
8.7185e-28
8.4916e-28
8.2706e-28
8.05536e-28
7.84572e-28
7.64153e-28
7.44266e-28
7.24896e-28
7.06031e-28
6.87656e-28
6.6976e-28
6.52329e-28
6.35352e-28
6.18817e-28
6.02712e-28
5.87027e-28
5.71749e-28
5.56869e-28
5.42377e-28
5.28261e-28
5.14513e-28
5.01123e-28
4.88081e-28
4.75379e-28
4.63007e-28
4.50957e-28
4.39221e-28
4.2779e-28
4.16657e-28
4.05813e-28
3.95252e-28
3.84965e-28
3.74946e-28
3.65188e-28
3.55684e-28
3.46428e-28
3.37412e-28
3.28631e-28
3.20078e-28
3.11748e-28
3.03634e-28
2.95732e-28
2.88036e-28
2.8054e-28
2.73239e-28
2.66128e-28
2.59201e-28
2.52456e-28
2.45886e-28
2.39486e-28
2.33254e-28
2.27183e-28
2.21271e-28
2.15512e-28
2.09903e-28
2.04441e-28
1.9912e-28
1.93938e-28
1.88891e-28
1.83975e-28
1.79187e-28
1.74523e-28
1.69981e-28
1.65558e-28
1.61249e-28
1.57052e-28
1.52965e-28
1.48984e-28
1.45107e-28
1.4133e-28
1.37652e-28
1.3407e-28
1.30581e-28
1.27182e-28
1.23872e-28
1.20648e-28
1.17509e-28
1.1445e-28
1.11472e-28
1.08571e-28
1.05745e-28
1.02993e-28
1.00313e-28
9.77021e-29
9.51593e-29
9.26828e-29
9.02707e-29
8.79214e-29
8.56332e-29
8.34046e-29
8.1234e-29
7.91199e-29
7.70608e-29
7.50552e-29
7.31019e-29
7.11994e-29
6.93465e-29
6.75417e-29
6.57839e-29
6.40719e-29
6.24044e-29
6.07803e-29
5.91985e-29
5.76578e-29
5.61573e-29
5.46958e-29
5.32723e-29
5.18859e-29
5.05356e-29
4.92204e-29
4.79394e-29
4.66918e-29
4.54766e-29
4.42931e-29
4.31403e-29
4.20176e-29
4.09241e-29
3.9859e-29
3.88217e-29
3.78113e-29
3.68273e-29
3.58689e-29
3.49354e-29
3.40262e-29
3.31406e-29
3.22781e-29
3.14381e-29
3.06199e-29
2.9823e-29
2.90469e-29
2.82909e-29
2.75547e-29
2.68375e-29
2.61391e-29
2.54588e-29
2.47962e-29
2.41509e-29
2.35224e-29
2.29102e-29
2.2314e-29
2.17332e-29
2.11676e-29
2.06167e-29
2.00802e-29
1.95576e-29
1.90486e-29
1.85529e-29
1.807e-29
1.75997e-29
1.71417e-29
1.66956e-29
1.62611e-29
1.58379e-29
1.54257e-29
1.50243e-29
1.46332e-29
1.42524e-29
1.38815e-29
1.35202e-29
1.31684e-29
1.28256e-29
1.24919e-29
1.21668e-29
1.18501e-29
1.15417e-29
1.12413e-29
1.09488e-29
1.06638e-29
1.03863e-29
1.0116e-29
9.85273e-30
9.59631e-30
9.34657e-30
9.10332e-30
8.8664e-30
8.63565e-30
8.41091e-30
8.19201e-30
7.97882e-30
7.77117e-30
7.56892e-30
7.37194e-30
7.18008e-30
6.99322e-30
6.81122e-30
6.63396e-30
6.46131e-30
6.29315e-30
6.12937e-30
5.96985e-30
5.81448e-30
5.66316e-30
5.51578e-30
5.37223e-30
5.23241e-30
5.09624e-30
4.96361e-30
4.83443e-30
4.70861e-30
4.58607e-30
4.46672e-30
4.35047e-30
4.23725e-30
4.12697e-30
4.01957e-30
3.91496e-30
3.81307e-30
3.71384e-30
3.61718e-30
3.52304e-30
3.43136e-30
3.34206e-30
3.25508e-30
3.17036e-30
3.08785e-30
3.00749e-30
2.92922e-30
2.85299e-30
2.77874e-30
2.70642e-30
2.63599e-30
2.56738e-30
2.50057e-30
2.43549e-30
2.37211e-30
2.31037e-30
2.25024e-30
2.19168e-30
2.13464e-30
2.07909e-30
2.02498e-30
1.97228e-30
1.92095e-30
1.87096e-30
1.82226e-30
1.77484e-30
1.72865e-30
1.68366e-30
1.63984e-30
1.59717e-30
1.5556e-30
1.51512e-30
1.47568e-30
1.43728e-30
1.39987e-30
1.36344e-30
1.32796e-30
1.2934e-30
1.25974e-30
1.22695e-30
1.19502e-30
1.16392e-30
1.13363e-30
1.10413e-30
1.07539e-30
1.0474e-30
1.02014e-30
9.93595e-31
9.67736e-31
9.42551e-31
9.18021e-31
8.94129e-31
8.70859e-31
8.48195e-31
8.26121e-31
8.04621e-31
7.8368e-31
7.63285e-31
7.4342e-31
7.24073e-31
7.05229e-31
6.86875e-31
6.68999e-31
6.51588e-31
6.3463e-31
6.18114e-31
6.02027e-31
5.8636e-31
5.71099e-31
5.56237e-31
5.4176e-31
5.27661e-31
5.13928e-31
5.00553e-31
4.87526e-31
4.74838e-31
4.62481e-31
4.50445e-31
4.38722e-31
4.27304e-31
4.16183e-31
4.05352e-31
3.94803e-31
3.84528e-31
3.7452e-31
3.64773e-31
3.5528e-31
3.46034e-31
3.37028e-31
3.28257e-31
3.19714e-31
3.11394e-31
3.03289e-31
2.95396e-31
2.87709e-31
2.80221e-31
2.72928e-31
2.65825e-31
2.58907e-31
2.52169e-31
2.45606e-31
2.39214e-31
2.32989e-31
2.26925e-31
2.21019e-31
2.15267e-31
2.09665e-31
2.04208e-31
1.98894e-31
1.93717e-31
1.88676e-31
1.83766e-31
1.78983e-31
1.74325e-31
1.69788e-31
1.65369e-31
1.61066e-31
1.56874e-31
1.52791e-31
1.48815e-31
1.44942e-31
1.4117e-31
1.37496e-31
1.33917e-31
1.30432e-31
1.27038e-31
1.23731e-31
1.20511e-31
1.17375e-31
1.1432e-31
1.11345e-31
1.08447e-31
1.05625e-31
1.02876e-31
1.00199e-31
9.7591e-32
9.50512e-32
9.25775e-32
9.01681e-32
8.78215e-32
8.55359e-32
8.33098e-32
8.11417e-32
7.90299e-32
7.69732e-32
7.49699e-32
7.30188e-32
7.11185e-32
6.92676e-32
6.74649e-32
6.57091e-32
6.39991e-32
6.23335e-32
6.07112e-32
5.91312e-32
5.75923e-32
5.60935e-32
5.46336e-32
5.32118e-32
5.18269e-32
5.04781e-32
4.91644e-32
4.78849e-32
4.66387e-32
4.54249e-32
4.42427e-32
4.30913e-32
4.19698e-32
4.08776e-32
3.98137e-32
3.87776e-32
3.77684e-32
3.67854e-32
3.58281e-32
3.48957e-32
3.39875e-32
3.3103e-32
3.22415e-32
3.14024e-32
3.05851e-32
2.97891e-32
2.90139e-32
2.82588e-32
2.75233e-32
2.6807e-32
2.61094e-32
2.54299e-32
2.47681e-32
2.41235e-32
2.34956e-32
2.28842e-32
2.22886e-32
2.17085e-32
2.11436e-32
2.05933e-32
2.00574e-32
1.95354e-32
1.9027e-32
1.85318e-32
1.80495e-32
1.75797e-32
1.71222e-32
1.66766e-32
1.62426e-32
1.58199e-32
1.54082e-32
1.50072e-32
1.46166e-32
1.42362e-32
1.38657e-32
1.35048e-32
1.31534e-32
1.28111e-32
1.24777e-32
1.21529e-32
1.18366e-32
1.15286e-32
1.12286e-32
1.09363e-32
1.06517e-32
1.03745e-32
1.01045e-32
9.84153e-33
9.5854e-33
9.33594e-33
9.09297e-33
8.85632e-33
8.62584e-33
8.40135e-33
8.1827e-33
7.96974e-33
7.76233e-33
7.56031e-33
7.36356e-33
7.17192e-33
6.98527e-33
6.80347e-33
6.62641e-33
6.45396e-33
6.28599e-33
6.1224e-33
5.96306e-33
5.80787e-33
5.65672e-33
5.5095e-33
5.36612e-33
5.22646e-33
5.09045e-33
4.95797e-33
4.82893e-33
4.70326e-33
4.58086e-33
4.46164e-33
4.34552e-33
4.23243e-33
4.12228e-33
4.015e-33
3.91051e-33
3.80874e-33
3.70961e-33
3.61307e-33
3.51904e-33
3.42745e-33
3.33825e-33
3.25138e-33
3.16676e-33
3.08434e-33
3.00407e-33
2.92589e-33
2.84974e-33
2.77558e-33
2.70334e-33
2.63299e-33
2.56447e-33
2.49772e-33
2.43272e-33
2.36941e-33
2.30774e-33
2.24768e-33
2.18919e-33
2.13221e-33
2.07672e-33
2.02268e-33
1.97004e-33
1.91877e-33
1.86883e-33
1.82019e-33
1.77282e-33
1.72668e-33
1.68175e-33
1.63798e-33
1.59535e-33
1.55383e-33
1.51339e-33
1.47401e-33
1.43564e-33
1.39828e-33
1.36189e-33
1.32645e-33
1.29193e-33
1.2583e-33
1.22556e-33
1.19366e-33
1.1626e-33
1.13234e-33
1.10287e-33
1.07417e-33
1.04621e-33
1.01898e-33
9.92465e-34
9.66636e-34
9.41479e-34
9.16977e-34
8.93112e-34
8.69869e-34
8.4723e-34
8.25181e-34
8.03705e-34
7.82789e-34
7.62417e-34
7.42575e-34
7.23249e-34
7.04426e-34
6.86093e-34
6.68238e-34
6.50847e-34
6.33908e-34
6.17411e-34
6.01343e-34
5.85693e-34
5.7045e-34
5.55604e-34
5.41144e-34
5.27061e-34
5.13344e-34
4.99984e-34
4.86972e-34
4.74298e-34
4.61955e-34
4.49932e-34
4.38223e-34
4.26818e-34
4.1571e-34
4.04891e-34
3.94353e-34
3.8409e-34
3.74094e-34
3.64358e-34
3.54876e-34
3.4564e-34
3.36645e-34
3.27884e-34
3.1935e-34
3.11039e-34
3.02944e-34
2.9506e-34
2.87381e-34
2.79902e-34
2.72618e-34
2.65523e-34
2.58612e-34
2.51882e-34
2.45327e-34
2.38942e-34
2.32723e-34
2.26667e-34
2.20768e-34
2.15022e-34
2.09426e-34
2.03976e-34
1.98667e-34
1.93497e-34
1.88461e-34
1.83557e-34
1.78779e-34
1.74127e-34
1.69595e-34
1.65181e-34
1.60882e-34
1.56695e-34
1.52617e-34
1.48645e-34
1.44777e-34
1.41009e-34
1.37339e-34
1.33765e-34
1.30284e-34
1.26893e-34
1.23591e-34
1.20374e-34
1.17241e-34
1.1419e-34
1.11218e-34
1.08324e-34
1.05505e-34
1.02759e-34
1.00085e-34
9.748e-35
9.4943e-35
9.24721e-35
9.00655e-35
8.77215e-35
8.54386e-35
8.3215e-35
8.10493e-35
7.894e-35
7.68856e-35
7.48846e-35
7.29357e-35
7.10376e-35
6.91888e-35
6.73881e-35
6.56344e-35
6.39262e-35
6.22625e-35
6.06421e-35
5.90639e-35
5.75268e-35
5.60296e-35
5.45714e-35
5.31512e-35
5.17679e-35
5.04207e-35
4.91085e-35
4.78304e-35
4.65856e-35
4.53732e-35
4.41924e-35
4.30422e-35
4.19221e-35
4.0831e-35
3.97684e-35
3.87334e-35
3.77254e-35
3.67436e-35
3.57873e-35
3.48559e-35
3.39488e-35
3.30653e-35
3.22048e-35
3.13666e-35
3.05503e-35
2.97552e-35
2.89808e-35
2.82266e-35
2.7492e-35
2.67765e-35
2.60797e-35
2.54009e-35
2.47399e-35
2.4096e-35
2.34689e-35
2.28581e-35
2.22632e-35
2.16838e-35
2.11195e-35
2.05699e-35
2.00345e-35
1.95131e-35
1.90053e-35
1.85107e-35
1.80289e-35
1.75597e-35
1.71027e-35
1.66576e-35
1.62241e-35
1.58019e-35
1.53906e-35
1.49901e-35
1.46e-35
1.422e-35
1.38499e-35
1.34895e-35
1.31384e-35
1.27965e-35
1.24634e-35
1.21391e-35
1.18232e-35
1.15155e-35
1.12158e-35
1.09239e-35
1.06396e-35
1.03627e-35
1.0093e-35
9.83032e-36
9.57449e-36
9.32531e-36
9.08262e-36
8.84624e-36
8.61601e-36
8.39178e-36
8.17338e-36
7.96067e-36
7.75349e-36
7.55171e-36
7.35517e-36
7.16375e-36
6.97731e-36
6.79573e-36
6.61887e-36
6.44661e-36
6.27884e-36
6.11543e-36
5.95627e-36
5.80126e-36
5.65028e-36
5.50323e-36
5.36001e-36
5.22051e-36
5.08465e-36
4.95232e-36
4.82343e-36
4.6979e-36
4.57564e-36
4.45656e-36
4.34058e-36
4.22761e-36
4.11759e-36
4.01043e-36
3.90605e-36
3.8044e-36
3.70539e-36
3.60895e-36
3.51503e-36
3.42355e-36
3.33445e-36
3.24767e-36
3.16315e-36
3.08083e-36
3.00065e-36
2.92256e-36
2.8465e-36
2.77242e-36
2.70027e-36
2.62999e-36
2.56154e-36
2.49488e-36
2.42995e-36
2.36671e-36
2.30512e-36
2.24512e-36
2.1867e-36
2.12979e-36
2.07436e-36
2.02037e-36
1.96779e-36
1.91658e-36
1.8667e-36
1.81812e-36
1.7708e-36
1.72472e-36
1.67983e-36
1.63611e-36
1.59353e-36
1.55206e-36
1.51167e-36
1.47233e-36
1.43401e-36
1.39669e-36
1.36034e-36
1.32494e-36
1.29045e-36
1.25687e-36
1.22416e-36
1.1923e-36
1.16127e-36
1.13105e-36
1.10161e-36
1.07294e-36
1.04502e-36
1.01782e-36
9.91334e-37
9.65534e-37
9.40406e-37
9.15932e-37
8.92095e-37
8.68878e-37
8.46265e-37
8.24241e-37
8.0279e-37
7.81897e-37
7.61548e-37
7.41729e-37
7.22425e-37
7.03624e-37
6.85312e-37
6.67476e-37
6.50105e-37
6.33186e-37
6.16707e-37
6.00657e-37
5.85025e-37
5.698e-37
5.54971e-37
5.40527e-37
5.2646e-37
5.12759e-37
4.99414e-37
4.86417e-37
4.73758e-37
4.61428e-37
4.49419e-37
4.37723e-37
4.26331e-37
4.15236e-37
4.04429e-37
3.93904e-37
3.83653e-37
3.73668e-37
3.63943e-37
3.54471e-37
3.45246e-37
3.36261e-37
3.2751e-37
3.18986e-37
3.10685e-37
3.02599e-37
2.94724e-37
2.87054e-37
2.79583e-37
2.72307e-37
2.6522e-37
2.58318e-37
2.51595e-37
2.45047e-37
2.3867e-37
2.32458e-37
2.26408e-37
2.20516e-37
2.14777e-37
2.09188e-37
2.03743e-37
1.98441e-37
1.93276e-37
1.88246e-37
1.83347e-37
1.78576e-37
1.73928e-37
1.69402e-37
1.64993e-37
1.60699e-37
1.56517e-37
1.52443e-37
1.48476e-37
1.44612e-37
1.40848e-37
1.37183e-37
1.33612e-37
1.30135e-37
1.26748e-37
1.2345e-37
1.20237e-37
1.17108e-37
1.1406e-37
1.11092e-37
1.082e-37
1.05384e-37
1.02642e-37
9.99705e-38
9.73687e-38
9.48347e-38
9.23666e-38
8.99627e-38
8.76214e-38
8.53411e-38
8.312e-38
8.09568e-38
7.88499e-38
7.67978e-38
7.47991e-38
7.28525e-38
7.09565e-38
6.91098e-38
6.73112e-38
6.55594e-38
6.38532e-38
6.21914e-38
6.05729e-38
5.89965e-38
5.74611e-38
5.59656e-38
5.45091e-38
5.30905e-38
5.17088e-38
5.03631e-38
4.90523e-38
4.77757e-38
4.65324e-38
4.53214e-38
4.41419e-38
4.29931e-38
4.18741e-38
4.07844e-38
3.97229e-38
3.86891e-38
3.76822e-38
3.67016e-38
3.57464e-38
3.48161e-38
3.391e-38
3.30275e-38
3.21679e-38
3.13307e-38
3.05153e-38
2.97212e-38
2.89477e-38
2.81943e-38
2.74605e-38
2.67459e-38
2.60498e-38
2.53718e-38
2.47115e-38
2.40684e-38
2.3442e-38
2.28319e-38
2.22377e-38
2.1659e-38
2.10953e-38
2.05463e-38
2.00116e-38
1.94908e-38
1.89835e-38
1.84894e-38
1.80083e-38
1.75396e-38
1.70831e-38
1.66385e-38
1.62055e-38
1.57837e-38
1.5373e-38
1.49729e-38
1.45832e-38
1.42037e-38
1.3834e-38
1.3474e-38
1.31233e-38
1.27818e-38
1.24491e-38
1.21251e-38
1.18096e-38
1.15022e-38
1.12029e-38
1.09113e-38
1.06273e-38
1.03507e-38
1.00814e-38
9.81899e-39
9.56345e-39
9.31455e-39
9.07214e-39
8.83603e-39
8.60607e-39
8.38209e-39
8.16394e-39
7.95147e-39
7.74453e-39
7.54297e-39
7.34666e-39
7.15546e-39
6.96924e-39
6.78786e-39
6.6112e-39
6.43914e-39
6.27156e-39
6.10834e-39
5.94936e-39
5.79453e-39
5.64372e-39
5.49684e-39
5.35378e-39
5.21444e-39
5.07873e-39
4.94655e-39
4.81782e-39
4.69243e-39
4.5703e-39
4.45136e-39
4.33551e-39
4.22267e-39
4.11277e-39
4.00573e-39
3.90148e-39
3.79994e-39
3.70104e-39
3.60472e-39
3.5109e-39
3.41953e-39
3.33053e-39
3.24385e-39
3.15943e-39
3.0772e-39
2.99711e-39
2.91911e-39
2.84313e-39
2.76914e-39
2.69707e-39
2.62687e-39
2.5585e-39
2.49192e-39
2.42706e-39
2.36389e-39
2.30237e-39
2.24245e-39
2.18408e-39
2.12724e-39
2.07187e-39
2.01795e-39
1.96543e-39
1.91427e-39
1.86445e-39
1.81592e-39
1.76866e-39
1.72263e-39
1.67779e-39
1.63412e-39
1.59159e-39
1.55017e-39
