Vec Object: Vec_0x564e6ef080c0_0 1 MPI process
  type: seq
1.
0.999971
0.999943
0.999914
0.999885
0.999856
0.999827
0.999798
0.99977
0.999741
0.999712
0.999683
0.999654
0.999625
0.999596
0.999567
0.999538
0.999509
0.999479
0.99945
0.999421
0.999392
0.999363
0.999333
0.999304
0.999275
0.999246
0.999216
0.999187
0.999158
0.999128
0.999099
0.999069
0.99904
0.99901
0.998981
0.998951
0.998922
0.998892
0.998862
0.998833
0.998803
0.998773
0.998744
0.998714
0.998684
0.998654
0.998625
0.998595
0.998565
0.998535
0.998505
0.998475
0.998445
0.998415
0.998385
0.998355
0.998325
0.998295
0.998265
0.998235
0.998205
0.998175
0.998144
0.998114
0.998084
0.998054
0.998023
0.997993
0.997963
0.997932
0.997902
0.997872
0.997841
0.997811
0.99778
0.99775
0.997719
0.997689
0.997658
0.997628
0.997597
0.997566
0.997536
0.997505
0.997474
0.997443
0.997413
0.997382
0.997351
0.99732
0.997289
0.997259
0.997228
0.997197
0.997166
0.997135
0.997104
0.997073
0.997042
0.997011
0.996979
0.996948
0.996917
0.996886
0.996855
0.996824
0.996792
0.996761
0.99673
0.996698
0.996667
0.996636
0.996604
0.996573
0.996541
0.99651
0.996478
0.996447
0.996415
0.996384
0.996352
0.996321
0.996289
0.996257
0.996226
0.996194
0.996162
0.99613
0.996099
0.996067
0.996035
0.996003
0.995971
0.995939
0.995907
0.995875
0.995844
0.995812
0.995779
0.995747
0.995715
0.995683
0.995651
0.995619
0.995587
0.995555
0.995522
0.99549
0.995458
0.995426
0.995393
0.995361
0.995329
0.995296
0.995264
0.995231
0.995199
0.995166
0.995134
0.995101
0.995069
0.995036
0.995003
0.994971
0.994938
0.994905
0.994873
0.99484
0.994807
0.994774
0.994742
0.994709
0.994676
0.994643
0.99461
0.994577
0.994544
0.994511
0.994478
0.994445
0.994412
0.994379
0.994346
0.994313
0.99428
0.994247
0.994213
0.99418
0.994147
0.994114
0.99408
0.994047
0.994014
0.99398
0.993947
0.993913
0.99388
0.993846
0.993813
0.993779
0.993746
0.993712
0.993679
0.993645
0.993611
0.993578
0.993544
0.99351
0.993477
0.993443
0.993409
0.993375
0.993341
0.993307
0.993273
0.99324
0.993206
0.993172
0.993138
0.993104
0.99307
0.993035
0.993001
0.992967
0.992933
0.992899
0.992865
0.99283
0.992796
0.992762
0.992728
0.992693
0.992659
0.992625
0.99259
0.992556
0.992521
0.992487
0.992452
0.992418
0.992383
0.992349
0.992314
0.992279
0.992245
0.99221
0.992175
0.992141
0.992106
0.992071
0.992036
0.992002
0.991967
0.991932
0.991897
0.991862
0.991827
0.991792
0.991757
0.991722
0.991687
0.991652
0.991617
0.991582
0.991546
0.991511
0.991476
0.991441
0.991406
0.99137
0.991335
0.9913
0.991264
0.991229
0.991194
0.991158
0.991123
0.991087
0.991052
0.991016
0.990981
0.990945
0.990909
0.990874
0.990838
0.990802
0.990767
0.990731
0.990695
0.990659
0.990624
0.990588
0.990552
0.990516
0.99048
0.990444
0.990408
0.990372
0.990336
0.9903
0.990264
0.990228
0.990192
0.990156
0.99012
0.990083
0.990047
0.990011
0.989975
0.989938
0.989902
0.989866
0.989829
0.989793
0.989756
0.98972
0.989683
0.989647
0.98961
0.989574
0.989537
0.989501
0.989464
0.989427
0.989391
0.989354
0.989317
0.989281
0.989244
0.989207
0.98917
0.989133
0.989096
0.989059
0.989023
0.988986
0.988949
0.988912
0.988875
0.988837
0.9888
0.988763
0.988726
0.988689
0.988652
0.988615
0.988577
0.98854
0.988503
0.988465
0.988428
0.988391
0.988353
0.988316
0.988278
0.988241
0.988203
0.988166
0.988128
0.988091
0.988053
0.988015
0.987978
0.98794
0.987902
0.987865
0.987827
0.987789
0.987751
0.987713
0.987676
0.987638
0.9876
0.987562
0.987524
0.987486
0.987448
0.98741
0.987372
0.987334
0.987295
0.987257
0.987219
0.987181
0.987143
0.987104
0.987066
0.987028
0.98699
0.986951
0.986913
0.986874
0.986836
0.986797
0.986759
0.98672
0.986682
0.986643
0.986605
0.986566
0.986527
0.986489
0.98645
0.986411
0.986373
0.986334
0.986295
0.986256
0.986217
0.986178
0.98614
0.986101
0.986062
0.986023
0.985984
0.985945
0.985906
0.985866
0.985827
0.985788
0.985749
0.98571
0.985671
0.985631
0.985592
0.985553
0.985513
0.985474
0.985435
0.985395
0.985356
0.985316
0.985277
0.985237
0.985198
0.985158
0.985119
0.985079
0.985039
0.985
0.98496
0.98492
0.984881
0.984841
0.984801
0.984761
0.984721
0.984681
0.984642
0.984602
0.984562
0.984522
0.984482
0.984442
0.984401
0.984361
0.984321
0.984281
0.984241
0.984201
0.984161
0.98412
0.98408
0.98404
0.983999
0.983959
0.983919
0.983878
0.983838
0.983797
0.983757
0.983716
0.983676
0.983635
0.983595
0.983554
0.983513
0.983473
0.983432
0.983391
0.98335
0.98331
0.983269
0.983228
0.983187
0.983146
0.983105
0.983064
0.983023
0.982982
0.982941
0.9829
0.982859
0.982818
0.982777
0.982736
0.982695
0.982653
0.982612
0.982571
0.98253
0.982488
0.982447
0.982405
0.982364
0.982323
0.982281
0.98224
0.982198
0.982157
0.982115
0.982074
0.982032
0.98199
0.981949
0.981907
0.981865
0.981823
0.981782
0.98174
0.981698
0.981656
0.981614
0.981572
0.98153
0.981488
0.981446
0.981404
0.981362
0.98132
0.981278
0.981236
0.981194
0.981152
0.981109
0.981067
0.981025
0.980983
0.98094
0.980898
0.980856
0.980813
0.980771
0.980728
0.980686
0.980643
0.980601
0.980558
0.980516
0.980473
0.98043
0.980388
0.980345
0.980302
0.98026
0.980217
0.980174
0.980131
0.980088
0.980045
0.980002
0.97996
0.979917
0.979874
0.979831
0.979787
0.979744
0.979701
0.979658
0.979615
0.979572
0.979529
0.979485
0.979442
0.979399
0.979355
0.979312
0.979269
0.979225
0.979182
0.979138
0.979095
0.979051
0.979008
0.978964
0.978921
0.978877
0.978833
0.97879
0.978746
0.978702
0.978659
0.978615
0.978571
0.978527
0.978483
0.978439
0.978395
0.978351
0.978307
0.978263
0.978219
0.978175
0.978131
0.978087
0.978043
0.977999
0.977955
0.97791
0.977866
0.977822
0.977777
0.977733
0.977689
0.977644
0.9776
0.977555
0.977511
0.977466
0.977422
0.977377
0.977333
0.977288
0.977244
0.977199
0.977154
0.977109
0.977065
0.97702
0.976975
0.97693
0.976885
0.97684
0.976796
0.976751
0.976706
0.976661
0.976616
0.976571
0.976525
0.97648
0.976435
0.97639
0.976345
0.9763
0.976254
0.976209
0.976164
0.976118
0.976073
0.976028
0.975982
0.975937
0.975891
0.975846
0.9758
0.975755
0.975709
0.975663
0.975618
0.975572
0.975526
0.975481
0.975435
0.975389
0.975343
0.975298
0.975252
0.975206
0.97516
0.975114
0.975068
0.975022
0.974976
0.97493
0.974884
0.974838
0.974791
0.974745
0.974699
0.974653
0.974607
0.97456
0.974514
0.974468
0.974421
0.974375
0.974328
0.974282
0.974235
0.974189
0.974142
0.974096
0.974049
0.974003
0.973956
0.973909
0.973863
0.973816
0.973769
0.973722
0.973675
0.973629
0.973582
0.973535
0.973488
0.973441
0.973394
0.973347
0.9733
0.973253
0.973206
0.973159
0.973111
0.973064
0.973017
0.97297
0.972922
0.972875
0.972828
0.97278
0.972733
0.972686
0.972638
0.972591
0.972543
0.972496
0.972448
0.972401
0.972353
0.972305
0.972258
0.97221
0.972162
0.972114
0.972067
0.972019
0.971971
0.971923
0.971875
0.971827
0.971779
0.971731
0.971683
0.971635
0.971587
0.971539
0.971491
0.971443
0.971395
0.971347
0.971298
0.97125
0.971202
0.971153
0.971105
0.971057
0.971008
0.97096
0.970911
0.970863
0.970814
0.970766
0.970717
0.970669
0.97062
0.970571
0.970523
0.970474
0.970425
0.970376
0.970327
0.970279
0.97023
0.970181
0.970132
0.970083
0.970034
0.969985
0.969936
0.969887
0.969838
0.969789
0.969739
0.96969
0.969641
0.969592
0.969543
0.969493
0.969444
0.969395
0.969345
0.969296
0.969246
0.969197
0.969147
0.969098
0.969048
0.968999
0.968949
0.968899
0.96885
0.9688
0.96875
0.968701
0.968651
0.968601
0.968551
0.968501
0.968451
0.968401
0.968351
0.968301
0.968251
0.968201
0.968151
0.968101
0.968051
0.968001
0.967951
0.9679
0.96785
0.9678
0.96775
0.967699
0.967649
0.967598
0.967548
0.967498
0.967447
0.967397
0.967346
0.967295
0.967245
0.967194
0.967144
0.967093
0.967042
0.966991
0.966941
0.96689
0.966839
0.966788
0.966737
0.966686
0.966635
0.966584
0.966533
0.966482
0.966431
0.96638
0.966329
0.966278
0.966227
0.966175
0.966124
0.966073
0.966022
0.96597
0.965919
0.965868
0.965816
0.965765
0.965713
0.965662
0.96561
0.965559
0.965507
0.965455
0.965404
0.965352
0.9653
0.965249
0.965197
0.965145
0.965093
0.965041
0.964989
0.964937
0.964886
0.964834
0.964782
0.96473
0.964677
0.964625
0.964573
0.964521
0.964469
0.964417
0.964364
0.964312
0.96426
0.964208
0.964155
0.964103
0.96405
0.963998
0.963945
0.963893
0.96384
0.963788
0.963735
0.963683
0.96363
0.963577
0.963525
0.963472
0.963419
0.963366
0.963313
0.963261
0.963208
0.963155
0.963102
0.963049
0.962996
0.962943
0.96289
0.962837
0.962783
0.96273
0.962677
0.962624
0.962571
0.962517
0.962464
0.962411
0.962357
0.962304
0.962251
0.962197
0.962144
0.96209
0.962037
0.961983
0.961929
0.961876
0.961822
0.961768
0.961715
0.961661
0.961607
0.961553
0.961499
0.961446
0.961392
0.961338
0.961284
0.96123
0.961176
0.961122
0.961068
0.961013
0.960959
0.960905
0.960851
0.960797
0.960742
0.960688
0.960634
0.96058
0.960525
0.960471
0.960416
0.960362
0.960307
0.960253
0.960198
0.960144
0.960089
0.960034
0.95998
0.959925
0.95987
0.959815
0.959761
0.959706
0.959651
0.959596
0.959541
0.959486
0.959431
0.959376
0.959321
0.959266
0.959211
0.959156
0.959101
0.959045
0.95899
0.958935
0.95888
0.958824
0.958769
0.958714
0.958658
0.958603
0.958547
0.958492
0.958436
0.958381
0.958325
0.95827
0.958214
0.958158
0.958103
0.958047
0.957991
0.957935
0.957879
0.957824
0.957768
0.957712
0.957656
0.9576
0.957544
0.957488
0.957432
0.957376
0.95732
0.957263
0.957207
0.957151
0.957095
0.957038
0.956982
0.956926
0.956869
0.956813
0.956757
0.9567
0.956644
0.956587
0.956531
0.956474
0.956417
0.956361
0.956304
0.956247
0.956191
0.956134
0.956077
0.95602
0.955963
0.955906
0.955849
0.955793
0.955736
0.955679
0.955622
0.955564
0.955507
0.95545
0.955393
0.955336
0.955279
0.955221
0.955164
0.955107
0.955049
0.954992
0.954935
0.954877
0.95482
0.954762
0.954705
0.954647
0.95459
0.954532
0.954474
0.954417
0.954359
0.954301
0.954243
0.954185
0.954128
0.95407
0.954012
0.953954
0.953896
0.953838
0.95378
0.953722
0.953664
0.953606
0.953548
0.953489
0.953431
0.953373
0.953315
0.953256
0.953198
0.95314
0.953081
0.953023
0.952964
0.952906
0.952847
0.952789
0.95273
0.952672
0.952613
0.952554
0.952496
0.952437
0.952378
0.952319
0.952261
0.952202
0.952143
0.952084
0.952025
0.951966
0.951907
0.951848
0.951789
0.95173
0.951671
0.951611
0.951552
0.951493
0.951434
0.951374
0.951315
0.951256
0.951196
0.951137
0.951078
0.951018
0.950959
0.950899
0.950839
0.95078
0.95072
0.950661
0.950601
0.950541
0.950481
0.950422
0.950362
0.950302
0.950242
0.950182
0.950122
0.950062
0.950002
0.949942
0.949882
0.949822
0.949762
0.949702
0.949642
0.949581
0.949521
0.949461
0.9494
0.94934
0.94928
0.949219
0.949159
0.949098
0.949038
0.948977
0.948917
0.948856
0.948796
0.948735
0.948674
0.948614
0.948553
0.948492
0.948431
0.94837
0.948309
0.948249
0.948188
0.948127
0.948066
0.948005
0.947944
0.947882
0.947821
0.94776
0.947699
0.947638
0.947576
0.947515
0.947454
0.947392
0.947331
0.94727
0.947208
0.947147
0.947085
0.947024
0.946962
0.946901
0.946839
0.946777
0.946716
0.946654
0.946592
0.94653
0.946468
0.946407
0.946345
0.946283
0.946221
0.946159
0.946097
0.946035
0.945973
0.945911
0.945849
0.945786
0.945724
0.945662
0.9456
0.945537
0.945475
0.945413
0.94535
0.945288
0.945225
0.945163
0.9451
0.945038
0.944975
0.944913
0.94485
0.944787
0.944725
0.944662
0.944599
0.944536
0.944473
0.944411
0.944348
0.944285
0.944222
0.944159
0.944096
0.944033
0.94397
0.943907
0.943843
0.94378
0.943717
0.943654
0.94359
0.943527
0.943464
0.9434
0.943337
0.943274
0.94321
0.943147
0.943083
0.94302
0.942956
0.942892
0.942829
0.942765
0.942701
0.942637
0.942574
0.94251
0.942446
0.942382
0.942318
0.942254
0.94219
0.942126
0.942062
0.941998
0.941934
0.94187
0.941806
0.941741
0.941677
0.941613
0.941549
0.941484
0.94142
0.941356
0.941291
0.941227
0.941162
0.941098
0.941033
0.940969
0.940904
0.940839
0.940775
0.94071
0.940645
0.94058
0.940516
0.940451
0.940386
0.940321
0.940256
0.940191
0.940126
0.940061
0.939996
0.939931
0.939866
0.9398
0.939735
0.93967
0.939605
0.939539
0.939474
0.939409
0.939343
0.939278
0.939212
0.939147
0.939081
0.939016
0.93895
0.938885
0.938819
0.938753
0.938688
0.938622
0.938556
0.93849
0.938424
0.938359
0.938293
0.938227
0.938161
0.938095
0.938029
0.937963
0.937897
0.93783
0.937764
0.937698
0.937632
0.937566
0.937499
0.937433
0.937367
0.9373
0.937234
0.937167
0.937101
0.937034
0.936968
0.936901
0.936835
0.936768
0.936701
0.936634
0.936568
0.936501
0.936434
0.936367
0.9363
0.936233
0.936167
0.9361
0.936033
0.935965
0.935898
0.935831
0.935764
0.935697
0.93563
0.935563
0.935495
0.935428
0.935361
0.935293
0.935226
0.935158
0.935091
0.935023
0.934956
0.934888
0.934821
0.934753
0.934685
0.934618
0.93455
0.934482
0.934415
0.934347
0.934279
0.934211
0.934143
0.934075
0.934007
0.933939
0.933871
0.933803
0.933735
0.933667
0.933598
0.93353
0.933462
0.933394
0.933325
0.933257
0.933189
0.93312
0.933052
0.932983
0.932915
0.932846
0.932778
0.932709
0.93264
0.932572
0.932503
0.932434
0.932365
0.932297
0.932228
0.932159
0.93209
0.932021
0.931952
0.931883
0.931814
0.931745
0.931676
0.931607
0.931538
0.931468
0.931399
0.93133
0.931261
0.931191
0.931122
0.931053
0.930983
0.930914
0.930844
0.930775
0.930705
0.930635
0.930566
0.930496
0.930426
0.930357
0.930287
0.930217
0.930147
0.930077
0.930008
0.929938
0.929868
0.929798
0.929728
0.929658
0.929587
0.929517
0.929447
0.929377
0.929307
0.929237
0.929166
0.929096
0.929026
0.928955
0.928885
0.928814
0.928744
0.928673
0.928603
0.928532
0.928461
0.928391
0.92832
0.928249
0.928179
0.928108
0.928037
0.927966
0.927895
0.927824
0.927753
0.927682
0.927611
0.92754
0.927469
0.927398
0.927327
0.927256
0.927185
0.927113
0.927042
0.926971
0.926899
0.926828
0.926757
0.926685
0.926614
0.926542
0.926471
0.926399
0.926327
0.926256
0.926184
0.926112
0.926041
0.925969
0.925897
0.925825
0.925753
0.925681
0.925609
0.925537
0.925465
0.925393
0.925321
0.925249
0.925177
0.925105
0.925033
0.92496
0.924888
0.924816
0.924743
0.924671
0.924598
0.924526
0.924454
0.924381
0.924308
0.924236
0.924163
0.924091
0.924018
0.923945
0.923872
0.9238
0.923727
0.923654
0.923581
0.923508
0.923435
0.923362
0.923289
0.923216
0.923143
0.92307
0.922997
0.922924
0.92285
0.922777
0.922704
0.92263
0.922557
0.922484
0.92241
0.922337
0.922263
0.92219
0.922116
0.922043
0.921969
0.921895
0.921822
0.921748
0.921674
0.9216
0.921527
0.921453
0.921379
0.921305
0.921231
0.921157
0.921083
0.921009
0.920935
0.920861
0.920786
0.920712
0.920638
0.920564
0.920489
0.920415
0.920341
0.920266
0.920192
0.920117
0.920043
0.919968
0.919894
0.919819
0.919745
0.91967
0.919595
0.91952
0.919446
0.919371
0.919296
0.919221
0.919146
0.919071
0.918996
0.918921
0.918846
0.918771
0.918696
0.918621
0.918546
0.91847
0.918395
0.91832
0.918245
0.918169
0.918094
0.918018
0.917943
0.917868
0.917792
0.917716
0.917641
0.917565
0.91749
0.917414
0.917338
0.917262
0.917187
0.917111
0.917035
0.916959
0.916883
0.916807
0.916731
0.916655
0.916579
0.916503
0.916427
0.916351
0.916274
0.916198
0.916122
0.916046
0.915969
0.915893
0.915817
0.91574
0.915664
0.915587
0.915511
0.915434
0.915357
0.915281
0.915204
0.915127
0.915051
0.914974
0.914897
0.91482
0.914743
0.914666
0.914589
0.914512
0.914435
0.914358
0.914281
0.914204
0.914127
0.91405
0.913973
0.913895
0.913818
0.913741
0.913663
0.913586
0.913509
0.913431
0.913354
0.913276
0.913199
0.913121
0.913043
0.912966
0.912888
0.91281
0.912732
0.912655
0.912577
0.912499
0.912421
0.912343
0.912265
0.912187
0.912109
0.912031
0.911953
0.911875
0.911797
0.911718
0.91164
0.911562
0.911483
0.911405
0.911327
0.911248
0.91117
0.911091
0.911013
0.910934
0.910856
0.910777
0.910698
0.91062
0.910541
0.910462
0.910383
0.910305
0.910226
0.910147
0.910068
0.909989
0.90991
0.909831
0.909752
0.909673
0.909594
0.909514
0.909435
0.909356
0.909277
0.909197
0.909118
0.909039
0.908959
0.90888
0.9088
0.908721
0.908641
0.908562
0.908482
0.908402
0.908323
0.908243
0.908163
0.908083
0.908003
0.907924
0.907844
0.907764
0.907684
0.907604
0.907524
0.907444
0.907364
0.907283
0.907203
0.907123
0.907043
0.906962
0.906882
0.906802
0.906721
0.906641
0.906561
0.90648
0.9064
0.906319
0.906238
0.906158
0.906077
0.905996
0.905916
0.905835
0.905754
0.905673
0.905592
0.905512
0.905431
0.90535
0.905269
0.905188
0.905106
0.905025
0.904944
0.904863
0.904782
0.904701
0.904619
0.904538
0.904457
0.904375
0.904294
0.904212
0.904131
0.904049
0.903968
0.903886
0.903804
0.903723
0.903641
0.903559
0.903478
0.903396
0.903314
0.903232
0.90315
0.903068
0.902986
0.902904
0.902822
0.90274
0.902658
0.902576
0.902494
0.902411
0.902329
0.902247
0.902165
0.902082
0.902
0.901917
0.901835
0.901752
0.90167
0.901587
0.901505
0.901422
0.901339
0.901257
0.901174
0.901091
0.901008
0.900925
0.900843
0.90076
0.900677
0.900594
0.900511
0.900428
0.900344
0.900261
0.900178
0.900095
0.900012
0.899928
0.899845
0.899762
0.899678
0.899595
0.899512
0.899428
0.899345
0.899261
0.899177
0.899094
0.89901
0.898926
0.898843
0.898759
0.898675
0.898591
0.898508
0.898424
0.89834
0.898256
0.898172
0.898088
0.898004
0.897919
0.897835
0.897751
0.897667
0.897583
0.897498
0.897414
0.89733
0.897245
0.897161
0.897076
0.896992
0.896907
0.896823
0.896738
0.896654
0.896569
0.896484
0.896399
0.896315
0.89623
0.896145
0.89606
0.895975
0.89589
0.895805
0.89572
0.895635
0.89555
0.895465
0.89538
0.895295
0.895209
0.895124
0.895039
0.894953
0.894868
0.894783
0.894697
0.894612
0.894526
0.894441
0.894355
0.89427
0.894184
0.894098
0.894012
0.893927
0.893841
0.893755
0.893669
0.893583
0.893497
0.893411
0.893325
0.893239
0.893153
0.893067
0.892981
0.892895
0.892809
0.892722
0.892636
0.89255
0.892463
0.892377
0.892291
0.892204
0.892118
0.892031
0.891944
0.891858
0.891771
0.891685
0.891598
0.891511
0.891424
0.891337
0.891251
0.891164
0.891077
0.89099
0.890903
0.890816
0.890729
0.890642
0.890554
0.890467
0.89038
0.890293
0.890206
0.890118
0.890031
0.889944
0.889856
0.889769
0.889681
0.889594
0.889506
0.889418
0.889331
0.889243
0.889155
0.889068
0.88898
0.888892
0.888804
0.888716
0.888628
0.888541
0.888453
0.888365
0.888276
0.888188
0.8881
0.888012
0.887924
0.887836
0.887747
0.887659
0.887571
0.887482
0.887394
0.887305
0.887217
0.887128
0.88704
0.886951
0.886863
0.886774
0.886685
0.886597
0.886508
0.886419
0.88633
0.886241
0.886152
0.886064
0.885975
0.885886
0.885796
0.885707
0.885618
0.885529
0.88544
0.885351
0.885261
0.885172
0.885083
0.884993
0.884904
0.884815
0.884725
0.884636
0.884546
0.884456
0.884367
0.884277
0.884187
0.884098
0.884008
0.883918
0.883828
0.883738
0.883649
0.883559
0.883469
0.883379
0.883289
0.883198
0.883108
0.883018
0.882928
0.882838
0.882748
0.882657
0.882567
0.882477
0.882386
0.882296
0.882205
0.882115
0.882024
0.881934
0.881843
0.881752
0.881662
0.881571
0.88148
0.881389
0.881299
0.881208
0.881117
0.881026
0.880935
0.880844
0.880753
0.880662
0.880571
0.880479
0.880388
0.880297
0.880206
0.880114
0.880023
0.879932
0.87984
0.879749
0.879657
0.879566
0.879474
0.879383
0.879291
0.8792
0.879108
0.879016
0.878924
0.878833
0.878741
0.878649
0.878557
0.878465
0.878373
0.878281
0.878189
0.878097
0.878005
0.877913
0.87782
0.877728
0.877636
0.877544
0.877451
0.877359
0.877267
0.877174
0.877082
0.876989
0.876897
0.876804
0.876711
0.876619
0.876526
0.876433
0.876341
0.876248
0.876155
0.876062
0.875969
0.875876
0.875783
0.87569
0.875597
0.875504
0.875411
0.875318
0.875225
0.875131
0.875038
0.874945
0.874851
0.874758
0.874665
0.874571
0.874478
0.874384
0.874291
0.874197
0.874103
0.87401
0.873916
0.873822
0.873729
0.873635
0.873541
0.873447
0.873353
0.873259
0.873165
0.873071
0.872977
0.872883
0.872789
0.872695
0.872601
0.872506
0.872412
0.872318
0.872223
0.872129
0.872035
0.87194
0.871846
0.871751
0.871657
0.871562
0.871467
0.871373
0.871278
0.871183
0.871089
0.870994
0.870899
0.870804
0.870709
0.870614
0.870519
0.870424
0.870329
0.870234
0.870139
0.870044
0.869948
0.869853
0.869758
0.869663
0.869567
0.869472
0.869376
0.869281
0.869186
0.86909
0.868994
0.868899
0.868803
0.868708
0.868612
0.868516
0.86842
0.868324
0.868229
0.868133
0.868037
0.867941
0.867845
0.867749
0.867653
0.867557
0.867461
0.867364
0.867268
0.867172
0.867076
0.866979
0.866883
0.866787
0.86669
0.866594
0.866497
0.866401
0.866304
0.866207
0.866111
0.866014
0.865917
0.865821
0.865724
0.865627
0.86553
0.865433
0.865336
0.865239
0.865142
0.865045
0.864948
0.864851
0.864754
0.864657
0.86456
0.864462
0.864365
0.864268
0.86417
0.864073
0.863975
0.863878
0.86378
0.863683
0.863585
0.863488
0.86339
0.863292
0.863195
0.863097
0.862999
0.862901
0.862803
0.862705
0.862607
0.86251
0.862411
0.862313
0.862215
0.862117
0.862019
0.861921
0.861823
0.861724
0.861626
0.861528
0.861429
0.861331
0.861232
0.861134
0.861035
0.860937
0.860838
0.86074
0.860641
0.860542
0.860444
0.860345
0.860246
0.860147
0.860048
0.859949
0.85985
0.859751
0.859652
0.859553
0.859454
0.859355
0.859256
0.859157
0.859057
0.858958
0.858859
0.858759
0.85866
0.858561
0.858461
0.858362
0.858262
0.858163
0.858063
0.857963
0.857864
0.857764
0.857664
0.857564
0.857465
0.857365
0.857265
0.857165
0.857065
0.856965
0.856865
0.856765
0.856665
0.856564
0.856464
0.856364
0.856264
0.856163
0.856063
0.855963
0.855862
0.855762
0.855661
0.855561
0.85546
0.85536
0.855259
0.855159
0.855058
0.854957
0.854856
0.854756
0.854655
0.854554
0.854453
0.854352
0.854251
0.85415
0.854049
0.853948
0.853847
0.853745
0.853644
0.853543
0.853442
0.85334
0.853239
0.853138
0.853036
0.852935
0.852833
0.852732
0.85263
0.852529
0.852427
0.852325
0.852224
0.852122
0.85202
0.851918
0.851816
0.851715
0.851613
0.851511
0.851409
0.851307
0.851205
0.851102
0.851
0.850898
0.850796
0.850694
0.850591
0.850489
0.850387
0.850284
0.850182
0.850079
0.849977
0.849874
0.849772
0.849669
0.849566
0.849464
0.849361
0.849258
0.849155
0.849053
0.84895
0.848847
0.848744
0.848641
0.848538
0.848435
0.848332
0.848229
0.848125
0.848022
0.847919
0.847816
0.847712
0.847609
0.847506
0.847402
0.847299
0.847195
0.847092
0.846988
0.846885
0.846781
0.846677
0.846574
0.84647
0.846366
0.846262
0.846158
0.846055
0.845951
0.845847
0.845743
0.845639
0.845535
0.845431
0.845326
0.845222
0.845118
0.845014
0.844909
0.844805
0.844701
0.844596
0.844492
0.844387
0.844283
0.844178
0.844074
0.843969
0.843865
0.84376
0.843655
0.84355
0.843446
0.843341
0.843236
0.843131
0.843026
0.842921
0.842816
0.842711
0.842606
0.842501
0.842396
0.84229
0.842185
0.84208
0.841975
0.841869
0.841764
0.841659
0.841553
0.841448
0.841342
0.841237
0.841131
0.841025
0.84092
0.840814
0.840708
0.840602
0.840497
0.840391
0.840285
0.840179
0.840073
0.839967
0.839861
0.839755
0.839649
0.839543
0.839436
0.83933
0.839224
0.839118
0.839011
0.838905
0.838799
0.838692
0.838586
0.838479
0.838373
0.838266
0.83816
0.838053
0.837946
0.837839
0.837733
0.837626
0.837519
0.837412
0.837305
0.837198
0.837091
0.836984
0.836877
0.83677
0.836663
0.836556
0.836449
0.836342
0.836234
0.836127
0.83602
0.835912
0.835805
0.835697
0.83559
0.835482
0.835375
0.835267
0.83516
0.835052
0.834944
0.834837
0.834729
0.834621
0.834513
0.834405
0.834297
0.834189
0.834081
0.833973
0.833865
0.833757
0.833649
0.833541
0.833433
0.833324
0.833216
0.833108
0.832999
0.832891
0.832783
0.832674
0.832566
0.832457
0.832349
0.83224
0.832131
0.832023
0.831914
0.831805
0.831696
0.831588
0.831479
0.83137
0.831261
0.831152
0.831043
0.830934
0.830825
0.830716
0.830606
0.830497
0.830388
0.830279
0.83017
0.83006
0.829951
0.829841
0.829732
0.829622
0.829513
0.829403
0.829294
0.829184
0.829075
0.828965
0.828855
0.828745
0.828636
0.828526
0.828416
0.828306
0.828196
0.828086
0.827976
0.827866
0.827756
0.827646
0.827535
0.827425
0.827315
0.827205
0.827094
0.826984
0.826874
0.826763
0.826653
0.826542
0.826432
0.826321
0.826211
0.8261
0.825989
0.825879
0.825768
0.825657
0.825546
0.825435
0.825324
0.825214
0.825103
0.824992
0.824881
0.824769
0.824658
0.824547
0.824436
0.824325
0.824214
0.824102
0.823991
0.82388
0.823768
0.823657
0.823545
0.823434
0.823322
0.823211
0.823099
0.822987
0.822876
0.822764
0.822652
0.82254
0.822428
0.822317
0.822205
0.822093
0.821981
0.821869
0.821757
0.821645
0.821532
0.82142
0.821308
0.821196
0.821084
0.820971
0.820859
0.820747
0.820634
0.820522
0.820409
0.820297
0.820184
0.820072
0.819959
0.819846
0.819734
0.819621
0.819508
0.819395
0.819282
0.819169
0.819057
0.818944
0.818831
0.818718
0.818604
0.818491
0.818378
0.818265
0.818152
0.818039
0.817925
0.817812
0.817699
0.817585
0.817472
0.817358
0.817245
0.817131
0.817018
0.816904
0.81679
0.816677
0.816563
0.816449
0.816336
0.816222
0.816108
0.815994
0.81588
0.815766
0.815652
0.815538
0.815424
0.81531
0.815196
0.815081
0.814967
0.814853
0.814739
0.814624
0.81451
0.814396
0.814281
0.814167
0.814052
0.813938
0.813823
0.813708
0.813594
0.813479
0.813364
0.81325
0.813135
0.81302
0.812905
0.81279
0.812675
0.81256
0.812445
0.81233
0.812215
0.8121
0.811985
0.81187
0.811754
0.811639
0.811524
0.811408
0.811293
0.811178
0.811062
0.810947
0.810831
0.810716
0.8106
0.810484
0.810369
0.810253
0.810137
0.810021
0.809906
0.80979
0.809674
0.809558
0.809442
0.809326
0.80921
0.809094
0.808978
0.808862
0.808746
0.808629
0.808513
0.808397
0.80828
0.808164
0.808048
0.807931
0.807815
0.807698
0.807582
0.807465
0.807349
0.807232
0.807115
0.806999
0.806882
0.806765
0.806648
0.806531
0.806415
0.806298
0.806181
0.806064
0.805947
0.80583
0.805712
0.805595
0.805478
0.805361
0.805244
0.805126
0.805009
0.804892
0.804774
0.804657
0.804539
0.804422
0.804304
0.804187
0.804069
0.803952
0.803834
0.803716
0.803598
0.803481
0.803363
0.803245
0.803127
0.803009
0.802891
0.802773
0.802655
0.802537
0.802419
0.802301
0.802183
0.802064
0.801946
0.801828
0.801709
0.801591
0.801473
0.801354
0.801236
0.801117
0.800999
0.80088
0.800762
0.800643
0.800524
0.800405
0.800287
0.800168
0.800049
0.79993
0.799811
0.799692
0.799573
0.799454
0.799335
0.799216
0.799097
0.798978
0.798859
0.79874
0.79862
0.798501
0.798382
0.798262
0.798143
0.798023
0.797904
0.797784
0.797665
0.797545
0.797426
0.797306
0.797186
0.797067
0.796947
0.796827
0.796707
0.796587
0.796468
0.796348
0.796228
0.796108
0.795988
0.795867
0.795747
0.795627
0.795507
0.795387
0.795267
0.795146
0.795026
0.794906
0.794785
0.794665
0.794544
0.794424
0.794303
0.794183
0.794062
0.793941
0.793821
0.7937
0.793579
0.793458
0.793338
0.793217
0.793096
0.792975
0.792854
0.792733
0.792612
0.792491
0.79237
0.792248
0.792127
0.792006
0.791885
0.791764
0.791642
0.791521
0.791399
0.791278
0.791157
0.791035
0.790913
0.790792
0.79067
0.790549
0.790427
0.790305
0.790183
0.790062
0.78994
0.789818
0.789696
0.789574
0.789452
0.78933
0.789208
0.789086
0.788964
0.788842
0.78872
0.788597
0.788475
0.788353
0.788231
0.788108
0.787986
0.787863
0.787741
0.787618
0.787496
0.787373
0.787251
0.787128
0.787005
0.786883
0.78676
0.786637
0.786514
0.786391
0.786269
0.786146
0.786023
0.7859
0.785777
0.785654
0.78553
0.785407
0.785284
0.785161
0.785038
0.784914
0.784791
0.784668
0.784544
0.784421
0.784298
0.784174
0.78405
0.783927
0.783803
0.78368
0.783556
0.783432
0.783309
0.783185
0.783061
0.782937
0.782813
0.782689
0.782565
0.782441
0.782317
0.782193
0.782069
0.781945
0.781821
0.781697
0.781573
0.781448
0.781324
0.7812
0.781075
0.780951
0.780826
0.780702
0.780577
0.780453
0.780328
0.780204
0.780079
0.779954
0.77983
0.779705
0.77958
0.779455
0.77933
0.779205
0.779081
0.778956
0.778831
0.778705
0.77858
0.778455
0.77833
0.778205
0.77808
0.777955
0.777829
0.777704
0.777579
0.777453
0.777328
0.777202
0.777077
0.776951
0.776826
0.7767
0.776574
0.776449
0.776323
0.776197
0.776072
0.775946
0.77582
0.775694
0.775568
0.775442
0.775316
0.77519
0.775064
0.774938
0.774812
0.774686
0.774559
0.774433
0.774307
0.774181
0.774054
0.773928
0.773802
0.773675
0.773549
0.773422
0.773296
0.773169
0.773042
0.772916
0.772789
0.772662
0.772536
0.772409
0.772282
0.772155
0.772028
0.771901
0.771774
0.771647
0.77152
0.771393
0.771266
0.771139
0.771012
0.770885
0.770757
0.77063
0.770503
0.770375
0.770248
0.770121
0.769993
0.769866
0.769738
0.76961
0.769483
0.769355
0.769228
0.7691
0.768972
0.768844
0.768717
0.768589
0.768461
0.768333
0.768205
0.768077
0.767949
0.767821
0.767693
0.767565
0.767437
0.767309
0.76718
0.767052
0.766924
0.766795
0.766667
0.766539
0.76641
0.766282
0.766153
0.766025
0.765896
0.765768
0.765639
0.76551
0.765382
0.765253
0.765124
0.764995
0.764866
0.764738
0.764609
0.76448
0.764351
0.764222
0.764093
0.763964
0.763834
0.763705
0.763576
0.763447
0.763318
0.763188
0.763059
0.76293
0.7628
0.762671
0.762541
0.762412
0.762282
0.762153
0.762023
0.761894
0.761764
0.761634
0.761505
0.761375
0.761245
0.761115
0.760985
0.760855
0.760725
0.760595
0.760465
0.760335
0.760205
0.760075
0.759945
0.759815
0.759685
0.759554
0.759424
0.759294
0.759163
0.759033
0.758903
0.758772
0.758642
0.758511
0.758381
0.75825
0.758119
0.757989
0.757858
0.757727
0.757596
0.757466
0.757335
0.757204
0.757073
0.756942
0.756811
0.75668
0.756549
0.756418
0.756287
0.756156
0.756025
0.755893
0.755762
0.755631
0.7555
0.755368
0.755237
0.755105
0.754974
0.754843
0.754711
0.754579
0.754448
0.754316
0.754185
0.754053
0.753921
0.753789
0.753658
0.753526
0.753394
0.753262
0.75313
0.752998
0.752866
0.752734
0.752602
0.75247
0.752338
0.752206
0.752074
0.751941
0.751809
0.751677
0.751544
0.751412
0.75128
0.751147
0.751015
0.750882
0.75075
0.750617
0.750485
0.750352
0.750219
0.750087
0.749954
0.749821
0.749688
0.749555
0.749423
0.74929
0.749157
0.749024
0.748891
0.748758
0.748625
0.748491
0.748358
0.748225
0.748092
0.747959
0.747825
0.747692
0.747559
0.747425
0.747292
0.747159
0.747025
0.746892
0.746758
0.746624
0.746491
0.746357
0.746223
0.74609
0.745956
0.745822
0.745688
0.745555
0.745421
0.745287
0.745153
0.745019
0.744885
0.744751
0.744617
0.744483
0.744348
0.744214
0.74408
0.743946
0.743811
0.743677
0.743543
0.743408
0.743274
0.74314
0.743005
0.742871
0.742736
0.742601
0.742467
0.742332
0.742197
0.742063
0.741928
0.741793
0.741658
0.741524
0.741389
0.741254
0.741119
0.740984
0.740849
0.740714
0.740579
0.740444
0.740308
0.740173
0.740038
0.739903
0.739767
0.739632
0.739497
0.739361
0.739226
0.739091
0.738955
0.73882
0.738684
0.738548
0.738413
0.738277
0.738141
0.738006
0.73787
0.737734
0.737598
0.737463
0.737327
0.737191
0.737055
0.736919
0.736783
0.736647
0.736511
0.736375
0.736238
0.736102
0.735966
0.73583
0.735694
0.735557
0.735421
0.735285
0.735148
0.735012
0.734875
0.734739
0.734602
0.734466
0.734329
0.734192
0.734056
0.733919
0.733782
0.733645
0.733509
0.733372
0.733235
0.733098
0.732961
0.732824
0.732687
0.73255
0.732413
0.732276
0.732139
0.732002
0.731864
0.731727
0.73159
0.731453
0.731315
0.731178
0.731041
0.730903
0.730766
0.730628
0.730491
0.730353
0.730216
0.730078
0.72994
0.729803
0.729665
0.729527
0.729389
0.729252
0.729114
0.728976
0.728838
0.7287
0.728562
0.728424
0.728286
0.728148
0.72801
0.727872
0.727733
0.727595
0.727457
0.727319
0.72718
0.727042
0.726904
0.726765
0.726627
0.726488
0.72635
0.726211
0.726073
0.725934
0.725796
0.725657
0.725518
0.72538
0.725241
0.725102
0.724963
0.724824
0.724685
0.724547
0.724408
0.724269
0.72413
0.723991
0.723851
0.723712
0.723573
0.723434
0.723295
0.723156
0.723016
0.722877
0.722738
0.722598
0.722459
0.72232
0.72218
0.722041
0.721901
0.721761
0.721622
0.721482
0.721343
0.721203
0.721063
0.720923
0.720784
0.720644
0.720504
0.720364
0.720224
0.720084
0.719944
0.719804
0.719664
0.719524
0.719384
0.719244
0.719104
0.718964
0.718823
0.718683
0.718543
0.718402
0.718262
0.718122
0.717981
0.717841
0.7177
0.71756
0.717419
0.717279
0.717138
0.716997
0.716857
0.716716
0.716575
0.716435
0.716294
0.716153
0.716012
0.715871
0.71573
0.715589
0.715448
0.715307
0.715166
0.715025
0.714884
0.714743
0.714602
0.714461
0.714319
0.714178
0.714037
0.713895
0.713754
0.713613
0.713471
0.71333
0.713188
0.713047
0.712905
0.712764
0.712622
0.71248
0.712339
0.712197
0.712055
0.711913
0.711772
0.71163
0.711488
0.711346
0.711204
0.711062
0.71092
0.710778
0.710636
0.710494
0.710352
0.71021
0.710067
0.709925
0.709783
0.709641
0.709498
0.709356
0.709214
0.709071
0.708929
0.708786
0.708644
0.708501
0.708359
0.708216
0.708074
0.707931
0.707788
0.707646
0.707503
0.70736
0.707217
0.707074
0.706932
0.706789
0.706646
0.706503
0.70636
0.706217
0.706074
0.705931
0.705787
0.705644
0.705501
0.705358
0.705215
0.705071
0.704928
0.704785
0.704641
0.704498
0.704355
0.704211
0.704068
0.703924
0.703781
0.703637
0.703493
0.70335
0.703206
0.703062
0.702919
0.702775
0.702631
0.702487
0.702344
0.7022
0.702056
0.701912
0.701768
0.701624
0.70148
0.701336
0.701192
0.701048
0.700903
0.700759
0.700615
0.700471
0.700326
0.700182
0.700038
0.699893
0.699749
0.699605
0.69946
0.699316
0.699171
0.699027
0.698882
0.698737
0.698593
0.698448
0.698303
0.698159
0.698014
0.697869
0.697724
0.697579
0.697435
0.69729
0.697145
0.697
0.696855
0.69671
0.696565
0.696419
0.696274
0.696129
0.695984
0.695839
0.695694
0.695548
0.695403
0.695258
0.695112
0.694967
0.694821
0.694676
0.694531
0.694385
0.694239
0.694094
0.693948
0.693803
0.693657
0.693511
0.693366
0.69322
0.693074
0.692928
0.692782
0.692637
0.692491
0.692345
0.692199
0.692053
0.691907
0.691761
0.691615
0.691469
0.691322
0.691176
0.69103
0.690884
0.690738
0.690591
0.690445
0.690299
0.690152
0.690006
0.689859
0.689713
0.689566
0.68942
0.689273
0.689127
0.68898
0.688833
0.688687
0.68854
0.688393
0.688247
0.6881
0.687953
0.687806
0.687659
0.687512
0.687365
0.687218
0.687072
0.686924
0.686777
0.68663
0.686483
0.686336
0.686189
0.686042
0.685895
0.685747
0.6856
0.685453
0.685305
0.685158
0.685011
0.684863
0.684716
0.684568
0.684421
0.684273
0.684126
0.683978
0.68383
0.683683
0.683535
0.683387
0.683239
0.683092
0.682944
0.682796
0.682648
0.6825
0.682352
0.682204
0.682056
0.681908
0.68176
0.681612
0.681464
0.681316
0.681168
0.68102
0.680872
0.680723
0.680575
0.680427
0.680278
0.68013
0.679982
0.679833
0.679685
0.679536
0.679388
0.679239
0.679091
0.678942
0.678794
0.678645
0.678496
0.678348
0.678199
0.67805
0.677901
0.677752
0.677604
0.677455
0.677306
0.677157
0.677008
0.676859
0.67671
0.676561
0.676412
0.676263
0.676114
0.675965
0.675815
0.675666
0.675517
0.675368
0.675218
0.675069
0.67492
0.67477
0.674621
0.674471
0.674322
0.674173
0.674023
0.673873
0.673724
0.673574
0.673425
0.673275
0.673125
0.672976
0.672826
0.672676
0.672526
0.672376
0.672227
0.672077
0.671927
0.671777
0.671627
0.671477
0.671327
0.671177
0.671027
0.670877
0.670727
0.670576
0.670426
0.670276
0.670126
0.669975
0.669825
0.669675
0.669524
0.669374
0.669224
0.669073
0.668923
0.668772
0.668622
0.668471
0.668321
0.66817
0.668019
0.667869
0.667718
0.667567
0.667417
0.667266
0.667115
0.666964
0.666813
0.666663
0.666512
0.666361
0.66621
0.666059
0.665908
0.665757
0.665606
0.665455
0.665303
0.665152
0.665001
0.66485
0.664699
0.664547
0.664396
0.664245
0.664093
0.663942
0.663791
0.663639
0.663488
0.663336
0.663185
0.663033
0.662882
0.66273
0.662579
0.662427
0.662275
0.662124
0.661972
0.66182
0.661668
0.661517
0.661365
0.661213
0.661061
0.660909
0.660757
0.660605
0.660453
0.660301
0.660149
0.659997
0.659845
0.659693
0.659541
0.659389
0.659236
0.659084
0.658932
0.65878
0.658627
0.658475
0.658323
0.65817
0.658018
0.657865
0.657713
0.65756
0.657408
0.657255
0.657103
0.65695
0.656798
0.656645
0.656492
0.65634
0.656187
0.656034
0.655881
0.655729
0.655576
0.655423
0.65527
0.655117
0.654964
0.654811
0.654658
0.654505
0.654352
0.654199
0.654046
0.653893
0.65374
0.653586
0.653433
0.65328
0.653127
0.652974
0.65282
0.652667
0.652514
0.65236
0.652207
0.652053
0.6519
0.651746
0.651593
0.651439
0.651286
0.651132
0.650979
0.650825
0.650671
0.650518
0.650364
0.65021
0.650056
0.649903
0.649749
0.649595
0.649441
0.649287
0.649133
0.648979
0.648825
0.648671
0.648517
0.648363
0.648209
0.648055
0.647901
0.647747
0.647593
0.647438
0.647284
0.64713
0.646976
0.646821
0.646667
0.646513
0.646358
0.646204
0.646049
0.645895
0.645741
0.645586
0.645431
0.645277
0.645122
0.644968
0.644813
0.644658
0.644504
0.644349
0.644194
0.64404
0.643885
0.64373
0.643575
0.64342
0.643265
0.643111
0.642956
0.642801
0.642646
0.642491
0.642336
0.642181
0.642026
0.64187
0.641715
0.64156
0.641405
0.64125
0.641095
0.640939
0.640784
0.640629
0.640473
0.640318
0.640163
0.640007
0.639852
0.639696
0.639541
0.639385
0.63923
0.639074
0.638919
0.638763
0.638608
0.638452
0.638296
0.638141
0.637985
0.637829
0.637673
0.637518
0.637362
0.637206
0.63705
0.636894
0.636738
0.636582
0.636426
0.63627
0.636114
0.635958
0.635802
0.635646
0.63549
0.635334
0.635178
0.635022
0.634865
0.634709
0.634553
0.634397
0.63424
0.634084
0.633928
0.633771
0.633615
0.633459
0.633302
0.633146
0.632989
0.632833
0.632676
0.63252
0.632363
0.632206
0.63205
0.631893
0.631736
0.63158
0.631423
0.631266
0.63111
0.630953
0.630796
0.630639
0.630482
0.630325
0.630168
0.630011
0.629855
0.629698
0.629541
0.629384
0.629226
0.629069
0.628912
0.628755
0.628598
0.628441
0.628284
0.628126
0.627969
0.627812
0.627655
0.627497
0.62734
0.627183
0.627025
0.626868
0.62671
0.626553
0.626396
0.626238
0.626081
0.625923
0.625765
0.625608
0.62545
0.625293
0.625135
0.624977
0.62482
0.624662
0.624504
0.624346
0.624189
0.624031
0.623873
0.623715
0.623557
0.623399
0.623241
0.623084
0.622926
0.622768
0.62261
0.622452
0.622293
0.622135
0.621977
0.621819
0.621661
0.621503
0.621345
0.621186
0.621028
0.62087
0.620712
0.620553
0.620395
0.620237
0.620078
0.61992
0.619761
0.619603
0.619445
0.619286
0.619128
0.618969
0.618811
0.618652
0.618493
0.618335
0.618176
0.618017
0.617859
0.6177
0.617541
0.617383
0.617224
0.617065
0.616906
0.616747
0.616589
0.61643
0.616271
0.616112
0.615953
0.615794
0.615635
0.615476
0.615317
0.615158
0.614999
0.61484
0.614681
0.614521
0.614362
0.614203
0.614044
0.613885
0.613725
0.613566
0.613407
0.613248
0.613088
0.612929
0.61277
0.61261
0.612451
0.612291
0.612132
0.611972
0.611813
0.611653
0.611494
0.611334
0.611175
0.611015
0.610855
0.610696
0.610536
0.610376
0.610217
0.610057
0.609897
0.609737
0.609578
0.609418
0.609258
0.609098
0.608938
0.608778
0.608618
0.608459
0.608299
0.608139
0.607979
0.607819
0.607658
0.607498
0.607338
0.607178
0.607018
0.606858
0.606698
0.606538
0.606377
0.606217
0.606057
0.605897
0.605736
0.605576
0.605416
0.605255
0.605095
0.604935
0.604774
0.604614
0.604453
0.604293
0.604132
0.603972
0.603811
0.603651
0.60349
0.60333
0.603169
0.603008
0.602848
0.602687
0.602526
0.602366
0.602205
0.602044
0.601883
0.601723
0.601562
0.601401
0.60124
0.601079
0.600918
0.600757
0.600596
0.600435
0.600274
0.600113
0.599952
0.599791
0.59963
0.599469
0.599308
0.599147
0.598986
0.598825
0.598664
0.598502
0.598341
0.59818
0.598019
0.597858
0.597696
0.597535
0.597374
0.597212
0.597051
0.59689
0.596728
0.596567
0.596405
0.596244
0.596082
0.595921
0.595759
0.595598
0.595436
0.595275
0.595113
0.594951
0.59479
0.594628
0.594467
0.594305
0.594143
0.593981
0.59382
0.593658
0.593496
0.593334
0.593172
0.593011
0.592849
0.592687
0.592525
0.592363
0.592201
0.592039
0.591877
0.591715
0.591553
0.591391
0.591229
0.591067
0.590905
0.590743
0.590581
0.590419
0.590257
0.590094
0.589932
0.58977
0.589608
0.589446
0.589283
0.589121
0.588959
0.588796
0.588634
0.588472
0.588309
0.588147
0.587984
0.587822
0.58766
0.587497
0.587335
0.587172
0.58701
0.586847
0.586685
0.586522
0.586359
0.586197
0.586034
0.585872
0.585709
0.585546
0.585383
0.585221
0.585058
0.584895
0.584733
0.58457
0.584407
0.584244
0.584081
0.583918
0.583756
0.583593
0.58343
0.583267
0.583104
0.582941
0.582778
0.582615
0.582452
0.582289
0.582126
0.581963
0.5818
0.581637
0.581474
0.58131
0.581147
0.580984
0.580821
0.580658
0.580495
0.580331
0.580168
0.580005
0.579841
0.579678
0.579515
0.579352
0.579188
0.579025
0.578861
0.578698
0.578535
0.578371
0.578208
0.578044
0.577881
0.577717
0.577554
0.57739
0.577227
0.577063
0.576899
0.576736
0.576572
0.576409
0.576245
0.576081
0.575918
0.575754
0.57559
0.575426
0.575263
0.575099
0.574935
0.574771
0.574608
0.574444
0.57428
0.574116
0.573952
0.573788
0.573624
0.57346
0.573296
0.573132
0.572969
0.572805
0.572641
0.572476
0.572312
0.572148
0.571984
0.57182
0.571656
0.571492
0.571328
0.571164
0.571
0.570835
0.570671
0.570507
0.570343
0.570178
0.570014
0.56985
0.569686
0.569521
0.569357
0.569193
0.569028
0.568864
0.5687
0.568535
0.568371
0.568206
0.568042
0.567877
0.567713
0.567548
0.567384
0.567219
0.567055
0.56689
0.566726
0.566561
0.566397
0.566232
0.566067
0.565903
0.565738
0.565573
0.565409
0.565244
0.565079
0.564915
0.56475
0.564585
0.56442
0.564256
0.564091
0.563926
0.563761
0.563596
0.563431
0.563266
0.563102
0.562937
0.562772
0.562607
0.562442
0.562277
0.562112
0.561947
0.561782
0.561617
0.561452
0.561287
0.561122
0.560957
0.560792
0.560627
0.560461
0.560296
0.560131
0.559966
0.559801
0.559636
0.55947
0.559305
0.55914
0.558975
0.558809
0.558644
0.558479
0.558314
0.558148
0.557983
0.557818
0.557652
0.557487
0.557321
0.557156
0.556991
0.556825
0.55666
0.556494
0.556329
0.556163
0.555998
0.555832
0.555667
0.555501
0.555336
0.55517
0.555005
0.554839
0.554673
0.554508
0.554342
0.554177
0.554011
0.553845
0.55368
0.553514
0.553348
0.553182
0.553017
0.552851
0.552685
0.552519
0.552354
0.552188
0.552022
0.551856
0.55169
0.551525
0.551359
0.551193
0.551027
0.550861
0.550695
0.550529
0.550363
0.550197
0.550031
0.549865
0.549699
0.549533
0.549367
0.549201
0.549035
0.548869
0.548703
0.548537
0.548371
0.548205
0.548039
0.547873
0.547706
0.54754
0.547374
0.547208
0.547042
0.546876
0.546709
0.546543
0.546377
0.546211
0.546044
0.545878
0.545712
0.545546
0.545379
0.545213
0.545047
0.54488
0.544714
0.544548
0.544381
0.544215
0.544048
0.543882
0.543716
0.543549
0.543383
0.543216
0.54305
0.542883
0.542717
0.54255
0.542384
0.542217
0.542051
0.541884
0.541718
0.541551
0.541384
0.541218
0.541051
0.540885
0.540718
0.540551
0.540385
0.540218
0.540051
0.539885
0.539718
0.539551
0.539385
0.539218
0.539051
0.538884
0.538718
0.538551
0.538384
0.538217
0.53805
0.537884
0.537717
0.53755
0.537383
0.537216
0.537049
0.536883
0.536716
0.536549
0.536382
0.536215
0.536048
0.535881
0.535714
0.535547
0.53538
0.535213
0.535046
0.534879
0.534712
0.534545
0.534378
0.534211
0.534044
0.533877
0.53371
0.533543
0.533376
0.533209
0.533042
0.532874
0.532707
0.53254
0.532373
0.532206
0.532039
0.531871
0.531704
0.531537
0.53137
0.531203
0.531035
0.530868
0.530701
0.530534
0.530366
0.530199
0.530032
0.529865
0.529697
0.52953
0.529363
0.529195
0.529028
0.528861
0.528693
0.528526
0.528358
0.528191
0.528024
0.527856
0.527689
0.527521
0.527354
0.527187
0.527019
0.526852
0.526684
0.526517
0.526349
0.526182
0.526014
0.525847
0.525679
0.525512
0.525344
0.525177
0.525009
0.524841
0.524674
0.524506
0.524339
0.524171
0.524003
0.523836
0.523668
0.523501
0.523333
0.523165
0.522998
0.52283
0.522662
0.522495
0.522327
0.522159
0.521991
0.521824
0.521656
0.521488
0.521321
0.521153
0.520985
0.520817
0.52065
0.520482
0.520314
0.520146
0.519978
0.519811
0.519643
0.519475
0.519307
0.519139
0.518971
0.518803
0.518636
0.518468
0.5183
0.518132
0.517964
0.517796
0.517628
0.51746
0.517292
0.517124
0.516957
0.516789
0.516621
0.516453
0.516285
0.516117
0.515949
0.515781
0.515613
0.515445
0.515277
0.515109
0.514941
0.514773
0.514605
0.514437
0.514269
0.5141
0.513932
0.513764
0.513596
0.513428
0.51326
0.513092
0.512924
0.512756
0.512588
0.512419
0.512251
0.512083
0.511915
0.511747
0.511579
0.511411
0.511242
0.511074
0.510906
0.510738
0.51057
0.510401
0.510233
0.510065
0.509897
0.509729
0.50956
0.509392
0.509224
0.509056
0.508887
0.508719
0.508551
0.508382
0.508214
0.508046
0.507878
0.507709
0.507541
0.507373
0.507204
0.507036
0.506868
0.506699
0.506531
0.506363
0.506194
0.506026
0.505858
0.505689
0.505521
0.505352
0.505184
0.505016
0.504847
0.504679
0.50451
0.504342
0.504174
0.504005
0.503837
0.503668
0.5035
0.503331
0.503163
0.502995
0.502826
0.502658
0.502489
0.502321
0.502152
0.501984
0.501815
0.501647
0.501478
0.50131
0.501141
0.500973
0.500804
0.500636
0.500467
0.500299
0.50013
0.499962
0.499793
0.499625
0.499456
0.499287
0.499119
0.49895
0.498782
0.498613
0.498445
0.498276
0.498107
0.497939
0.49777
0.497602
0.497433
0.497264
0.497096
0.496927
0.496759
0.49659
0.496421
0.496253
0.496084
0.495915
0.495747
0.495578
0.495409
0.495241
0.495072
0.494904
0.494735
0.494566
0.494398
0.494229
0.49406
0.493891
0.493723
0.493554
0.493385
0.493217
0.493048
0.492879
0.492711
0.492542
0.492373
0.492205
0.492036
0.491867
0.491698
0.49153
0.491361
0.491192
0.491023
0.490855
0.490686
0.490517
0.490348
0.49018
0.490011
0.489842
0.489673
0.489505
0.489336
0.489167
0.488998
0.48883
0.488661
0.488492
0.488323
0.488155
0.487986
0.487817
0.487648
0.487479
0.487311
0.487142
0.486973
0.486804
0.486635
0.486467
0.486298
0.486129
0.48596
0.485791
0.485623
0.485454
0.485285
0.485116
0.484947
0.484778
0.48461
0.484441
0.484272
0.484103
0.483934
0.483766
0.483597
0.483428
0.483259
0.48309
0.482921
0.482752
0.482584
0.482415
0.482246
0.482077
0.481908
0.481739
0.481571
0.481402
0.481233
0.481064
0.480895
0.480726
0.480557
0.480389
0.48022
0.480051
0.479882
0.479713
0.479544
0.479375
0.479207
0.479038
0.478869
0.4787
0.478531
0.478362
0.478193
0.478024
0.477856
0.477687
0.477518
0.477349
0.47718
0.477011
0.476842
0.476673
0.476505
0.476336
0.476167
0.475998
0.475829
0.47566
0.475491
0.475322
0.475154
0.474985
0.474816
0.474647
0.474478
0.474309
0.47414
0.473971
0.473802
0.473634
0.473465
0.473296
0.473127
0.472958
0.472789
0.47262
0.472451
0.472283
0.472114
0.471945
0.471776
0.471607
0.471438
0.471269
0.4711
0.470932
0.470763
0.470594
0.470425
0.470256
0.470087
0.469918
0.46975
0.469581
0.469412
0.469243
0.469074
0.468905
0.468736
0.468567
0.468399
0.46823
0.468061
0.467892
0.467723
0.467554
0.467385
0.467217
0.467048
0.466879
0.46671
0.466541
0.466372
0.466204
0.466035
0.465866
0.465697
0.465528
0.465359
0.465191
0.465022
0.464853
0.464684
0.464515
0.464346
0.464178
0.464009
0.46384
0.463671
0.463502
0.463333
0.463165
0.462996
0.462827
0.462658
0.462489
0.462321
0.462152
0.461983
0.461814
0.461645
0.461477
0.461308
0.461139
0.46097
0.460802
0.460633
0.460464
0.460295
0.460126
0.459958
0.459789
0.45962
0.459451
0.459283
0.459114
0.458945
0.458776
0.458608
0.458439
0.45827
0.458101
0.457933
0.457764
0.457595
0.457426
0.457258
0.457089
0.45692
0.456752
0.456583
0.456414
0.456246
0.456077
0.455908
0.455739
0.455571
0.455402
0.455233
0.455065
0.454896
0.454727
0.454559
0.45439
0.454221
0.454053
0.453884
0.453715
0.453547
0.453378
0.453209
0.453041
0.452872
0.452704
0.452535
0.452366
0.452198
0.452029
0.45186
0.451692
0.451523
0.451355
0.451186
0.451018
0.450849
0.45068
0.450512
0.450343
0.450175
0.450006
0.449838
0.449669
0.4495
0.449332
0.449163
0.448995
0.448826
0.448658
0.448489
0.448321
0.448152
0.447984
0.447815
0.447647
0.447478
0.44731
0.447141
0.446973
0.446804
0.446636
0.446467
0.446299
0.446131
0.445962
0.445794
0.445625
0.445457
0.445288
0.44512
0.444952
0.444783
0.444615
0.444446
0.444278
0.44411
0.443941
0.443773
0.443604
0.443436
0.443268
0.443099
0.442931
0.442763
0.442594
0.442426
0.442258
0.442089
0.441921
0.441753
0.441584
0.441416
0.441248
0.44108
0.440911
0.440743
0.440575
0.440407
0.440238
0.44007
0.439902
0.439734
0.439565
0.439397
0.439229
0.439061
0.438893
0.438724
0.438556
0.438388
0.43822
0.438052
0.437883
0.437715
0.437547
0.437379
0.437211
0.437043
0.436875
0.436707
0.436538
0.43637
0.436202
0.436034
0.435866
0.435698
0.43553
0.435362
0.435194
0.435026
0.434858
0.43469
0.434522
0.434354
0.434186
0.434018
0.43385
0.433682
0.433514
0.433346
0.433178
0.43301
0.432842
0.432674
0.432506
0.432338
0.43217
0.432002
0.431834
0.431667
0.431499
0.431331
0.431163
0.430995
0.430827
0.430659
0.430492
0.430324
0.430156
0.429988
0.42982
0.429652
0.429485
0.429317
0.429149
0.428981
0.428814
0.428646
0.428478
0.42831
0.428143
0.427975
0.427807
0.42764
0.427472
0.427304
0.427137
0.426969
0.426801
0.426634
0.426466
0.426298
0.426131
0.425963
0.425796
0.425628
0.42546
0.425293
0.425125
0.424958
0.42479
0.424623
0.424455
0.424288
0.42412
0.423953
0.423785
0.423618
0.42345
0.423283
0.423115
0.422948
0.42278
0.422613
0.422446
0.422278
0.422111
0.421943
0.421776
0.421609
0.421441
0.421274
0.421107
0.420939
0.420772
0.420605
0.420437
0.42027
0.420103
0.419936
0.419768
0.419601
0.419434
0.419267
0.419099
0.418932
0.418765
0.418598
0.418431
0.418264
0.418096
0.417929
0.417762
0.417595
0.417428
0.417261
0.417094
0.416927
0.41676
0.416592
0.416425
0.416258
0.416091
0.415924
0.415757
0.41559
0.415423
0.415256
0.415089
0.414923
0.414756
0.414589
0.414422
0.414255
0.414088
0.413921
0.413754
0.413587
0.413421
0.413254
0.413087
0.41292
0.412753
0.412586
0.41242
0.412253
0.412086
0.411919
0.411753
0.411586
0.411419
0.411253
0.411086
0.410919
0.410753
0.410586
0.410419
0.410253
0.410086
0.409919
0.409753
0.409586
0.40942
0.409253
0.409087
0.40892
0.408754
0.408587
0.408421
0.408254
0.408088
0.407921
0.407755
0.407588
0.407422
0.407255
0.407089
0.406923
0.406756
0.40659
0.406424
0.406257
0.406091
0.405925
0.405758
0.405592
0.405426
0.40526
0.405093
0.404927
0.404761
0.404595
0.404428
0.404262
0.404096
0.40393
0.403764
0.403598
0.403432
0.403266
0.403099
0.402933
0.402767
0.402601
0.402435
0.402269
0.402103
0.401937
0.401771
0.401605
0.401439
0.401273
0.401107
0.400942
0.400776
0.40061
0.400444
0.400278
0.400112
0.399946
0.399781
0.399615
0.399449
0.399283
0.399118
0.398952
0.398786
0.39862
0.398455
0.398289
0.398123
0.397958
0.397792
0.397626
0.397461
0.397295
0.39713
0.396964
0.396798
0.396633
0.396467
0.396302
0.396136
0.395971
0.395805
0.39564
0.395475
0.395309
0.395144
0.394978
0.394813
0.394648
0.394482
0.394317
0.394152
0.393986
0.393821
0.393656
0.39349
0.393325
0.39316
0.392995
0.39283
0.392664
0.392499
0.392334
0.392169
0.392004
0.391839
0.391674
0.391508
0.391343
0.391178
0.391013
0.390848
0.390683
0.390518
0.390353
0.390188
0.390023
0.389859
0.389694
0.389529
0.389364
0.389199
0.389034
0.388869
0.388705
0.38854
0.388375
0.38821
0.388046
0.387881
0.387716
0.387551
0.387387
0.387222
0.387057
0.386893
0.386728
0.386564
0.386399
0.386234
0.38607
0.385905
0.385741
0.385576
0.385412
0.385247
0.385083
0.384919
0.384754
0.38459
0.384425
0.384261
0.384097
0.383932
0.383768
0.383604
0.383439
0.383275
0.383111
0.382947
0.382782
0.382618
0.382454
0.38229
0.382126
0.381962
0.381798
0.381633
0.381469
0.381305
0.381141
0.380977
0.380813
0.380649
0.380485
0.380321
0.380157
0.379994
0.37983
0.379666
0.379502
0.379338
0.379174
0.37901
0.378847
0.378683
0.378519
0.378355
0.378192
0.378028
0.377864
0.377701
0.377537
0.377373
0.37721
0.377046
0.376883
0.376719
0.376556
0.376392
0.376229
0.376065
0.375902
0.375738
0.375575
0.375411
0.375248
0.375085
0.374921
0.374758
0.374595
0.374431
0.374268
0.374105
0.373942
0.373778
0.373615
0.373452
0.373289
0.373126
0.372963
0.372799
0.372636
0.372473
0.37231
0.372147
0.371984
0.371821
0.371658
0.371495
0.371332
0.371169
0.371007
0.370844
0.370681
0.370518
0.370355
0.370192
0.37003
0.369867
0.369704
0.369541
0.369379
0.369216
0.369053
0.368891
0.368728
0.368566
0.368403
0.36824
0.368078
0.367915
0.367753
0.36759
0.367428
0.367266
0.367103
0.366941
0.366778
0.366616
0.366454
0.366291
0.366129
0.365967
0.365805
0.365642
0.36548
0.365318
0.365156
0.364994
0.364832
0.364669
0.364507
0.364345
0.364183
0.364021
0.363859
0.363697
0.363535
0.363373
0.363211
0.363049
0.362888
0.362726
0.362564
0.362402
0.36224
0.362079
0.361917
0.361755
0.361593
0.361432
0.36127
0.361108
0.360947
0.360785
0.360624
0.360462
0.3603
0.360139
0.359977
0.359816
0.359654
0.359493
0.359332
0.35917
0.359009
0.358848
0.358686
0.358525
0.358364
0.358202
0.358041
0.35788
0.357719
0.357558
0.357396
0.357235
0.357074
0.356913
0.356752
0.356591
0.35643
0.356269
0.356108
0.355947
0.355786
0.355625
0.355464
0.355304
0.355143
0.354982
0.354821
0.35466
0.3545
0.354339
0.354178
0.354018
0.353857
0.353696
0.353536
0.353375
0.353214
0.353054
0.352893
0.352733
0.352572
0.352412
0.352252
0.352091
0.351931
0.35177
0.35161
0.35145
0.35129
0.351129
0.350969
0.350809
0.350649
0.350488
0.350328
0.350168
0.350008
0.349848
0.349688
0.349528
0.349368
0.349208
0.349048
0.348888
0.348728
0.348568
0.348408
0.348249
0.348089
0.347929
0.347769
0.347609
0.34745
0.34729
0.34713
0.346971
0.346811
0.346651
0.346492
0.346332
0.346173
0.346013
0.345854
0.345694
0.345535
0.345376
0.345216
0.345057
0.344897
0.344738
0.344579
0.34442
0.34426
0.344101
0.343942
0.343783
0.343624
0.343465
0.343305
0.343146
0.342987
0.342828
0.342669
0.34251
0.342351
0.342193
0.342034
0.341875
0.341716
0.341557
0.341398
0.34124
0.341081
0.340922
0.340763
0.340605
0.340446
0.340288
0.340129
0.33997
0.339812
0.339653
0.339495
0.339336
0.339178
0.33902
0.338861
0.338703
0.338544
0.338386
0.338228
0.33807
0.337911
0.337753
0.337595
0.337437
0.337279
0.337121
0.336963
0.336805
0.336647
0.336489
0.336331
0.336173
0.336015
0.335857
0.335699
0.335541
0.335383
0.335225
0.335068
0.33491
0.334752
0.334595
0.334437
0.334279
0.334122
0.333964
0.333807
0.333649
0.333492
0.333334
0.333177
0.333019
0.332862
0.332704
0.332547
0.33239
0.332233
0.332075
0.331918
0.331761
0.331604
0.331447
0.331289
0.331132
0.330975
0.330818
0.330661
0.330504
0.330347
0.33019
0.330033
0.329877
0.32972
0.329563
0.329406
0.329249
0.329093
0.328936
0.328779
0.328623
0.328466
0.328309
0.328153
0.327996
0.32784
0.327683
0.327527
0.32737
0.327214
0.327057
0.326901
0.326745
0.326588
0.326432
0.326276
0.32612
0.325964
0.325807
0.325651
0.325495
0.325339
0.325183
0.325027
0.324871
0.324715
0.324559
0.324403
0.324247
0.324091
0.323936
0.32378
0.323624
0.323468
0.323313
0.323157
0.323001
0.322846
0.32269
0.322535
0.322379
0.322223
0.322068
0.321913
0.321757
0.321602
0.321446
0.321291
0.321136
0.32098
0.320825
0.32067
0.320515
0.32036
0.320204
0.320049
0.319894
0.319739
0.319584
0.319429
0.319274
0.319119
0.318964
0.31881
0.318655
0.3185
0.318345
0.31819
0.318036
0.317881
0.317726
0.317572
0.317417
0.317262
0.317108
0.316953
0.316799
0.316644
0.31649
0.316336
0.316181
0.316027
0.315873
0.315718
0.315564
0.31541
0.315256
0.315102
0.314947
0.314793
0.314639
0.314485
0.314331
0.314177
0.314023
0.313869
0.313715
0.313562
0.313408
0.313254
0.3131
0.312946
0.312793
0.312639
0.312485
0.312332
0.312178
0.312025
0.311871
0.311718
0.311564
0.311411
0.311257
0.311104
0.310951
0.310797
0.310644
0.310491
0.310338
0.310184
0.310031
0.309878
0.309725
0.309572
0.309419
0.309266
0.309113
0.30896
0.308807
0.308654
0.308501
0.308349
0.308196
0.308043
0.30789
0.307738
0.307585
0.307432
0.30728
0.307127
0.306975
0.306822
0.30667
0.306517
0.306365
0.306212
0.30606
0.305908
0.305755
0.305603
0.305451
0.305299
0.305147
0.304995
0.304842
0.30469
0.304538
0.304386
0.304234
0.304082
0.303931
0.303779
0.303627
0.303475
0.303323
0.303171
0.30302
0.302868
0.302716
0.302565
0.302413
0.302262
0.30211
0.301959
0.301807
0.301656
0.301504
0.301353
0.301202
0.301051
0.300899
0.300748
0.300597
0.300446
0.300295
0.300143
0.299992
0.299841
0.29969
0.299539
0.299388
0.299238
0.299087
0.298936
0.298785
0.298634
0.298484
0.298333
0.298182
0.298032
0.297881
0.29773
0.29758
0.297429
0.297279
0.297128
0.296978
0.296828
0.296677
0.296527
0.296377
0.296227
0.296076
0.295926
0.295776
0.295626
0.295476
0.295326
0.295176
0.295026
0.294876
0.294726
0.294576
0.294426
0.294276
0.294127
0.293977
0.293827
0.293678
0.293528
0.293378
0.293229
0.293079
0.29293
0.29278
0.292631
0.292481
0.292332
0.292183
0.292033
0.291884
0.291735
0.291586
0.291437
0.291288
0.291138
0.290989
0.29084
0.290691
0.290542
0.290393
0.290245
0.290096
0.289947
0.289798
0.289649
0.289501
0.289352
0.289203
0.289055
0.288906
0.288758
0.288609
0.288461
0.288312
0.288164
0.288015
0.287867
0.287719
0.287571
0.287422
0.287274
0.287126
0.286978
0.28683
0.286682
0.286534
0.286386
0.286238
0.28609
0.285942
0.285794
0.285646
0.285498
0.285351
0.285203
0.285055
0.284908
0.28476
0.284613
0.284465
0.284318
0.28417
0.284023
0.283875
0.283728
0.283581
0.283433
0.283286
0.283139
0.282992
0.282845
0.282697
0.28255
0.282403
0.282256
0.282109
0.281962
0.281816
0.281669
0.281522
0.281375
0.281228
0.281082
0.280935
0.280788
0.280642
0.280495
0.280349
0.280202
0.280056
0.279909
0.279763
0.279617
0.27947
0.279324
0.279178
0.279031
0.278885
0.278739
0.278593
0.278447
0.278301
0.278155
0.278009
0.277863
0.277717
0.277571
0.277426
0.27728
0.277134
0.276988
0.276843
0.276697
0.276552
0.276406
0.27626
0.276115
0.27597
0.275824
0.275679
0.275533
0.275388
0.275243
0.275098
0.274952
0.274807
0.274662
0.274517
0.274372
0.274227
0.274082
0.273937
0.273792
0.273647
0.273503
0.273358
0.273213
0.273068
0.272924
0.272779
0.272635
0.27249
0.272345
0.272201
0.272057
0.271912
0.271768
0.271623
0.271479
0.271335
0.271191
0.271046
0.270902
0.270758
0.270614
0.27047
0.270326
0.270182
0.270038
0.269894
0.269751
0.269607
0.269463
0.269319
0.269176
0.269032
0.268888
0.268745
0.268601
0.268458
0.268314
0.268171
0.268027
0.267884
0.267741
0.267597
0.267454
0.267311
0.267168
0.267025
0.266882
0.266739
0.266595
0.266453
0.26631
0.266167
0.266024
0.265881
0.265738
0.265595
0.265453
0.26531
0.265167
0.265025
0.264882
0.26474
0.264597
0.264455
0.264313
0.26417
0.264028
0.263886
0.263743
0.263601
0.263459
0.263317
0.263175
0.263033
0.262891
0.262749
0.262607
0.262465
0.262323
0.262181
0.262039
0.261898
0.261756
0.261614
0.261473
0.261331
0.26119
0.261048
0.260907
0.260765
0.260624
0.260482
0.260341
0.2602
0.260059
0.259917
0.259776
0.259635
0.259494
0.259353
0.259212
0.259071
0.25893
0.258789
0.258648
0.258508
0.258367
0.258226
0.258085
0.257945
0.257804
0.257664
0.257523
0.257383
0.257242
0.257102
0.256961
0.256821
0.256681
0.256541
0.2564
0.25626
0.25612
0.25598
0.25584
0.2557
0.25556
0.25542
0.25528
0.25514
0.255
0.254861
0.254721
0.254581
0.254442
0.254302
0.254162
0.254023
0.253883
0.253744
0.253605
0.253465
0.253326
0.253187
0.253047
0.252908
0.252769
0.25263
0.252491
0.252352
0.252213
0.252074
0.251935
0.251796
0.251657
0.251518
0.251379
0.251241
0.251102
0.250963
0.250825
0.250686
0.250548
0.250409
0.250271
0.250132
0.249994
0.249856
0.249717
0.249579
0.249441
0.249303
0.249165
0.249027
0.248889
0.248751
0.248613
0.248475
0.248337
0.248199
0.248061
0.247923
0.247786
0.247648
0.24751
0.247373
0.247235
0.247098
0.24696
0.246823
0.246685
0.246548
0.246411
0.246274
0.246136
0.245999
0.245862
0.245725
0.245588
0.245451
0.245314
0.245177
0.24504
0.244903
0.244766
0.24463
0.244493
0.244356
0.24422
0.244083
0.243946
0.24381
0.243673
0.243537
0.243401
0.243264
0.243128
0.242992
0.242855
0.242719
0.242583
0.242447
0.242311
0.242175
0.242039
0.241903
0.241767
0.241631
0.241496
0.24136
0.241224
0.241088
0.240953
0.240817
0.240682
0.240546
0.240411
0.240275
0.24014
0.240004
0.239869
0.239734
0.239599
0.239463
0.239328
0.239193
0.239058
0.238923
0.238788
0.238653
0.238518
0.238383
0.238249
0.238114
0.237979
0.237844
0.23771
0.237575
0.237441
0.237306
0.237172
0.237037
0.236903
0.236769
0.236634
0.2365
0.236366
0.236232
0.236098
0.235963
0.235829
0.235695
0.235561
0.235428
0.235294
0.23516
0.235026
0.234892
0.234759
0.234625
0.234491
0.234358
0.234224
0.234091
0.233957
0.233824
0.233691
0.233557
0.233424
0.233291
0.233158
0.233024
0.232891
0.232758
0.232625
0.232492
0.232359
0.232226
0.232094
0.231961
0.231828
0.231695
0.231563
0.23143
0.231297
0.231165
0.231032
0.2309
0.230768
0.230635
0.230503
0.230371
0.230238
0.230106
0.229974
0.229842
0.22971
0.229578
0.229446
0.229314
0.229182
0.22905
0.228918
0.228786
0.228655
0.228523
0.228391
0.22826
0.228128
0.227997
0.227865
0.227734
0.227603
0.227471
0.22734
0.227209
0.227077
0.226946
0.226815
0.226684
0.226553
0.226422
0.226291
0.22616
0.226029
0.225899
0.225768
0.225637
0.225506
0.225376
0.225245
0.225115
0.224984
0.224854
0.224723
0.224593
0.224463
0.224332
0.224202
0.224072
0.223942
0.223812
0.223682
0.223552
0.223422
0.223292
0.223162
0.223032
0.222902
0.222772
0.222643
0.222513
0.222383
0.222254
0.222124
0.221995
0.221865
0.221736
0.221606
0.221477
0.221348
0.221219
0.221089
0.22096
0.220831
0.220702
0.220573
0.220444
0.220315
0.220186
0.220058
0.219929
0.2198
0.219671
0.219543
0.219414
0.219286
0.219157
0.219029
0.2189
0.218772
0.218643
0.218515
0.218387
0.218259
0.218131
0.218002
0.217874
0.217746
0.217618
0.21749
0.217362
0.217235
0.217107
0.216979
0.216851
0.216724
0.216596
0.216468
0.216341
0.216213
0.216086
0.215959
0.215831
0.215704
0.215577
0.215449
0.215322
0.215195
0.215068
0.214941
0.214814
0.214687
0.21456
0.214433
0.214306
0.21418
0.214053
0.213926
0.2138
0.213673
0.213546
0.21342
0.213293
0.213167
0.213041
0.212914
0.212788
0.212662
0.212536
0.21241
0.212283
0.212157
0.212031
0.211905
0.211779
0.211654
0.211528
0.211402
0.211276
0.211151
0.211025
0.210899
0.210774
0.210648
0.210523
0.210397
0.210272
0.210147
0.210021
0.209896
0.209771
0.209646
0.209521
0.209396
0.209271
0.209146
0.209021
0.208896
0.208771
0.208646
0.208521
0.208397
0.208272
0.208148
0.208023
0.207898
0.207774
0.20765
0.207525
0.207401
0.207277
0.207152
0.207028
0.206904
0.20678
0.206656
0.206532
0.206408
0.206284
0.20616
0.206036
0.205912
0.205789
0.205665
0.205541
0.205418
0.205294
0.205171
0.205047
0.204924
0.2048
0.204677
0.204554
0.204431
0.204307
0.204184
0.204061
0.203938
0.203815
0.203692
0.203569
0.203446
0.203324
0.203201
0.203078
0.202955
0.202833
0.20271
0.202588
0.202465
0.202343
0.20222
0.202098
0.201976
0.201853
0.201731
0.201609
0.201487
0.201365
0.201243
0.201121
0.200999
0.200877
0.200755
0.200633
0.200511
0.20039
0.200268
0.200146
0.200025
0.199903
0.199782
0.19966
0.199539
0.199418
0.199296
0.199175
0.199054
0.198933
0.198812
0.198691
0.19857
0.198449
0.198328
0.198207
0.198086
0.197965
0.197844
0.197724
0.197603
0.197482
0.197362
0.197241
0.197121
0.197001
0.19688
0.19676
0.19664
0.196519
0.196399
0.196279
0.196159
0.196039
0.195919
0.195799
0.195679
0.195559
0.195439
0.19532
0.1952
0.19508
0.194961
0.194841
0.194721
0.194602
0.194482
0.194363
0.194244
0.194124
0.194005
0.193886
0.193767
0.193648
0.193529
0.19341
0.193291
0.193172
0.193053
0.192934
0.192815
0.192696
0.192578
0.192459
0.192341
0.192222
0.192103
0.191985
0.191867
0.191748
0.19163
0.191512
0.191393
0.191275
0.191157
0.191039
0.190921
0.190803
0.190685
0.190567
0.190449
0.190332
0.190214
0.190096
0.189978
0.189861
0.189743
0.189626
0.189508
0.189391
0.189273
0.189156
0.189039
0.188922
0.188804
0.188687
0.18857
0.188453
0.188336
0.188219
0.188102
0.187985
0.187869
0.187752
0.187635
0.187518
0.187402
0.187285
0.187169
0.187052
0.186936
0.186819
0.186703
0.186587
0.18647
0.186354
0.186238
0.186122
0.186006
0.18589
0.185774
0.185658
0.185542
0.185426
0.185311
0.185195
0.185079
0.184963
0.184848
0.184732
0.184617
0.184501
0.184386
0.184271
0.184155
0.18404
0.183925
0.18381
0.183695
0.183579
0.183464
0.183349
0.183235
0.18312
0.183005
0.18289
0.182775
0.182661
0.182546
0.182431
0.182317
0.182202
0.182088
0.181973
0.181859
0.181745
0.181631
0.181516
0.181402
0.181288
0.181174
0.18106
0.180946
0.180832
0.180718
0.180604
0.180491
0.180377
0.180263
0.180149
0.180036
0.179922
0.179809
0.179695
0.179582
0.179469
0.179355
0.179242
0.179129
0.179016
0.178902
0.178789
0.178676
0.178563
0.17845
0.178338
0.178225
0.178112
0.177999
0.177886
0.177774
0.177661
0.177549
0.177436
0.177324
0.177211
0.177099
0.176987
0.176874
0.176762
0.17665
0.176538
0.176426
0.176314
0.176202
0.17609
0.175978
0.175866
0.175754
0.175643
0.175531
0.175419
0.175308
0.175196
0.175085
0.174973
0.174862
0.17475
0.174639
0.174528
0.174416
0.174305
0.174194
0.174083
0.173972
0.173861
0.17375
0.173639
0.173528
0.173418
0.173307
0.173196
0.173086
0.172975
0.172864
0.172754
0.172643
0.172533
0.172423
0.172312
0.172202
0.172092
0.171982
0.171872
0.171762
0.171652
0.171542
0.171432
0.171322
0.171212
0.171102
0.170992
0.170883
0.170773
0.170663
0.170554
0.170444
0.170335
0.170226
0.170116
0.170007
0.169898
0.169788
0.169679
0.16957
0.169461
0.169352
0.169243
0.169134
0.169025
0.168916
0.168808
0.168699
0.16859
0.168482
0.168373
0.168264
0.168156
0.168047
0.167939
0.167831
0.167722
0.167614
0.167506
0.167398
0.16729
0.167182
0.167074
0.166966
0.166858
0.16675
0.166642
0.166534
0.166427
0.166319
0.166211
0.166104
0.165996
0.165889
0.165781
0.165674
0.165566
0.165459
0.165352
0.165245
0.165138
0.16503
0.164923
0.164816
0.164709
0.164603
0.164496
0.164389
0.164282
0.164175
0.164069
0.163962
0.163855
0.163749
0.163642
0.163536
0.16343
0.163323
0.163217
0.163111
0.163005
0.162898
0.162792
0.162686
0.16258
0.162474
0.162368
0.162263
0.162157
0.162051
0.161945
0.16184
0.161734
0.161628
0.161523
0.161417
0.161312
0.161207
0.161101
0.160996
0.160891
0.160786
0.16068
0.160575
0.16047
0.160365
0.16026
0.160156
0.160051
0.159946
0.159841
0.159736
0.159632
0.159527
0.159423
0.159318
0.159214
0.159109
0.159005
0.1589
0.158796
0.158692
0.158588
0.158484
0.15838
0.158276
0.158172
0.158068
0.157964
0.15786
0.157756
0.157652
0.157549
0.157445
0.157341
0.157238
0.157134
0.157031
0.156928
0.156824
0.156721
0.156618
0.156514
0.156411
0.156308
0.156205
0.156102
0.155999
0.155896
0.155793
0.15569
0.155588
0.155485
0.155382
0.155279
0.155177
0.155074
0.154972
0.154869
0.154767
0.154665
0.154562
0.15446
0.154358
0.154256
0.154154
0.154052
0.15395
0.153848
0.153746
0.153644
0.153542
0.15344
0.153338
0.153237
0.153135
0.153034
0.152932
0.152831
0.152729
0.152628
0.152526
0.152425
0.152324
0.152223
0.152121
0.15202
0.151919
0.151818
0.151717
0.151616
0.151516
0.151415
0.151314
0.151213
0.151113
0.151012
0.150911
0.150811
0.15071
0.15061
0.15051
0.150409
0.150309
0.150209
0.150108
0.150008
0.149908
0.149808
0.149708
0.149608
0.149508
0.149408
0.149309
0.149209
0.149109
0.149009
0.14891
0.14881
0.148711
0.148611
0.148512
0.148412
0.148313
0.148214
0.148115
0.148015
0.147916
0.147817
0.147718
0.147619
0.14752
0.147421
0.147322
0.147224
0.147125
0.147026
0.146928
0.146829
0.14673
0.146632
0.146533
0.146435
0.146337
0.146238
0.14614
0.146042
0.145944
0.145845
0.145747
0.145649
0.145551
0.145453
0.145356
0.145258
0.14516
0.145062
0.144964
0.144867
0.144769
0.144672
0.144574
0.144477
0.144379
0.144282
0.144184
0.144087
0.14399
0.143893
0.143796
0.143699
0.143602
0.143505
0.143408
0.143311
0.143214
0.143117
0.14302
0.142924
0.142827
0.14273
0.142634
0.142537
0.142441
0.142344
0.142248
0.142152
0.142056
0.141959
0.141863
0.141767
0.141671
0.141575
0.141479
0.141383
0.141287
0.141191
0.141095
0.141
0.140904
0.140808
0.140713
0.140617
0.140522
0.140426
0.140331
0.140235
0.14014
0.140045
0.13995
0.139854
0.139759
0.139664
0.139569
0.139474
0.139379
0.139284
0.13919
0.139095
0.139
0.138905
0.138811
0.138716
0.138622
0.138527
0.138433
0.138338
0.138244
0.138149
0.138055
0.137961
0.137867
0.137773
0.137679
0.137585
0.137491
0.137397
0.137303
0.137209
0.137115
0.137021
0.136928
0.136834
0.13674
0.136647
0.136553
0.13646
0.136366
0.136273
0.13618
0.136087
0.135993
0.1359
0.135807
0.135714
0.135621
0.135528
0.135435
0.135342
0.135249
0.135156
0.135064
0.134971
0.134878
0.134786
0.134693
0.134601
0.134508
0.134416
0.134323
0.134231
0.134139
0.134047
0.133954
0.133862
0.13377
0.133678
0.133586
0.133494
0.133402
0.13331
0.133219
0.133127
0.133035
0.132943
0.132852
0.13276
0.132669
0.132577
0.132486
0.132394
0.132303
0.132212
0.132121
0.132029
0.131938
0.131847
0.131756
0.131665
0.131574
0.131483
0.131392
0.131302
0.131211
0.13112
0.131029
0.130939
0.130848
0.130758
0.130667
0.130577
0.130486
0.130396
0.130306
0.130215
0.130125
0.130035
0.129945
0.129855
0.129765
0.129675
0.129585
0.129495
0.129405
0.129316
0.129226
0.129136
0.129047
0.128957
0.128867
0.128778
0.128688
0.128599
0.12851
0.12842
0.128331
0.128242
0.128153
0.128064
0.127975
0.127886
0.127797
0.127708
0.127619
0.12753
0.127441
0.127352
0.127264
0.127175
0.127086
0.126998
0.126909
0.126821
0.126732
0.126644
0.126556
0.126468
0.126379
0.126291
0.126203
0.126115
0.126027
0.125939
0.125851
0.125763
0.125675
0.125587
0.1255
0.125412
0.125324
0.125237
0.125149
0.125061
0.124974
0.124887
0.124799
0.124712
0.124624
0.124537
0.12445
0.124363
0.124276
0.124189
0.124102
0.124015
0.123928
0.123841
0.123754
0.123667
0.123581
0.123494
0.123407
0.123321
0.123234
0.123148
0.123061
0.122975
0.122888
0.122802
0.122716
0.12263
0.122543
0.122457
0.122371
0.122285
0.122199
0.122113
0.122027
0.121941
0.121856
0.12177
0.121684
0.121598
0.121513
0.121427
0.121342
0.121256
0.121171
0.121085
0.121
0.120915
0.12083
0.120744
0.120659
0.120574
0.120489
0.120404
0.120319
0.120234
0.120149
0.120064
0.11998
0.119895
0.11981
0.119725
0.119641
0.119556
0.119472
0.119387
0.119303
0.119219
0.119134
0.11905
0.118966
0.118881
0.118797
0.118713
0.118629
0.118545
0.118461
0.118377
0.118293
0.11821
0.118126
0.118042
0.117958
0.117875
0.117791
0.117708
0.117624
0.117541
0.117457
0.117374
0.117291
0.117207
0.117124
0.117041
0.116958
0.116875
0.116792
0.116709
0.116626
0.116543
0.11646
0.116377
0.116294
0.116212
0.116129
0.116046
0.115964
0.115881
0.115799
0.115716
0.115634
0.115552
0.115469
0.115387
0.115305
0.115223
0.11514
0.115058
0.114976
0.114894
0.114812
0.114731
0.114649
0.114567
0.114485
0.114403
0.114322
0.11424
0.114159
0.114077
0.113996
0.113914
0.113833
0.113751
0.11367
0.113589
0.113508
0.113426
0.113345
0.113264
0.113183
0.113102
0.113021
0.11294
0.112859
0.112779
0.112698
0.112617
0.112536
0.112456
0.112375
0.112295
0.112214
0.112134
0.112053
0.111973
0.111893
0.111813
0.111732
0.111652
0.111572
0.111492
0.111412
0.111332
0.111252
0.111172
0.111092
0.111012
0.110933
0.110853
0.110773
0.110694
0.110614
0.110534
0.110455
0.110376
0.110296
0.110217
0.110137
0.110058
0.109979
0.1099
0.109821
0.109742
0.109662
0.109583
0.109505
0.109426
0.109347
0.109268
0.109189
0.10911
0.109032
0.108953
0.108875
0.108796
0.108717
0.108639
0.108561
0.108482
0.108404
0.108326
0.108247
0.108169
0.108091
0.108013
0.107935
0.107857
0.107779
0.107701
0.107623
0.107545
0.107467
0.10739
0.107312
0.107234
0.107157
0.107079
0.107002
0.106924
0.106847
0.106769
0.106692
0.106615
0.106537
0.10646
0.106383
0.106306
0.106229
0.106152
0.106075
0.105998
0.105921
0.105844
0.105767
0.105691
0.105614
0.105537
0.105461
0.105384
0.105307
0.105231
0.105154
0.105078
0.105002
0.104925
0.104849
0.104773
0.104697
0.10462
0.104544
0.104468
0.104392
0.104316
0.10424
0.104165
0.104089
0.104013
0.103937
0.103861
0.103786
0.10371
0.103635
0.103559
0.103484
0.103408
0.103333
0.103257
0.103182
0.103107
0.103032
0.102956
0.102881
0.102806
0.102731
0.102656
0.102581
0.102506
0.102431
0.102357
0.102282
0.102207
0.102132
0.102058
0.101983
0.101909
0.101834
0.10176
0.101685
0.101611
0.101536
0.101462
0.101388
0.101314
0.10124
0.101165
0.101091
0.101017
0.100943
0.100869
0.100795
0.100722
0.100648
0.100574
0.1005
0.100427
0.100353
0.100279
0.100206
0.100132
0.100059
0.0999853
0.0999119
0.0998386
0.0997653
0.0996921
0.0996188
0.0995457
0.0994726
0.0993995
0.0993264
0.0992534
0.0991805
0.0991076
0.0990347
0.0989619
0.0988891
0.0988164
0.0987437
0.0986711
0.0985985
0.0985259
0.0984534
0.0983809
0.0983085
0.0982361
0.0981637
0.0980914
0.0980192
0.097947
0.0978748
0.0978027
0.0977306
0.0976585
0.0975865
0.0975146
0.0974427
0.0973708
0.097299
0.0972272
0.0971554
0.0970838
0.0970121
0.0969405
0.0968689
0.0967974
0.0967259
0.0966545
0.0965831
0.0965117
0.0964404
0.0963691
0.0962979
0.0962267
0.0961556
0.0960845
0.0960134
0.0959424
0.0958714
0.0958005
0.0957296
0.0956588
0.095588
0.0955172
0.0954465
0.0953758
0.0953052
0.0952346
0.0951641
0.0950936
0.0950231
0.0949527
0.0948823
0.094812
0.0947417
0.0946715
0.0946013
0.0945311
0.094461
0.0943909
0.0943209
0.0942509
0.0941809
0.094111
0.0940412
0.0939714
0.0939016
0.0938318
0.0937621
0.0936925
0.0936229
0.0935533
0.0934838
0.0934143
0.0933449
0.0932755
0.0932061
0.0931368
0.0930675
0.0929983
0.0929291
0.09286
0.0927909
0.0927218
0.0926528
0.0925838
0.0925149
0.092446
0.0923771
0.0923083
0.0922396
0.0921708
0.0921022
0.0920335
0.0919649
0.0918964
0.0918278
0.0917594
0.0916909
0.0916226
0.0915542
0.0914859
0.0914176
0.0913494
0.0912812
0.0912131
0.091145
0.091077
0.0910089
0.090941
0.090873
0.0908052
0.0907373
0.0906695
0.0906017
0.090534
0.0904663
0.0903987
0.0903311
0.0902636
0.0901961
0.0901286
0.0900612
0.0899938
0.0899264
0.0898591
0.0897919
0.0897246
0.0896575
0.0895903
0.0895232
0.0894562
0.0893892
0.0893222
0.0892553
0.0891884
0.0891215
0.0890547
0.0889879
0.0889212
0.0888545
0.0887879
0.0887213
0.0886547
0.0885882
0.0885217
0.0884553
0.0883889
0.0883226
0.0882563
0.08819
0.0881238
0.0880576
0.0879914
0.0879253
0.0878593
0.0877932
0.0877273
0.0876613
0.0875954
0.0875296
0.0874637
0.087398
0.0873322
0.0872665
0.0872009
0.0871353
0.0870697
0.0870042
0.0869387
0.0868732
0.0868078
0.0867424
0.0866771
0.0866118
0.0865466
0.0864814
0.0864162
0.0863511
0.086286
0.086221
0.086156
0.086091
0.0860261
0.0859612
0.0858964
0.0858316
0.0857668
0.0857021
0.0856374
0.0855728
0.0855082
0.0854437
0.0853791
0.0853147
0.0852502
0.0851859
0.0851215
0.0850572
0.0849929
0.0849287
0.0848645
0.0848004
0.0847363
0.0846722
0.0846082
0.0845442
0.0844802
0.0844163
0.0843525
0.0842886
0.0842248
0.0841611
0.0840974
0.0840337
0.0839701
0.0839065
0.083843
0.0837795
0.083716
0.0836526
0.0835892
0.0835259
0.0834626
0.0833993
0.0833361
0.0832729
0.0832098
0.0831467
0.0830836
0.0830206
0.0829576
0.0828946
0.0828317
0.0827689
0.0827061
0.0826433
0.0825805
0.0825178
0.0824552
0.0823925
0.08233
0.0822674
0.0822049
0.0821424
0.08208
0.0820176
0.0819553
0.081893
0.0818307
0.0817685
0.0817063
0.0816442
0.0815821
0.08152
0.081458
0.081396
0.081334
0.0812721
0.0812103
0.0811484
0.0810866
0.0810249
0.0809632
0.0809015
0.0808399
0.0807783
0.0807167
0.0806552
0.0805937
0.0805323
0.0804709
0.0804096
0.0803482
0.080287
0.0802257
0.0801645
0.0801034
0.0800422
0.0799812
0.0799201
0.0798591
0.0797982
0.0797372
0.0796763
0.0796155
0.0795547
0.0794939
0.0794332
0.0793725
0.0793119
0.0792513
0.0791907
0.0791301
0.0790697
0.0790092
0.0789488
0.0788884
0.0788281
0.0787678
0.0787075
0.0786473
0.0785871
0.078527
0.0784669
0.0784068
0.0783468
0.0782868
0.0782268
0.0781669
0.078107
0.0780472
0.0779874
0.0779277
0.0778679
0.0778083
0.0777486
0.077689
0.0776295
0.0775699
0.0775105
0.077451
0.0773916
0.0773322
0.0772729
0.0772136
0.0771544
0.0770951
0.077036
0.0769768
0.0769177
0.0768587
0.0767997
0.0767407
0.0766817
0.0766228
0.0765639
0.0765051
0.0764463
0.0763876
0.0763289
0.0762702
0.0762115
