Vec Object: Vec_0x55adbf8b99c0_0 1 MPI process
  type: seq
1.
0.999643
0.999287
0.99893
0.998574
0.998217
0.997861
0.997504
0.997148
0.996791
0.996435
0.996078
0.995722
0.995365
0.995009
0.994653
0.994296
0.99394
0.993583
0.993227
0.992871
0.992514
0.992158
0.991802
0.991445
0.991089
0.990733
0.990376
0.99002
0.989664
0.989308
0.988951
0.988595
0.988239
0.987883
0.987526
0.98717
0.986814
0.986458
0.986102
0.985746
0.985389
0.985033
0.984677
0.984321
0.983965
0.983609
0.983253
0.982897
0.982541
0.982185
0.981828
0.981472
0.981116
0.98076
0.980404
0.980048
0.979692
0.979336
0.978981
0.978625
0.978269
0.977913
0.977557
0.977201
0.976845
0.976489
0.976133
0.975777
0.975421
0.975066
0.97471
0.974354
0.973998
0.973642
0.973287
0.972931
0.972575
0.972219
0.971863
0.971508
0.971152
0.970796
0.970441
0.970085
0.969729
0.969374
0.969018
0.968662
0.968307
0.967951
0.967595
0.96724
0.966884
0.966528
0.966173
0.965817
0.965462
0.965106
0.964751
0.964395
0.96404
0.963684
0.963329
0.962973
0.962618
0.962262
0.961907
0.961551
0.961196
0.96084
0.960485
0.960129
0.959774
0.959419
0.959063
0.958708
0.958353
0.957997
0.957642
0.957287
0.956931
0.956576
0.956221
0.955865
0.95551
0.955155
0.9548
0.954444
0.954089
0.953734
0.953379
0.953023
0.952668
0.952313
0.951958
0.951603
0.951248
0.950892
0.950537
0.950182
0.949827
0.949472
0.949117
0.948762
0.948407
0.948052
0.947697
0.947342
0.946987
0.946632
0.946277
0.945922
0.945567
0.945212
0.944857
0.944502
0.944147
0.943792
0.943437
0.943082
0.942727
0.942372
0.942017
0.941662
0.941307
0.940953
0.940598
0.940243
0.939888
0.939533
0.939178
0.938824
0.938469
0.938114
0.937759
0.937405
0.93705
0.936695
0.93634
0.935986
0.935631
0.935276
0.934922
0.934567
0.934212
0.933858
0.933503
0.933148
0.932794
0.932439
0.932085
0.93173
0.931375
0.931021
0.930666
0.930312
0.929957
0.929603
0.929248
0.928894
0.928539
0.928185
0.92783
0.927476
0.927121
0.926767
0.926412
0.926058
0.925704
0.925349
0.924995
0.92464
0.924286
0.923932
0.923577
0.923223
0.922869
0.922514
0.92216
0.921806
0.921451
0.921097
0.920743
0.920388
0.920034
0.91968
0.919326
0.918972
0.918617
0.918263
0.917909
0.917555
0.917201
0.916846
0.916492
0.916138
0.915784
0.91543
0.915076
0.914722
0.914368
0.914013
0.913659
0.913305
0.912951
0.912597
0.912243
0.911889
0.911535
0.911181
0.910827
0.910473
0.910119
0.909765
0.909411
0.909057
0.908703
0.908349
0.907996
0.907642
0.907288
0.906934
0.90658
0.906226
0.905872
0.905518
0.905165
0.904811
0.904457
0.904103
0.903749
0.903396
0.903042
0.902688
0.902334
0.901981
0.901627
0.901273
0.900919
0.900566
0.900212
0.899858
0.899505
0.899151
0.898797
0.898444
0.89809
0.897736
0.897383
0.897029
0.896676
0.896322
0.895968
0.895615
0.895261
0.894908
0.894554
0.894201
0.893847
0.893494
0.89314
0.892787
0.892433
0.89208
0.891726
0.891373
0.891019
0.890666
0.890312
0.889959
0.889606
0.889252
0.888899
0.888546
0.888192
0.887839
0.887485
0.887132
0.886779
0.886425
0.886072
0.885719
0.885366
0.885012
0.884659
0.884306
0.883953
0.883599
0.883246
0.882893
0.88254
0.882186
0.881833
0.88148
0.881127
0.880774
0.880421
0.880068
0.879714
0.879361
0.879008
0.878655
0.878302
0.877949
0.877596
0.877243
0.87689
0.876537
0.876184
0.875831
0.875478
0.875125
0.874772
0.874419
0.874066
0.873713
0.87336
0.873007
0.872654
0.872301
0.871948
0.871595
0.871242
0.870889
0.870536
0.870184
0.869831
0.869478
0.869125
0.868772
0.868419
0.868067
0.867714
0.867361
0.867008
0.866655
0.866303
0.86595
0.865597
0.865244
0.864892
0.864539
0.864186
0.863834
0.863481
0.863128
0.862775
0.862423
0.86207
0.861718
0.861365
0.861012
0.86066
0.860307
0.859954
0.859602
0.859249
0.858897
0.858544
0.858192
0.857839
0.857487
0.857134
0.856782
0.856429
0.856077
0.855724
0.855372
0.855019
0.854667
0.854314
0.853962
0.853609
0.853257
0.852904
0.852552
0.8522
0.851847
0.851495
0.851143
0.85079
0.850438
0.850086
0.849733
0.849381
0.849029
0.848676
0.848324
0.847972
0.847619
0.847267
0.846915
0.846563
0.84621
0.845858
0.845506
0.845154
0.844802
0.844449
0.844097
0.843745
0.843393
0.843041
0.842689
0.842336
0.841984
0.841632
0.84128
0.840928
0.840576
0.840224
0.839872
0.83952
0.839168
0.838816
0.838464
0.838111
0.837759
0.837407
0.837055
0.836703
0.836351
0.836
0.835648
0.835296
0.834944
0.834592
0.83424
0.833888
0.833536
0.833184
0.832832
0.83248
0.832128
0.831776
0.831425
0.831073
0.830721
0.830369
0.830017
0.829665
0.829314
0.828962
0.82861
0.828258
0.827907
0.827555
0.827203
0.826851
0.8265
0.826148
0.825796
0.825444
0.825093
0.824741
0.824389
0.824038
0.823686
0.823334
0.822983
0.822631
0.822279
0.821928
0.821576
0.821224
0.820873
0.820521
0.82017
0.819818
0.819467
0.819115
0.818763
0.818412
0.81806
0.817709
0.817357
0.817006
0.816654
0.816303
0.815951
0.8156
0.815248
0.814897
0.814546
0.814194
0.813843
0.813491
0.81314
0.812788
0.812437
0.812086
0.811734
0.811383
0.811032
0.81068
0.810329
0.809977
0.809626
0.809275
0.808923
0.808572
0.808221
0.80787
0.807518
0.807167
0.806816
0.806465
0.806113
0.805762
0.805411
0.80506
0.804708
0.804357
0.804006
0.803655
0.803304
0.802952
0.802601
0.80225
0.801899
0.801548
0.801197
0.800846
0.800494
0.800143
0.799792
0.799441
0.79909
0.798739
0.798388
0.798037
0.797686
0.797335
0.796984
0.796633
0.796282
0.795931
0.79558
0.795229
0.794878
0.794527
0.794176
0.793825
0.793474
0.793123
0.792772
0.792421
0.79207
0.791719
0.791368
0.791017
0.790666
0.790315
0.789964
0.789614
0.789263
0.788912
0.788561
0.78821
0.787859
0.787508
0.787158
0.786807
0.786456
0.786105
0.785754
0.785404
0.785053
0.784702
0.784351
0.784001
0.78365
0.783299
0.782948
0.782598
0.782247
0.781896
0.781546
0.781195
0.780844
0.780493
0.780143
0.779792
0.779441
0.779091
0.77874
0.77839
0.778039
0.777688
0.777338
0.776987
0.776636
0.776286
0.775935
0.775585
0.775234
0.774884
0.774533
0.774182
0.773832
0.773481
0.773131
0.77278
0.77243
0.772079
0.771729
0.771378
0.771028
0.770677
0.770327
0.769976
0.769626
0.769275
0.768925
0.768575
0.768224
0.767874
0.767523
0.767173
0.766823
0.766472
0.766122
0.765771
0.765421
0.765071
0.76472
0.76437
0.76402
0.763669
0.763319
0.762969
0.762618
0.762268
0.761918
0.761567
0.761217
0.760867
0.760516
0.760166
0.759816
0.759466
0.759115
0.758765
0.758415
0.758065
0.757714
0.757364
0.757014
0.756664
0.756314
0.755963
0.755613
0.755263
0.754913
0.754563
0.754212
0.753862
0.753512
0.753162
0.752812
0.752462
0.752112
0.751761
0.751411
0.751061
0.750711
0.750361
0.750011
0.749661
0.749311
0.748961
0.748611
0.748261
0.747911
0.74756
0.74721
0.74686
0.74651
0.74616
0.74581
0.74546
0.74511
0.74476
0.74441
0.74406
0.74371
0.74336
0.74301
0.74266
0.74231
0.741961
0.741611
0.741261
0.740911
0.740561
0.740211
0.739861
0.739511
0.739161
0.738811
0.738461
0.738111
0.737762
0.737412
0.737062
0.736712
0.736362
0.736012
0.735662
0.735313
0.734963
0.734613
0.734263
0.733913
0.733563
0.733214
0.732864
0.732514
0.732164
0.731814
0.731465
0.731115
0.730765
0.730415
0.730065
0.729716
0.729366
0.729016
0.728666
0.728317
0.727967
0.727617
0.727268
0.726918
0.726568
0.726218
0.725869
0.725519
0.725169
0.72482
0.72447
0.72412
0.723771
0.723421
0.723071
0.722722
0.722372
0.722022
0.721673
0.721323
0.720973
0.720624
0.720274
0.719924
0.719575
0.719225
0.718876
0.718526
0.718176
0.717827
0.717477
0.717128
0.716778
0.716429
0.716079
0.715729
0.71538
0.71503
0.714681
0.714331
0.713982
0.713632
0.713283
0.712933
0.712583
0.712234
0.711884
0.711535
0.711185
0.710836
0.710486
0.710137
0.709787
0.709438
0.709088
0.708739
0.708389
0.70804
0.707691
0.707341
0.706992
0.706642
0.706293
0.705943
0.705594
0.705244
0.704895
0.704545
0.704196
0.703847
0.703497
0.703148
0.702798
0.702449
0.7021
0.70175
0.701401
0.701051
0.700702
0.700353
0.700003
0.699654
0.699304
0.698955
0.698606
0.698256
0.697907
0.697557
0.697208
0.696859
0.696509
0.69616
0.695811
0.695461
0.695112
0.694763
0.694413
0.694064
0.693715
0.693365
0.693016
0.692667
0.692317
0.691968
0.691619
0.691269
0.69092
0.690571
0.690222
0.689872
0.689523
0.689174
0.688824
0.688475
0.688126
0.687777
0.687427
0.687078
0.686729
0.686379
0.68603
0.685681
0.685332
0.684982
0.684633
0.684284
0.683935
0.683585
0.683236
0.682887
0.682538
0.682188
0.681839
0.68149
0.681141
0.680791
0.680442
0.680093
0.679744
0.679395
0.679045
0.678696
0.678347
0.677998
0.677648
0.677299
0.67695
0.676601
0.676252
0.675902
0.675553
0.675204
0.674855
0.674506
0.674156
0.673807
0.673458
0.673109
0.67276
0.67241
0.672061
0.671712
0.671363
0.671014
0.670664
0.670315
0.669966
0.669617
0.669268
0.668919
0.668569
0.66822
0.667871
0.667522
0.667173
0.666824
0.666474
0.666125
0.665776
0.665427
0.665078
0.664729
0.664379
0.66403
0.663681
0.663332
0.662983
0.662634
0.662284
0.661935
0.661586
0.661237
0.660888
0.660539
0.66019
0.65984
0.659491
0.659142
0.658793
0.658444
0.658095
0.657745
0.657396
0.657047
0.656698
0.656349
0.656
0.655651
0.655301
0.654952
0.654603
0.654254
0.653905
0.653556
0.653207
0.652857
0.652508
0.652159
0.65181
0.651461
0.651112
0.650762
0.650413
0.650064
0.649715
0.649366
0.649017
0.648668
0.648318
0.647969
0.64762
0.647271
0.646922
0.646573
0.646224
0.645874
0.645525
0.645176
0.644827
0.644478
0.644129
0.643779
0.64343
0.643081
0.642732
0.642383
0.642034
0.641684
0.641335
0.640986
0.640637
0.640288
0.639939
0.639589
0.63924
0.638891
0.638542
0.638193
0.637843
0.637494
0.637145
0.636796
0.636447
0.636098
0.635748
0.635399
0.63505
0.634701
0.634352
0.634002
0.633653
0.633304
0.632955
0.632606
0.632256
0.631907
0.631558
0.631209
0.630859
0.63051
0.630161
0.629812
0.629463
0.629113
0.628764
0.628415
0.628066
0.627716
0.627367
0.627018
0.626669
0.626319
0.62597
0.625621
0.625272
0.624922
0.624573
0.624224
0.623875
0.623525
0.623176
0.622827
0.622477
0.622128
0.621779
0.62143
0.62108
0.620731
0.620382
0.620032
0.619683
0.619334
0.618984
0.618635
0.618286
0.617937
0.617587
0.617238
0.616889
0.616539
0.61619
0.615841
0.615491
0.615142
0.614792
0.614443
0.614094
0.613744
0.613395
0.613046
0.612696
0.612347
0.611997
0.611648
0.611299
0.610949
0.6106
0.61025
0.609901
0.609552
0.609202
0.608853
0.608503
0.608154
0.607804
0.607455
0.607106
0.606756
0.606407
0.606057
0.605708
0.605358
0.605009
0.604659
0.60431
0.60396
0.603611
0.603261
0.602912
0.602562
0.602213
0.601863
0.601514
0.601164
0.600815
0.600465
0.600115
0.599766
0.599416
0.599067
0.598717
0.598368
0.598018
0.597668
0.597319
0.596969
0.59662
0.59627
0.59592
0.595571
0.595221
0.594872
0.594522
0.594172
0.593823
0.593473
0.593123
0.592774
0.592424
0.592074
0.591724
0.591375
0.591025
0.590675
0.590326
0.589976
0.589626
0.589276
0.588927
0.588577
0.588227
0.587877
0.587528
0.587178
0.586828
0.586478
0.586128
0.585779
0.585429
0.585079
0.584729
0.584379
0.584029
0.58368
0.58333
0.58298
0.58263
0.58228
0.58193
0.58158
0.58123
0.58088
0.58053
0.580181
0.579831
0.579481
0.579131
0.578781
0.578431
0.578081
0.577731
0.577381
0.577031
0.576681
0.576331
0.575981
0.575631
0.575281
0.57493
0.57458
0.57423
0.57388
0.57353
0.57318
0.57283
0.57248
0.57213
0.57178
0.571429
0.571079
0.570729
0.570379
0.570029
0.569679
0.569328
0.568978
0.568628
0.568278
0.567927
0.567577
0.567227
0.566877
0.566526
0.566176
0.565826
0.565475
0.565125
0.564775
0.564424
0.564074
0.563724
0.563373
0.563023
0.562673
0.562322
0.561972
0.561621
0.561271
0.56092
0.56057
0.56022
0.559869
0.559519
0.559168
0.558818
0.558467
0.558117
0.557766
0.557415
0.557065
0.556714
0.556364
0.556013
0.555663
0.555312
0.554961
0.554611
0.55426
0.553909
0.553559
0.553208
0.552857
0.552507
0.552156
0.551805
0.551454
0.551104
0.550753
0.550402
0.550051
0.549701
0.54935
0.548999
0.548648
0.548297
0.547946
0.547595
0.547245
0.546894
0.546543
0.546192
0.545841
0.54549
0.545139
0.544788
0.544437
0.544086
0.543735
0.543384
0.543033
0.542682
0.542331
0.54198
0.541629
0.541278
0.540926
0.540575
0.540224
0.539873
0.539522
0.539171
0.538819
0.538468
0.538117
0.537766
0.537414
0.537063
0.536712
0.536361
0.536009
0.535658
0.535307
0.534955
0.534604
0.534253
0.533901
0.53355
0.533198
0.532847
0.532495
0.532144
0.531793
0.531441
0.53109
0.530738
0.530386
0.530035
0.529683
0.529332
0.52898
0.528629
0.528277
0.527925
0.527574
0.527222
0.52687
0.526519
0.526167
0.525815
0.525463
0.525112
0.52476
0.524408
0.524056
0.523704
0.523353
0.523001
0.522649
0.522297
0.521945
0.521593
0.521241
0.520889
0.520537
0.520185
0.519833
0.519481
0.519129
0.518777
0.518425
0.518073
0.517721
0.517369
0.517017
0.516665
0.516312
0.51596
0.515608
0.515256
0.514904
0.514551
0.514199
0.513847
0.513495
0.513142
0.51279
0.512438
0.512085
0.511733
0.51138
0.511028
0.510676
0.510323
0.509971
0.509618
0.509266
0.508913
0.508561
0.508208
0.507855
0.507503
0.50715
0.506798
0.506445
0.506092
0.50574
0.505387
0.505034
0.504681
0.504329
0.503976
0.503623
0.50327
0.502918
0.502565
0.502212
0.501859
0.501506
0.501153
0.5008
0.500447
0.500094
0.499741
0.499388
0.499035
0.498682
0.498329
0.497976
0.497623
0.49727
0.496917
0.496563
0.49621
0.495857
0.495504
0.495151
0.494797
0.494444
0.494091
0.493737
0.493384
0.493031
0.492677
0.492324
0.491971
0.491617
0.491264
0.49091
0.490557
0.490203
0.48985
0.489496
0.489143
0.488789
0.488435
0.488082
0.487728
0.487374
0.487021
0.486667
0.486313
0.485959
0.485606
0.485252
0.484898
0.484544
0.48419
0.483836
0.483483
0.483129
0.482775
0.482421
0.482067
0.481713
0.481359
0.481005
0.480651
0.480297
0.479942
0.479588
0.479234
0.47888
0.478526
0.478172
0.477817
0.477463
0.477109
0.476755
0.4764
0.476046
0.475691
0.475337
0.474983
0.474628
0.474274
0.473919
0.473565
0.47321
0.472856
0.472501
0.472147
0.471792
0.471437
0.471083
0.470728
0.470373
0.470019
0.469664
0.469309
0.468954
0.4686
0.468245
0.46789
0.467535
0.46718
0.466825
0.46647
0.466115
0.46576
0.465405
0.46505
0.464695
0.46434
0.463985
0.46363
0.463275
0.46292
0.462565
0.46221
0.461854
0.461499
0.461144
0.460788
0.460433
0.460078
0.459722
0.459367
0.459012
0.458656
0.458301
0.457945
0.45759
0.457234
0.456879
0.456523
0.456168
0.455812
0.455456
0.455101
0.454745
0.454389
0.454034
0.453678
0.453322
0.452966
0.452611
0.452255
0.451899
0.451543
0.451187
0.450831
0.450475
0.450119
0.449763
0.449407
0.449051
0.448695
0.448339
0.447983
0.447627
0.44727
0.446914
0.446558
0.446202
0.445846
0.445489
0.445133
0.444777
0.44442
0.444064
0.443708
0.443351
0.442995
0.442638
0.442282
0.441925
0.441569
0.441212
0.440856
0.440499
0.440142
0.439786
0.439429
0.439072
0.438716
0.438359
0.438002
0.437645
0.437288
0.436932
0.436575
0.436218
0.435861
0.435504
0.435147
0.43479
0.434433
0.434076
0.433719
0.433362
0.433005
0.432648
0.43229
0.431933
0.431576
0.431219
0.430862
0.430504
0.430147
0.42979
0.429432
0.429075
0.428718
0.42836
0.428003
0.427645
0.427288
0.42693
0.426573
0.426215
0.425858
0.4255
0.425143
0.424785
0.424427
0.42407
0.423712
0.423354
0.422996
0.422639
0.422281
0.421923
0.421565
0.421207
0.420849
0.420491
0.420133
0.419776
0.419418
0.41906
0.418701
0.418343
0.417985
0.417627
0.417269
0.416911
0.416553
0.416195
0.415836
0.415478
0.41512
0.414762
0.414403
0.414045
0.413687
0.413328
0.41297
0.412611
0.412253
0.411895
0.411536
0.411178
0.410819
0.410461
0.410102
0.409743
0.409385
0.409026
0.408667
0.408309
0.40795
0.407591
0.407233
0.406874
0.406515
0.406156
0.405797
0.405438
0.40508
0.404721
0.404362
0.404003
0.403644
0.403285
0.402926
0.402567
0.402208
0.401849
0.40149
0.40113
0.400771
0.400412
0.400053
0.399694
0.399335
0.398975
0.398616
0.398257
0.397898
0.397538
0.397179
0.396819
0.39646
0.396101
0.395741
0.395382
0.395022
0.394663
0.394303
0.393944
0.393584
0.393225
0.392865
0.392506
0.392146
0.391786
0.391427
0.391067
0.390707
0.390347
0.389988
0.389628
0.389268
0.388908
0.388549
0.388189
0.387829
0.387469
0.387109
0.386749
0.386389
0.386029
0.385669
0.385309
0.384949
0.384589
0.384229
0.383869
0.383509
0.383149
0.382789
0.382429
0.382069
0.381709
0.381348
0.380988
0.380628
0.380268
0.379907
0.379547
0.379187
0.378827
0.378466
0.378106
0.377746
0.377385
0.377025
0.376664
0.376304
0.375944
0.375583
0.375223
0.374862
0.374502
0.374141
0.373781
0.37342
0.37306
0.372699
0.372339
0.371978
0.371617
0.371257
0.370896
0.370535
0.370175
0.369814
0.369453
0.369093
0.368732
0.368371
0.36801
0.36765
0.367289
0.366928
0.366567
0.366206
0.365846
0.365485
0.365124
0.364763
0.364402
0.364041
0.36368
0.363319
0.362959
0.362598
0.362237
0.361876
0.361515
0.361154
0.360793
0.360432
0.360071
0.35971
0.359349
0.358988
0.358627
0.358265
0.357904
0.357543
0.357182
0.356821
0.35646
0.356099
0.355738
0.355377
0.355015
0.354654
0.354293
0.353932
0.353571
0.35321
0.352848
0.352487
0.352126
0.351765
0.351403
0.351042
0.350681
0.35032
0.349958
0.349597
0.349236
0.348875
0.348513
0.348152
0.347791
0.347429
0.347068
0.346707
0.346345
0.345984
0.345623
0.345261
0.3449
0.344539
0.344177
0.343816
0.343455
0.343093
0.342732
0.342371
0.342009
0.341648
0.341287
0.340925
0.340564
0.340202
0.339841
0.33948
0.339118
0.338757
0.338396
0.338034
0.337673
0.337311
0.33695
0.336589
0.336227
0.335866
0.335504
0.335143
0.334782
0.33442
0.334059
0.333697
0.333336
0.332975
0.332613
0.332252
0.331891
0.331529
0.331168
0.330806
0.330445
0.330084
0.329722
0.329361
0.329
0.328638
0.328277
0.327916
0.327554
0.327193
0.326832
0.32647
0.326109
0.325748
0.325386
0.325025
0.324664
0.324303
0.323941
0.32358
0.323219
0.322857
0.322496
0.322135
0.321774
0.321413
0.321051
0.32069
0.320329
0.319968
0.319607
0.319245
0.318884
0.318523
0.318162
0.317801
0.31744
0.317079
0.316718
0.316357
0.315995
0.315634
0.315273
0.314912
0.314551
0.31419
0.313829
0.313468
0.313107
0.312747
0.312386
0.312025
0.311664
0.311303
0.310942
0.310581
0.31022
0.30986
0.309499
0.309138
0.308777
0.308416
0.308056
0.307695
0.307334
0.306974
0.306613
0.306252
0.305892
0.305531
0.30517
0.30481
0.304449
0.304089
0.303728
0.303368
0.303007
0.302647
0.302287
0.301926
0.301566
0.301205
0.300845
0.300485
0.300125
0.299764
0.299404
0.299044
0.298684
0.298324
0.297963
0.297603
0.297243
0.296883
0.296523
0.296163
0.295803
0.295443
0.295083
0.294723
0.294364
0.294004
0.293644
0.293284
0.292925
0.292565
0.292205
0.291845
0.291486
0.291126
0.290767
0.290407
0.290048
0.289688
0.289329
0.288969
0.28861
0.288251
0.287891
0.287532
0.287173
0.286814
0.286455
0.286096
0.285736
0.285377
0.285018
0.284659
0.2843
0.283942
0.283583
0.283224
0.282865
0.282506
0.282148
0.281789
0.28143
0.281072
0.280713
0.280355
0.279996
0.279638
0.27928
0.278921
0.278563
0.278205
0.277846
0.277488
0.27713
0.276772
0.276414
0.276056
0.275698
0.27534
0.274982
0.274625
0.274267
0.273909
0.273551
0.273194
0.272836
0.272479
0.272121
0.271764
0.271407
0.271049
0.270692
0.270335
0.269978
0.269621
0.269263
0.268906
0.26855
0.268193
0.267836
0.267479
0.267122
0.266766
0.266409
0.266052
0.265696
0.265339
0.264983
0.264627
0.26427
0.263914
0.263558
0.263202
0.262846
0.26249
0.262134
0.261778
0.261422
0.261066
0.260711
0.260355
0.26
0.259644
0.259289
0.258933
0.258578
0.258223
0.257867
0.257512
0.257157
0.256802
0.256447
0.256092
0.255738
0.255383
0.255028
0.254674
0.254319
0.253965
0.25361
0.253256
0.252902
0.252548
0.252194
0.25184
0.251486
0.251132
0.250778
0.250424
0.25007
0.249717
0.249363
0.24901
0.248657
0.248303
0.24795
0.247597
0.247244
0.246891
0.246538
0.246185
0.245832
0.24548
0.245127
0.244775
0.244422
0.24407
0.243718
0.243365
0.243013
0.242661
0.242309
0.241958
0.241606
0.241254
0.240903
0.240551
0.2402
0.239848
0.239497
0.239146
0.238795
0.238444
0.238093
0.237742
0.237391
0.237041
0.23669
0.23634
0.235989
0.235639
0.235289
0.234939
0.234589
0.234239
0.233889
0.23354
0.23319
0.23284
0.232491
0.232142
0.231793
0.231443
0.231094
0.230745
0.230397
0.230048
0.229699
0.229351
0.229002
0.228654
0.228306
0.227958
0.22761
0.227262
0.226914
0.226566
0.226219
0.225871
0.225524
0.225177
0.224829
0.224482
0.224135
0.223789
0.223442
0.223095
0.222749
0.222402
0.222056
0.22171
0.221364
0.221018
0.220672
0.220326
0.219981
0.219635
0.21929
0.218944
0.218599
0.218254
0.217909
0.217565
0.21722
0.216875
0.216531
0.216187
0.215842
0.215498
0.215154
0.214811
0.214467
0.214123
0.21378
0.213436
0.213093
0.21275
0.212407
0.212064
0.211722
0.211379
0.211037
0.210694
0.210352
0.21001
0.209668
0.209326
0.208985
0.208643
0.208302
0.20796
0.207619
0.207278
0.206937
0.206596
0.206256
0.205915
0.205575
0.205235
0.204895
0.204555
0.204215
0.203875
0.203536
0.203197
0.202857
0.202518
0.202179
0.201841
0.201502
0.201163
0.200825
0.200487
0.200149
0.199811
0.199473
0.199135
0.198798
0.198461
0.198123
0.197786
0.197449
0.197113
0.196776
0.19644
0.196103
0.195767
0.195431
0.195096
0.19476
0.194424
0.194089
0.193754
0.193419
0.193084
0.192749
0.192415
0.19208
0.191746
0.191412
0.191078
0.190744
0.190411
0.190077
0.189744
0.189411
0.189078
0.188745
0.188412
0.18808
0.187748
0.187416
0.187084
0.186752
0.18642
0.186089
0.185758
0.185427
0.185096
0.184765
0.184434
0.184104
0.183774
0.183444
0.183114
0.182784
0.182455
0.182125
0.181796
0.181467
0.181138
0.18081
0.180481
0.180153
0.179825
0.179497
0.179169
0.178842
0.178514
0.178187
0.17786
0.177533
0.177207
0.17688
0.176554
0.176228
0.175902
0.175577
0.175251
0.174926
0.174601
0.174276
0.173951
0.173627
0.173302
0.172978
0.172654
0.17233
0.172007
0.171684
0.17136
0.171037
0.170715
0.170392
0.17007
0.169748
0.169426
0.169104
0.168782
0.168461
0.16814
0.167819
0.167498
0.167178
0.166857
0.166537
0.166217
0.165898
0.165578
0.165259
0.16494
0.164621
0.164303
0.163984
0.163666
0.163348
0.16303
0.162713
0.162395
0.162078
0.161761
0.161444
0.161128
0.160812
0.160496
0.16018
0.159864
0.159549
0.159234
0.158919
0.158604
0.15829
0.157975
0.157661
0.157347
0.157034
0.15672
0.156407
0.156094
0.155782
0.155469
0.155157
0.154845
0.154533
0.154222
0.153911
0.153599
0.153289
0.152978
0.152668
0.152358
0.152048
0.151738
0.151429
0.151119
0.150811
0.150502
0.150193
0.149885
0.149577
0.14927
0.148962
0.148655
0.148348
0.148041
0.147735
0.147428
0.147122
0.146817
0.146511
0.146206
0.145901
0.145596
0.145292
0.144987
0.144683
0.14438
0.144076
0.143773
0.14347
0.143167
0.142865
0.142562
0.14226
0.141959
0.141657
0.141356
0.141055
0.140754
0.140454
0.140154
0.139854
0.139554
0.139255
0.138956
0.138657
0.138359
0.13806
0.137762
0.137464
0.137167
0.13687
0.136573
0.136276
0.13598
0.135684
0.135388
0.135092
0.134797
0.134502
0.134207
0.133912
0.133618
0.133324
0.133031
0.132737
0.132444
0.132151
0.131859
0.131567
0.131275
0.130983
0.130691
0.1304
0.130109
0.129819
0.129529
0.129239
0.128949
0.128659
0.12837
0.128081
0.127793
0.127504
0.127217
0.126929
0.126641
0.126354
0.126067
0.125781
0.125495
0.125209
0.124923
0.124638
0.124353
0.124068
0.123783
0.123499
0.123215
0.122932
0.122649
0.122366
0.122083
0.121801
0.121519
0.121237
0.120955
0.120674
0.120393
0.120113
0.119833
0.119553
0.119273
0.118994
0.118715
0.118436
0.118158
0.11788
0.117602
0.117324
0.117047
0.11677
0.116494
0.116218
0.115942
0.115666
0.115391
0.115116
0.114841
0.114567
0.114293
0.114019
0.113746
0.113473
0.1132
0.112928
0.112656
0.112384
0.112113
0.111841
0.111571
0.1113
0.11103
0.11076
0.110491
0.110222
0.109953
0.109684
0.109416
0.109148
0.108881
0.108614
0.108347
0.10808
0.107814
0.107548
0.107283
0.107017
0.106753
0.106488
0.106224
0.10596
0.105696
0.105433
0.10517
0.104908
0.104646
0.104384
0.104122
0.103861
0.1036
0.10334
0.10308
0.10282
0.102561
0.102301
0.102043
0.101784
0.101526
0.101268
0.101011
0.100754
0.100497
0.100241
0.099985
0.0997294
0.0994741
0.0992191
0.0989645
0.0987103
0.0984563
0.0982028
0.0979496
0.0976967
0.0974442
0.0971921
0.0969403
0.0966889
0.0964378
0.096187
0.0959367
0.0956866
0.095437
0.0951877
0.0949387
0.0946901
0.0944419
0.094194
0.0939465
0.0936994
0.0934526
0.0932061
0.09296
0.0927143
0.092469
0.092224
0.0919793
0.0917351
0.0914912
0.0912476
0.0910045
0.0907617
0.0905192
0.0902771
0.0900354
0.0897941
0.0895531
0.0893125
0.0890722
0.0888324
0.0885928
0.0883537
0.0881149
0.0878765
0.0876385
0.0874008
0.0871636
0.0869266
0.0866901
0.0864539
0.0862181
0.0859827
0.0857476
0.0855129
0.0852786
0.0850447
0.0848111
0.0845779
0.0843451
0.0841127
0.0838806
0.083649
0.0834177
0.0831867
0.0829562
0.082726
0.0824962
0.0822668
0.0820378
0.0818091
0.0815808
0.0813529
0.0811254
0.0808983
0.0806715
0.0804452
0.0802192
0.0799936
0.0797683
0.0795435
0.079319
0.0790949
0.0788712
0.0786479
0.078425
0.0782025
0.0779803
0.0777585
0.0775371
0.0773161
0.0770955
0.0768753
0.0766554
0.076436
0.0762169
0.0759982
0.0757799
0.075562
0.0753445
0.0751273
0.0749106
0.0746942
0.0744783
0.0742627
0.0740475
0.0738327
0.0736183
0.0734043
0.0731906
0.0729774
0.0727646
0.0725521
0.07234
0.0721284
0.0719171
0.0717062
0.0714957
0.0712856
0.0710758
0.0708665
0.0706576
0.0704491
0.0702409
0.0700332
0.0698258
0.0696188
0.0694123
0.0692061
0.0690003
0.0687949
0.0685899
0.0683853
0.0681811
0.0679773
0.0677739
0.0675709
0.0673683
0.067166
0.0669642
0.0667628
0.0665617
0.0663611
0.0661608
0.065961
0.0657615
0.0655625
0.0653638
0.0651655
0.0649677
0.0647702
0.0645731
0.0643764
0.0641802
0.0639843
0.0637888
0.0635937
0.063399
0.0632047
0.0630108
0.0628173
0.0626242
0.0624315
0.0622392
0.0620473
0.0618558
0.0616647
0.061474
0.0612836
0.0610937
0.0609042
0.0607151
0.0605264
0.060338
0.0601501
0.0599626
0.0597755
0.0595887
0.0594024
0.0592165
0.0590309
0.0588458
0.058661
0.0584767
0.0582928
0.0581092
0.0579261
0.0577433
0.057561
0.057379
0.0571975
0.0570163
0.0568355
0.0566552
0.0564752
0.0562956
0.0561165
0.0559377
0.0557593
0.0555814
0.0554038
0.0552266
0.0550498
0.0548734
0.0546975
0.0545219
0.0543467
0.0541719
0.0539975
0.0538235
0.0536499
0.0534767
0.0533038
0.0531314
0.0529594
0.0527878
0.0526166
0.0524457
0.0522753
0.0521052
0.0519356
0.0517663
0.0515975
0.051429
0.051261
0.0510933
0.050926
0.0507591
0.0505926
0.0504266
0.0502609
0.0500955
0.0499306
0.0497661
0.049602
0.0494383
0.0492749
0.049112
0.0489494
0.0487873
0.0486255
0.0484641
0.0483031
0.0481425
0.0479823
0.0478225
0.0476631
0.0475041
0.0473454
0.0471872
0.0470293
0.0468718
0.0467147
0.046558
0.0464017
0.0462458
0.0460903
0.0459352
0.0457804
0.045626
0.0454721
0.0453185
0.0451653
0.0450125
0.04486
0.044708
0.0445563
0.0444051
0.0442542
0.0441037
0.0439535
0.0438038
0.0436545
0.0435055
0.0433569
0.0432087
0.0430609
0.0429135
0.0427664
0.0426197
0.0424734
0.0423275
0.042182
0.0420369
0.0418921
0.0417477
0.0416037
0.0414601
0.0413168
0.0411739
0.0410314
0.0408893
0.0407476
0.0406062
0.0404652
0.0403246
0.0401844
0.0400445
0.039905
0.0397659
0.0396272
0.0394888
0.0393509
0.0392132
0.039076
0.0389391
0.0388026
0.0386665
0.0385308
0.0383954
0.0382604
0.0381257
0.0379914
0.0378575
0.037724
0.0375908
0.037458
0.0373256
0.0371935
0.0370618
0.0369305
0.0367995
0.0366689
0.0365387
0.0364088
0.0362793
0.0361502
0.0360214
0.035893
0.0357649
0.0356372
0.0355099
0.0353829
0.0352563
0.03513
0.0350041
0.0348786
0.0347534
0.0346286
0.0345041
0.03438
0.0342563
0.0341329
0.0340098
0.0338871
0.0337648
0.0336428
0.0335212
0.0333999
0.033279
0.0331585
0.0330382
0.0329184
0.0327989
0.0326797
0.0325609
0.0324424
0.0323243
0.0322065
0.0320891
0.031972
0.0318553
0.0317389
0.0316229
0.0315072
0.0313919
0.0312768
0.0311622
0.0310479
0.0309339
0.0308202
0.030707
0.030594
0.0304814
0.0303691
0.0302572
0.0301456
0.0300343
0.0299234
0.0298128
0.0297025
0.0295926
0.029483
0.0293738
0.0292649
0.0291563
0.029048
0.0289401
0.0288325
0.0287253
0.0286184
0.0285118
0.0284055
0.0282995
0.0281939
0.0280887
0.0279837
0.0278791
0.0277748
0.0276708
0.0275671
0.0274638
0.0273608
0.0272581
0.0271557
0.0270537
0.026952
0.0268505
0.0267495
0.0266487
0.0265483
0.0264481
0.0263483
0.0262488
0.0261496
0.0260508
0.0259522
0.025854
0.0257561
0.0256584
0.0255611
0.0254642
0.0253675
0.0252711
0.0251751
0.0250793
0.0249839
0.0248887
0.0247939
0.0246994
0.0246052
0.0245113
0.0244177
0.0243244
0.0242314
0.0241387
0.0240463
0.0239542
0.0238624
0.0237709
0.0236798
0.0235889
0.0234983
0.023408
0.023318
0.0232283
0.0231389
0.0230498
0.022961
0.0228724
0.0227842
0.0226963
0.0226086
0.0225213
0.0224342
0.0223474
0.022261
0.0221748
0.0220889
0.0220032
0.0219179
0.0218329
0.0217481
0.0216636
0.0215794
0.0214955
0.0214119
0.0213286
0.0212455
0.0211627
0.0210802
0.020998
0.020916
0.0208344
0.020753
0.0206719
0.020591
0.0205105
0.0204302
0.0203502
0.0202705
0.020191
0.0201118
0.0200329
0.0199542
0.0198758
0.0197977
0.0197199
0.0196423
0.019565
0.019488
0.0194112
0.0193347
0.0192585
0.0191825
0.0191068
0.0190313
0.0189561
0.0188812
0.0188065
0.0187321
0.018658
0.0185841
0.0185105
0.0184371
0.018364
0.0182911
0.0182185
0.0181462
0.0180741
0.0180023
0.0179307
0.0178594
0.0177883
0.0177174
0.0176469
0.0175765
0.0175065
0.0174366
0.017367
0.0172977
0.0172286
0.0171598
0.0170912
0.0170228
0.0169547
0.0168868
0.0168192
0.0167518
0.0166847
0.0166178
0.0165511
0.0164847
0.0164185
0.0163526
0.0162869
0.0162214
0.0161562
0.0160912
0.0160264
0.0159619
0.0158976
0.0158335
0.0157697
0.0157061
0.0156427
0.0155796
0.0155167
0.015454
0.0153915
0.0153293
0.0152673
0.0152055
0.015144
0.0150826
0.0150215
0.0149607
0.0149
0.0148396
0.0147794
0.0147194
0.0146596
0.0146001
0.0145408
0.0144816
0.0144228
0.0143641
0.0143056
0.0142474
0.0141894
0.0141315
0.014074
0.0140166
0.0139594
0.0139024
0.0138457
0.0137892
0.0137328
0.0136767
0.0136208
0.0135651
0.0135096
0.0134543
0.0133993
0.0133444
0.0132897
0.0132353
0.013181
0.013127
0.0130731
0.0130195
0.012966
0.0129128
0.0128597
0.0128069
0.0127542
0.0127018
0.0126495
0.0125975
0.0125456
0.012494
0.0124425
0.0123912
0.0123402
0.0122893
0.0122386
0.0121881
0.0121378
0.0120877
0.0120377
0.011988
0.0119385
0.0118891
0.01184
0.011791
0.0117422
0.0116936
0.0116452
0.0115969
0.0115489
0.011501
0.0114533
0.0114058
0.0113585
0.0113114
0.0112644
0.0112177
0.0111711
0.0111246
0.0110784
0.0110324
0.0109865
0.0109408
0.0108952
0.0108499
0.0108047
0.0107597
0.0107149
0.0106702
0.0106258
0.0105815
0.0105373
0.0104934
0.0104496
0.0104059
0.0103625
0.0103192
0.0102761
0.0102332
0.0101904
0.0101478
0.0101053
0.010063
0.0100209
0.00997897
0.00993718
0.00989556
0.0098541
0.0098128
0.00977166
0.00973069
0.00968987
0.00964922
0.00960873
0.00956839
0.00952821
0.0094882
0.00944834
0.00940863
0.00936909
0.00932969
0.00929046
0.00925138
0.00921245
0.00917368
0.00913506
0.00909659
0.00905828
0.00902011
0.0089821
0.00894424
0.00890653
0.00886897
0.00883156
0.00879429
0.00875718
0.00872021
0.00868339
0.00864671
0.00861018
0.0085738
0.00853756
0.00850147
0.00846552
0.00842971
0.00839405
0.00835853
0.00832315
0.00828791
0.00825282
0.00821786
0.00818304
0.00814837
0.00811383
0.00807943
0.00804517
0.00801105
0.00797706
0.00794321
0.00790949
0.00787592
0.00784247
0.00780916
0.00777599
0.00774295
0.00771004
0.00767726
0.00764462
0.00761211
0.00757973
0.00754748
0.00751536
0.00748337
0.00745151
0.00741978
0.00738817
0.0073567
0.00732535
0.00729413
0.00726303
0.00723207
0.00720122
0.00717051
0.00713991
0.00710945
0.0070791
0.00704888
0.00701878
0.00698881
0.00695895
0.00692922
0.00689961
0.00687012
0.00684075
0.0068115
0.00678237
0.00675335
0.00672446
0.00669569
0.00666703
0.00663849
0.00661006
0.00658175
0.00655356
0.00652548
0.00649752
0.00646968
0.00644194
0.00641432
0.00638682
0.00635942
0.00633214
0.00630497
0.00627792
0.00625097
0.00622414
0.00619741
0.0061708
0.00614429
0.00611789
0.00609161
0.00606543
0.00603936
0.00601339
0.00598754
0.00596179
0.00593614
0.0059106
0.00588517
0.00585984
0.00583462
0.0058095
0.00578449
0.00575958
0.00573477
0.00571006
0.00568546
0.00566096
0.00563656
0.00561226
0.00558806
0.00556396
0.00553997
0.00551607
0.00549227
0.00546857
0.00544497
0.00542147
0.00539806
0.00537475
0.00535154
0.00532843
0.00530541
0.00528248
0.00525966
0.00523692
0.00521429
0.00519174
0.0051693
0.00514694
0.00512468
0.00510251
0.00508043
0.00505845
0.00503655
0.00501475
0.00499304
0.00497142
0.0049499
0.00492846
0.00490711
0.00488585
0.00486468
0.0048436
0.0048226
0.0048017
0.00478088
0.00476015
0.0047395
0.00471895
0.00469848
0.00467809
0.00465779
0.00463758
0.00461745
0.0045974
0.00457744
0.00455757
0.00453777
0.00451807
0.00449844
0.0044789
0.00445943
0.00444005
0.00442076
0.00440154
0.0043824
0.00436335
0.00434437
0.00432548
0.00430666
0.00428793
0.00426927
0.0042507
0.0042322
0.00421378
0.00419543
0.00417717
0.00415898
0.00414087
0.00412283
0.00410487
0.00408699
0.00406918
0.00405145
0.0040338
0.00401621
0.00399871
0.00398128
0.00396392
0.00394663
0.00392942
0.00391228
0.00389521
0.00387822
0.0038613
0.00384445
0.00382767
0.00381096
0.00379433
0.00377776
0.00376127
0.00374484
0.00372849
0.0037122
0.00369599
0.00367984
0.00366376
0.00364775
0.00363181
0.00361594
0.00360013
0.00358439
0.00356872
0.00355312
0.00353758
0.00352211
0.0035067
0.00349136
0.00347608
0.00346087
0.00344573
0.00343065
0.00341563
0.00340068
0.0033858
0.00337097
0.00335621
0.00334151
0.00332688
0.00331231
0.0032978
0.00328335
0.00326897
0.00325464
0.00324038
0.00322618
0.00321204
0.00319796
0.00318394
0.00316998
0.00315608
0.00314224
0.00312846
0.00311473
0.00310107
0.00308747
0.00307392
0.00306043
0.003047
0.00303363
0.00302032
0.00300706
0.00299386
0.00298071
0.00296763
0.00295459
0.00294162
0.0029287
0.00291584
0.00290303
0.00289027
0.00287758
0.00286493
0.00285234
0.00283981
0.00282733
0.0028149
0.00280253
0.00279021
0.00277794
0.00276572
0.00275356
0.00274145
0.00272939
0.00271739
0.00270544
0.00269353
0.00268168
0.00266988
0.00265814
0.00264644
0.00263479
0.00262319
0.00261165
0.00260015
0.0025887
0.00257731
0.00256596
0.00255466
0.00254341
0.0025322
0.00252105
0.00250995
0.00249889
0.00248788
0.00247692
0.002466
0.00245514
0.00244432
0.00243354
0.00242282
0.00241214
0.0024015
0.00239092
0.00238037
0.00236988
0.00235943
0.00234902
0.00233866
0.00232835
0.00231808
0.00230785
0.00229767
0.00228753
0.00227744
0.00226739
0.00225738
0.00224742
0.0022375
0.00222762
0.00221779
0.002208
0.00219825
0.00218855
0.00217888
0.00216926
0.00215968
0.00215014
0.00214065
0.00213119
0.00212178
0.0021124
0.00210307
0.00209378
0.00208453
0.00207532
0.00206615
0.00205701
0.00204792
0.00203887
0.00202986
0.00202089
0.00201195
0.00200306
0.0019942
0.00198538
0.0019766
0.00196786
0.00195916
0.00195049
0.00194187
0.00193328
0.00192473
0.00191621
0.00190773
0.00189929
0.00189089
0.00188252
0.00187419
0.0018659
0.00185764
0.00184942
0.00184123
0.00183308
0.00182496
0.00181688
0.00180884
0.00180083
0.00179286
0.00178492
0.00177701
0.00176914
0.00176131
0.00175351
0.00174574
0.00173801
0.00173031
0.00172264
0.00171501
0.00170741
0.00169985
0.00169231
0.00168481
0.00167735
0.00166991
0.00166251
0.00165514
0.00164781
0.0016405
0.00163323
0.00162599
0.00161878
0.0016116
0.00160446
0.00159734
0.00159026
0.00158321
0.00157619
0.00156919
0.00156223
0.0015553
0.00154841
0.00154154
0.0015347
0.00152789
0.00152111
0.00151436
0.00150764
0.00150095
0.00149429
0.00148766
0.00148106
0.00147448
0.00146794
0.00146142
0.00145493
0.00144848
0.00144205
0.00143564
0.00142927
0.00142292
0.00141661
0.00141031
0.00140405
0.00139782
0.00139161
0.00138543
0.00137927
0.00137315
0.00136705
0.00136098
0.00135493
0.00134891
0.00134292
0.00133695
0.00133101
0.0013251
0.00131921
0.00131335
0.00130751
0.0013017
0.00129591
0.00129016
0.00128442
0.00127871
0.00127303
0.00126737
0.00126173
0.00125613
0.00125054
0.00124498
0.00123945
0.00123393
0.00122845
0.00122299
0.00121755
0.00121213
0.00120674
0.00120137
0.00119603
0.00119071
0.00118541
0.00118014
0.00117489
0.00116967
0.00116446
0.00115928
0.00115412
0.00114899
0.00114388
0.00113879
0.00113372
0.00112867
0.00112365
0.00111865
0.00111367
0.00110872
0.00110378
0.00109887
0.00109398
0.00108911
0.00108426
0.00107943
0.00107463
0.00106984
0.00106508
0.00106034
0.00105562
0.00105092
0.00104624
0.00104158
0.00103694
0.00103232
0.00102772
0.00102315
0.00101859
0.00101405
0.00100954
0.00100504
0.00100056
0.000996105
0.000991668
0.00098725
0.000982852
0.000978473
0.000974114
0.000969774
0.000965453
0.000961151
0.000956868
0.000952604
0.000948359
0.000944133
0.000939925
0.000935737
0.000931566
0.000927414
0.000923281
0.000919165
0.000915068
0.000910989
0.000906928
0.000902885
0.00089886
0.000894853
0.000890864
0.000886892
0.000882938
0.000879001
0.000875082
0.00087118
0.000867295
0.000863428
0.000859577
0.000855744
0.000851928
0.000848128
0.000844346
0.00084058
0.000836831
0.000833098
0.000829382
0.000825683
0.000822
0.000818333
0.000814682
0.000811048
0.00080743
0.000803827
0.000800241
0.000796671
0.000793116
0.000789578
0.000786054
0.000782547
0.000779055
0.000775579
0.000772118
0.000768672
0.000765242
0.000761826
0.000758426
0.000755041
0.000751672
0.000748317
0.000744976
0.000741651
0.000738341
0.000735045
0.000731764
0.000728497
0.000725245
0.000722007
0.000718784
0.000715575
0.00071238
0.000709199
0.000706033
0.00070288
0.000699742
0.000696617
0.000693507
0.00069041
0.000687327
0.000684257
0.000681202
0.000678159
0.000675131
0.000672115
0.000669114
0.000666125
0.00066315
0.000660188
0.000657239
0.000654303
0.000651381
0.000648471
0.000645574
0.00064269
0.000639819
0.000636961
0.000634115
0.000631282
0.000628461
0.000625654
0.000622858
0.000620075
0.000617304
0.000614546
0.0006118
0.000609066
0.000606345
0.000603635
0.000600937
0.000598252
0.000595578
0.000592917
0.000590267
0.000587629
0.000585002
0.000582388
0.000579785
0.000577193
0.000574613
0.000572045
0.000569488
0.000566942
0.000564408
0.000561884
0.000559373
0.000556872
0.000554382
0.000551904
0.000549436
0.00054698
0.000544534
0.0005421
0.000539676
0.000537263
0.000534861
0.000532469
0.000530088
0.000527718
0.000525358
0.000523009
0.00052067
0.000518341
0.000516023
0.000513716
0.000511418
0.000509131
0.000506854
0.000504587
0.00050233
0.000500083
0.000497846
0.00049562
0.000493403
0.000491196
0.000488998
0.000486811
0.000484633
0.000482465
0.000480307
0.000478158
0.000476019
0.00047389
0.00047177
0.000469659
0.000467558
0.000465466
0.000463383
0.00046131
0.000459246
0.000457191
0.000455145
0.000453109
0.000451081
0.000449063
0.000447053
0.000445053
0.000443061
0.000441078
0.000439104
0.000437139
0.000435183
0.000433235
0.000431296
0.000429366
0.000427444
0.000425531
0.000423627
0.000421731
0.000419843
0.000417964
0.000416093
0.00041423
0.000412376
0.00041053
0.000408693
0.000406863
0.000405042
0.000403228
0.000401423
0.000399626
0.000397837
0.000396056
0.000394283
0.000392518
0.00039076
0.000389011
0.000387269
0.000385535
0.000383809
0.00038209
0.00038038
0.000378676
0.000376981
0.000375293
0.000373612
0.000371939
0.000370274
0.000368615
0.000366965
0.000365321
0.000363685
0.000362057
0.000360435
0.000358821
0.000357214
0.000355614
0.000354021
0.000352436
0.000350857
0.000349286
0.000347721
0.000346164
0.000344613
0.00034307
0.000341533
0.000340003
0.00033848
0.000336964
0.000335455
0.000333952
0.000332456
0.000330966
0.000329484
0.000328008
0.000326538
0.000325075
0.000323619
0.000322169
0.000320726
0.000319289
0.000317858
0.000316434
0.000315016
0.000313605
0.0003122
0.000310801
0.000309408
0.000308022
0.000306642
0.000305268
0.0003039
0.000302538
0.000301182
0.000299833
0.000298489
0.000297152
0.00029582
0.000294494
0.000293175
0.000291861
0.000290553
0.000289251
0.000287954
0.000286664
0.000285379
0.0002841
0.000282827
0.000281559
0.000280297
0.000279041
0.00027779
0.000276545
0.000275305
0.000274071
0.000272843
0.00027162
0.000270402
0.00026919
0.000267983
0.000266782
0.000265586
0.000264396
0.00026321
0.000262031
0.000260856
0.000259686
0.000258522
0.000257363
0.000256209
0.000255061
0.000253917
0.000252779
0.000251646
0.000250517
0.000249394
0.000248276
0.000247163
0.000246055
0.000244951
0.000243853
0.00024276
0.000241671
0.000240587
0.000239509
0.000238435
0.000237366
0.000236301
0.000235242
0.000234187
0.000233136
0.000232091
0.00023105
0.000230014
0.000228983
0.000227956
0.000226933
0.000225916
0.000224902
0.000223894
0.00022289
0.00022189
0.000220895
0.000219904
0.000218918
0.000217936
0.000216959
0.000215985
0.000215017
0.000214052
0.000213092
0.000212136
0.000211185
0.000210238
0.000209295
0.000208356
0.000207421
0.000206491
0.000205565
0.000204642
0.000203724
0.000202811
0.000201901
0.000200995
0.000200093
0.000199196
0.000198302
0.000197412
0.000196527
0.000195645
0.000194767
0.000193894
0.000193024
0.000192158
0.000191296
0.000190437
0.000189583
0.000188732
0.000187886
0.000187043
0.000186203
0.000185368
0.000184536
0.000183708
0.000182884
0.000182063
0.000181246
0.000180433
0.000179624
0.000178818
0.000178015
0.000177216
0.000176421
0.000175629
0.000174841
0.000174057
0.000173276
0.000172498
0.000171724
0.000170953
0.000170186
0.000169422
0.000168662
0.000167905
0.000167152
0.000166401
0.000165655
0.000164911
0.000164171
0.000163434
0.000162701
0.000161971
0.000161244
0.00016052
0.000159799
0.000159082
0.000158368
0.000157657
0.00015695
0.000156245
0.000155544
0.000154846
0.000154151
0.000153459
0.00015277
0.000152084
0.000151402
0.000150722
0.000150045
0.000149372
0.000148701
0.000148034
0.000147369
0.000146708
0.000146049
0.000145393
0.000144741
0.000144091
0.000143444
0.0001428
0.000142159
0.000141521
0.000140886
0.000140253
0.000139623
0.000138997
0.000138373
0.000137751
0.000137133
0.000136517
0.000135904
0.000135294
0.000134687
0.000134082
0.00013348
0.000132881
0.000132284
0.00013169
0.000131099
0.00013051
0.000129924
0.000129341
0.00012876
0.000128182
0.000127606
0.000127033
0.000126463
0.000125895
0.00012533
0.000124767
0.000124206
0.000123649
0.000123093
0.000122541
0.00012199
0.000121443
0.000120897
0.000120354
0.000119814
0.000119276
0.00011874
0.000118207
0.000117676
0.000117147
0.000116621
0.000116098
0.000115576
0.000115057
0.00011454
0.000114026
0.000113514
0.000113004
0.000112496
0.000111991
0.000111488
0.000110987
0.000110489
0.000109993
0.000109499
0.000109007
0.000108517
0.00010803
0.000107545
0.000107062
0.000106581
0.000106102
0.000105625
0.000105151
0.000104679
0.000104208
0.00010374
0.000103274
0.00010281
0.000102349
0.000101889
0.000101431
0.000100975
0.000100522
0.00010007
9.96207e-05
9.91732e-05
9.87276e-05
9.82841e-05
9.78426e-05
9.7403e-05
9.69655e-05
9.65298e-05
9.60962e-05
9.56645e-05
9.52347e-05
9.48068e-05
9.43809e-05
9.39569e-05
9.35347e-05
9.31145e-05
9.26962e-05
9.22797e-05
9.18651e-05
9.14524e-05
9.10415e-05
9.06324e-05
9.02252e-05
8.98198e-05
8.94163e-05
8.90145e-05
8.86145e-05
8.82164e-05
8.782e-05
8.74254e-05
8.70326e-05
8.66415e-05
8.62522e-05
8.58647e-05
8.54788e-05
8.50947e-05
8.47124e-05
8.43317e-05
8.39528e-05
8.35755e-05
8.32e-05
8.28261e-05
8.24539e-05
8.20834e-05
8.17145e-05
8.13473e-05
8.09818e-05
8.06179e-05
8.02556e-05
7.98949e-05
7.95359e-05
7.91784e-05
7.88226e-05
7.84684e-05
7.81157e-05
7.77647e-05
7.74152e-05
7.70673e-05
7.67209e-05
7.63761e-05
7.60329e-05
7.56912e-05
7.5351e-05
7.50124e-05
7.46752e-05
7.43396e-05
7.40055e-05
7.36729e-05
7.33418e-05
7.30121e-05
7.2684e-05
7.23573e-05
7.20321e-05
7.17083e-05
7.1386e-05
7.10652e-05
7.07457e-05
7.04278e-05
7.01112e-05
6.97961e-05
6.94823e-05
6.917e-05
6.88591e-05
6.85496e-05
6.82415e-05
6.79347e-05
6.76294e-05
6.73254e-05
6.70227e-05
6.67215e-05
6.64215e-05
6.6123e-05
6.58257e-05
6.55298e-05
6.52353e-05
6.4942e-05
6.46501e-05
6.43594e-05
6.40701e-05
6.37821e-05
6.34954e-05
6.32099e-05
6.29258e-05
6.26429e-05
6.23613e-05
6.20809e-05
6.18018e-05
6.1524e-05
6.12474e-05
6.09721e-05
6.0698e-05
6.04251e-05
6.01534e-05
5.9883e-05
5.96138e-05
5.93457e-05
5.90789e-05
5.88133e-05
5.85489e-05
5.82857e-05
5.80236e-05
5.77627e-05
5.7503e-05
5.72445e-05
5.69871e-05
5.67309e-05
5.64758e-05
5.62219e-05
5.59691e-05
5.57175e-05
5.54669e-05
5.52175e-05
5.49693e-05
5.47221e-05
5.4476e-05
5.42311e-05
5.39872e-05
5.37445e-05
5.35028e-05
5.32623e-05
5.30228e-05
5.27843e-05
5.2547e-05
5.23107e-05
5.20755e-05
5.18413e-05
5.16082e-05
5.13761e-05
5.11451e-05
5.09151e-05
5.06861e-05
5.04582e-05
5.02313e-05
5.00054e-05
4.97806e-05
4.95567e-05
4.93338e-05
4.9112e-05
4.88911e-05
4.86713e-05
4.84524e-05
4.82345e-05
4.80176e-05
4.78016e-05
4.75866e-05
4.73726e-05
4.71596e-05
4.69475e-05
4.67364e-05
4.65262e-05
4.63169e-05
4.61086e-05
4.59012e-05
4.56948e-05
4.54893e-05
4.52847e-05
4.5081e-05
4.48783e-05
4.46764e-05
4.44755e-05
4.42755e-05
4.40763e-05
4.38781e-05
4.36807e-05
4.34843e-05
4.32887e-05
4.3094e-05
4.29001e-05
4.27072e-05
4.25151e-05
4.23239e-05
4.21335e-05
4.1944e-05
4.17553e-05
4.15675e-05
4.13805e-05
4.11944e-05
4.10091e-05
4.08246e-05
4.0641e-05
4.04582e-05
4.02762e-05
4.0095e-05
3.99147e-05
3.97351e-05
3.95564e-05
3.93784e-05
3.92013e-05
3.9025e-05
3.88494e-05
3.86746e-05
3.85007e-05
3.83275e-05
3.81551e-05
3.79834e-05
3.78125e-05
3.76424e-05
3.74731e-05
3.73045e-05
3.71367e-05
3.69696e-05
3.68033e-05
3.66378e-05
3.64729e-05
3.63088e-05
3.61455e-05
3.59829e-05
3.5821e-05
3.56598e-05
3.54994e-05
3.53397e-05
3.51807e-05
3.50224e-05
3.48649e-05
3.4708e-05
3.45519e-05
3.43964e-05
3.42416e-05
3.40876e-05
3.39342e-05
3.37815e-05
3.36296e-05
3.34782e-05
3.33276e-05
3.31777e-05
3.30284e-05
3.28798e-05
3.27318e-05
3.25846e-05
3.2438e-05
3.2292e-05
3.21467e-05
3.20021e-05
3.18581e-05
3.17147e-05
3.1572e-05
3.143e-05
3.12885e-05
3.11477e-05
3.10076e-05
3.08681e-05
3.07292e-05
3.05909e-05
3.04532e-05
3.03162e-05
3.01798e-05
3.0044e-05
2.99088e-05
2.97742e-05
2.96402e-05
2.95068e-05
2.93741e-05
2.92419e-05
2.91103e-05
2.89793e-05
2.88489e-05
2.87191e-05
2.85898e-05
2.84612e-05
2.83331e-05
2.82056e-05
2.80786e-05
2.79523e-05
2.78265e-05
2.77013e-05
2.75766e-05
2.74525e-05
2.73289e-05
2.7206e-05
2.70835e-05
2.69616e-05
2.68403e-05
2.67195e-05
2.65992e-05
2.64795e-05
2.63604e-05
2.62417e-05
2.61236e-05
2.6006e-05
2.5889e-05
2.57725e-05
2.56565e-05
2.5541e-05
2.54261e-05
2.53116e-05
2.51977e-05
2.50843e-05
2.49714e-05
2.4859e-05
2.47471e-05
2.46357e-05
2.45248e-05
2.44145e-05
2.43046e-05
2.41952e-05
2.40863e-05
2.39779e-05
2.38699e-05
2.37625e-05
2.36555e-05
2.35491e-05
2.34431e-05
2.33375e-05
2.32325e-05
2.31279e-05
2.30238e-05
2.29202e-05
2.2817e-05
2.27143e-05
2.2612e-05
2.25103e-05
2.24089e-05
2.23081e-05
2.22076e-05
2.21077e-05
2.20081e-05
2.19091e-05
2.18105e-05
2.17123e-05
2.16145e-05
2.15172e-05
2.14204e-05
2.13239e-05
2.12279e-05
2.11324e-05
2.10372e-05
2.09425e-05
2.08483e-05
2.07544e-05
2.0661e-05
2.0568e-05
2.04754e-05
2.03832e-05
2.02914e-05
2.02001e-05
2.01091e-05
2.00186e-05
1.99285e-05
1.98388e-05
1.97494e-05
1.96605e-05
1.9572e-05
1.94839e-05
1.93962e-05
1.93089e-05
1.92219e-05
1.91354e-05
1.90492e-05
1.89635e-05
1.88781e-05
1.87931e-05
1.87085e-05
1.86242e-05
1.85404e-05
1.84569e-05
1.83738e-05
1.82911e-05
1.82087e-05
1.81267e-05
1.80451e-05
1.79639e-05
1.7883e-05
1.78025e-05
1.77223e-05
1.76425e-05
1.75631e-05
1.7484e-05
1.74053e-05
1.73269e-05
1.72489e-05
1.71712e-05
1.70939e-05
1.70169e-05
1.69403e-05
1.6864e-05
1.67881e-05
1.67125e-05
1.66372e-05
1.65623e-05
1.64877e-05
1.64135e-05
1.63396e-05
1.6266e-05
1.61927e-05
1.61198e-05
1.60472e-05
1.5975e-05
1.5903e-05
1.58314e-05
1.57601e-05
1.56892e-05
1.56185e-05
1.55482e-05
1.54782e-05
1.54084e-05
1.53391e-05
1.527e-05
1.52012e-05
1.51328e-05
1.50646e-05
1.49968e-05
1.49292e-05
1.4862e-05
1.47951e-05
1.47284e-05
1.46621e-05
1.45961e-05
1.45303e-05
1.44649e-05
1.43997e-05
1.43349e-05
1.42703e-05
1.42061e-05
1.41421e-05
1.40784e-05
1.4015e-05
1.39519e-05
1.3889e-05
1.38265e-05
1.37642e-05
1.37022e-05
1.36405e-05
1.3579e-05
1.35179e-05
1.3457e-05
1.33964e-05
1.33361e-05
1.3276e-05
1.32162e-05
1.31567e-05
1.30974e-05
1.30384e-05
1.29797e-05
1.29212e-05
1.2863e-05
1.28051e-05
1.27474e-05
1.269e-05
1.26328e-05
1.25759e-05
1.25193e-05
1.24629e-05
1.24067e-05
1.23509e-05
1.22952e-05
1.22398e-05
1.21847e-05
1.21298e-05
1.20752e-05
1.20208e-05
1.19666e-05
1.19127e-05
1.18591e-05
1.18056e-05
1.17525e-05
1.16995e-05
1.16468e-05
1.15944e-05
1.15421e-05
1.14901e-05
1.14384e-05
1.13868e-05
1.13355e-05
1.12845e-05
1.12336e-05
1.1183e-05
1.11327e-05
1.10825e-05
1.10326e-05
1.09829e-05
1.09334e-05
1.08841e-05
1.08351e-05
1.07863e-05
1.07377e-05
1.06893e-05
1.06412e-05
1.05932e-05
1.05455e-05
1.0498e-05
1.04507e-05
1.04036e-05
1.03567e-05
1.03101e-05
1.02636e-05
1.02174e-05
1.01714e-05
1.01255e-05
1.00799e-05
1.00345e-05
9.98929e-06
9.94428e-06
9.89948e-06
9.85487e-06
9.81047e-06
9.76627e-06
9.72227e-06
9.67846e-06
9.63485e-06
9.59144e-06
9.54823e-06
9.5052e-06
9.46238e-06
9.41974e-06
9.3773e-06
9.33504e-06
9.29298e-06
9.25111e-06
9.20942e-06
9.16793e-06
9.12662e-06
9.08549e-06
9.04455e-06
9.0038e-06
8.96323e-06
8.92284e-06
8.88263e-06
8.84261e-06
8.80276e-06
8.7631e-06
8.72361e-06
8.6843e-06
8.64516e-06
8.60621e-06
8.56743e-06
8.52882e-06
8.49039e-06
8.45213e-06
8.41404e-06
8.37612e-06
8.33838e-06
8.3008e-06
8.26339e-06
8.22615e-06
8.18908e-06
8.15218e-06
8.11544e-06
8.07887e-06
8.04246e-06
8.00622e-06
7.97014e-06
7.93422e-06
7.89846e-06
7.86287e-06
7.82743e-06
7.79216e-06
7.75704e-06
7.72208e-06
7.68728e-06
7.65263e-06
7.61815e-06
7.58381e-06
7.54963e-06
7.51561e-06
7.48174e-06
7.44802e-06
7.41445e-06
7.38103e-06
7.34777e-06
7.31465e-06
7.28168e-06
7.24886e-06
7.21619e-06
7.18367e-06
7.15129e-06
7.11906e-06
7.08697e-06
7.05503e-06
7.02323e-06
6.99158e-06
6.96006e-06
6.92869e-06
6.89746e-06
6.86638e-06
6.83543e-06
6.80462e-06
6.77395e-06
6.74341e-06
6.71302e-06
6.68276e-06
6.65264e-06
6.62265e-06
6.5928e-06
6.56308e-06
6.5335e-06
6.50405e-06
6.47473e-06
6.44555e-06
6.41649e-06
6.38757e-06
6.35878e-06
6.33011e-06
6.30158e-06
6.27317e-06
6.24489e-06
6.21674e-06
6.18872e-06
6.16082e-06
6.13305e-06
6.1054e-06
6.07788e-06
6.05048e-06
6.02321e-06
5.99606e-06
5.96903e-06
5.94212e-06
5.91533e-06
5.88866e-06
5.86212e-06
5.83569e-06
5.80938e-06
5.78319e-06
5.75712e-06
5.73117e-06
5.70533e-06
5.67961e-06
5.65401e-06
5.62852e-06
5.60314e-06
5.57788e-06
5.55273e-06
5.5277e-06
5.50278e-06
5.47797e-06
5.45328e-06
5.42869e-06
5.40421e-06
5.37985e-06
5.3556e-06
5.33145e-06
5.30741e-06
5.28348e-06
5.25966e-06
5.23595e-06
5.21234e-06
5.18884e-06
5.16545e-06
5.14216e-06
5.11897e-06
5.09589e-06
5.07292e-06
5.05005e-06
5.02728e-06
5.00461e-06
4.98204e-06
4.95958e-06
4.93722e-06
4.91496e-06
4.8928e-06
4.87074e-06
4.84877e-06
4.82691e-06
4.80515e-06
4.78348e-06
4.76191e-06
4.74044e-06
4.71907e-06
4.69779e-06
4.6766e-06
4.65552e-06
4.63452e-06
4.61363e-06
4.59282e-06
4.57211e-06
4.5515e-06
4.53097e-06
4.51054e-06
4.4902e-06
4.46995e-06
4.4498e-06
4.42973e-06
4.40976e-06
4.38987e-06
4.37007e-06
4.35037e-06
4.33075e-06
4.31122e-06
4.29178e-06
4.27243e-06
4.25316e-06
4.23398e-06
4.21489e-06
4.19588e-06
4.17696e-06
4.15812e-06
4.13937e-06
4.1207e-06
4.10212e-06
4.08362e-06
4.0652e-06
4.04687e-06
4.02862e-06
4.01045e-06
3.99236e-06
3.97436e-06
3.95643e-06
3.93859e-06
3.92083e-06
3.90315e-06
3.88554e-06
3.86802e-06
3.85057e-06
3.83321e-06
3.81592e-06
3.79871e-06
3.78158e-06
3.76452e-06
3.74754e-06
3.73064e-06
3.71381e-06
3.69706e-06
3.68039e-06
3.66379e-06
3.64727e-06
3.63082e-06
3.61444e-06
3.59814e-06
3.58191e-06
3.56575e-06
3.54967e-06
3.53366e-06
3.51772e-06
3.50185e-06
3.48606e-06
3.47034e-06
3.45468e-06
3.4391e-06
3.42359e-06
3.40815e-06
3.39277e-06
3.37747e-06
3.36223e-06
3.34707e-06
3.33197e-06
3.31694e-06
3.30198e-06
3.28709e-06
3.27226e-06
3.2575e-06
3.2428e-06
3.22818e-06
3.21361e-06
3.19912e-06
3.18469e-06
3.17032e-06
3.15602e-06
3.14178e-06
3.12761e-06
3.1135e-06
3.09946e-06
3.08548e-06
3.07156e-06
3.0577e-06
3.04391e-06
3.03018e-06
3.01651e-06
3.0029e-06
2.98935e-06
2.97587e-06
2.96244e-06
2.94908e-06
2.93577e-06
2.92253e-06
2.90934e-06
2.89622e-06
2.88315e-06
2.87015e-06
2.8572e-06
2.84431e-06
2.83148e-06
2.8187e-06
2.80599e-06
2.79333e-06
2.78072e-06
2.76818e-06
2.75569e-06
2.74326e-06
2.73088e-06
2.71856e-06
2.70629e-06
2.69408e-06
2.68193e-06
2.66983e-06
2.65778e-06
2.64579e-06
2.63386e-06
2.62197e-06
2.61014e-06
2.59837e-06
2.58664e-06
2.57497e-06
2.56335e-06
2.55179e-06
2.54027e-06
2.52881e-06
2.5174e-06
2.50604e-06
2.49474e-06
2.48348e-06
2.47228e-06
2.46112e-06
2.45002e-06
2.43896e-06
2.42796e-06
2.417e-06
2.40609e-06
2.39524e-06
2.38443e-06
2.37367e-06
2.36296e-06
2.3523e-06
2.34168e-06
2.33112e-06
2.3206e-06
2.31013e-06
2.2997e-06
2.28933e-06
2.27899e-06
2.26871e-06
2.25847e-06
2.24828e-06
2.23814e-06
2.22804e-06
2.21798e-06
2.20797e-06
2.19801e-06
2.18809e-06
2.17822e-06
2.16839e-06
2.1586e-06
2.14886e-06
2.13916e-06
2.12951e-06
2.1199e-06
2.11033e-06
2.10081e-06
2.09133e-06
2.08189e-06
2.0725e-06
2.06314e-06
2.05383e-06
2.04456e-06
2.03534e-06
2.02615e-06
2.01701e-06
2.0079e-06
1.99884e-06
1.98982e-06
1.98084e-06
1.9719e-06
1.963e-06
1.95414e-06
1.94532e-06
1.93654e-06
1.9278e-06
1.9191e-06
1.91044e-06
1.90182e-06
1.89324e-06
1.88469e-06
1.87619e-06
1.86772e-06
1.85929e-06
1.8509e-06
1.84254e-06
1.83423e-06
1.82595e-06
1.81771e-06
1.8095e-06
1.80133e-06
1.7932e-06
1.78511e-06
1.77705e-06
1.76903e-06
1.76105e-06
1.7531e-06
1.74519e-06
1.73731e-06
1.72947e-06
1.72166e-06
1.71389e-06
1.70615e-06
1.69845e-06
1.69079e-06
1.68315e-06
1.67556e-06
1.66799e-06
1.66046e-06
1.65297e-06
1.64551e-06
1.63808e-06
1.63069e-06
1.62332e-06
1.616e-06
1.6087e-06
1.60144e-06
1.59421e-06
1.58701e-06
1.57985e-06
1.57272e-06
1.56562e-06
1.55855e-06
1.55152e-06
1.54451e-06
1.53754e-06
1.5306e-06
1.52369e-06
1.51681e-06
1.50996e-06
1.50315e-06
1.49636e-06
1.48961e-06
1.48288e-06
1.47619e-06
1.46952e-06
1.46289e-06
1.45628e-06
1.44971e-06
1.44317e-06
1.43665e-06
1.43016e-06
1.42371e-06
1.41728e-06
1.41088e-06
1.40451e-06
1.39817e-06
1.39186e-06
1.38558e-06
1.37932e-06
1.37309e-06
1.36689e-06
1.36072e-06
1.35458e-06
1.34846e-06
1.34237e-06
1.33631e-06
1.33028e-06
1.32427e-06
1.3183e-06
1.31234e-06
1.30642e-06
1.30052e-06
1.29465e-06
1.2888e-06
1.28298e-06
1.27719e-06
1.27142e-06
1.26568e-06
1.25997e-06
1.25428e-06
1.24862e-06
1.24298e-06
1.23737e-06
1.23178e-06
1.22622e-06
1.22068e-06
1.21517e-06
1.20968e-06
1.20422e-06
1.19878e-06
1.19337e-06
1.18798e-06
1.18262e-06
1.17728e-06
1.17196e-06
1.16667e-06
1.1614e-06
1.15616e-06
1.15094e-06
1.14574e-06
1.14056e-06
1.13541e-06
1.13029e-06
1.12518e-06
1.1201e-06
1.11504e-06
1.11001e-06
1.105e-06
1.10001e-06
1.09504e-06
1.09009e-06
1.08517e-06
1.08027e-06
1.07539e-06
1.07054e-06
1.0657e-06
1.06089e-06
1.0561e-06
1.05133e-06
1.04658e-06
1.04185e-06
1.03715e-06
1.03247e-06
1.0278e-06
1.02316e-06
1.01854e-06
1.01394e-06
1.00936e-06
1.0048e-06
1.00027e-06
9.95748e-07
9.91251e-07
9.86774e-07
9.82317e-07
9.77881e-07
9.73464e-07
9.69068e-07
9.64691e-07
9.60334e-07
9.55997e-07
9.51679e-07
9.47381e-07
9.43102e-07
9.38843e-07
9.34603e-07
9.30381e-07
9.26179e-07
9.21996e-07
9.17832e-07
9.13686e-07
9.0956e-07
9.05451e-07
9.01362e-07
8.97291e-07
8.93238e-07
8.89203e-07
8.85187e-07
8.81189e-07
8.77209e-07
8.73246e-07
8.69302e-07
8.65376e-07
8.61467e-07
8.57576e-07
8.53702e-07
8.49846e-07
8.46007e-07
8.42186e-07
8.38382e-07
8.34595e-07
8.30825e-07
8.27072e-07
8.23336e-07
8.19617e-07
8.15914e-07
8.12229e-07
8.0856e-07
8.04907e-07
8.01271e-07
7.97652e-07
7.94049e-07
7.90462e-07
7.86891e-07
7.83336e-07
7.79798e-07
7.76275e-07
7.72768e-07
7.69278e-07
7.65802e-07
7.62343e-07
7.58899e-07
7.55471e-07
7.52058e-07
7.48661e-07
7.45278e-07
7.41912e-07
7.3856e-07
7.35223e-07
7.31902e-07
7.28595e-07
7.25304e-07
7.22027e-07
7.18765e-07
7.15518e-07
7.12286e-07
7.09068e-07
7.05864e-07
7.02675e-07
6.99501e-07
6.96341e-07
6.93195e-07
6.90063e-07
6.86945e-07
6.83842e-07
6.80752e-07
6.77676e-07
6.74615e-07
6.71567e-07
6.68533e-07
6.65512e-07
6.62505e-07
6.59512e-07
6.56532e-07
6.53566e-07
6.50613e-07
6.47673e-07
6.44747e-07
6.41834e-07
6.38934e-07
6.36047e-07
6.33173e-07
6.30313e-07
6.27465e-07
6.24629e-07
6.21807e-07
6.18998e-07
6.16201e-07
6.13416e-07
6.10645e-07
6.07886e-07
6.05139e-07
6.02405e-07
5.99683e-07
5.96973e-07
5.94275e-07
5.9159e-07
5.88917e-07
5.86256e-07
5.83607e-07
5.8097e-07
5.78344e-07
5.75731e-07
5.7313e-07
5.7054e-07
5.67962e-07
5.65395e-07
5.6284e-07
5.60297e-07
5.57765e-07
5.55244e-07
5.52735e-07
5.50238e-07
5.47751e-07
5.45276e-07
5.42812e-07
5.40359e-07
5.37917e-07
5.35486e-07
5.33066e-07
5.30657e-07
5.28259e-07
5.25872e-07
5.23495e-07
5.2113e-07
5.18774e-07
5.1643e-07
5.14096e-07
5.11773e-07
5.0946e-07
5.07158e-07
5.04866e-07
5.02584e-07
5.00313e-07
4.98052e-07
4.95801e-07
4.9356e-07
4.91329e-07
4.89109e-07
4.86898e-07
4.84698e-07
4.82507e-07
4.80326e-07
4.78156e-07
4.75995e-07
4.73843e-07
4.71702e-07
4.6957e-07
4.67447e-07
4.65335e-07
4.63232e-07
4.61138e-07
4.59054e-07
4.56979e-07
4.54913e-07
4.52857e-07
4.50811e-07
4.48773e-07
4.46745e-07
4.44725e-07
4.42715e-07
4.40714e-07
4.38722e-07
4.36739e-07
4.34765e-07
4.328e-07
4.30844e-07
4.28896e-07
4.26958e-07
4.25028e-07
4.23107e-07
4.21194e-07
4.1929e-07
4.17395e-07
4.15508e-07
4.1363e-07
4.1176e-07
4.09899e-07
4.08046e-07
4.06202e-07
4.04366e-07
4.02538e-07
4.00718e-07
3.98907e-07
3.97104e-07
3.95309e-07
3.93522e-07
3.91743e-07
3.89972e-07
3.88209e-07
3.86454e-07
3.84707e-07
3.82968e-07
3.81237e-07
3.79513e-07
3.77798e-07
3.7609e-07
3.7439e-07
3.72697e-07
3.71012e-07
3.69335e-07
3.67665e-07
3.66003e-07
3.64349e-07
3.62702e-07
3.61062e-07
3.5943e-07
3.57805e-07
3.56187e-07
3.54577e-07
3.52974e-07
3.51378e-07
3.49789e-07
3.48208e-07
3.46634e-07
3.45067e-07
3.43507e-07
3.41954e-07
3.40408e-07
3.38869e-07
3.37336e-07
3.35811e-07
3.34293e-07
3.32782e-07
3.31277e-07
3.29779e-07
3.28288e-07
3.26804e-07
3.25326e-07
3.23856e-07
3.22391e-07
3.20934e-07
3.19483e-07
3.18038e-07
3.166e-07
3.15169e-07
3.13744e-07
3.12325e-07
3.10913e-07
3.09507e-07
3.08108e-07
3.06715e-07
3.05328e-07
3.03947e-07
3.02573e-07
3.01205e-07
2.99843e-07
2.98487e-07
2.97137e-07
2.95794e-07
2.94456e-07
2.93125e-07
2.91799e-07
2.9048e-07
2.89166e-07
2.87859e-07
2.86557e-07
2.85261e-07
2.83971e-07
2.82687e-07
2.81409e-07
2.80137e-07
2.7887e-07
2.77609e-07
2.76353e-07
2.75104e-07
2.7386e-07
2.72621e-07
2.71388e-07
2.70161e-07
2.6894e-07
2.67723e-07
2.66513e-07
2.65307e-07
2.64108e-07
2.62913e-07
2.61724e-07
2.60541e-07
2.59362e-07
2.5819e-07
2.57022e-07
2.5586e-07
2.54703e-07
2.53551e-07
2.52404e-07
2.51263e-07
2.50126e-07
2.48995e-07
2.47869e-07
2.46748e-07
2.45632e-07
2.44521e-07
2.43415e-07
2.42314e-07
2.41218e-07
2.40128e-07
2.39042e-07
2.3796e-07
2.36884e-07
2.35813e-07
2.34746e-07
2.33685e-07
2.32628e-07
2.31576e-07
2.30528e-07
2.29486e-07
2.28448e-07
2.27414e-07
2.26386e-07
2.25362e-07
2.24343e-07
2.23328e-07
2.22318e-07
2.21312e-07
2.20311e-07
2.19315e-07
2.18323e-07
2.17335e-07
2.16352e-07
2.15374e-07
2.14399e-07
2.1343e-07
2.12464e-07
2.11503e-07
2.10547e-07
2.09594e-07
2.08646e-07
2.07702e-07
2.06763e-07
2.05828e-07
2.04897e-07
2.0397e-07
2.03047e-07
2.02129e-07
2.01214e-07
2.00304e-07
1.99398e-07
1.98496e-07
1.97598e-07
1.96704e-07
1.95815e-07
1.94929e-07
1.94047e-07
1.93169e-07
1.92295e-07
1.91426e-07
1.9056e-07
1.89698e-07
1.88839e-07
1.87985e-07
1.87135e-07
1.86288e-07
1.85446e-07
1.84607e-07
1.83771e-07
1.8294e-07
1.82113e-07
1.81289e-07
1.80469e-07
1.79652e-07
1.78839e-07
1.7803e-07
1.77225e-07
1.76423e-07
1.75625e-07
1.7483e-07
1.7404e-07
1.73252e-07
1.72468e-07
1.71688e-07
1.70911e-07
1.70138e-07
1.69368e-07
1.68602e-07
1.67839e-07
1.6708e-07
1.66324e-07
1.65572e-07
1.64822e-07
1.64077e-07
1.63334e-07
1.62595e-07
1.6186e-07
1.61127e-07
1.60398e-07
1.59673e-07
1.5895e-07
1.58231e-07
1.57515e-07
1.56802e-07
1.56093e-07
1.55387e-07
1.54684e-07
1.53984e-07
1.53287e-07
1.52593e-07
1.51903e-07
1.51216e-07
1.50532e-07
1.4985e-07
1.49172e-07
1.48497e-07
1.47825e-07
1.47157e-07
1.46491e-07
1.45828e-07
1.45168e-07
1.44511e-07
1.43857e-07
1.43206e-07
1.42558e-07
1.41913e-07
1.41271e-07
1.40632e-07
1.39995e-07
1.39362e-07
1.38731e-07
1.38104e-07
1.37479e-07
1.36856e-07
1.36237e-07
1.35621e-07
1.35007e-07
1.34396e-07
1.33788e-07
1.33182e-07
1.3258e-07
1.3198e-07
1.31383e-07
1.30788e-07
1.30196e-07
1.29607e-07
1.2902e-07
1.28437e-07
1.27855e-07
1.27277e-07
1.26701e-07
1.26127e-07
1.25557e-07
1.24988e-07
1.24423e-07
1.2386e-07
1.23299e-07
1.22741e-07
1.22186e-07
1.21633e-07
1.21082e-07
1.20534e-07
1.19989e-07
1.19446e-07
1.18905e-07
1.18367e-07
1.17831e-07
1.17298e-07
1.16767e-07
1.16239e-07
1.15712e-07
1.15189e-07
1.14667e-07
1.14148e-07
1.13632e-07
1.13117e-07
1.12605e-07
1.12096e-07
1.11588e-07
1.11083e-07
1.10581e-07
1.1008e-07
1.09582e-07
1.09086e-07
1.08592e-07
1.08101e-07
1.07611e-07
1.07124e-07
1.06639e-07
1.06157e-07
1.05676e-07
1.05198e-07
1.04722e-07
1.04248e-07
1.03776e-07
1.03306e-07
1.02839e-07
1.02373e-07
1.0191e-07
1.01448e-07
1.00989e-07
1.00532e-07
1.00077e-07
9.9624e-08
9.9173e-08
9.87241e-08
9.82772e-08
9.78324e-08
9.73895e-08
9.69486e-08
9.65098e-08
9.60729e-08
9.5638e-08
9.52051e-08
9.47741e-08
9.43451e-08
9.3918e-08
9.34929e-08
9.30696e-08
9.26483e-08
9.22289e-08
9.18114e-08
9.13958e-08
9.0982e-08
9.05701e-08
9.01601e-08
8.9752e-08
8.93457e-08
8.89412e-08
8.85385e-08
8.81377e-08
8.77387e-08
8.73415e-08
8.69461e-08
8.65525e-08
8.61606e-08
8.57706e-08
8.53822e-08
8.49957e-08
8.46109e-08
8.42278e-08
8.38465e-08
8.34669e-08
8.3089e-08
8.27128e-08
8.23384e-08
8.19656e-08
8.15945e-08
8.12251e-08
8.08573e-08
8.04912e-08
8.01268e-08
7.9764e-08
7.94029e-08
7.90434e-08
7.86855e-08
7.83293e-08
7.79746e-08
7.76216e-08
7.72701e-08
7.69203e-08
7.6572e-08
7.62253e-08
7.58802e-08
7.55366e-08
7.51946e-08
7.48541e-08
7.45152e-08
7.41778e-08
7.38419e-08
7.35076e-08
7.31747e-08
7.28434e-08
7.25136e-08
7.21852e-08
7.18584e-08
7.1533e-08
7.12091e-08
7.08866e-08
7.05657e-08
7.02461e-08
6.9928e-08
6.96114e-08
6.92962e-08
6.89824e-08
6.867e-08
6.83591e-08
6.80495e-08
6.77414e-08
6.74346e-08
6.71293e-08
6.68253e-08
6.65227e-08
6.62214e-08
6.59216e-08
6.5623e-08
6.53259e-08
6.503e-08
6.47356e-08
6.44424e-08
6.41506e-08
6.38601e-08
6.35709e-08
6.3283e-08
6.29964e-08
6.27111e-08
6.24271e-08
6.21444e-08
6.1863e-08
6.15828e-08
6.13039e-08
6.10263e-08
6.07499e-08
6.04748e-08
6.02009e-08
5.99283e-08
5.96569e-08
5.93867e-08
5.91177e-08
5.885e-08
5.85835e-08
5.83182e-08
5.8054e-08
5.77911e-08
5.75294e-08
5.72688e-08
5.70094e-08
5.67512e-08
5.64942e-08
5.62383e-08
5.59836e-08
5.57301e-08
5.54777e-08
5.52264e-08
5.49763e-08
5.47273e-08
5.44794e-08
5.42326e-08
5.3987e-08
5.37425e-08
5.34991e-08
5.32568e-08
5.30155e-08
5.27754e-08
5.25364e-08
5.22984e-08
5.20615e-08
5.18257e-08
5.1591e-08
5.13573e-08
5.11247e-08
5.08931e-08
5.06626e-08
5.04331e-08
5.02046e-08
4.99772e-08
4.97509e-08
4.95255e-08
4.93012e-08
4.90778e-08
4.88555e-08
4.86342e-08
4.84139e-08
4.81946e-08
4.79763e-08
4.7759e-08
4.75427e-08
4.73273e-08
4.71129e-08
4.68995e-08
4.6687e-08
4.64755e-08
4.6265e-08
4.60554e-08
4.58468e-08
4.56391e-08
4.54324e-08
4.52266e-08
4.50217e-08
4.48177e-08
4.46147e-08
4.44126e-08
4.42114e-08
4.40111e-08
4.38117e-08
4.36132e-08
4.34157e-08
4.3219e-08
4.30232e-08
4.28283e-08
4.26343e-08
4.24411e-08
4.22488e-08
4.20574e-08
4.18669e-08
4.16772e-08
4.14884e-08
4.13004e-08
4.11133e-08
4.09271e-08
4.07416e-08
4.05571e-08
4.03733e-08
4.01904e-08
4.00083e-08
3.9827e-08
3.96466e-08
3.9467e-08
3.92882e-08
3.91102e-08
3.8933e-08
3.87566e-08
3.8581e-08
3.84062e-08
3.82322e-08
3.80589e-08
3.78865e-08
3.77148e-08
3.7544e-08
3.73739e-08
3.72045e-08
3.70359e-08
3.68681e-08
3.67011e-08
3.65348e-08
3.63693e-08
3.62045e-08
3.60404e-08
3.58771e-08
3.57145e-08
3.55527e-08
3.53916e-08
3.52313e-08
3.50716e-08
3.49127e-08
3.47545e-08
3.4597e-08
3.44403e-08
3.42842e-08
3.41288e-08
3.39742e-08
3.38203e-08
3.3667e-08
3.35144e-08
3.33626e-08
3.32114e-08
3.30609e-08
3.29111e-08
3.27619e-08
3.26135e-08
3.24657e-08
3.23186e-08
3.21721e-08
3.20263e-08
3.18812e-08
3.17367e-08
3.15929e-08
3.14497e-08
3.13072e-08
3.11653e-08
3.10241e-08
3.08835e-08
3.07436e-08
3.06042e-08
3.04655e-08
3.03275e-08
3.019e-08
3.00532e-08
2.9917e-08
2.97814e-08
2.96465e-08
2.95121e-08
2.93784e-08
2.92452e-08
2.91127e-08
2.89808e-08
2.88494e-08
2.87187e-08
2.85885e-08
2.84589e-08
2.833e-08
2.82016e-08
2.80738e-08
2.79465e-08
2.78199e-08
2.76938e-08
2.75683e-08
2.74433e-08
2.73189e-08
2.71951e-08
2.70719e-08
2.69492e-08
2.6827e-08
2.67054e-08
2.65844e-08
2.64639e-08
2.63439e-08
2.62245e-08
2.61057e-08
2.59874e-08
2.58696e-08
2.57523e-08
2.56356e-08
2.55194e-08
2.54037e-08
2.52886e-08
2.5174e-08
2.50598e-08
2.49463e-08
2.48332e-08
2.47206e-08
2.46086e-08
2.4497e-08
2.4386e-08
2.42754e-08
2.41654e-08
2.40559e-08
2.39468e-08
2.38383e-08
2.37302e-08
2.36227e-08
2.35156e-08
2.3409e-08
2.33029e-08
2.31972e-08
2.30921e-08
2.29874e-08
2.28832e-08
2.27795e-08
2.26762e-08
2.25734e-08
2.24711e-08
2.23692e-08
2.22678e-08
2.21669e-08
2.20664e-08
2.19664e-08
2.18668e-08
2.17677e-08
2.1669e-08
2.15707e-08
2.1473e-08
2.13756e-08
2.12787e-08
2.11822e-08
2.10862e-08
2.09906e-08
2.08955e-08
2.08007e-08
2.07064e-08
2.06126e-08
2.05191e-08
2.04261e-08
2.03335e-08
2.02413e-08
2.01495e-08
2.00582e-08
1.99672e-08
1.98767e-08
1.97866e-08
1.96969e-08
1.96076e-08
1.95187e-08
1.94302e-08
1.93421e-08
1.92544e-08
1.91671e-08
1.90802e-08
1.89937e-08
1.89076e-08
1.88219e-08
1.87365e-08
1.86516e-08
1.8567e-08
1.84828e-08
1.8399e-08
1.83156e-08
1.82326e-08
1.81499e-08
1.80676e-08
1.79857e-08
1.79041e-08
1.7823e-08
1.77421e-08
1.76617e-08
1.75816e-08
1.75019e-08
1.74225e-08
1.73435e-08
1.72649e-08
1.71866e-08
1.71087e-08
1.70311e-08
1.69539e-08
1.6877e-08
1.68005e-08
1.67243e-08
1.66485e-08
1.6573e-08
1.64978e-08
1.6423e-08
1.63485e-08
1.62744e-08
1.62006e-08
1.61271e-08
1.6054e-08
1.59812e-08
1.59087e-08
1.58366e-08
1.57648e-08
1.56933e-08
1.56221e-08
1.55513e-08
1.54808e-08
1.54106e-08
1.53407e-08
1.52711e-08
1.52019e-08
1.51329e-08
1.50643e-08
1.4996e-08
1.4928e-08
1.48603e-08
1.47929e-08
1.47258e-08
1.4659e-08
1.45925e-08
1.45264e-08
1.44605e-08
1.43949e-08
1.43296e-08
1.42646e-08
1.41999e-08
1.41356e-08
1.40714e-08
1.40076e-08
1.39441e-08
1.38809e-08
1.38179e-08
1.37552e-08
1.36929e-08
1.36308e-08
1.35689e-08
1.35074e-08
1.34461e-08
1.33851e-08
1.33244e-08
1.3264e-08
1.32038e-08
1.3144e-08
1.30843e-08
1.3025e-08
1.29659e-08
1.29071e-08
1.28486e-08
1.27903e-08
1.27323e-08
1.26745e-08
1.26171e-08
1.25598e-08
1.25029e-08
1.24461e-08
1.23897e-08
1.23335e-08
1.22776e-08
1.22219e-08
1.21664e-08
1.21112e-08
1.20563e-08
1.20016e-08
1.19472e-08
1.1893e-08
1.18391e-08
1.17853e-08
1.17319e-08
1.16787e-08
1.16257e-08
1.1573e-08
1.15205e-08
1.14682e-08
1.14162e-08
1.13644e-08
1.13129e-08
1.12615e-08
1.12105e-08
1.11596e-08
1.1109e-08
1.10586e-08
1.10084e-08
1.09585e-08
1.09088e-08
1.08593e-08
1.081e-08
1.0761e-08
1.07122e-08
1.06636e-08
1.06152e-08
1.0567e-08
1.05191e-08
1.04714e-08
1.04239e-08
1.03766e-08
1.03295e-08
1.02827e-08
1.0236e-08
1.01896e-08
1.01434e-08
1.00973e-08
1.00515e-08
1.00059e-08
9.96053e-09
9.91535e-09
9.87036e-09
9.82558e-09
9.78101e-09
9.73663e-09
9.69246e-09
9.64849e-09
9.60471e-09
9.56114e-09
9.51776e-09
9.47458e-09
9.43159e-09
9.3888e-09
9.34621e-09
9.3038e-09
9.26159e-09
9.21957e-09
9.17774e-09
9.1361e-09
9.09465e-09
9.05339e-09
9.01231e-09
8.97142e-09
8.93071e-09
8.89019e-09
8.84986e-09
8.8097e-09
8.76973e-09
8.72994e-09
8.69033e-09
8.6509e-09
8.61165e-09
8.57257e-09
8.53368e-09
8.49496e-09
8.45641e-09
8.41804e-09
8.37984e-09
8.34182e-09
8.30397e-09
8.26629e-09
8.22878e-09
8.19144e-09
8.15427e-09
8.11727e-09
8.08044e-09
8.04378e-09
8.00728e-09
7.97094e-09
7.93477e-09
7.89877e-09
7.86292e-09
7.82724e-09
7.79173e-09
7.75637e-09
7.72117e-09
7.68613e-09
7.65126e-09
7.61654e-09
7.58197e-09
7.54757e-09
7.51332e-09
7.47922e-09
7.44528e-09
7.41149e-09
7.37786e-09
7.34438e-09
7.31105e-09
7.27787e-09
7.24484e-09
7.21197e-09
7.17924e-09
7.14666e-09
7.11423e-09
7.08194e-09
7.0498e-09
7.01781e-09
6.98596e-09
6.95425e-09
6.92269e-09
6.89128e-09
6.86e-09
6.82887e-09
6.79788e-09
6.76703e-09
6.73631e-09
6.70574e-09
6.67531e-09
6.64501e-09
6.61485e-09
6.58483e-09
6.55495e-09
6.5252e-09
6.49558e-09
6.4661e-09
6.43676e-09
6.40754e-09
6.37846e-09
6.34951e-09
6.32069e-09
6.292e-09
6.26345e-09
6.23502e-09
6.20672e-09
6.17855e-09
6.15051e-09
6.12259e-09
6.0948e-09
6.06714e-09
6.0396e-09
6.01219e-09
5.9849e-09
5.95773e-09
5.93069e-09
5.90377e-09
5.87697e-09
5.8503e-09
5.82374e-09
5.79731e-09
5.771e-09
5.7448e-09
5.71872e-09
5.69277e-09
5.66693e-09
5.6412e-09
5.6156e-09
5.59011e-09
5.56473e-09
5.53947e-09
5.51433e-09
5.4893e-09
5.46438e-09
5.43957e-09
5.41488e-09
5.3903e-09
5.36583e-09
5.34148e-09
5.31723e-09
5.29309e-09
5.26906e-09
5.24514e-09
5.22133e-09
5.19763e-09
5.17404e-09
5.15055e-09
5.12717e-09
5.10389e-09
5.08072e-09
5.05766e-09
5.0347e-09
5.01184e-09
4.98909e-09
4.96644e-09
4.94389e-09
4.92145e-09
4.89911e-09
4.87687e-09
4.85473e-09
4.83269e-09
4.81075e-09
4.78891e-09
4.76717e-09
4.74552e-09
4.72398e-09
4.70253e-09
4.68118e-09
4.65993e-09
4.63878e-09
4.61772e-09
4.59675e-09
4.57588e-09
4.55511e-09
4.53443e-09
4.51384e-09
4.49335e-09
4.47294e-09
4.45264e-09
4.43242e-09
4.4123e-09
4.39226e-09
4.37232e-09
4.35247e-09
4.33271e-09
4.31304e-09
4.29345e-09
4.27396e-09
4.25455e-09
4.23524e-09
4.21601e-09
4.19687e-09
4.17781e-09
4.15884e-09
4.13996e-09
4.12116e-09
4.10245e-09
4.08382e-09
4.06528e-09
4.04682e-09
4.02844e-09
4.01015e-09
3.99194e-09
3.97382e-09
3.95577e-09
3.93781e-09
3.91993e-09
3.90213e-09
3.88441e-09
3.86677e-09
3.84922e-09
3.83174e-09
3.81434e-09
3.79702e-09
3.77978e-09
3.76261e-09
3.74553e-09
3.72852e-09
3.71159e-09
3.69473e-09
3.67795e-09
3.66125e-09
3.64463e-09
3.62808e-09
3.6116e-09
3.5952e-09
3.57887e-09
3.56262e-09
3.54644e-09
3.53034e-09
3.51431e-09
3.49835e-09
3.48246e-09
3.46665e-09
3.4509e-09
3.43523e-09
3.41963e-09
3.4041e-09
3.38864e-09
3.37325e-09
3.35793e-09
3.34268e-09
3.3275e-09
3.31239e-09
3.29735e-09
3.28237e-09
3.26747e-09
3.25263e-09
3.23785e-09
3.22315e-09
3.20851e-09
3.19394e-09
3.17943e-09
3.16499e-09
3.15062e-09
3.13631e-09
3.12207e-09
3.10789e-09
3.09377e-09
3.07972e-09
3.06573e-09
3.05181e-09
3.03795e-09
3.02415e-09
3.01042e-09
2.99674e-09
2.98313e-09
2.96958e-09
2.95609e-09
2.94267e-09
2.9293e-09
2.916e-09
2.90275e-09
2.88957e-09
2.87644e-09
2.86338e-09
2.85037e-09
2.83743e-09
2.82454e-09
2.81171e-09
2.79894e-09
2.78622e-09
2.77357e-09
2.76097e-09
2.74843e-09
2.73595e-09
2.72352e-09
2.71115e-09
2.69883e-09
2.68657e-09
2.67437e-09
2.66222e-09
2.65013e-09
2.63809e-09
2.62611e-09
2.61418e-09
2.6023e-09
2.59048e-09
2.57871e-09
2.567e-09
2.55534e-09
2.54373e-09
2.53218e-09
2.52067e-09
2.50922e-09
2.49782e-09
2.48648e-09
2.47518e-09
2.46394e-09
2.45275e-09
2.4416e-09
2.43051e-09
2.41947e-09
2.40848e-09
2.39754e-09
2.38665e-09
2.3758e-09
2.36501e-09
2.35427e-09
2.34357e-09
2.33292e-09
2.32233e-09
2.31178e-09
2.30127e-09
2.29082e-09
2.28041e-09
2.27005e-09
2.25974e-09
2.24947e-09
2.23925e-09
2.22908e-09
2.21895e-09
2.20887e-09
2.19884e-09
2.18885e-09
2.1789e-09
2.169e-09
2.15915e-09
2.14934e-09
2.13957e-09
2.12985e-09
2.12018e-09
2.11054e-09
2.10095e-09
2.09141e-09
2.08191e-09
2.07245e-09
2.06303e-09
2.05366e-09
2.04433e-09
2.03504e-09
2.02579e-09
2.01659e-09
2.00742e-09
1.9983e-09
1.98922e-09
1.98019e-09
1.97119e-09
1.96223e-09
1.95332e-09
1.94444e-09
1.93561e-09
1.92681e-09
1.91806e-09
1.90934e-09
1.90066e-09
1.89203e-09
1.88343e-09
1.87487e-09
1.86635e-09
1.85787e-09
1.84943e-09
1.84103e-09
1.83266e-09
1.82433e-09
1.81604e-09
1.80779e-09
1.79958e-09
1.7914e-09
1.78326e-09
1.77516e-09
1.76709e-09
1.75906e-09
1.75107e-09
1.74311e-09
1.73519e-09
1.7273e-09
1.71945e-09
1.71164e-09
1.70386e-09
1.69612e-09
1.68841e-09
1.68074e-09
1.6731e-09
1.6655e-09
1.65793e-09
1.65039e-09
1.64289e-09
1.63543e-09
1.628e-09
1.6206e-09
1.61323e-09
1.6059e-09
1.5986e-09
1.59134e-09
1.58411e-09
1.57691e-09
1.56974e-09
1.56261e-09
1.5555e-09
1.54843e-09
1.5414e-09
1.53439e-09
1.52742e-09
1.52048e-09
1.51357e-09
1.50669e-09
1.49984e-09
1.49302e-09
1.48624e-09
1.47948e-09
1.47276e-09
1.46607e-09
1.4594e-09
1.45277e-09
1.44617e-09
1.43959e-09
1.43305e-09
1.42654e-09
1.42005e-09
1.4136e-09
1.40717e-09
1.40078e-09
1.39441e-09
1.38807e-09
1.38176e-09
1.37548e-09
1.36923e-09
1.36301e-09
1.35681e-09
1.35065e-09
1.34451e-09
1.3384e-09
1.33231e-09
1.32626e-09
1.32023e-09
1.31423e-09
1.30825e-09
1.30231e-09
1.29639e-09
1.29049e-09
1.28463e-09
1.27879e-09
1.27298e-09
1.26719e-09
1.26143e-09
1.2557e-09
1.24999e-09
1.24431e-09
1.23865e-09
1.23302e-09
1.22741e-09
1.22184e-09
1.21628e-09
1.21075e-09
1.20525e-09
1.19977e-09
1.19432e-09
1.18889e-09
1.18348e-09
1.1781e-09
1.17275e-09
1.16742e-09
1.16211e-09
1.15683e-09
1.15157e-09
1.14633e-09
1.14112e-09
1.13593e-09
1.13077e-09
1.12563e-09
1.12051e-09
1.11542e-09
1.11035e-09
1.1053e-09
1.10027e-09
1.09527e-09
1.09029e-09
1.08534e-09
1.0804e-09
1.07549e-09
1.0706e-09
1.06573e-09
1.06089e-09
1.05606e-09
1.05126e-09
1.04648e-09
1.04173e-09
1.03699e-09
1.03228e-09
1.02758e-09
1.02291e-09
1.01826e-09
1.01363e-09
1.00902e-09
1.00443e-09
9.99867e-10
9.95321e-10
9.90796e-10
9.86291e-10
9.81807e-10
9.77343e-10
9.72899e-10
9.68476e-10
9.64072e-10
9.59689e-10
9.55325e-10
9.50982e-10
9.46658e-10
9.42354e-10
9.38069e-10
9.33804e-10
9.29558e-10
9.25331e-10
9.21124e-10
9.16935e-10
9.12766e-10
9.08616e-10
9.04484e-10
9.00372e-10
8.96278e-10
8.92202e-10
8.88145e-10
8.84107e-10
8.80087e-10
8.76085e-10
8.72101e-10
8.68135e-10
8.64188e-10
8.60258e-10
8.56346e-10
8.52452e-10
8.48576e-10
8.44717e-10
8.40876e-10
8.37052e-10
8.33246e-10
8.29457e-10
8.25685e-10
8.2193e-10
8.18193e-10
8.14472e-10
8.10768e-10
8.07081e-10
8.03411e-10
7.99758e-10
7.96121e-10
7.925e-10
7.88896e-10
7.85309e-10
7.81738e-10
7.78182e-10
7.74644e-10
7.71121e-10
7.67614e-10
7.64123e-10
7.60648e-10
7.57189e-10
7.53745e-10
7.50317e-10
7.46905e-10
7.43508e-10
7.40127e-10
7.36761e-10
7.3341e-10
7.30075e-10
7.26754e-10
7.23449e-10
7.20159e-10
7.16884e-10
7.13623e-10
7.10378e-10
7.07147e-10
7.03931e-10
7.00729e-10
6.97542e-10
6.9437e-10
6.91212e-10
6.88068e-10
6.84939e-10
6.81823e-10
6.78722e-10
6.75635e-10
6.72562e-10
6.69503e-10
6.66458e-10
6.63427e-10
6.60409e-10
6.57406e-10
6.54416e-10
6.51439e-10
6.48476e-10
6.45526e-10
6.4259e-10
6.39668e-10
6.36758e-10
6.33862e-10
6.30979e-10
6.28109e-10
6.25252e-10
6.22408e-10
6.19576e-10
6.16758e-10
6.13953e-10
6.1116e-10
6.0838e-10
6.05613e-10
6.02858e-10
6.00116e-10
5.97386e-10
5.94669e-10
5.91964e-10
5.89271e-10
5.86591e-10
5.83922e-10
5.81266e-10
5.78622e-10
5.7599e-10
5.7337e-10
5.70761e-10
5.68165e-10
5.65581e-10
5.63008e-10
5.60447e-10
5.57897e-10
5.55359e-10
5.52833e-10
5.50318e-10
5.47814e-10
5.45322e-10
5.42842e-10
5.40372e-10
5.37914e-10
5.35467e-10
5.33031e-10
5.30606e-10
5.28192e-10
5.25789e-10
5.23397e-10
5.21016e-10
5.18646e-10
5.16286e-10
5.13938e-10
5.11599e-10
5.09272e-10
5.06955e-10
5.04649e-10
5.02353e-10
5.00067e-10
4.97792e-10
4.95528e-10
4.93273e-10
4.91029e-10
4.88795e-10
4.86571e-10
4.84357e-10
4.82154e-10
4.7996e-10
4.77776e-10
4.75603e-10
4.73439e-10
4.71285e-10
4.69141e-10
4.67006e-10
4.64881e-10
4.62766e-10
4.60661e-10
4.58565e-10
4.56478e-10
4.54401e-10
4.52334e-10
4.50276e-10
4.48227e-10
4.46188e-10
4.44157e-10
4.42137e-10
4.40125e-10
4.38122e-10
4.36129e-10
4.34144e-10
4.32169e-10
4.30203e-10
4.28245e-10
4.26296e-10
4.24357e-10
4.22426e-10
4.20504e-10
4.1859e-10
4.16686e-10
4.1479e-10
4.12902e-10
4.11023e-10
4.09153e-10
4.07291e-10
4.05438e-10
4.03593e-10
4.01756e-10
3.99928e-10
3.98108e-10
3.96297e-10
3.94493e-10
3.92698e-10
3.90911e-10
3.89133e-10
3.87362e-10
3.85599e-10
3.83844e-10
3.82098e-10
3.80359e-10
3.78628e-10
3.76905e-10
3.7519e-10
3.73482e-10
3.71783e-10
3.70091e-10
3.68407e-10
3.6673e-10
3.65061e-10
3.634e-10
3.61746e-10
3.601e-10
3.58461e-10
3.5683e-10
3.55206e-10
3.53589e-10
3.5198e-10
3.50378e-10
3.48784e-10
3.47196e-10
3.45616e-10
3.44043e-10
3.42477e-10
3.40919e-10
3.39367e-10
3.37823e-10
3.36285e-10
3.34755e-10
3.33231e-10
3.31715e-10
3.30205e-10
3.28702e-10
3.27206e-10
3.25717e-10
3.24234e-10
3.22759e-10
3.2129e-10
3.19827e-10
3.18372e-10
3.16923e-10
3.1548e-10
3.14044e-10
3.12615e-10
3.11192e-10
3.09776e-10
3.08366e-10
3.06962e-10
3.05565e-10
3.04174e-10
3.0279e-10
3.01412e-10
3.0004e-10
2.98674e-10
2.97315e-10
2.95961e-10
2.94614e-10
2.93273e-10
2.91938e-10
2.90609e-10
2.89287e-10
2.8797e-10
2.86659e-10
2.85354e-10
2.84055e-10
2.82762e-10
2.81475e-10
2.80194e-10
2.78919e-10
2.77649e-10
2.76385e-10
2.75127e-10
2.73875e-10
2.72628e-10
2.71387e-10
2.70152e-10
2.68922e-10
2.67698e-10
2.66479e-10
2.65266e-10
2.64058e-10
2.62856e-10
2.6166e-10
2.60469e-10
2.59283e-10
2.58103e-10
2.56928e-10
2.55758e-10
2.54594e-10
2.53435e-10
2.52281e-10
2.51133e-10
2.49989e-10
2.48851e-10
2.47718e-10
2.46591e-10
2.45468e-10
2.44351e-10
2.43238e-10
2.42131e-10
2.41028e-10
2.39931e-10
2.38839e-10
2.37752e-10
2.36669e-10
2.35592e-10
2.34519e-10
2.33451e-10
2.32389e-10
2.31331e-10
2.30277e-10
2.29229e-10
2.28185e-10
2.27146e-10
2.26112e-10
2.25083e-10
2.24058e-10
2.23038e-10
2.22023e-10
2.21012e-10
2.20005e-10
2.19004e-10
2.18007e-10
2.17014e-10
2.16026e-10
2.15042e-10
2.14063e-10
2.13089e-10
2.12118e-10
2.11153e-10
2.10191e-10
2.09234e-10
2.08282e-10
2.07333e-10
2.06389e-10
2.05449e-10
2.04514e-10
2.03583e-10
2.02656e-10
2.01733e-10
2.00814e-10
1.999e-10
1.9899e-10
1.98084e-10
1.97182e-10
1.96284e-10
1.9539e-10
1.94501e-10
1.93615e-10
1.92733e-10
1.91856e-10
1.90982e-10
1.90112e-10
1.89247e-10
1.88385e-10
1.87527e-10
1.86673e-10
1.85823e-10
1.84977e-10
1.84135e-10
1.83296e-10
1.82462e-10
1.81631e-10
1.80804e-10
1.7998e-10
1.79161e-10
1.78345e-10
1.77533e-10
1.76724e-10
1.75919e-10
1.75118e-10
1.74321e-10
1.73527e-10
1.72737e-10
1.7195e-10
1.71167e-10
1.70388e-10
1.69612e-10
1.68839e-10
1.6807e-10
1.67305e-10
1.66543e-10
1.65784e-10
1.65029e-10
1.64278e-10
1.6353e-10
1.62785e-10
1.62044e-10
1.61306e-10
1.60571e-10
1.5984e-10
1.59112e-10
1.58387e-10
1.57666e-10
1.56948e-10
1.56233e-10
1.55521e-10
1.54813e-10
1.54108e-10
1.53406e-10
1.52707e-10
1.52012e-10
1.5132e-10
1.5063e-10
1.49944e-10
1.49261e-10
1.48582e-10
1.47905e-10
1.47231e-10
1.46561e-10
1.45893e-10
1.45229e-10
1.44567e-10
1.43909e-10
1.43253e-10
1.42601e-10
1.41951e-10
1.41305e-10
1.40661e-10
1.4002e-10
1.39383e-10
1.38748e-10
1.38116e-10
1.37487e-10
1.3686e-10
1.36237e-10
1.35617e-10
1.34999e-10
1.34384e-10
1.33772e-10
1.33162e-10
1.32556e-10
1.31952e-10
1.31351e-10
1.30753e-10
1.30157e-10
1.29564e-10
1.28974e-10
1.28387e-10
1.27802e-10
1.2722e-10
1.2664e-10
1.26063e-10
1.25489e-10
1.24917e-10
1.24348e-10
1.23782e-10
1.23218e-10
1.22657e-10
1.22098e-10
1.21542e-10
1.20988e-10
1.20437e-10
1.19888e-10
1.19342e-10
1.18798e-10
1.18257e-10
1.17719e-10
1.17182e-10
1.16648e-10
1.16117e-10
1.15588e-10
1.15061e-10
1.14537e-10
1.14015e-10
1.13496e-10
1.12979e-10
1.12464e-10
1.11952e-10
1.11442e-10
1.10934e-10
1.10429e-10
1.09926e-10
1.09425e-10
1.08926e-10
1.0843e-10
1.07936e-10
1.07444e-10
1.06955e-10
1.06468e-10
1.05983e-10
1.055e-10
1.05019e-10
1.04541e-10
1.04064e-10
1.0359e-10
1.03118e-10
1.02648e-10
1.02181e-10
1.01715e-10
1.01252e-10
1.0079e-10
1.00331e-10
9.98741e-11
9.9419e-11
9.8966e-11
9.85151e-11
9.80663e-11
9.76194e-11
9.71747e-11
9.67319e-11
9.62912e-11
9.58524e-11
9.54157e-11
9.49809e-11
9.45481e-11
9.41173e-11
9.36885e-11
9.32616e-11
9.28367e-11
9.24137e-11
9.19926e-11
9.15734e-11
9.11561e-11
9.07408e-11
9.03273e-11
8.99157e-11
8.9506e-11
8.90981e-11
8.86922e-11
8.8288e-11
8.78857e-11
8.74852e-11
8.70866e-11
8.66897e-11
8.62947e-11
8.59015e-11
8.55101e-11
8.51204e-11
8.47325e-11
8.43464e-11
8.3962e-11
8.35794e-11
8.31986e-11
8.28194e-11
8.2442e-11
8.20663e-11
8.16923e-11
8.13201e-11
8.09495e-11
8.05806e-11
8.02134e-11
7.98478e-11
7.9484e-11
7.91217e-11
7.87612e-11
7.84022e-11
7.80449e-11
7.76893e-11
7.73352e-11
7.69828e-11
7.6632e-11
7.62827e-11
7.59351e-11
7.5589e-11
7.52445e-11
7.49016e-11
7.45602e-11
7.42204e-11
7.38822e-11
7.35455e-11
7.32103e-11
7.28766e-11
7.25445e-11
7.22139e-11
7.18848e-11
7.15571e-11
7.1231e-11
7.09064e-11
7.05832e-11
7.02615e-11
6.99413e-11
6.96225e-11
6.93052e-11
6.89893e-11
6.86749e-11
6.83619e-11
6.80503e-11
6.77401e-11
6.74314e-11
6.7124e-11
6.68181e-11
6.65136e-11
6.62104e-11
6.59086e-11
6.56082e-11
6.53092e-11
6.50115e-11
6.47152e-11
6.44202e-11
6.41266e-11
6.38343e-11
6.35433e-11
6.32537e-11
6.29654e-11
6.26784e-11
6.23927e-11
6.21083e-11
6.18252e-11
6.15434e-11
6.12628e-11
6.09836e-11
6.07056e-11
6.04289e-11
6.01534e-11
5.98792e-11
5.96063e-11
5.93346e-11
5.90641e-11
5.87949e-11
5.85269e-11
5.82601e-11
5.79945e-11
5.77301e-11
5.7467e-11
5.7205e-11
5.69442e-11
5.66847e-11
5.64263e-11
5.6169e-11
5.5913e-11
5.56581e-11
5.54044e-11
5.51518e-11
5.49004e-11
5.46501e-11
5.4401e-11
5.4153e-11
5.39061e-11
5.36604e-11
5.34158e-11
5.31722e-11
5.29298e-11
5.26885e-11
5.24483e-11
5.22092e-11
5.19712e-11
5.17343e-11
5.14984e-11
5.12637e-11
5.103e-11
5.07973e-11
5.05657e-11
5.03352e-11
5.01057e-11
4.98773e-11
4.96499e-11
4.94235e-11
4.91982e-11
4.89739e-11
4.87506e-11
4.85284e-11
4.83071e-11
4.80869e-11
4.78676e-11
4.76494e-11
4.74321e-11
4.72159e-11
4.70006e-11
4.67863e-11
4.6573e-11
4.63607e-11
4.61493e-11
4.59389e-11
4.57294e-11
4.55209e-11
4.53134e-11
4.51068e-11
4.49011e-11
4.46964e-11
4.44926e-11
4.42897e-11
4.40878e-11
4.38868e-11
4.36867e-11
4.34875e-11
4.32892e-11
4.30918e-11
4.28953e-11
4.26997e-11
4.2505e-11
4.23112e-11
4.21183e-11
4.19262e-11
4.17351e-11
4.15448e-11
4.13553e-11
4.11667e-11
4.0979e-11
4.07922e-11
4.06062e-11
4.0421e-11
4.02367e-11
4.00532e-11
3.98706e-11
3.96888e-11
3.95078e-11
3.93276e-11
3.91483e-11
3.89698e-11
3.87921e-11
3.86152e-11
3.84391e-11
3.82638e-11
3.80893e-11
3.79156e-11
3.77427e-11
3.75706e-11
3.73993e-11
3.72287e-11
3.70589e-11
3.68899e-11
3.67217e-11
3.65542e-11
3.63875e-11
3.62216e-11
3.60564e-11
3.5892e-11
3.57283e-11
3.55654e-11
3.54032e-11
3.52417e-11
3.5081e-11
3.4921e-11
3.47618e-11
3.46032e-11
3.44454e-11
3.42883e-11
3.41319e-11
3.39763e-11
3.38213e-11
3.36671e-11
3.35135e-11
3.33607e-11
3.32085e-11
3.30571e-11
3.29063e-11
3.27563e-11
3.26069e-11
3.24581e-11
3.23101e-11
3.21627e-11
3.20161e-11
3.187e-11
3.17247e-11
3.158e-11
3.1436e-11
3.12926e-11
3.11499e-11
3.10078e-11
3.08663e-11
3.07256e-11
3.05854e-11
3.04459e-11
3.03071e-11
3.01688e-11
3.00312e-11
2.98942e-11
2.97579e-11
2.96222e-11
2.94871e-11
2.93526e-11
2.92187e-11
2.90854e-11
2.89527e-11
2.88207e-11
2.86892e-11
2.85583e-11
2.84281e-11
2.82984e-11
2.81693e-11
2.80408e-11
2.79129e-11
2.77856e-11
2.76589e-11
2.75327e-11
2.74071e-11
2.72821e-11
2.71577e-11
2.70338e-11
2.69105e-11
2.67877e-11
2.66655e-11
2.65439e-11
2.64228e-11
2.63023e-11
2.61823e-11
2.60628e-11
2.59439e-11
2.58256e-11
2.57078e-11
2.55905e-11
2.54738e-11
2.53576e-11
2.52419e-11
2.51267e-11
2.50121e-11
2.4898e-11
2.47844e-11
2.46714e-11
2.45588e-11
2.44468e-11
2.43353e-11
2.42242e-11
2.41137e-11
2.40037e-11
2.38942e-11
2.37852e-11
2.36767e-11
2.35687e-11
2.34612e-11
2.33541e-11
2.32476e-11
2.31415e-11
2.30359e-11
2.29309e-11
2.28262e-11
2.27221e-11
2.26184e-11
2.25152e-11
2.24125e-11
2.23103e-11
2.22085e-11
2.21072e-11
2.20063e-11
2.19059e-11
2.1806e-11
2.17065e-11
2.16074e-11
2.15088e-11
2.14107e-11
2.1313e-11
2.12158e-11
2.1119e-11
2.10226e-11
2.09267e-11
2.08312e-11
2.07362e-11
2.06416e-11
2.05474e-11
2.04536e-11
2.03603e-11
2.02674e-11
2.01749e-11
2.00829e-11
1.99913e-11
1.99e-11
1.98092e-11
1.97189e-11
1.96289e-11
1.95393e-11
1.94502e-11
1.93614e-11
1.92731e-11
1.91851e-11
1.90976e-11
1.90104e-11
1.89237e-11
1.88374e-11
1.87514e-11
1.86658e-11
1.85807e-11
1.84959e-11
1.84115e-11
1.83275e-11
1.82438e-11
1.81606e-11
1.80777e-11
1.79952e-11
1.79131e-11
1.78314e-11
1.775e-11
1.7669e-11
1.75884e-11
1.75081e-11
1.74282e-11
1.73487e-11
1.72695e-11
1.71907e-11
1.71123e-11
1.70342e-11
1.69564e-11
1.68791e-11
1.6802e-11
1.67254e-11
1.6649e-11
1.65731e-11
1.64974e-11
1.64221e-11
1.63472e-11
1.62726e-11
1.61983e-11
1.61244e-11
1.60508e-11
1.59776e-11
1.59047e-11
1.58321e-11
1.57598e-11
1.56879e-11
1.56163e-11
1.5545e-11
1.54741e-11
1.54035e-11
1.53332e-11
1.52632e-11
1.51935e-11
1.51242e-11
1.50552e-11
1.49864e-11
1.4918e-11
1.485e-11
1.47822e-11
1.47147e-11
1.46476e-11
1.45807e-11
1.45142e-11
1.44479e-11
1.4382e-11
1.43163e-11
1.4251e-11
1.4186e-11
1.41212e-11
1.40568e-11
1.39926e-11
1.39287e-11
1.38652e-11
1.38019e-11
1.37389e-11
1.36762e-11
1.36137e-11
1.35516e-11
1.34898e-11
1.34282e-11
1.33669e-11
1.33059e-11
1.32451e-11
1.31847e-11
1.31245e-11
1.30646e-11
1.3005e-11
1.29456e-11
1.28865e-11
1.28277e-11
1.27691e-11
1.27109e-11
1.26528e-11
1.25951e-11
1.25376e-11
1.24804e-11
1.24234e-11
1.23667e-11
1.23102e-11
1.2254e-11
1.21981e-11
1.21424e-11
1.2087e-11
1.20318e-11
1.19769e-11
1.19222e-11
1.18678e-11
1.18136e-11
1.17597e-11
1.1706e-11
1.16526e-11
1.15994e-11
1.15464e-11
1.14937e-11
1.14413e-11
1.1389e-11
1.1337e-11
1.12853e-11
1.12338e-11
1.11825e-11
1.11314e-11
1.10806e-11
1.103e-11
1.09797e-11
1.09296e-11
1.08797e-11
1.083e-11
1.07805e-11
1.07313e-11
1.06823e-11
1.06336e-11
1.0585e-11
1.05367e-11
1.04886e-11
1.04407e-11
1.0393e-11
1.03456e-11
1.02984e-11
1.02514e-11
1.02045e-11
1.0158e-11
1.01116e-11
1.00654e-11
1.00195e-11
9.97372e-12
9.92819e-12
9.88286e-12
9.83774e-12
9.79282e-12
9.74811e-12
9.7036e-12
9.6593e-12
9.6152e-12
9.5713e-12
9.5276e-12
9.4841e-12
9.4408e-12
9.39769e-12
9.35478e-12
9.31207e-12
9.26955e-12
9.22723e-12
9.1851e-12
9.14316e-12
9.10141e-12
9.05986e-12
9.01849e-12
8.97731e-12
8.93632e-12
8.89552e-12
8.8549e-12
8.81447e-12
8.77422e-12
8.73416e-12
8.69428e-12
8.65458e-12
8.61506e-12
8.57572e-12
8.53656e-12
8.49758e-12
8.45878e-12
8.42016e-12
8.38171e-12
8.34344e-12
8.30534e-12
8.26741e-12
8.22966e-12
8.19208e-12
8.15467e-12
8.11744e-12
8.08037e-12
8.04347e-12
8.00674e-12
7.97018e-12
7.93378e-12
7.89755e-12
7.86149e-12
7.82559e-12
7.78985e-12
7.75428e-12
7.71887e-12
7.68362e-12
7.64853e-12
7.61361e-12
7.57884e-12
7.54423e-12
7.50978e-12
7.47548e-12
7.44134e-12
7.40736e-12
7.37353e-12
7.33986e-12
7.30634e-12
7.27297e-12
7.23976e-12
7.20669e-12
7.17378e-12
7.14102e-12
7.10841e-12
7.07595e-12
7.04363e-12
7.01146e-12
6.97944e-12
6.94757e-12
6.91584e-12
6.88425e-12
6.85281e-12
6.82151e-12
6.79036e-12
6.75935e-12
6.72848e-12
6.69775e-12
6.66716e-12
6.63671e-12
6.6064e-12
6.57622e-12
6.54619e-12
6.51629e-12
6.48653e-12
6.4569e-12
6.42741e-12
6.39806e-12
6.36883e-12
6.33974e-12
6.31079e-12
6.28196e-12
6.25327e-12
6.22471e-12
6.19628e-12
6.16798e-12
6.13981e-12
6.11176e-12
6.08385e-12
6.05606e-12
6.0284e-12
6.00086e-12
5.97345e-12
5.94617e-12
5.91901e-12
5.89197e-12
5.86506e-12
5.83827e-12
5.8116e-12
5.78506e-12
5.75863e-12
5.73233e-12
5.70614e-12
5.68008e-12
5.65413e-12
5.62831e-12
5.6026e-12
5.57701e-12
5.55153e-12
5.52617e-12
5.50093e-12
5.4758e-12
5.45079e-12
5.42589e-12
5.4011e-12
5.37643e-12
5.35187e-12
5.32742e-12
5.30309e-12
5.27886e-12
5.25475e-12
5.23074e-12
5.20685e-12
5.18306e-12
5.15939e-12
5.13582e-12
5.11236e-12
5.089e-12
5.06575e-12
5.04261e-12
5.01958e-12
4.99665e-12
4.97382e-12
4.9511e-12
4.92848e-12
4.90596e-12
4.88355e-12
4.86124e-12
4.83903e-12
4.81693e-12
4.79492e-12
4.77301e-12
4.75121e-12
4.7295e-12
4.7079e-12
4.68639e-12
4.66498e-12
4.64367e-12
4.62245e-12
4.60133e-12
4.58031e-12
4.55938e-12
4.53855e-12
4.51782e-12
4.49718e-12
4.47663e-12
4.45618e-12
4.43582e-12
4.41555e-12
4.39538e-12
4.3753e-12
4.35531e-12
4.33541e-12
4.3156e-12
4.29588e-12
4.27626e-12
4.25672e-12
4.23727e-12
4.21791e-12
4.19864e-12
4.17945e-12
4.16036e-12
4.14135e-12
4.12243e-12
4.10359e-12
4.08484e-12
4.06618e-12
4.0476e-12
4.0291e-12
4.0107e-12
3.99237e-12
3.97413e-12
3.95597e-12
3.93789e-12
3.9199e-12
3.90199e-12
3.88416e-12
3.86641e-12
3.84874e-12
3.83116e-12
3.81365e-12
3.79623e-12
3.77888e-12
3.76161e-12
3.74442e-12
3.72731e-12
3.71028e-12
3.69333e-12
3.67645e-12
3.65965e-12
3.64293e-12
3.62628e-12
3.60971e-12
3.59322e-12
3.5768e-12
3.56045e-12
3.54418e-12
3.52799e-12
3.51186e-12
3.49582e-12
3.47984e-12
3.46394e-12
3.44811e-12
3.43235e-12
3.41667e-12
3.40105e-12
3.38551e-12
3.37004e-12
3.35464e-12
3.33931e-12
3.32405e-12
3.30886e-12
3.29374e-12
3.27869e-12
3.2637e-12
3.24879e-12
3.23394e-12
3.21916e-12
3.20445e-12
3.1898e-12
3.17523e-12
3.16072e-12
3.14627e-12
3.13189e-12
3.11758e-12
3.10333e-12
3.08915e-12
3.07503e-12
3.06098e-12
3.04699e-12
3.03306e-12
3.0192e-12
3.0054e-12
2.99166e-12
2.97799e-12
2.96438e-12
2.95083e-12
2.93735e-12
2.92392e-12
2.91056e-12
2.89726e-12
2.88401e-12
2.87083e-12
2.85771e-12
2.84465e-12
2.83165e-12
2.81871e-12
2.80582e-12
2.793e-12
2.78023e-12
2.76753e-12
2.75488e-12
2.74228e-12
2.72975e-12
2.71727e-12
2.70485e-12
2.69249e-12
2.68018e-12
2.66793e-12
2.65574e-12
2.6436e-12
2.63152e-12
2.61949e-12
2.60752e-12
2.5956e-12
2.58373e-12
2.57192e-12
2.56017e-12
2.54846e-12
2.53681e-12
2.52522e-12
2.51368e-12
2.50219e-12
2.49075e-12
2.47936e-12
2.46803e-12
2.45675e-12
2.44552e-12
2.43434e-12
2.42321e-12
2.41213e-12
2.40111e-12
2.39013e-12
2.37921e-12
2.36833e-12
2.3575e-12
2.34673e-12
2.336e-12
2.32532e-12
2.31469e-12
2.30411e-12
2.29358e-12
2.28309e-12
2.27266e-12
2.26227e-12
2.25192e-12
2.24163e-12
2.23138e-12
2.22118e-12
2.21103e-12
2.20092e-12
2.19086e-12
2.18084e-12
2.17087e-12
2.16095e-12
2.15107e-12
2.14124e-12
2.13145e-12
2.1217e-12
2.112e-12
2.10235e-12
2.09274e-12
2.08317e-12
2.07364e-12
2.06416e-12
2.05473e-12
2.04533e-12
2.03598e-12
2.02667e-12
2.01741e-12
