Vec Object: Vec_0x55adbf8b99c0_0 1 MPI process
  type: seq
1.
0.99998
0.99996
0.99994
0.99992
0.9999
0.99988
0.99986
0.99984
0.99982
0.999799
0.999779
0.999759
0.999739
0.999719
0.999699
0.999679
0.999659
0.999639
0.999618
0.999598
0.999578
0.999558
0.999538
0.999518
0.999498
0.999477
0.999457
0.999437
0.999417
0.999397
0.999376
0.999356
0.999336
0.999316
0.999296
0.999275
0.999255
0.999235
0.999215
0.999194
0.999174
0.999154
0.999134
0.999113
0.999093
0.999073
0.999053
0.999032
0.999012
0.998992
0.998971
0.998951
0.998931
0.99891
0.99889
0.99887
0.998849
0.998829
0.998809
0.998788
0.998768
0.998748
0.998727
0.998707
0.998686
0.998666
0.998646
0.998625
0.998605
0.998584
0.998564
0.998544
0.998523
0.998503
0.998482
0.998462
0.998441
0.998421
0.9984
0.99838
0.998359
0.998339
0.998318
0.998298
0.998277
0.998257
0.998236
0.998216
0.998195
0.998175
0.998154
0.998134
0.998113
0.998093
0.998072
0.998052
0.998031
0.99801
0.99799
0.997969
0.997949
0.997928
0.997908
0.997887
0.997866
0.997846
0.997825
0.997804
0.997784
0.997763
0.997743
0.997722
0.997701
0.997681
0.99766
0.997639
0.997618
0.997598
0.997577
0.997556
0.997536
0.997515
0.997494
0.997474
0.997453
0.997432
0.997411
0.997391
0.99737
0.997349
0.997328
0.997308
0.997287
0.997266
0.997245
0.997224
0.997204
0.997183
0.997162
0.997141
0.99712
0.9971
0.997079
0.997058
0.997037
0.997016
0.996995
0.996974
0.996954
0.996933
0.996912
0.996891
0.99687
0.996849
0.996828
0.996807
0.996786
0.996766
0.996745
0.996724
0.996703
0.996682
0.996661
0.99664
0.996619
0.996598
0.996577
0.996556
0.996535
0.996514
0.996493
0.996472
0.996451
0.99643
0.996409
0.996388
0.996367
0.996346
0.996325
0.996304
0.996283
0.996262
0.996241
0.996219
0.996198
0.996177
0.996156
0.996135
0.996114
0.996093
0.996072
0.996051
0.99603
0.996008
0.995987
0.995966
0.995945
0.995924
0.995903
0.995881
0.99586
0.995839
0.995818
0.995797
0.995776
0.995754
0.995733
0.995712
0.995691
0.995669
0.995648
0.995627
0.995606
0.995584
0.995563
0.995542
0.995521
0.995499
0.995478
0.995457
0.995435
0.995414
0.995393
0.995372
0.99535
0.995329
0.995308
0.995286
0.995265
0.995244
0.995222
0.995201
0.995179
0.995158
0.995137
0.995115
0.995094
0.995072
0.995051
0.99503
0.995008
0.994987
0.994965
0.994944
0.994922
0.994901
0.99488
0.994858
0.994837
0.994815
0.994794
0.994772
0.994751
0.994729
0.994708
0.994686
0.994665
0.994643
0.994622
0.9946
0.994579
0.994557
0.994535
0.994514
0.994492
0.994471
0.994449
0.994428
0.994406
0.994384
0.994363
0.994341
0.99432
0.994298
0.994276
0.994255
0.994233
0.994211
0.99419
0.994168
0.994146
0.994125
0.994103
0.994081
0.99406
0.994038
0.994016
0.993995
0.993973
0.993951
0.993929
0.993908
0.993886
0.993864
0.993842
0.993821
0.993799
0.993777
0.993755
0.993733
0.993712
0.99369
0.993668
0.993646
0.993624
0.993603
0.993581
0.993559
0.993537
0.993515
0.993493
0.993472
0.99345
0.993428
0.993406
0.993384
0.993362
0.99334
0.993318
0.993296
0.993274
0.993253
0.993231
0.993209
0.993187
0.993165
0.993143
0.993121
0.993099
0.993077
0.993055
0.993033
0.993011
0.992989
0.992967
0.992945
0.992923
0.992901
0.992879
0.992857
0.992835
0.992813
0.992791
0.992768
0.992746
0.992724
0.992702
0.99268
0.992658
0.992636
0.992614
0.992592
0.99257
0.992547
0.992525
0.992503
0.992481
0.992459
0.992437
0.992414
0.992392
0.99237
0.992348
0.992326
0.992303
0.992281
0.992259
0.992237
0.992215
0.992192
0.99217
0.992148
0.992126
0.992103
0.992081
0.992059
0.992036
0.992014
0.991992
0.99197
0.991947
0.991925
0.991903
0.99188
0.991858
0.991836
0.991813
0.991791
0.991768
0.991746
0.991724
0.991701
0.991679
0.991657
0.991634
0.991612
0.991589
0.991567
0.991544
0.991522
0.9915
0.991477
0.991455
0.991432
0.99141
0.991387
0.991365
0.991342
0.99132
0.991297
0.991275
0.991252
0.99123
0.991207
0.991185
0.991162
0.99114
0.991117
0.991094
0.991072
0.991049
0.991027
0.991004
0.990981
0.990959
0.990936
0.990914
0.990891
0.990868
0.990846
0.990823
0.9908
0.990778
0.990755
0.990732
0.99071
0.990687
0.990664
0.990642
0.990619
0.990596
0.990573
0.990551
0.990528
0.990505
0.990482
0.99046
0.990437
0.990414
0.990391
0.990369
0.990346
0.990323
0.9903
0.990277
0.990255
0.990232
0.990209
0.990186
0.990163
0.99014
0.990117
0.990095
0.990072
0.990049
0.990026
0.990003
0.98998
0.989957
0.989934
0.989911
0.989888
0.989865
0.989843
0.98982
0.989797
0.989774
0.989751
0.989728
0.989705
0.989682
0.989659
0.989636
0.989613
0.98959
0.989567
0.989544
0.989521
0.989497
0.989474
0.989451
0.989428
0.989405
0.989382
0.989359
0.989336
0.989313
0.98929
0.989267
0.989243
0.98922
0.989197
0.989174
0.989151
0.989128
0.989104
0.989081
0.989058
0.989035
0.989012
0.988988
0.988965
0.988942
0.988919
0.988896
0.988872
0.988849
0.988826
0.988803
0.988779
0.988756
0.988733
0.988709
0.988686
0.988663
0.988639
0.988616
0.988593
0.988569
0.988546
0.988523
0.988499
0.988476
0.988453
0.988429
0.988406
0.988382
0.988359
0.988336
0.988312
0.988289
0.988265
0.988242
0.988219
0.988195
0.988172
0.988148
0.988125
0.988101
0.988078
0.988054
0.988031
0.988007
0.987984
0.98796
0.987937
0.987913
0.987889
0.987866
0.987842
0.987819
0.987795
0.987772
0.987748
0.987724
0.987701
0.987677
0.987654
0.98763
0.987606
0.987583
0.987559
0.987535
0.987512
0.987488
0.987464
0.987441
0.987417
0.987393
0.987369
0.987346
0.987322
0.987298
0.987274
0.987251
0.987227
0.987203
0.987179
0.987156
0.987132
0.987108
0.987084
0.98706
0.987037
0.987013
0.986989
0.986965
0.986941
0.986917
0.986894
0.98687
0.986846
0.986822
0.986798
0.986774
0.98675
0.986726
0.986702
0.986678
0.986654
0.98663
0.986607
0.986583
0.986559
0.986535
0.986511
0.986487
0.986463
0.986439
0.986415
0.986391
0.986367
0.986342
0.986318
0.986294
0.98627
0.986246
0.986222
0.986198
0.986174
0.98615
0.986126
0.986102
0.986077
0.986053
0.986029
0.986005
0.985981
0.985957
0.985933
0.985908
0.985884
0.98586
0.985836
0.985812
0.985787
0.985763
0.985739
0.985715
0.98569
0.985666
0.985642
0.985618
0.985593
0.985569
0.985545
0.98552
0.985496
0.985472
0.985447
0.985423
0.985399
0.985374
0.98535
0.985326
0.985301
0.985277
0.985252
0.985228
0.985204
0.985179
0.985155
0.98513
0.985106
0.985081
0.985057
0.985033
0.985008
0.984984
0.984959
0.984935
0.98491
0.984886
0.984861
0.984837
0.984812
0.984787
0.984763
0.984738
0.984714
0.984689
0.984665
0.98464
0.984615
0.984591
0.984566
0.984542
0.984517
0.984492
0.984468
0.984443
0.984418
0.984394
0.984369
0.984344
0.984319
0.984295
0.98427
0.984245
0.984221
0.984196
0.984171
0.984146
0.984122
0.984097
0.984072
0.984047
0.984022
0.983998
0.983973
0.983948
0.983923
0.983898
0.983873
0.983849
0.983824
0.983799
0.983774
0.983749
0.983724
0.983699
0.983674
0.983649
0.983625
0.9836
0.983575
0.98355
0.983525
0.9835
0.983475
0.98345
0.983425
0.9834
0.983375
0.98335
0.983325
0.9833
0.983275
0.98325
0.983224
0.983199
0.983174
0.983149
0.983124
0.983099
0.983074
0.983049
0.983024
0.982998
0.982973
0.982948
0.982923
0.982898
0.982873
0.982847
0.982822
0.982797
0.982772
0.982747
0.982721
0.982696
0.982671
0.982646
0.98262
0.982595
0.98257
0.982544
0.982519
0.982494
0.982469
0.982443
0.982418
0.982393
0.982367
0.982342
0.982316
0.982291
0.982266
0.98224
0.982215
0.982189
0.982164
0.982139
0.982113
0.982088
0.982062
0.982037
0.982011
0.981986
0.98196
0.981935
0.981909
0.981884
0.981858
0.981833
0.981807
0.981782
0.981756
0.98173
0.981705
0.981679
0.981654
0.981628
0.981602
0.981577
0.981551
0.981526
0.9815
0.981474
0.981449
0.981423
0.981397
0.981371
0.981346
0.98132
0.981294
0.981269
0.981243
0.981217
0.981191
0.981166
0.98114
0.981114
0.981088
0.981062
0.981037
0.981011
0.980985
0.980959
0.980933
0.980907
0.980882
0.980856
0.98083
0.980804
0.980778
0.980752
0.980726
0.9807
0.980674
0.980648
0.980622
0.980596
0.98057
0.980544
0.980518
0.980492
0.980466
0.98044
0.980414
0.980388
0.980362
0.980336
0.98031
0.980284
0.980258
0.980232
0.980206
0.98018
0.980154
0.980127
0.980101
0.980075
0.980049
0.980023
0.979997
0.97997
0.979944
0.979918
0.979892
0.979866
0.979839
0.979813
0.979787
0.979761
0.979734
0.979708
0.979682
0.979655
0.979629
0.979603
0.979576
0.97955
0.979524
0.979497
0.979471
0.979445
0.979418
0.979392
0.979365
0.979339
0.979313
0.979286
0.97926
0.979233
0.979207
0.97918
0.979154
0.979127
0.979101
0.979074
0.979048
0.979021
0.978995
0.978968
0.978942
0.978915
0.978889
0.978862
0.978835
0.978809
0.978782
0.978756
0.978729
0.978702
0.978676
0.978649
0.978622
0.978596
0.978569
0.978542
0.978516
0.978489
0.978462
0.978435
0.978409
0.978382
0.978355
0.978328
0.978302
0.978275
0.978248
0.978221
0.978194
0.978167
0.978141
0.978114
0.978087
0.97806
0.978033
0.978006
0.977979
0.977952
0.977925
0.977899
0.977872
0.977845
0.977818
0.977791
0.977764
0.977737
0.97771
0.977683
0.977656
0.977629
0.977602
0.977575
0.977547
0.97752
0.977493
0.977466
0.977439
0.977412
0.977385
0.977358
0.977331
0.977303
0.977276
0.977249
0.977222
0.977195
0.977168
0.97714
0.977113
0.977086
0.977059
0.977031
0.977004
0.976977
0.97695
0.976922
0.976895
0.976868
0.97684
0.976813
0.976786
0.976758
0.976731
0.976704
0.976676
0.976649
0.976621
0.976594
0.976566
0.976539
0.976512
0.976484
0.976457
0.976429
0.976402
0.976374
0.976347
0.976319
0.976292
0.976264
0.976237
0.976209
0.976181
0.976154
0.976126
0.976099
0.976071
0.976043
0.976016
0.975988
0.97596
0.975933
0.975905
0.975877
0.97585
0.975822
0.975794
0.975767
0.975739
0.975711
0.975683
0.975656
0.975628
0.9756
0.975572
0.975544
0.975516
0.975489
0.975461
0.975433
0.975405
0.975377
0.975349
0.975321
0.975293
0.975266
0.975238
0.97521
0.975182
0.975154
0.975126
0.975098
0.97507
0.975042
0.975014
0.974986
0.974958
0.97493
0.974902
0.974874
0.974845
0.974817
0.974789
0.974761
0.974733
0.974705
0.974677
0.974649
0.97462
0.974592
0.974564
0.974536
0.974508
0.974479
0.974451
0.974423
0.974395
0.974366
0.974338
0.97431
0.974281
0.974253
0.974225
0.974196
0.974168
0.97414
0.974111
0.974083
0.974055
0.974026
0.973998
0.973969
0.973941
0.973913
0.973884
0.973856
0.973827
0.973799
0.97377
0.973742
0.973713
0.973685
0.973656
0.973627
0.973599
0.97357
0.973542
0.973513
0.973484
0.973456
0.973427
0.973399
0.97337
0.973341
0.973313
0.973284
0.973255
0.973226
0.973198
0.973169
0.97314
0.973111
0.973083
0.973054
0.973025
0.972996
0.972967
0.972939
0.97291
0.972881
0.972852
0.972823
0.972794
0.972765
0.972736
0.972707
0.972679
0.97265
0.972621
0.972592
0.972563
0.972534
0.972505
0.972476
0.972447
0.972418
0.972389
0.972359
0.97233
0.972301
0.972272
0.972243
0.972214
0.972185
0.972156
0.972126
0.972097
0.972068
0.972039
0.97201
0.97198
0.971951
0.971922
0.971893
0.971863
0.971834
0.971805
0.971776
0.971746
0.971717
0.971688
0.971658
0.971629
0.9716
0.97157
0.971541
0.971511
0.971482
0.971452
0.971423
0.971394
0.971364
0.971335
0.971305
0.971276
0.971246
0.971217
0.971187
0.971157
0.971128
0.971098
0.971069
0.971039
0.971009
0.97098
0.97095
0.970921
0.970891
0.970861
0.970831
0.970802
0.970772
0.970742
0.970713
0.970683
0.970653
0.970623
0.970593
0.970564
0.970534
0.970504
0.970474
0.970444
0.970414
0.970385
0.970355
0.970325
0.970295
0.970265
0.970235
0.970205
0.970175
0.970145
0.970115
0.970085
0.970055
0.970025
0.969995
0.969965
0.969935
0.969905
0.969875
0.969845
0.969814
0.969784
0.969754
0.969724
0.969694
0.969664
0.969633
0.969603
0.969573
0.969543
0.969513
0.969482
0.969452
0.969422
0.969391
0.969361
0.969331
0.9693
0.96927
0.96924
0.969209
0.969179
0.969149
0.969118
0.969088
0.969057
0.969027
0.968996
0.968966
0.968935
0.968905
0.968874
0.968844
0.968813
0.968783
0.968752
0.968721
0.968691
0.96866
0.96863
0.968599
0.968568
0.968538
0.968507
0.968476
0.968446
0.968415
0.968384
0.968353
0.968323
0.968292
0.968261
0.96823
0.968199
0.968169
0.968138
0.968107
0.968076
0.968045
0.968014
0.967983
0.967952
0.967922
0.967891
0.96786
0.967829
0.967798
0.967767
0.967736
0.967705
0.967674
0.967642
0.967611
0.96758
0.967549
0.967518
0.967487
0.967456
0.967425
0.967393
0.967362
0.967331
0.9673
0.967269
0.967237
0.967206
0.967175
0.967144
0.967112
0.967081
0.96705
0.967018
0.966987
0.966956
0.966924
0.966893
0.966861
0.96683
0.966799
0.966767
0.966736
0.966704
0.966673
0.966641
0.96661
0.966578
0.966547
0.966515
0.966484
0.966452
0.96642
0.966389
0.966357
0.966325
0.966294
0.966262
0.96623
0.966199
0.966167
0.966135
0.966103
0.966072
0.96604
0.966008
0.965976
0.965945
0.965913
0.965881
0.965849
0.965817
0.965785
0.965753
0.965721
0.965689
0.965658
0.965626
0.965594
0.965562
0.96553
0.965498
0.965466
0.965433
0.965401
0.965369
0.965337
0.965305
0.965273
0.965241
0.965209
0.965177
0.965144
0.965112
0.96508
0.965048
0.965015
0.964983
0.964951
0.964919
0.964886
0.964854
0.964822
0.964789
0.964757
0.964725
0.964692
0.96466
0.964627
0.964595
0.964562
0.96453
0.964497
0.964465
0.964432
0.9644
0.964367
0.964335
0.964302
0.96427
0.964237
0.964204
0.964172
0.964139
0.964106
0.964074
0.964041
0.964008
0.963976
0.963943
0.96391
0.963877
0.963845
0.963812
0.963779
0.963746
0.963713
0.96368
0.963648
0.963615
0.963582
0.963549
0.963516
0.963483
0.96345
0.963417
0.963384
0.963351
0.963318
0.963285
0.963252
0.963219
0.963186
0.963152
0.963119
0.963086
0.963053
0.96302
0.962987
0.962953
0.96292
0.962887
0.962854
0.96282
0.962787
0.962754
0.96272
0.962687
0.962654
0.96262
0.962587
0.962554
0.96252
0.962487
0.962453
0.96242
0.962386
0.962353
0.962319
0.962286
0.962252
0.962219
0.962185
0.962151
0.962118
0.962084
0.962051
0.962017
0.961983
0.96195
0.961916
0.961882
0.961848
0.961815
0.961781
0.961747
0.961713
0.961679
0.961646
0.961612
0.961578
0.961544
0.96151
0.961476
0.961442
0.961408
0.961374
0.96134
0.961306
0.961272
0.961238
0.961204
0.96117
0.961136
0.961102
0.961068
0.961033
0.960999
0.960965
0.960931
0.960897
0.960862
0.960828
0.960794
0.96076
0.960725
0.960691
0.960657
0.960622
0.960588
0.960554
0.960519
0.960485
0.96045
0.960416
0.960382
0.960347
0.960313
0.960278
0.960243
0.960209
0.960174
0.96014
0.960105
0.960071
0.960036
0.960001
0.959967
0.959932
0.959897
0.959862
0.959828
0.959793
0.959758
0.959723
0.959689
0.959654
0.959619
0.959584
0.959549
0.959514
0.959479
0.959444
0.959409
0.959374
0.959339
0.959304
0.959269
0.959234
0.959199
0.959164
0.959129
0.959094
0.959059
0.959024
0.958989
0.958953
0.958918
0.958883
0.958848
0.958812
0.958777
0.958742
0.958707
0.958671
0.958636
0.958601
0.958565
0.95853
0.958494
0.958459
0.958424
0.958388
0.958353
0.958317
0.958282
0.958246
0.95821
0.958175
0.958139
0.958104
0.958068
0.958032
0.957997
0.957961
0.957925
0.95789
0.957854
0.957818
0.957782
0.957746
0.957711
0.957675
0.957639
0.957603
0.957567
0.957531
0.957495
0.957459
0.957423
0.957387
0.957351
0.957315
0.957279
0.957243
0.957207
0.957171
0.957135
0.957099
0.957063
0.957027
0.95699
0.956954
0.956918
0.956882
0.956845
0.956809
0.956773
0.956736
0.9567
0.956664
0.956627
0.956591
0.956555
0.956518
0.956482
0.956445
0.956409
0.956372
0.956336
0.956299
0.956262
0.956226
0.956189
0.956153
0.956116
0.956079
0.956043
0.956006
0.955969
0.955932
0.955896
0.955859
0.955822
0.955785
0.955748
0.955712
0.955675
0.955638
0.955601
0.955564
0.955527
0.95549
0.955453
0.955416
0.955379
0.955342
0.955305
0.955268
0.955231
0.955193
0.955156
0.955119
0.955082
0.955045
0.955007
0.95497
0.954933
0.954896
0.954858
0.954821
0.954784
0.954746
0.954709
0.954671
0.954634
0.954597
0.954559
0.954522
0.954484
0.954447
0.954409
0.954371
0.954334
0.954296
0.954259
0.954221
0.954183
0.954146
0.954108
0.95407
0.954032
0.953995
0.953957
0.953919
0.953881
0.953843
0.953805
0.953767
0.95373
0.953692
0.953654
0.953616
0.953578
0.95354
0.953502
0.953464
0.953425
0.953387
0.953349
0.953311
0.953273
0.953235
0.953197
0.953158
0.95312
0.953082
0.953044
0.953005
0.952967
0.952929
0.95289
0.952852
0.952813
0.952775
0.952736
0.952698
0.952659
0.952621
0.952582
0.952544
0.952505
0.952467
0.952428
0.952389
0.952351
0.952312
0.952273
0.952235
0.952196
0.952157
0.952118
0.952079
0.952041
0.952002
0.951963
0.951924
0.951885
0.951846
0.951807
0.951768
0.951729
0.95169
0.951651
0.951612
0.951573
0.951534
0.951495
0.951456
0.951416
0.951377
0.951338
0.951299
0.951259
0.95122
0.951181
0.951141
0.951102
0.951063
0.951023
0.950984
0.950945
0.950905
0.950866
0.950826
0.950787
0.950747
0.950707
0.950668
0.950628
0.950589
0.950549
0.950509
0.95047
0.95043
0.95039
0.95035
0.950311
0.950271
0.950231
0.950191
0.950151
0.950111
0.950071
0.950031
0.949991
0.949951
0.949911
0.949871
0.949831
0.949791
0.949751
0.949711
0.949671
0.949631
0.949591
0.94955
0.94951
0.94947
0.94943
0.949389
0.949349
0.949309
0.949268
0.949228
0.949187
0.949147
0.949107
0.949066
0.949026
0.948985
0.948944
0.948904
0.948863
0.948823
0.948782
0.948741
0.948701
0.94866
0.948619
0.948579
0.948538
0.948497
0.948456
0.948415
0.948374
0.948334
0.948293
0.948252
0.948211
0.94817
0.948129
0.948088
0.948047
0.948006
0.947964
0.947923
0.947882
0.947841
0.9478
0.947759
0.947717
0.947676
0.947635
0.947594
0.947552
0.947511
0.94747
0.947428
0.947387
0.947345
0.947304
0.947262
0.947221
0.947179
0.947138
0.947096
0.947054
0.947013
0.946971
0.946929
0.946888
0.946846
0.946804
0.946763
0.946721
0.946679
0.946637
0.946595
0.946553
0.946511
0.946469
0.946427
0.946385
0.946343
0.946301
0.946259
0.946217
0.946175
0.946133
0.946091
0.946049
0.946007
0.945964
0.945922
0.94588
0.945837
0.945795
0.945753
0.94571
0.945668
0.945626
0.945583
0.945541
0.945498
0.945456
0.945413
0.945371
0.945328
0.945285
0.945243
0.9452
0.945157
0.945115
0.945072
0.945029
0.944986
0.944944
0.944901
0.944858
0.944815
0.944772
0.944729
0.944686
0.944643
0.9446
0.944557
0.944514
0.944471
0.944428
0.944385
0.944342
0.944299
0.944255
0.944212
0.944169
0.944126
0.944082
0.944039
0.943996
0.943952
0.943909
0.943865
0.943822
0.943778
0.943735
0.943691
0.943648
0.943604
0.943561
0.943517
0.943473
0.94343
0.943386
0.943342
0.943299
0.943255
0.943211
0.943167
0.943123
0.94308
0.943036
0.942992
0.942948
0.942904
0.94286
0.942816
0.942772
0.942728
0.942684
0.942639
0.942595
0.942551
0.942507
0.942463
0.942418
0.942374
0.94233
0.942285
0.942241
0.942197
0.942152
0.942108
0.942063
0.942019
0.941974
0.94193
0.941885
0.941841
0.941796
0.941751
0.941707
0.941662
0.941617
0.941573
0.941528
0.941483
0.941438
0.941393
0.941349
0.941304
0.941259
0.941214
0.941169
0.941124
0.941079
0.941034
0.940989
0.940944
0.940898
0.940853
0.940808
0.940763
0.940718
0.940672
0.940627
0.940582
0.940536
0.940491
0.940446
0.9404
0.940355
0.940309
0.940264
0.940218
0.940173
0.940127
0.940082
0.940036
0.93999
0.939945
0.939899
0.939853
0.939807
0.939762
0.939716
0.93967
0.939624
0.939578
0.939532
0.939486
0.93944
0.939394
0.939348
0.939302
0.939256
0.93921
0.939164
0.939118
0.939072
0.939025
0.938979
0.938933
0.938887
0.93884
0.938794
0.938748
0.938701
0.938655
0.938608
0.938562
0.938515
0.938469
0.938422
0.938376
0.938329
0.938282
0.938236
0.938189
0.938142
0.938096
0.938049
0.938002
0.937955
0.937908
0.937861
0.937814
0.937768
0.937721
0.937674
0.937627
0.937579
0.937532
0.937485
0.937438
0.937391
0.937344
0.937297
0.937249
0.937202
0.937155
0.937107
0.93706
0.937013
0.936965
0.936918
0.93687
0.936823
0.936775
0.936728
0.93668
0.936633
0.936585
0.936537
0.93649
0.936442
0.936394
0.936346
0.936299
0.936251
0.936203
0.936155
0.936107
0.936059
0.936011
0.935963
0.935915
0.935867
0.935819
0.935771
0.935723
0.935675
0.935627
0.935578
0.93553
0.935482
0.935433
0.935385
0.935337
0.935288
0.93524
0.935192
0.935143
0.935095
0.935046
0.934997
0.934949
0.9349
0.934852
0.934803
0.934754
0.934706
0.934657
0.934608
0.934559
0.93451
0.934461
0.934413
0.934364
0.934315
0.934266
0.934217
0.934168
0.934119
0.934069
0.93402
0.933971
0.933922
0.933873
0.933824
0.933774
0.933725
0.933676
0.933626
0.933577
0.933527
0.933478
0.933429
0.933379
0.933329
0.93328
0.93323
0.933181
0.933131
0.933081
0.933032
0.932982
0.932932
0.932882
0.932833
0.932783
0.932733
0.932683
0.932633
0.932583
0.932533
0.932483
0.932433
0.932383
0.932333
0.932283
0.932232
0.932182
0.932132
0.932082
0.932031
0.931981
0.931931
0.93188
0.93183
0.93178
0.931729
0.931679
0.931628
0.931577
0.931527
0.931476
0.931426
0.931375
0.931324
0.931273
0.931223
0.931172
0.931121
0.93107
0.931019
0.930968
0.930918
0.930867
0.930816
0.930764
0.930713
0.930662
0.930611
0.93056
0.930509
0.930458
0.930406
0.930355
0.930304
0.930253
0.930201
0.93015
0.930098
0.930047
0.929995
0.929944
0.929892
0.929841
0.929789
0.929737
0.929686
0.929634
0.929582
0.929531
0.929479
0.929427
0.929375
0.929323
0.929271
0.929219
0.929167
0.929115
0.929063
0.929011
0.928959
0.928907
0.928855
0.928803
0.928751
0.928698
0.928646
0.928594
0.928541
0.928489
0.928437
0.928384
0.928332
0.928279
0.928227
0.928174
0.928122
0.928069
0.928016
0.927964
0.927911
0.927858
0.927805
0.927753
0.9277
0.927647
0.927594
0.927541
0.927488
0.927435
0.927382
0.927329
0.927276
0.927223
0.92717
0.927117
0.927063
0.92701
0.926957
0.926904
0.92685
0.926797
0.926743
0.92669
0.926637
0.926583
0.92653
0.926476
0.926422
0.926369
0.926315
0.926262
0.926208
0.926154
0.9261
0.926046
0.925993
0.925939
0.925885
0.925831
0.925777
0.925723
0.925669
0.925615
0.925561
0.925507
0.925453
0.925398
0.925344
0.92529
0.925236
0.925181
0.925127
0.925073
0.925018
0.924964
0.924909
0.924855
0.9248
0.924746
0.924691
0.924636
0.924582
0.924527
0.924472
0.924418
0.924363
0.924308
0.924253
0.924198
0.924143
0.924088
0.924033
0.923978
0.923923
0.923868
0.923813
0.923758
0.923703
0.923647
0.923592
0.923537
0.923482
0.923426
0.923371
0.923315
0.92326
0.923205
0.923149
0.923094
0.923038
0.922982
0.922927
0.922871
0.922815
0.92276
0.922704
0.922648
0.922592
0.922536
0.92248
0.922424
0.922368
0.922312
0.922256
0.9222
0.922144
0.922088
0.922032
0.921976
0.92192
0.921863
0.921807
0.921751
0.921694
0.921638
0.921581
0.921525
0.921468
0.921412
0.921355
0.921299
0.921242
0.921185
0.921129
0.921072
0.921015
0.920958
0.920902
0.920845
0.920788
0.920731
0.920674
0.920617
0.92056
0.920503
0.920446
0.920389
0.920331
0.920274
0.920217
0.92016
0.920102
0.920045
0.919988
0.91993
0.919873
0.919815
0.919758
0.9197
0.919643
0.919585
0.919528
0.91947
0.919412
0.919354
0.919297
0.919239
0.919181
0.919123
0.919065
0.919007
0.918949
0.918891
0.918833
0.918775
0.918717
0.918659
0.918601
0.918542
0.918484
0.918426
0.918368
0.918309
0.918251
0.918192
0.918134
0.918075
0.918017
0.917958
0.9179
0.917841
0.917782
0.917724
0.917665
0.917606
0.917547
0.917489
0.91743
0.917371
0.917312
0.917253
0.917194
0.917135
0.917076
0.917017
0.916957
0.916898
0.916839
0.91678
0.91672
0.916661
0.916602
0.916542
0.916483
0.916423
0.916364
0.916304
0.916245
0.916185
0.916126
0.916066
0.916006
0.915946
0.915887
0.915827
0.915767
0.915707
0.915647
0.915587
0.915527
0.915467
0.915407
0.915347
0.915287
0.915227
0.915166
0.915106
0.915046
0.914986
0.914925
0.914865
0.914804
0.914744
0.914683
0.914623
0.914562
0.914502
0.914441
0.91438
0.91432
0.914259
0.914198
0.914137
0.914076
0.914016
0.913955
0.913894
0.913833
0.913772
0.913711
0.91365
0.913588
0.913527
0.913466
0.913405
0.913343
0.913282
0.913221
0.913159
0.913098
0.913036
0.912975
0.912913
0.912852
0.91279
0.912729
0.912667
0.912605
0.912543
0.912482
0.91242
0.912358
0.912296
0.912234
0.912172
0.91211
0.912048
0.911986
0.911924
0.911862
0.911799
0.911737
0.911675
0.911613
0.91155
0.911488
0.911426
0.911363
0.911301
0.911238
0.911175
0.911113
0.91105
0.910988
0.910925
0.910862
0.910799
0.910737
0.910674
0.910611
0.910548
0.910485
0.910422
0.910359
0.910296
0.910233
0.910169
0.910106
0.910043
0.90998
0.909916
0.909853
0.90979
0.909726
0.909663
0.909599
0.909536
0.909472
0.909409
0.909345
0.909281
0.909218
0.909154
0.90909
0.909026
0.908962
0.908898
0.908834
0.908771
0.908706
0.908642
0.908578
0.908514
0.90845
0.908386
0.908322
0.908257
0.908193
0.908129
0.908064
0.908
0.907935
0.907871
0.907806
0.907742
0.907677
0.907612
0.907548
0.907483
0.907418
0.907353
0.907288
0.907224
0.907159
0.907094
0.907029
0.906964
0.906899
0.906833
0.906768
0.906703
0.906638
0.906573
0.906507
0.906442
0.906376
0.906311
0.906246
0.90618
0.906115
0.906049
0.905983
0.905918
0.905852
0.905786
0.90572
0.905655
0.905589
0.905523
0.905457
0.905391
0.905325
0.905259
0.905193
0.905127
0.905061
0.904994
0.904928
0.904862
0.904795
0.904729
0.904663
0.904596
0.90453
0.904463
0.904397
0.90433
0.904263
0.904197
0.90413
0.904063
0.903996
0.90393
0.903863
0.903796
0.903729
0.903662
0.903595
0.903528
0.903461
0.903394
0.903326
0.903259
0.903192
0.903125
0.903057
0.90299
0.902922
0.902855
0.902787
0.90272
0.902652
0.902585
0.902517
0.902449
0.902382
0.902314
0.902246
0.902178
0.90211
0.902042
0.901974
0.901906
0.901838
0.90177
0.901702
0.901634
0.901565
0.901497
0.901429
0.901361
0.901292
0.901224
0.901155
0.901087
0.901018
0.90095
0.900881
0.900812
0.900744
0.900675
0.900606
0.900537
0.900468
0.900399
0.900331
0.900262
0.900192
0.900123
0.900054
0.899985
0.899916
0.899847
0.899777
0.899708
0.899639
0.899569
0.8995
0.89943
0.899361
0.899291
0.899222
0.899152
0.899082
0.899013
0.898943
0.898873
0.898803
0.898733
0.898663
0.898593
0.898523
0.898453
0.898383
0.898313
0.898243
0.898173
0.898102
0.898032
0.897962
0.897891
0.897821
0.89775
0.89768
0.897609
0.897539
0.897468
0.897397
0.897327
0.897256
0.897185
0.897114
0.897043
0.896973
0.896902
0.896831
0.896759
0.896688
0.896617
0.896546
0.896475
0.896404
0.896332
0.896261
0.89619
0.896118
0.896047
0.895975
0.895904
0.895832
0.89576
0.895689
0.895617
0.895545
0.895473
0.895401
0.89533
0.895258
0.895186
0.895114
0.895042
0.894969
0.894897
0.894825
0.894753
0.894681
0.894608
0.894536
0.894463
0.894391
0.894319
0.894246
0.894173
0.894101
0.894028
0.893955
0.893883
0.89381
0.893737
0.893664
0.893591
0.893518
0.893445
0.893372
0.893299
0.893226
0.893153
0.89308
0.893006
0.892933
0.89286
0.892786
0.892713
0.892639
0.892566
0.892492
0.892419
0.892345
0.892271
0.892198
0.892124
0.89205
0.891976
0.891902
0.891828
0.891754
0.89168
0.891606
0.891532
0.891458
0.891384
0.891309
0.891235
0.891161
0.891086
0.891012
0.890937
0.890863
0.890788
0.890714
0.890639
0.890564
0.89049
0.890415
0.89034
0.890265
0.89019
0.890115
0.89004
0.889965
0.88989
0.889815
0.88974
0.889664
0.889589
0.889514
0.889439
0.889363
0.889288
0.889212
0.889137
0.889061
0.888985
0.88891
0.888834
0.888758
0.888682
0.888607
0.888531
0.888455
0.888379
0.888303
0.888227
0.888151
0.888074
0.887998
0.887922
0.887846
0.887769
0.887693
0.887617
0.88754
0.887464
0.887387
0.88731
0.887234
0.887157
0.88708
0.887003
0.886927
0.88685
0.886773
0.886696
0.886619
0.886542
0.886465
0.886388
0.88631
0.886233
0.886156
0.886078
0.886001
0.885924
0.885846
0.885769
0.885691
0.885613
0.885536
0.885458
0.88538
0.885303
0.885225
0.885147
0.885069
0.884991
0.884913
0.884835
0.884757
0.884679
0.8846
0.884522
0.884444
0.884366
0.884287
0.884209
0.88413
0.884052
0.883973
0.883895
0.883816
0.883737
0.883658
0.88358
0.883501
0.883422
0.883343
0.883264
0.883185
0.883106
0.883027
0.882948
0.882868
0.882789
0.88271
0.88263
0.882551
0.882472
0.882392
0.882313
0.882233
0.882153
0.882074
0.881994
0.881914
0.881834
0.881754
0.881674
0.881595
0.881514
0.881434
0.881354
0.881274
0.881194
0.881114
0.881033
0.880953
0.880873
0.880792
0.880712
0.880631
0.880551
0.88047
0.880389
0.880309
0.880228
0.880147
0.880066
0.879985
0.879904
0.879823
0.879742
0.879661
0.87958
0.879499
0.879418
0.879336
0.879255
0.879174
0.879092
0.879011
0.878929
0.878848
0.878766
0.878684
0.878603
0.878521
0.878439
0.878357
0.878275
0.878193
0.878111
0.878029
0.877947
0.877865
0.877783
0.877701
0.877618
0.877536
0.877453
0.877371
0.877289
0.877206
0.877123
0.877041
0.876958
0.876875
0.876793
0.87671
0.876627
0.876544
0.876461
0.876378
0.876295
0.876212
0.876129
0.876045
0.875962
0.875879
0.875795
0.875712
0.875629
0.875545
0.875462
0.875378
0.875294
0.875211
0.875127
0.875043
0.874959
0.874875
0.874791
0.874707
0.874623
0.874539
0.874455
0.874371
0.874287
0.874202
0.874118
0.874034
0.873949
0.873865
0.87378
0.873695
0.873611
0.873526
0.873441
0.873357
0.873272
0.873187
0.873102
0.873017
0.872932
0.872847
0.872762
0.872677
0.872591
0.872506
0.872421
0.872335
0.87225
0.872164
0.872079
0.871993
0.871908
0.871822
0.871736
0.87165
0.871565
0.871479
0.871393
0.871307
0.871221
0.871135
0.871048
0.870962
0.870876
0.87079
0.870703
0.870617
0.870531
0.870444
0.870358
0.870271
0.870184
0.870098
0.870011
0.869924
0.869837
0.86975
0.869663
0.869576
0.869489
0.869402
0.869315
0.869228
0.869141
0.869053
0.868966
0.868878
0.868791
0.868704
0.868616
0.868528
0.868441
0.868353
0.868265
0.868177
0.86809
0.868002
0.867914
0.867826
0.867738
0.867649
0.867561
0.867473
0.867385
0.867296
0.867208
0.86712
0.867031
0.866943
0.866854
0.866765
0.866677
0.866588
0.866499
0.86641
0.866321
0.866232
0.866143
0.866054
0.865965
0.865876
0.865787
0.865698
0.865608
0.865519
0.865429
0.86534
0.86525
0.865161
0.865071
0.864982
0.864892
0.864802
0.864712
0.864622
0.864532
0.864442
0.864352
0.864262
0.864172
0.864082
0.863992
0.863901
0.863811
0.863721
0.86363
0.86354
0.863449
0.863358
0.863268
0.863177
0.863086
0.862995
0.862904
0.862813
0.862722
0.862631
0.86254
0.862449
0.862358
0.862267
0.862175
0.862084
0.861993
0.861901
0.86181
0.861718
0.861626
0.861535
0.861443
0.861351
0.861259
0.861167
0.861075
0.860983
0.860891
0.860799
0.860707
0.860615
0.860522
0.86043
0.860338
0.860245
0.860153
0.86006
0.859968
0.859875
0.859782
0.859689
0.859597
0.859504
0.859411
0.859318
0.859225
0.859132
0.859039
0.858945
0.858852
0.858759
0.858665
0.858572
0.858479
0.858385
0.858291
0.858198
0.858104
0.85801
0.857917
0.857823
0.857729
0.857635
0.857541
0.857447
0.857353
0.857258
0.857164
0.85707
0.856976
0.856881
0.856787
0.856692
0.856598
0.856503
0.856408
0.856314
0.856219
0.856124
0.856029
0.855934
0.855839
0.855744
0.855649
0.855554
0.855459
0.855363
0.855268
0.855173
0.855077
0.854982
0.854886
0.85479
0.854695
0.854599
0.854503
0.854407
0.854311
0.854216
0.854119
0.854023
0.853927
0.853831
0.853735
0.853639
0.853542
0.853446
0.853349
0.853253
0.853156
0.85306
0.852963
0.852866
0.85277
0.852673
0.852576
0.852479
0.852382
0.852285
0.852188
0.85209
0.851993
0.851896
0.851798
0.851701
0.851604
0.851506
0.851409
0.851311
0.851213
0.851115
0.851018
0.85092
0.850822
0.850724
0.850626
0.850528
0.85043
0.850331
0.850233
0.850135
0.850036
0.849938
0.849839
0.849741
0.849642
0.849544
0.849445
0.849346
0.849247
0.849148
0.849049
0.84895
0.848851
0.848752
0.848653
0.848554
0.848455
0.848355
0.848256
0.848156
0.848057
0.847957
0.847858
0.847758
0.847658
0.847558
0.847458
0.847358
0.847258
0.847158
0.847058
0.846958
0.846858
0.846758
0.846657
0.846557
0.846456
0.846356
0.846255
0.846155
0.846054
0.845953
0.845852
0.845752
0.845651
0.84555
0.845449
0.845348
0.845246
0.845145
0.845044
0.844943
0.844841
0.84474
0.844638
0.844537
0.844435
0.844333
0.844232
0.84413
0.844028
0.843926
0.843824
0.843722
0.84362
0.843518
0.843416
0.843313
0.843211
0.843109
0.843006
0.842904
0.842801
0.842698
0.842596
0.842493
0.84239
0.842287
0.842184
0.842081
0.841978
0.841875
0.841772
0.841669
0.841566
0.841462
0.841359
0.841255
0.841152
0.841048
0.840945
0.840841
0.840737
0.840633
0.840529
0.840425
0.840321
0.840217
0.840113
0.840009
0.839905
0.8398
0.839696
0.839592
0.839487
0.839383
0.839278
0.839173
0.839069
0.838964
0.838859
0.838754
0.838649
0.838544
0.838439
0.838334
0.838229
0.838123
0.838018
0.837913
0.837807
0.837702
0.837596
0.83749
0.837385
0.837279
0.837173
0.837067
0.836961
0.836855
0.836749
0.836643
0.836537
0.836431
0.836324
0.836218
0.836111
0.836005
0.835898
0.835792
0.835685
0.835578
0.835472
0.835365
0.835258
0.835151
0.835044
0.834937
0.834829
0.834722
0.834615
0.834508
0.8344
0.834293
0.834185
0.834077
0.83397
0.833862
0.833754
0.833646
0.833538
0.83343
0.833322
0.833214
0.833106
0.832998
0.83289
0.832781
0.832673
0.832564
0.832456
0.832347
0.832239
0.83213
0.832021
0.831912
0.831803
0.831694
0.831585
0.831476
0.831367
0.831258
0.831148
0.831039
0.83093
0.83082
0.830711
0.830601
0.830491
0.830381
0.830272
0.830162
0.830052
0.829942
0.829832
0.829722
0.829612
0.829501
0.829391
0.829281
0.82917
0.82906
0.828949
0.828838
0.828728
0.828617
0.828506
0.828395
0.828284
0.828173
0.828062
0.827951
0.82784
0.827729
0.827617
0.827506
0.827394
0.827283
0.827171
0.82706
0.826948
0.826836
0.826724
0.826612
0.8265
0.826388
0.826276
0.826164
0.826052
0.82594
0.825827
0.825715
0.825602
0.82549
0.825377
0.825265
0.825152
0.825039
0.824926
0.824813
0.8247
0.824587
0.824474
0.824361
0.824247
0.824134
0.824021
0.823907
0.823794
0.82368
0.823566
0.823453
0.823339
0.823225
0.823111
0.822997
0.822883
0.822769
0.822655
0.822541
0.822426
0.822312
0.822197
0.822083
0.821968
0.821854
0.821739
0.821624
0.821509
0.821395
0.82128
0.821165
0.821049
0.820934
0.820819
0.820704
0.820588
0.820473
0.820357
0.820242
0.820126
0.820011
0.819895
0.819779
0.819663
0.819547
0.819431
0.819315
0.819199
0.819083
0.818966
0.81885
0.818733
0.818617
0.8185
0.818384
0.818267
0.81815
0.818033
0.817917
0.8178
0.817683
0.817565
0.817448
0.817331
0.817214
0.817096
0.816979
0.816861
0.816744
0.816626
0.816509
0.816391
0.816273
0.816155
0.816037
0.815919
0.815801
0.815683
0.815564
0.815446
0.815328
0.815209
0.815091
0.814972
0.814854
0.814735
0.814616
0.814497
0.814378
0.814259
0.81414
0.814021
0.813902
0.813783
0.813663
0.813544
0.813424
0.813305
0.813185
0.813066
0.812946
0.812826
0.812706
0.812586
0.812466
0.812346
0.812226
0.812106
0.811986
0.811865
0.811745
0.811624
0.811504
0.811383
0.811262
0.811142
0.811021
0.8109
0.810779
0.810658
0.810537
0.810416
0.810294
0.810173
0.810052
0.80993
0.809809
0.809687
0.809565
0.809444
0.809322
0.8092
0.809078
0.808956
0.808834
0.808712
0.808589
0.808467
0.808345
0.808222
0.8081
0.807977
0.807855
0.807732
0.807609
0.807486
0.807363
0.80724
0.807117
0.806994
0.806871
0.806748
0.806624
0.806501
0.806377
0.806254
0.80613
0.806006
0.805883
0.805759
0.805635
0.805511
0.805387
0.805263
0.805139
0.805014
0.80489
0.804766
0.804641
0.804517
0.804392
0.804267
0.804143
0.804018
0.803893
0.803768
0.803643
0.803518
0.803392
0.803267
0.803142
0.803016
0.802891
0.802765
0.80264
0.802514
0.802388
0.802263
0.802137
0.802011
0.801885
0.801759
0.801632
0.801506
0.80138
0.801253
0.801127
0.801
0.800874
0.800747
0.80062
0.800493
0.800367
0.80024
0.800113
0.799985
0.799858
0.799731
0.799604
0.799476
0.799349
0.799221
0.799094
0.798966
0.798838
0.79871
0.798582
0.798454
0.798326
0.798198
0.79807
0.797942
0.797813
0.797685
0.797556
0.797428
0.797299
0.79717
0.797042
0.796913
0.796784
0.796655
0.796526
0.796397
0.796267
0.796138
0.796009
0.795879
0.79575
0.79562
0.79549
0.795361
0.795231
0.795101
0.794971
0.794841
0.794711
0.794581
0.79445
0.79432
0.79419
0.794059
0.793929
0.793798
0.793667
0.793537
0.793406
0.793275
0.793144
0.793013
0.792882
0.79275
0.792619
0.792488
0.792356
0.792225
0.792093
0.791961
0.79183
0.791698
0.791566
0.791434
0.791302
0.79117
0.791038
0.790905
0.790773
0.790641
0.790508
0.790376
0.790243
0.79011
0.789977
0.789845
0.789712
0.789579
0.789446
0.789312
0.789179
0.789046
0.788912
0.788779
0.788645
0.788512
0.788378
0.788244
0.78811
0.787977
0.787843
0.787708
0.787574
0.78744
0.787306
0.787171
0.787037
0.786902
0.786768
0.786633
0.786498
0.786364
0.786229
0.786094
0.785959
0.785824
0.785688
0.785553
0.785418
0.785282
0.785147
0.785011
0.784876
0.78474
0.784604
0.784468
0.784332
0.784196
0.78406
0.783924
0.783787
0.783651
0.783515
0.783378
0.783242
0.783105
0.782968
0.782831
0.782694
0.782557
0.78242
0.782283
0.782146
0.782009
0.781871
0.781734
0.781596
0.781459
0.781321
0.781183
0.781046
0.780908
0.78077
0.780632
0.780494
0.780355
0.780217
0.780079
0.77994
0.779802
0.779663
0.779525
0.779386
0.779247
0.779108
0.778969
0.77883
0.778691
0.778552
0.778412
0.778273
0.778133
0.777994
0.777854
0.777715
0.777575
0.777435
0.777295
0.777155
0.777015
0.776875
0.776735
0.776594
0.776454
0.776313
0.776173
0.776032
0.775891
0.775751
0.77561
0.775469
0.775328
0.775187
0.775046
0.774904
0.774763
0.774621
0.77448
0.774338
0.774197
0.774055
0.773913
0.773771
0.773629
0.773487
0.773345
0.773203
0.773061
0.772918
0.772776
0.772633
0.772491
0.772348
0.772205
0.772062
0.771919
0.771776
0.771633
0.77149
0.771347
0.771203
0.77106
0.770916
0.770773
0.770629
0.770485
0.770342
0.770198
0.770054
0.76991
0.769766
0.769621
0.769477
0.769333
0.769188
0.769044
0.768899
0.768754
0.76861
0.768465
0.76832
0.768175
0.76803
0.767884
0.767739
0.767594
0.767448
0.767303
0.767157
0.767012
0.766866
0.76672
0.766574
0.766428
0.766282
0.766136
0.76599
0.765843
0.765697
0.76555
0.765404
0.765257
0.76511
0.764963
0.764817
0.76467
0.764523
0.764375
0.764228
0.764081
0.763933
0.763786
0.763638
0.763491
0.763343
0.763195
0.763047
0.762899
0.762751
0.762603
0.762455
0.762307
0.762158
0.76201
0.761861
0.761713
0.761564
0.761415
0.761266
0.761117
0.760968
0.760819
0.76067
0.760521
0.760371
0.760222
0.760072
0.759923
0.759773
0.759623
0.759473
0.759323
0.759173
0.759023
0.758873
0.758723
0.758572
0.758422
0.758271
0.758121
0.75797
0.757819
0.757668
0.757517
0.757366
0.757215
0.757064
0.756913
0.756761
0.75661
0.756458
0.756307
0.756155
0.756003
0.755851
0.755699
0.755547
0.755395
0.755243
0.755091
0.754938
0.754786
0.754633
0.754481
0.754328
0.754175
0.754022
0.753869
0.753716
0.753563
0.75341
0.753256
0.753103
0.752949
0.752796
0.752642
0.752488
0.752335
0.752181
0.752027
0.751873
0.751718
0.751564
0.75141
0.751255
0.751101
0.750946
0.750792
0.750637
0.750482
0.750327
0.750172
0.750017
0.749862
0.749707
0.749551
0.749396
0.74924
0.749085
0.748929
0.748773
0.748617
0.748461
0.748305
0.748149
0.747993
0.747836
0.74768
0.747524
0.747367
0.74721
0.747054
0.746897
0.74674
0.746583
0.746426
0.746269
0.746111
0.745954
0.745797
0.745639
0.745481
0.745324
0.745166
0.745008
0.74485
0.744692
0.744534
0.744376
0.744217
0.744059
0.743901
0.743742
0.743583
0.743425
0.743266
0.743107
0.742948
0.742789
0.74263
0.74247
0.742311
0.742152
0.741992
0.741832
0.741673
0.741513
0.741353
0.741193
0.741033
0.740873
0.740713
0.740552
0.740392
0.740231
0.740071
0.73991
0.739749
0.739589
0.739428
0.739267
0.739106
0.738944
0.738783
0.738622
0.73846
0.738299
0.738137
0.737975
0.737813
0.737652
0.73749
0.737327
0.737165
0.737003
0.736841
0.736678
0.736516
0.736353
0.73619
0.736028
0.735865
0.735702
0.735539
0.735376
0.735212
0.735049
0.734886
0.734722
0.734558
0.734395
0.734231
0.734067
0.733903
0.733739
0.733575
0.733411
0.733246
0.733082
0.732918
0.732753
0.732588
0.732423
0.732259
0.732094
0.731929
0.731764
0.731598
0.731433
0.731268
0.731102
0.730937
0.730771
0.730605
0.730439
0.730273
0.730107
0.729941
0.729775
0.729609
0.729442
0.729276
0.729109
0.728943
0.728776
0.728609
0.728442
0.728275
0.728108
0.727941
0.727773
0.727606
0.727439
0.727271
0.727103
0.726936
0.726768
0.7266
0.726432
0.726264
0.726095
0.725927
0.725759
0.72559
0.725422
0.725253
0.725084
0.724915
0.724746
0.724577
0.724408
0.724239
0.72407
0.7239
0.723731
0.723561
0.723392
0.723222
0.723052
0.722882
0.722712
0.722542
0.722372
0.722201
0.722031
0.72186
0.72169
0.721519
0.721348
0.721177
0.721006
0.720835
0.720664
0.720493
0.720322
0.72015
0.719979
0.719807
0.719635
0.719464
0.719292
0.71912
0.718948
0.718775
0.718603
0.718431
0.718258
0.718086
0.717913
0.71774
0.717568
0.717395
0.717222
0.717049
0.716875
0.716702
0.716529
0.716355
0.716182
0.716008
0.715834
0.71566
0.715486
0.715312
0.715138
0.714964
0.71479
0.714615
0.714441
0.714266
0.714091
0.713917
0.713742
0.713567
0.713392
0.713216
0.713041
0.712866
0.71269
0.712515
0.712339
0.712163
0.711988
0.711812
0.711636
0.711459
0.711283
0.711107
0.710931
0.710754
0.710577
0.710401
0.710224
0.710047
0.70987
0.709693
0.709516
0.709339
0.709161
0.708984
0.708806
0.708629
0.708451
0.708273
0.708095
0.707917
0.707739
0.707561
0.707383
0.707204
0.707026
0.706847
0.706668
0.70649
0.706311
0.706132
0.705953
0.705773
0.705594
0.705415
0.705235
0.705056
0.704876
0.704696
0.704517
0.704337
0.704157
0.703976
0.703796
0.703616
0.703435
0.703255
0.703074
0.702894
0.702713
0.702532
0.702351
0.70217
0.701989
0.701807
0.701626
0.701444
0.701263
0.701081
0.700899
0.700718
0.700536
0.700354
0.700171
0.699989
0.699807
0.699624
0.699442
0.699259
0.699076
0.698894
0.698711
0.698528
0.698344
0.698161
0.697978
0.697794
0.697611
0.697427
0.697244
0.69706
0.696876
0.696692
0.696508
0.696324
0.696139
0.695955
0.69577
0.695586
0.695401
0.695216
0.695031
0.694846
0.694661
0.694476
0.694291
0.694105
0.69392
0.693734
0.693549
0.693363
0.693177
0.692991
0.692805
0.692619
0.692432
0.692246
0.69206
0.691873
0.691686
0.6915
0.691313
0.691126
0.690939
0.690752
0.690564
0.690377
0.690189
0.690002
0.689814
0.689627
0.689439
0.689251
0.689063
0.688875
0.688686
0.688498
0.688309
0.688121
0.687932
0.687743
0.687555
0.687366
0.687177
0.686987
0.686798
0.686609
0.686419
0.68623
0.68604
0.68585
0.685661
0.685471
0.685281
0.68509
0.6849
0.68471
0.684519
0.684329
0.684138
0.683947
0.683757
0.683566
0.683375
0.683183
0.682992
0.682801
0.682609
0.682418
0.682226
0.682034
0.681843
0.681651
0.681459
0.681266
0.681074
0.680882
0.680689
0.680497
0.680304
0.680111
0.679918
0.679726
0.679532
0.679339
0.679146
0.678953
0.678759
0.678566
0.678372
0.678178
0.677984
0.67779
0.677596
0.677402
0.677208
0.677013
0.676819
0.676624
0.67643
0.676235
0.67604
0.675845
0.67565
0.675455
0.675259
0.675064
0.674868
0.674673
0.674477
0.674281
0.674085
0.673889
0.673693
0.673497
0.673301
0.673104
0.672908
0.672711
0.672514
0.672318
0.672121
0.671924
0.671726
0.671529
0.671332
0.671134
0.670937
0.670739
0.670541
0.670344
0.670146
0.669947
0.669749
0.669551
0.669353
0.669154
0.668956
0.668757
0.668558
0.668359
0.66816
0.667961
0.667762
0.667563
0.667363
0.667164
0.666964
0.666764
0.666565
0.666365
0.666165
0.665964
0.665764
0.665564
0.665363
0.665163
0.664962
0.664761
0.664561
0.66436
0.664159
0.663957
0.663756
0.663555
0.663353
0.663152
0.66295
0.662748
0.662546
0.662344
0.662142
0.66194
0.661738
0.661535
0.661333
0.66113
0.660927
0.660724
0.660522
0.660319
0.660115
0.659912
0.659709
0.659505
0.659302
0.659098
0.658894
0.65869
0.658486
0.658282
0.658078
0.657874
0.657669
0.657465
0.65726
0.657055
0.656851
0.656646
0.656441
0.656236
0.65603
0.655825
0.655619
0.655414
0.655208
0.655002
0.654797
0.654591
0.654384
0.654178
0.653972
0.653766
0.653559
0.653352
0.653146
0.652939
0.652732
0.652525
0.652318
0.65211
0.651903
0.651696
0.651488
0.65128
0.651073
0.650865
0.650657
0.650449
0.65024
0.650032
0.649824
0.649615
0.649406
0.649198
0.648989
0.64878
0.648571
0.648362
0.648152
0.647943
0.647734
0.647524
0.647314
0.647104
0.646895
0.646685
0.646474
0.646264
0.646054
0.645843
0.645633
0.645422
0.645211
0.645001
0.64479
0.644578
0.644367
0.644156
0.643945
0.643733
0.643521
0.64331
0.643098
0.642886
0.642674
0.642462
0.642249
0.642037
0.641825
0.641612
0.641399
0.641186
0.640974
0.64076
0.640547
0.640334
0.640121
0.639907
0.639694
0.63948
0.639266
0.639052
0.638838
0.638624
0.63841
0.638196
0.637981
0.637767
0.637552
0.637337
0.637123
0.636908
0.636693
0.636477
0.636262
0.636047
0.635831
0.635616
0.6354
0.635184
0.634968
0.634752
0.634536
0.63432
0.634103
0.633887
0.63367
0.633454
0.633237
0.63302
0.632803
0.632586
0.632368
0.632151
0.631934
0.631716
0.631498
0.631281
0.631063
0.630845
0.630627
0.630408
0.63019
0.629972
0.629753
0.629534
0.629316
0.629097
0.628878
0.628659
0.628439
0.62822
0.628001
0.627781
0.627562
0.627342
0.627122
0.626902
0.626682
0.626462
0.626241
0.626021
0.625801
0.62558
0.625359
0.625138
0.624917
0.624696
0.624475
0.624254
0.624032
0.623811
0.623589
0.623368
0.623146
0.622924
0.622702
0.62248
0.622257
0.622035
0.621813
0.62159
0.621367
0.621144
0.620921
0.620698
0.620475
0.620252
0.620029
0.619805
0.619582
0.619358
0.619134
0.61891
0.618686
0.618462
0.618238
0.618013
0.617789
0.617564
0.61734
0.617115
0.61689
0.616665
0.61644
0.616214
0.615989
0.615764
0.615538
0.615312
0.615086
0.614861
0.614635
0.614408
0.614182
0.613956
0.613729
0.613503
0.613276
0.613049
0.612822
0.612595
0.612368
0.612141
0.611914
0.611686
0.611459
0.611231
0.611003
0.610775
0.610547
0.610319
0.610091
0.609862
0.609634
0.609405
0.609177
0.608948
0.608719
0.60849
0.608261
0.608031
0.607802
0.607573
0.607343
0.607113
0.606884
0.606654
0.606424
0.606193
0.605963
0.605733
0.605502
0.605272
0.605041
0.60481
0.604579
0.604348
0.604117
0.603886
0.603654
0.603423
0.603191
0.60296
0.602728
0.602496
0.602264
0.602032
0.601799
0.601567
0.601335
0.601102
0.600869
0.600636
0.600403
0.60017
0.599937
0.599704
0.599471
0.599237
0.599003
0.59877
0.598536
0.598302
0.598068
0.597834
0.597599
0.597365
0.59713
0.596896
0.596661
0.596426
0.596191
0.595956
0.595721
0.595486
0.59525
0.595015
0.594779
0.594543
0.594307
0.594071
0.593835
0.593599
0.593363
0.593126
0.59289
0.592653
0.592416
0.592179
0.591942
0.591705
0.591468
0.591231
0.590993
0.590756
0.590518
0.59028
0.590042
0.589804
0.589566
0.589328
0.58909
0.588851
0.588613
0.588374
0.588135
0.587896
0.587657
0.587418
0.587179
0.586939
0.5867
0.58646
0.586221
0.585981
0.585741
0.585501
0.585261
0.58502
0.58478
0.584539
0.584299
0.584058
0.583817
0.583576
0.583335
0.583094
0.582853
0.582611
0.58237
0.582128
0.581886
0.581644
0.581402
0.58116
0.580918
0.580676
0.580433
0.580191
0.579948
0.579705
0.579462
0.579219
0.578976
0.578733
0.57849
0.578246
0.578003
0.577759
0.577515
0.577271
0.577027
0.576783
0.576539
0.576294
0.57605
0.575805
0.575561
0.575316
0.575071
0.574826
0.574581
0.574335
0.57409
0.573844
0.573599
0.573353
0.573107
0.572861
0.572615
0.572369
0.572123
0.571876
0.57163
0.571383
0.571136
0.570889
0.570642
0.570395
0.570148
0.569901
0.569653
0.569406
0.569158
0.56891
0.568662
0.568414
0.568166
0.567918
0.567669
0.567421
0.567172
0.566924
0.566675
0.566426
0.566177
0.565928
0.565678
0.565429
0.565179
0.56493
0.56468
0.56443
0.56418
0.56393
0.56368
0.56343
0.563179
0.562929
0.562678
0.562427
0.562176
0.561925
0.561674
0.561423
0.561172
0.56092
0.560669
0.560417
0.560165
0.559913
0.559661
0.559409
0.559157
0.558904
0.558652
0.558399
0.558147
0.557894
0.557641
0.557388
0.557135
0.556881
0.556628
0.556374
0.556121
0.555867
0.555613
0.555359
0.555105
0.554851
0.554596
0.554342
0.554087
0.553833
0.553578
0.553323
0.553068
0.552813
0.552558
0.552302
0.552047
0.551791
0.551536
0.55128
0.551024
0.550768
0.550512
0.550255
0.549999
0.549743
0.549486
0.549229
0.548972
0.548715
0.548458
0.548201
0.547944
0.547686
0.547429
0.547171
0.546913
0.546656
0.546398
0.546139
0.545881
0.545623
0.545364
0.545106
0.544847
0.544588
0.54433
0.54407
0.543811
0.543552
0.543293
0.543033
0.542774
0.542514
0.542254
0.541994
0.541734
0.541474
0.541214
0.540953
0.540693
0.540432
0.540171
0.53991
0.53965
0.539388
0.539127
0.538866
0.538604
0.538343
0.538081
0.537819
0.537558
0.537296
0.537033
0.536771
0.536509
0.536246
0.535984
0.535721
0.535458
0.535195
0.534932
0.534669
0.534406
0.534143
0.533879
0.533615
0.533352
0.533088
0.532824
0.53256
0.532296
0.532031
0.531767
0.531502
0.531238
0.530973
0.530708
0.530443
0.530178
0.529913
0.529648
0.529382
0.529117
0.528851
0.528585
0.528319
0.528053
0.527787
0.527521
0.527255
0.526988
0.526721
0.526455
0.526188
0.525921
0.525654
0.525387
0.52512
0.524852
0.524585
0.524317
0.524049
0.523782
0.523514
0.523246
0.522977
0.522709
0.522441
0.522172
0.521903
0.521635
0.521366
0.521097
0.520828
0.520559
0.520289
0.52002
0.51975
0.519481
0.519211
0.518941
0.518671
0.518401
0.518131
0.51786
0.51759
0.517319
0.517049
0.516778
0.516507
0.516236
0.515965
0.515693
0.515422
0.515151
0.514879
0.514607
0.514335
0.514063
0.513791
0.513519
0.513247
0.512975
0.512702
0.512429
0.512157
0.511884
0.511611
0.511338
0.511065
0.510791
0.510518
0.510244
0.509971
0.509697
0.509423
0.509149
0.508875
0.508601
0.508327
0.508052
0.507778
0.507503
0.507228
0.506953
0.506678
0.506403
0.506128
0.505853
0.505577
0.505302
0.505026
0.50475
0.504474
0.504198
0.503922
0.503646
0.50337
0.503093
0.502817
0.50254
0.502263
0.501986
0.501709
0.501432
0.501155
0.500877
0.5006
0.500322
0.500045
0.499767
0.499489
0.499211
0.498933
0.498654
0.498376
0.498098
0.497819
0.49754
0.497261
0.496982
0.496703
0.496424
0.496145
0.495866
0.495586
0.495307
0.495027
0.494747
0.494467
0.494187
0.493907
0.493627
0.493346
0.493066
0.492785
0.492504
0.492224
0.491943
0.491661
0.49138
0.491099
0.490818
0.490536
0.490255
0.489973
0.489691
0.489409
0.489127
0.488845
0.488563
0.48828
0.487998
0.487715
0.487432
0.487149
0.486867
0.486583
0.4863
0.486017
0.485734
0.48545
0.485167
0.484883
0.484599
0.484315
0.484031
0.483747
0.483463
0.483178
0.482894
0.482609
0.482324
0.48204
0.481755
0.48147
0.481184
0.480899
0.480614
0.480328
0.480043
0.479757
0.479471
0.479185
0.478899
0.478613
0.478327
0.47804
0.477754
0.477467
0.477181
0.476894
0.476607
0.47632
0.476033
0.475746
0.475458
0.475171
0.474883
0.474596
0.474308
0.47402
0.473732
0.473444
0.473156
0.472867
0.472579
0.47229
0.472002
0.471713
0.471424
0.471135
0.470846
0.470557
0.470267
0.469978
0.469688
0.469399
0.469109
0.468819
0.468529
0.468239
0.467949
0.467659
0.467368
0.467078
0.466787
0.466497
0.466206
0.465915
0.465624
0.465333
0.465041
0.46475
0.464459
0.464167
0.463875
0.463584
0.463292
0.463
0.462708
0.462415
0.462123
0.461831
0.461538
0.461246
0.460953
0.46066
0.460367
0.460074
0.459781
0.459487
0.459194
0.458901
0.458607
0.458313
0.45802
0.457726
0.457432
0.457138
0.456843
0.456549
0.456255
0.45596
0.455665
0.455371
0.455076
0.454781
0.454486
0.454191
0.453895
0.4536
0.453304
0.453009
0.452713
0.452417
0.452121
0.451825
0.451529
0.451233
0.450937
0.45064
0.450344
0.450047
0.44975
0.449453
0.449157
0.448859
0.448562
0.448265
0.447968
0.44767
0.447373
0.447075
0.446777
0.446479
0.446181
0.445883
0.445585
0.445287
0.444988
0.44469
0.444391
0.444093
0.443794
0.443495
0.443196
0.442897
0.442597
0.442298
0.441999
0.441699
0.4414
0.4411
0.4408
0.4405
0.4402
0.4399
0.4396
0.439299
0.438999
0.438698
0.438398
0.438097
0.437796
0.437495
0.437194
0.436893
0.436592
0.43629
0.435989
0.435687
0.435386
0.435084
0.434782
0.43448
0.434178
0.433876
0.433574
0.433271
0.432969
0.432666
0.432364
0.432061
0.431758
0.431455
0.431152
0.430849
0.430546
0.430242
0.429939
0.429635
0.429332
0.429028
0.428724
0.42842
0.428116
0.427812
0.427508
0.427204
0.426899
0.426595
0.42629
0.425985
0.42568
0.425376
0.425071
0.424765
0.42446
0.424155
0.42385
0.423544
0.423238
0.422933
0.422627
0.422321
0.422015
0.421709
0.421403
0.421097
0.42079
0.420484
0.420177
0.419871
0.419564
0.419257
0.41895
0.418643
0.418336
0.418029
0.417721
0.417414
0.417106
0.416799
0.416491
0.416183
0.415875
0.415568
0.415259
0.414951
0.414643
0.414335
0.414026
0.413718
0.413409
0.4131
0.412791
0.412483
0.412174
0.411864
0.411555
0.411246
0.410937
0.410627
0.410318
0.410008
0.409698
0.409388
0.409078
0.408768
0.408458
0.408148
0.407838
0.407527
0.407217
0.406906
0.406596
0.406285
0.405974
0.405663
0.405352
0.405041
0.40473
0.404419
0.404107
0.403796
0.403484
0.403172
0.402861
0.402549
0.402237
0.401925
0.401613
0.401301
0.400988
0.400676
0.400364
0.400051
0.399738
0.399426
0.399113
0.3988
0.398487
0.398174
0.397861
0.397548
0.397234
0.396921
0.396607
0.396294
0.39598
0.395666
0.395352
0.395038
0.394724
0.39441
0.394096
0.393782
0.393468
0.393153
0.392839
0.392524
0.392209
0.391894
0.39158
0.391265
0.39095
0.390634
0.390319
0.390004
0.389688
0.389373
0.389057
0.388742
0.388426
0.38811
0.387794
0.387478
0.387162
0.386846
0.38653
0.386214
0.385897
0.385581
0.385264
0.384948
0.384631
0.384314
0.383997
0.38368
0.383363
0.383046
0.382729
0.382412
0.382095
0.381777
0.38146
0.381142
0.380824
0.380507
0.380189
0.379871
0.379553
0.379235
0.378917
0.378598
0.37828
0.377962
0.377643
0.377325
0.377006
0.376687
0.376369
0.37605
0.375731
0.375412
0.375093
0.374774
0.374454
0.374135
0.373816
0.373496
0.373177
0.372857
0.372537
0.372218
0.371898
0.371578
0.371258
0.370938
0.370618
0.370297
0.369977
0.369657
0.369336
0.369016
0.368695
0.368375
0.368054
0.367733
0.367412
0.367091
0.36677
0.366449
0.366128
0.365807
0.365485
0.365164
0.364843
0.364521
0.364199
0.363878
0.363556
0.363234
0.362912
0.36259
0.362268
0.361946
0.361624
0.361302
0.36098
0.360657
0.360335
0.360012
0.35969
0.359367
0.359044
0.358722
0.358399
0.358076
0.357753
0.35743
0.357107
0.356784
0.35646
0.356137
0.355814
0.35549
0.355167
0.354843
0.354519
0.354196
0.353872
0.353548
0.353224
0.3529
0.352576
0.352252
0.351928
0.351604
0.351279
0.350955
0.350631
0.350306
0.349982
0.349657
0.349332
0.349008
0.348683
0.348358
0.348033
0.347708
0.347383
0.347058
0.346733
0.346408
0.346082
0.345757
0.345432
0.345106
0.344781
0.344455
0.34413
0.343804
0.343478
0.343152
0.342826
0.342501
0.342175
0.341849
0.341522
0.341196
0.34087
0.340544
0.340218
0.339891
0.339565
0.339238
0.338912
0.338585
0.338258
0.337932
0.337605
0.337278
0.336951
0.336624
0.336297
0.33597
0.335643
0.335316
0.334989
0.334662
0.334334
0.334007
0.33368
0.333352
0.333025
0.332697
0.33237
0.332042
0.331714
0.331387
0.331059
0.330731
0.330403
0.330075
0.329747
0.329419
0.329091
0.328763
0.328435
0.328106
0.327778
0.32745
0.327121
0.326793
0.326464
0.326136
0.325807
0.325479
0.32515
0.324821
0.324493
0.324164
0.323835
0.323506
0.323177
0.322848
0.322519
0.32219
0.321861
0.321532
0.321203
0.320874
0.320544
0.320215
0.319886
0.319556
0.319227
0.318897
0.318568
0.318238
0.317909
0.317579
0.31725
0.31692
0.31659
0.31626
0.31593
0.315601
0.315271
0.314941
0.314611
0.314281
0.313951
0.313621
0.313291
0.31296
0.31263
0.3123
0.31197
0.311639
0.311309
0.310979
0.310648
0.310318
0.309988
0.309657
0.309327
0.308996
0.308665
0.308335
0.308004
0.307673
0.307343
0.307012
0.306681
0.30635
0.30602
0.305689
0.305358
0.305027
0.304696
0.304365
0.304034
0.303703
0.303372
0.303041
0.30271
0.302379
0.302047
0.301716
0.301385
0.301054
0.300723
0.300391
0.30006
0.299729
0.299397
0.299066
0.298734
0.298403
0.298072
0.29774
0.297409
0.297077
0.296745
0.296414
0.296082
0.295751
0.295419
0.295087
0.294756
0.294424
0.294092
0.293761
0.293429
0.293097
0.292765
0.292434
0.292102
0.29177
0.291438
0.291106
0.290775
0.290443
0.290111
0.289779
0.289447
0.289115
0.288783
0.288451
0.288119
0.287787
0.287455
0.287123
0.286791
0.286459
0.286127
0.285795
0.285463
0.285131
0.284799
0.284467
0.284134
0.283802
0.28347
0.283138
0.282806
0.282474
0.282142
0.281809
0.281477
0.281145
0.280813
0.280481
0.280149
0.279816
0.279484
0.279152
0.27882
0.278488
0.278155
0.277823
0.277491
0.277159
0.276827
0.276494
0.276162
0.27583
0.275498
0.275166
0.274833
0.274501
0.274169
0.273837
0.273504
0.273172
0.27284
0.272508
0.272176
0.271844
0.271511
0.271179
0.270847
0.270515
0.270183
0.269851
0.269518
0.269186
0.268854
0.268522
0.26819
0.267858
0.267526
0.267194
0.266862
0.26653
0.266197
0.265865
0.265533
0.265201
0.264869
0.264537
0.264205
0.263873
0.263541
0.26321
0.262878
0.262546
0.262214
0.261882
0.26155
0.261218
0.260886
0.260555
0.260223
0.259891
0.259559
0.259228
0.258896
0.258564
0.258232
0.257901
0.257569
0.257238
0.256906
0.256574
0.256243
0.255911
0.25558
0.255248
0.254917
0.254586
0.254254
0.253923
0.253591
0.25326
0.252929
0.252598
0.252266
0.251935
0.251604
0.251273
0.250942
0.250611
0.25028
0.249948
0.249617
0.249287
0.248956
0.248625
0.248294
0.247963
0.247632
0.247301
0.246971
0.24664
0.246309
0.245979
0.245648
0.245318
0.244987
0.244657
0.244326
0.243996
0.243665
0.243335
0.243005
0.242674
0.242344
0.242014
0.241684
0.241354
0.241024
0.240694
0.240364
0.240034
0.239704
0.239374
0.239045
0.238715
0.238385
0.238056
0.237726
0.237396
0.237067
0.236737
0.236408
0.236079
0.235749
0.23542
0.235091
0.234762
0.234433
0.234104
0.233775
0.233446
0.233117
0.232788
0.232459
0.232131
0.231802
0.231473
0.231145
0.230816
0.230488
0.23016
0.229831
0.229503
0.229175
0.228847
0.228519
0.228191
0.227863
0.227535
0.227207
0.226879
0.226551
0.226224
0.225896
0.225569
0.225241
0.224914
0.224587
0.224259
0.223932
0.223605
0.223278
0.222951
0.222624
0.222297
0.221971
0.221644
0.221317
0.220991
0.220664
0.220338
0.220011
0.219685
0.219359
0.219033
0.218707
0.218381
0.218055
0.217729
0.217403
0.217078
0.216752
0.216427
0.216101
0.215776
0.215451
0.215126
0.214801
0.214476
0.214151
0.213826
0.213501
0.213176
0.212852
0.212527
0.212203
0.211878
0.211554
0.21123
0.210906
0.210582
0.210258
0.209934
0.209611
0.209287
0.208963
0.20864
0.208317
0.207993
0.20767
0.207347
0.207024
0.206701
0.206378
0.206056
0.205733
0.205411
0.205088
0.204766
0.204444
0.204122
0.2038
0.203478
0.203156
0.202834
0.202513
0.202191
0.20187
0.201548
0.201227
0.200906
0.200585
0.200264
0.199944
0.199623
0.199302
0.198982
0.198662
0.198341
0.198021
0.197701
0.197381
0.197062
0.196742
0.196422
0.196103
0.195784
0.195464
0.195145
0.194826
0.194507
0.194189
0.19387
0.193551
0.193233
0.192915
0.192597
0.192279
0.191961
0.191643
0.191325
0.191008
0.19069
0.190373
0.190056
0.189739
0.189422
0.189105
0.188788
0.188472
0.188155
0.187839
0.187523
0.187207
0.186891
0.186575
0.186259
0.185944
0.185628
0.185313
0.184998
0.184683
0.184368
0.184053
0.183739
0.183424
0.18311
0.182796
0.182482
0.182168
0.181854
0.18154
0.181227
0.180914
0.1806
0.180287
0.179974
0.179662
0.179349
0.179037
0.178724
0.178412
0.1781
0.177788
0.177476
0.177165
0.176853
0.176542
0.176231
0.17592
0.175609
0.175298
0.174988
0.174677
0.174367
0.174057
0.173747
0.173437
0.173128
0.172818
0.172509
0.1722
0.171891
0.171582
0.171273
0.170965
0.170656
0.170348
0.17004
0.169732
0.169425
0.169117
0.16881
0.168503
0.168195
0.167889
0.167582
0.167275
0.166969
0.166663
0.166357
0.166051
0.165745
0.16544
0.165134
0.164829
0.164524
0.164219
0.163915
0.16361
0.163306
0.163002
0.162698
0.162394
0.162091
0.161787
0.161484
0.161181
0.160878
0.160575
0.160273
0.159971
0.159669
0.159367
0.159065
0.158763
0.158462
0.158161
0.15786
0.157559
0.157258
0.156958
0.156658
0.156357
0.156058
0.155758
0.155458
0.155159
0.15486
0.154561
0.154262
0.153964
0.153666
0.153367
0.15307
0.152772
0.152474
0.152177
0.15188
0.151583
0.151286
0.15099
0.150693
0.150397
0.150101
0.149806
0.14951
0.149215
0.14892
0.148625
0.14833
0.148036
0.147742
0.147447
0.147154
0.14686
0.146567
0.146273
0.14598
0.145688
0.145395
0.145103
0.144811
0.144519
0.144227
0.143936
0.143644
0.143353
0.143063
0.142772
0.142482
0.142191
0.141901
0.141612
0.141322
0.141033
0.140744
0.140455
0.140167
0.139878
0.13959
0.139302
0.139015
0.138727
0.13844
0.138153
0.137866
0.13758
0.137293
0.137007
0.136721
0.136436
0.136151
0.135865
0.135581
0.135296
0.135012
0.134727
0.134443
0.13416
0.133876
0.133593
0.13331
0.133027
0.132745
0.132463
0.132181
0.131899
0.131617
0.131336
0.131055
0.130774
0.130494
0.130214
0.129934
0.129654
0.129374
0.129095
0.128816
0.128537
0.128259
0.127981
0.127703
0.127425
0.127147
0.12687
0.126593
0.126316
0.12604
0.125764
0.125488
0.125212
0.124937
0.124661
0.124387
0.124112
0.123838
0.123563
0.12329
0.123016
0.122743
0.12247
0.122197
0.121924
0.121652
0.12138
0.121108
0.120837
0.120566
0.120295
0.120024
0.119754
0.119484
0.119214
0.118944
0.118675
0.118406
0.118137
0.117869
0.117601
0.117333
0.117065
0.116798
0.116531
0.116264
0.115998
0.115732
0.115466
0.1152
0.114935
0.11467
0.114405
0.11414
0.113876
0.113612
0.113348
0.113085
0.112822
0.112559
0.112297
0.112034
0.111773
0.111511
0.11125
0.110989
0.110728
0.110467
0.110207
0.109947
0.109688
0.109428
0.109169
0.108911
0.108652
0.108394
0.108137
0.107879
0.107622
0.107365
0.107108
0.106852
0.106596
0.10634
0.106085
0.10583
0.105575
0.105321
0.105066
0.104813
0.104559
0.104306
0.104053
0.1038
0.103548
0.103296
0.103044
0.102793
0.102542
0.102291
0.10204
0.10179
0.10154
0.101291
0.101041
0.100793
0.100544
0.100296
0.100048
0.0998001
0.0995527
0.0993057
0.099059
0.0988126
0.0985666
0.0983208
0.0980754
0.0978303
0.0975855
0.0973411
0.0970969
0.0968531
0.0966096
0.0963664
0.0961236
0.095881
0.0956388
0.095397
0.0951554
0.0949142
0.0946733
0.0944327
0.0941925
0.0939526
0.093713
0.0934737
0.0932348
0.0929962
0.0927579
0.09252
0.0922824
0.0920451
0.0918082
0.0915715
0.0913353
0.0910993
0.0908637
0.0906284
0.0903935
0.0901589
0.0899246
0.0896907
0.0894571
0.0892238
0.0889909
0.0887583
0.0885261
0.0882942
0.0880626
0.0878314
0.0876005
0.08737
0.0871398
0.0869099
0.0866804
0.0864512
0.0862223
0.0859939
0.0857657
0.0855379
0.0853104
0.0850833
0.0848565
0.0846301
0.084404
0.0841783
0.0839529
0.0837279
0.0835032
0.0832788
0.0830548
0.0828312
0.0826079
0.0823849
0.0821623
0.08194
0.0817181
0.0814966
0.0812754
0.0810545
0.080834
0.0806139
0.0803941
0.0801747
0.0799556
0.0797368
0.0795185
0.0793004
0.0790828
0.0788654
0.0786485
0.0784319
0.0782156
0.0779997
0.0777842
0.077569
0.0773542
0.0771397
0.0769256
0.0767119
0.0764985
0.0762854
0.0760727
0.0758604
0.0756485
0.0754369
0.0752256
0.0750148
0.0748042
0.0745941
0.0743843
0.0741749
0.0739658
0.0737571
0.0735487
0.0733407
0.0731331
0.0729259
0.072719
0.0725124
0.0723063
0.0721005
0.071895
0.0716899
0.0714852
0.0712809
0.0710769
0.0708733
0.07067
0.0704671
0.0702646
0.0700625
0.0698607
0.0696593
0.0694582
0.0692575
0.0690572
0.0688573
0.0686577
0.0684585
0.0682596
0.0680611
0.067863
0.0676653
0.0674679
0.0672709
0.0670743
0.066878
0.0666821
0.0664866
0.0662914
0.0660966
0.0659022
0.0657082
0.0655145
0.0653212
0.0651282
0.0649357
0.0647435
0.0645517
0.0643602
0.0641691
0.0639784
0.0637881
0.0635981
0.0634085
0.0632193
0.0630305
0.062842
0.0626539
0.0624661
0.0622788
0.0620918
0.0619052
0.0617189
0.0615331
0.0613476
0.0611624
0.0609777
0.0607933
0.0606093
0.0604257
0.0602424
0.0600595
0.059877
0.0596949
0.0595131
0.0593317
0.0591507
0.0589701
0.0587898
0.0586099
0.0584304
0.0582512
0.0580724
0.057894
0.057716
0.0575383
0.0573611
0.0571842
0.0570076
0.0568315
0.0566557
0.0564803
0.0563052
0.0561306
0.0559563
0.0557824
0.0556088
0.0554356
0.0552628
0.0550904
0.0549184
0.0547467
0.0545754
0.0544045
0.0542339
0.0540637
0.0538939
0.0537245
0.0535554
0.0533867
0.0532184
0.0530505
0.0528829
0.0527157
0.0525489
0.0523824
0.0522164
0.0520507
0.0518853
0.0517204
0.0515558
0.0513916
0.0512277
0.0510642
0.0509011
0.0507384
0.050576
0.0504141
0.0502524
0.0500912
0.0499303
0.0497698
0.0496097
0.0494499
0.0492905
0.0491315
0.0489729
0.0488146
0.0486567
0.0484992
0.048342
0.0481852
0.0480288
0.0478727
0.047717
0.0475617
0.0474067
0.0472521
0.0470979
0.0469441
0.0467906
0.0466375
0.0464847
0.0463324
0.0461803
0.0460287
0.0458774
0.0457265
0.045576
0.0454258
0.045276
0.0451265
0.0449774
0.0448287
0.0446804
0.0445324
0.0443848
0.0442375
0.0440906
0.0439441
0.0437979
0.0436521
0.0435067
0.0433616
0.0432169
0.0430725
0.0429285
0.0427849
0.0426416
0.0424987
0.0423562
0.042214
0.0420721
0.0419307
0.0417896
0.0416488
0.0415084
0.0413684
0.0412287
0.0410894
0.0409505
0.0408119
0.0406736
0.0405357
0.0403982
0.0402611
0.0401242
0.0399878
0.0398517
0.0397159
0.0395805
0.0394455
0.0393108
0.0391765
0.0390425
0.0389089
0.0387756
0.0386427
0.0385101
0.0383779
0.0382461
0.0381145
0.0379834
0.0378526
0.0377221
0.037592
0.0374622
0.0373328
0.0372037
0.037075
0.0369467
0.0368186
0.036691
0.0365636
0.0364366
0.03631
0.0361837
0.0360578
0.0359321
0.0358069
0.035682
0.0355574
0.0354332
0.0353093
0.0351857
0.0350625
0.0349397
0.0348171
0.034695
0.0345731
0.0344516
0.0343304
0.0342096
0.0340891
0.033969
0.0338492
0.0337297
0.0336105
0.0334917
0.0333733
0.0332551
0.0331373
0.0330199
0.0329027
0.032786
0.0326695
0.0325534
0.0324376
0.0323221
0.0322069
0.0320921
0.0319777
0.0318635
0.0317497
0.0316362
0.031523
0.0314102
0.0312977
0.0311855
0.0310737
0.0309621
0.0308509
0.03074
0.0306295
0.0305192
0.0304093
0.0302998
0.0301905
0.0300815
0.0299729
0.0298646
0.0297566
0.029649
0.0295416
0.0294346
0.0293279
0.0292215
0.0291154
0.0290097
0.0289043
0.0287991
0.0286943
0.0285898
0.0284856
0.0283818
0.0282782
0.028175
0.0280721
0.0279694
0.0278671
0.0277651
0.0276634
0.0275621
0.027461
0.0273602
0.0272598
0.0271596
0.0270598
0.0269603
0.026861
0.0267621
0.0266635
0.0265652
0.0264671
0.0263694
0.026272
0.0261749
0.0260781
0.0259816
0.0258854
0.0257895
0.0256939
0.0255986
0.0255035
0.0254088
0.0253144
0.0252203
0.0251264
0.0250329
0.0249397
0.0248467
0.0247541
0.0246617
0.0245696
0.0244778
0.0243864
0.0242952
0.0242042
0.0241136
0.0240233
0.0239332
0.0238435
0.023754
0.0236648
0.0235759
0.0234873
0.023399
0.0233109
0.0232232
0.0231357
0.0230485
0.0229616
0.0228749
0.0227886
0.0227025
0.0226167
0.0225312
0.0224459
0.0223609
0.0222763
0.0221918
0.0221077
0.0220238
0.0219402
0.0218569
0.0217739
0.0216911
0.0216086
0.0215264
0.0214444
0.0213627
0.0212813
0.0212001
0.0211193
0.0210386
0.0209583
0.0208782
0.0207984
0.0207188
0.0206395
0.0205605
0.0204818
0.0204033
0.020325
0.020247
0.0201693
0.0200919
0.0200147
0.0199377
0.0198611
0.0197846
0.0197085
0.0196326
0.0195569
0.0194815
0.0194064
0.0193315
0.0192569
0.0191825
0.0191083
0.0190345
0.0189608
0.0188875
0.0188143
0.0187415
0.0186688
0.0185965
0.0185243
0.0184524
0.0183808
0.0183094
0.0182382
0.0181673
0.0180967
0.0180263
0.0179561
0.0178861
0.0178165
0.017747
0.0176778
0.0176088
0.0175401
0.0174716
0.0174033
0.0173353
0.0172675
0.0172
0.0171326
0.0170656
0.0169987
0.0169321
0.0168657
0.0167996
0.0167336
0.016668
0.0166025
0.0165373
0.0164723
0.0164075
0.016343
0.0162786
0.0162145
0.0161507
0.016087
0.0160236
0.0159604
0.0158975
0.0158347
0.0157722
0.0157099
0.0156478
0.015586
0.0155243
0.0154629
0.0154017
0.0153407
0.01528
0.0152194
0.0151591
0.015099
0.0150391
0.0149794
0.0149199
0.0148607
0.0148016
0.0147428
0.0146842
0.0146257
0.0145675
0.0145096
0.0144518
0.0143942
0.0143368
0.0142797
0.0142227
0.014166
0.0141094
0.0140531
0.013997
0.013941
0.0138853
0.0138298
0.0137745
0.0137193
0.0136644
0.0136097
0.0135552
0.0135009
0.0134468
0.0133928
0.0133391
0.0132856
0.0132322
0.0131791
0.0131262
0.0130734
0.0130209
0.0129685
0.0129163
0.0128644
0.0128126
0.012761
0.0127096
0.0126584
0.0126073
0.0125565
0.0125059
0.0124554
0.0124051
0.012355
0.0123051
0.0122554
0.0122059
0.0121565
0.0121074
0.0120584
0.0120096
0.011961
0.0119126
0.0118643
0.0118162
0.0117683
0.0117206
0.0116731
0.0116257
0.0115785
0.0115315
0.0114847
0.0114381
0.0113916
0.0113453
0.0112992
0.0112532
0.0112074
0.0111618
0.0111164
0.0110711
0.011026
0.0109811
0.0109363
0.0108918
0.0108473
0.0108031
0.010759
0.0107151
0.0106713
0.0106278
0.0105844
0.0105411
0.010498
0.0104551
0.0104123
0.0103697
0.0103273
0.010285
0.0102429
0.010201
0.0101592
0.0101175
0.0100761
0.0100348
0.00999361
0.00995261
0.00991177
0.00987109
0.00983056
0.00979019
0.00974997
0.00970991
0.00967
0.00963024
0.00959064
0.00955119
0.00951189
0.00947275
0.00943375
0.00939491
0.00935621
0.00931767
0.00927927
0.00924102
0.00920292
0.00916497
0.00912717
0.00908951
0.00905199
0.00901463
0.0089774
0.00894032
0.00890339
0.0088666
0.00882995
0.00879345
0.00875708
0.00872086
0.00868478
0.00864884
0.00861304
0.00857738
0.00854186
0.00850648
0.00847124
0.00843613
0.00840116
0.00836633
0.00833163
0.00829707
0.00826265
0.00822836
0.0081942
0.00816018
0.0081263
0.00809254
0.00805892
0.00802543
0.00799207
0.00795884
0.00792575
0.00789278
0.00785995
0.00782724
0.00779466
0.00776221
0.00772989
0.0076977
0.00766563
0.00763369
0.00760188
0.00757019
0.00753863
0.00750719
0.00747588
0.00744469
0.00741363
0.00738269
0.00735187
0.00732117
0.0072906
0.00726014
0.00722981
0.0071996
0.00716951
0.00713953
0.00710968
0.00707995
0.00705033
0.00702083
0.00699145
0.00696219
0.00693305
0.00690402
0.0068751
0.0068463
0.00681762
0.00678905
0.0067606
0.00673226
0.00670403
0.00667591
0.00664791
0.00662002
0.00659225
0.00656458
0.00653702
0.00650958
0.00648225
0.00645502
0.00642791
0.0064009
0.006374
0.00634721
0.00632053
0.00629395
0.00626749
0.00624113
0.00621487
0.00618872
0.00616268
0.00613674
0.00611091
0.00608518
0.00605955
0.00603403
0.00600861
0.00598329
0.00595808
0.00593297
0.00590796
0.00588305
0.00585824
0.00583353
0.00580892
0.00578441
0.00576001
0.0057357
0.00571148
0.00568737
0.00566336
0.00563944
0.00561562
0.00559189
0.00556827
0.00554474
0.0055213
0.00549796
0.00547471
0.00545156
0.00542851
0.00540555
0.00538268
0.0053599
0.00533722
0.00531463
0.00529213
0.00526972
0.00524741
0.00522519
0.00520305
0.00518101
0.00515906
0.0051372
0.00511542
0.00509374
0.00507214
0.00505064
0.00502922
0.00500789
0.00498664
0.00496549
0.00494442
0.00492343
0.00490253
0.00488172
0.004861
0.00484036
0.0048198
0.00479933
0.00477894
0.00475863
0.00473841
0.00471828
0.00469822
0.00467825
0.00465836
0.00463855
0.00461883
0.00459918
0.00457962
0.00456013
0.00454073
0.00452141
0.00450216
0.004483
0.00446391
0.00444491
0.00442598
0.00440713
0.00438836
0.00436966
0.00435104
0.0043325
0.00431404
0.00429565
0.00427734
0.00425911
0.00424095
0.00422286
0.00420485
0.00418692
0.00416906
0.00415127
0.00413356
0.00411592
0.00409835
0.00408086
0.00406344
0.00404609
0.00402881
0.00401161
0.00399447
0.00397741
0.00396042
0.0039435
0.00392665
0.00390987
0.00389316
0.00387652
0.00385995
0.00384344
0.00382701
0.00381064
0.00379435
0.00377812
0.00376195
0.00374586
0.00372983
0.00371387
0.00369798
0.00368215
0.00366639
0.00365069
0.00363506
0.0036195
0.003604
0.00358856
0.00357319
0.00355788
0.00354264
0.00352746
0.00351235
0.00349729
0.0034823
0.00346738
0.00345251
0.00343771
0.00342297
0.00340829
0.00339367
0.00337912
0.00336462
0.00335019
0.00333582
0.0033215
0.00330725
0.00329306
0.00327892
0.00326485
0.00325083
0.00323688
0.00322298
0.00320914
0.00319536
0.00318163
0.00316797
0.00315436
0.00314081
0.00312731
0.00311388
0.00310049
0.00308717
0.0030739
0.00306069
0.00304753
0.00303443
0.00302138
0.00300839
0.00299545
0.00298257
0.00296974
0.00295697
0.00294424
0.00293158
0.00291896
0.0029064
0.0028939
0.00288144
0.00286904
0.00285669
0.00284439
0.00283215
0.00281995
0.00280781
0.00279572
0.00278368
0.00277169
0.00275975
0.00274786
0.00273602
0.00272423
0.0027125
0.00270081
0.00268917
0.00267758
0.00266604
0.00265455
0.0026431
0.00263171
0.00262036
0.00260906
0.00259781
0.00258661
0.00257545
0.00256434
0.00255328
0.00254227
0.0025313
0.00252038
0.0025095
0.00249867
0.00248789
0.00247715
0.00246646
0.00245581
0.00244521
0.00243466
0.00242415
0.00241368
0.00240326
0.00239288
0.00238254
0.00237225
0.00236201
0.0023518
0.00234165
0.00233153
0.00232146
0.00231143
0.00230144
0.00229149
0.00228159
0.00227173
0.00226191
0.00225213
0.0022424
0.0022327
0.00222305
0.00221344
0.00220387
0.00219434
0.00218485
0.0021754
0.00216599
0.00215662
0.00214729
0.002138
0.00212875
0.00211954
0.00211037
0.00210124
0.00209215
0.00208309
0.00207408
0.0020651
0.00205616
0.00204726
0.0020384
0.00202957
0.00202079
0.00201204
0.00200332
0.00199465
0.00198601
0.00197741
0.00196885
0.00196032
0.00195183
0.00194337
0.00193495
0.00192657
0.00191822
0.00190991
0.00190164
0.0018934
0.00188519
0.00187702
0.00186889
0.00186079
0.00185272
0.00184469
0.00183669
0.00182873
0.0018208
0.00181291
0.00180505
0.00179722
0.00178943
0.00178166
0.00177394
0.00176624
0.00175858
0.00175096
0.00174336
0.0017358
0.00172827
0.00172077
0.0017133
0.00170587
0.00169847
0.0016911
0.00168376
0.00167645
0.00166917
0.00166193
0.00165472
0.00164753
0.00164038
0.00163326
0.00162617
0.00161911
0.00161208
0.00160508
0.00159811
0.00159117
0.00158426
0.00157738
0.00157053
0.00156371
0.00155692
0.00155015
0.00154342
0.00153672
0.00153004
0.00152339
0.00151677
0.00151018
0.00150362
0.00149709
0.00149058
0.0014841
0.00147765
0.00147123
0.00146484
0.00145847
0.00145213
0.00144582
0.00143954
0.00143328
0.00142705
0.00142084
0.00141466
0.00140851
0.00140239
0.00139629
0.00139022
0.00138417
0.00137815
0.00137216
0.00136619
0.00136025
0.00135433
0.00134844
0.00134258
0.00133674
0.00133092
0.00132513
0.00131937
0.00131363
0.00130791
0.00130222
0.00129655
0.00129091
0.00128529
0.0012797
0.00127413
0.00126859
0.00126306
0.00125757
0.00125209
0.00124664
0.00124122
0.00123581
0.00123043
0.00122508
0.00121974
0.00121443
0.00120914
0.00120388
0.00119864
0.00119342
0.00118822
0.00118305
0.00117789
0.00117276
0.00116766
0.00116257
0.00115751
0.00115247
0.00114745
0.00114245
0.00113747
0.00113252
0.00112758
0.00112267
0.00111778
0.00111291
0.00110806
0.00110323
0.00109842
0.00109364
0.00108887
0.00108413
0.0010794
0.0010747
0.00107001
0.00106535
0.00106071
0.00105608
0.00105148
0.0010469
0.00104233
0.00103779
0.00103327
0.00102876
0.00102428
0.00101981
0.00101536
0.00101094
0.00100653
0.00100214
0.000997771
0.00099342
0.000989088
0.000984775
0.00098048
0.000976204
0.000971947
0.000967708
0.000963487
0.000959285
0.000955101
0.000950934
0.000946787
0.000942657
0.000938544
0.00093445
0.000930374
0.000926315
0.000922274
0.00091825
0.000914243
0.000910255
0.000906283
0.000902328
0.000898391
0.000894471
0.000890568
0.000886681
0.000882812
0.000878959
0.000875123
0.000871304
0.000867501
0.000863715
0.000859945
0.000856192
0.000852455
0.000848734
0.000845029
0.00084134
0.000837668
0.000834011
0.00083037
0.000826745
0.000823135
0.000819542
0.000815964
0.000812401
0.000808854
0.000805322
0.000801806
0.000798305
0.000794819
0.000791348
0.000787892
0.000784452
0.000781026
0.000777615
0.000774219
0.000770838
0.000767471
0.000764119
0.000760782
0.000757459
0.00075415
0.000750856
0.000747576
0.000744311
0.00074106
0.000737822
0.000734599
0.00073139
0.000728195
0.000725013
0.000721846
0.000718692
0.000715552
0.000712426
0.000709313
0.000706214
0.000703128
0.000700056
0.000696997
0.000693951
0.000690919
0.000687899
0.000684893
0.0006819
0.00067892
0.000675953
0.000672999
0.000670058
0.000667129
0.000664213
0.00066131
0.00065842
0.000655542
0.000652677
0.000649824
0.000646983
0.000644155
0.000641339
0.000638536
0.000635744
0.000632965
0.000630198
0.000627443
0.0006247
0.000621969
0.00061925
0.000616542
0.000613846
0.000611163
0.00060849
0.00060583
0.000603181
0.000600543
0.000597917
0.000595303
0.0005927
0.000590108
0.000587527
0.000584958
0.0005824
0.000579853
0.000577317
0.000574792
0.000572278
0.000569776
0.000567284
0.000564802
0.000562332
0.000559873
0.000557424
0.000554986
0.000552558
0.000550141
0.000547735
0.000545339
0.000542953
0.000540578
0.000538213
0.000535859
0.000533515
0.000531181
0.000528857
0.000526543
0.00052424
0.000521946
0.000519663
0.000517389
0.000515125
0.000512872
0.000510628
0.000508393
0.000506169
0.000503954
0.000501749
0.000499553
0.000497368
0.000495191
0.000493024
0.000490867
0.000488719
0.00048658
0.000484451
0.000482331
0.00048022
0.000478118
0.000476026
0.000473942
0.000471868
0.000469803
0.000467747
0.0004657
0.000463661
0.000461632
0.000459612
0.0004576
0.000455597
0.000453603
0.000451617
0.00044964
0.000447672
0.000445713
0.000443761
0.000441819
0.000439885
0.000437959
0.000436042
0.000434133
0.000432233
0.00043034
0.000428456
0.000426581
0.000424713
0.000422854
0.000421002
0.000419159
0.000417324
0.000415497
0.000413678
0.000411866
0.000410063
0.000408268
0.00040648
0.0004047
0.000402928
0.000401164
0.000399407
0.000397658
0.000395917
0.000394183
0.000392457
0.000390738
0.000389027
0.000387324
0.000385628
0.000383939
0.000382257
0.000380583
0.000378917
0.000377257
0.000375605
0.00037396
0.000372322
0.000370692
0.000369068
0.000367452
0.000365842
0.00036424
0.000362645
0.000361056
0.000359475
0.0003579
0.000356333
0.000354772
0.000353218
0.000351671
0.00035013
0.000348597
0.00034707
0.000345549
0.000344036
0.000342528
0.000341028
0.000339534
0.000338047
0.000336566
0.000335091
0.000333623
0.000332162
0.000330707
0.000329258
0.000327815
0.000326379
0.000324949
0.000323526
0.000322108
0.000320697
0.000319292
0.000317893
0.0003165
0.000315114
0.000313733
0.000312358
0.00031099
0.000309627
0.00030827
0.00030692
0.000305575
0.000304236
0.000302903
0.000301576
0.000300254
0.000298938
0.000297629
0.000296324
0.000295026
0.000293733
0.000292446
0.000291164
0.000289888
0.000288618
0.000287353
0.000286094
0.00028484
0.000283592
0.000282349
0.000281112
0.00027988
0.000278653
0.000277432
0.000276216
0.000275006
0.0002738
0.0002726
0.000271406
0.000270216
0.000269032
0.000267853
0.000266679
0.00026551
0.000264346
0.000263187
0.000262034
0.000260885
0.000259742
0.000258603
0.00025747
0.000256341
0.000255218
0.000254099
0.000252985
0.000251876
0.000250772
0.000249673
0.000248579
0.000247489
0.000246404
0.000245324
0.000244249
0.000243178
0.000242112
0.00024105
0.000239994
0.000238942
0.000237894
0.000236851
0.000235813
0.000234779
0.00023375
0.000232725
0.000231705
0.000230689
0.000229678
0.000228671
0.000227668
0.00022667
0.000225676
0.000224687
0.000223702
0.000222721
0.000221745
0.000220773
0.000219805
0.000218841
0.000217881
0.000216926
0.000215975
0.000215028
0.000214085
0.000213147
0.000212212
0.000211282
0.000210355
0.000209433
0.000208515
