Vec Object: Vec_0x3_0 1 MPI process
  type: seq
1.
0.999959
0.999918
0.999877
0.999835
0.999794
0.999753
0.999712
0.999671
0.999629
0.999588
0.999547
0.999506
0.999464
0.999423
0.999382
0.999341
0.999299
0.999258
0.999217
0.999176
0.999134
0.999093
0.999052
0.99901
0.998969
0.998928
0.998886
0.998845
0.998803
0.998762
0.998721
0.998679
0.998638
0.998596
0.998555
0.998514
0.998472
0.998431
0.998389
0.998348
0.998306
0.998265
0.998223
0.998182
0.99814
0.998099
0.998057
0.998016
0.997974
0.997933
0.997891
0.99785
0.997808
0.997766
0.997725
0.997683
0.997642
0.9976
0.997558
0.997517
0.997475
0.997433
0.997392
0.99735
0.997308
0.997267
0.997225
0.997183
0.997142
0.9971
0.997058
0.997016
0.996975
0.996933
0.996891
0.996849
0.996808
0.996766
0.996724
0.996682
0.99664
0.996599
0.996557
0.996515
0.996473
0.996431
0.996389
0.996348
0.996306
0.996264
0.996222
0.99618
0.996138
0.996096
0.996054
0.996012
0.99597
0.995928
0.995886
0.995844
0.995802
0.99576
0.995718
0.995676
0.995634
0.995592
0.99555
0.995508
0.995466
0.995424
0.995382
0.99534
0.995298
0.995256
0.995214
0.995172
0.99513
0.995087
0.995045
0.995003
0.994961
0.994919
0.994877
0.994835
0.994792
0.99475
0.994708
0.994666
0.994624
0.994581
0.994539
0.994497
0.994455
0.994412
0.99437
0.994328
0.994285
0.994243
0.994201
0.994159
0.994116
0.994074
0.994032
0.993989
0.993947
0.993904
0.993862
0.99382
0.993777
0.993735
0.993692
0.99365
0.993608
0.993565
0.993523
0.99348
0.993438
0.993395
0.993353
0.99331
0.993268
0.993225
0.993183
0.99314
0.993098
0.993055
0.993013
0.99297
0.992927
0.992885
0.992842
0.9928
0.992757
0.992714
0.992672
0.992629
0.992587
0.992544
0.992501
0.992459
0.992416
0.992373
0.99233
0.992288
0.992245
0.992202
0.99216
0.992117
0.992074
0.992031
0.991989
0.991946
0.991903
0.99186
0.991817
0.991775
0.991732
0.991689
0.991646
0.991603
0.99156
0.991517
0.991475
0.991432
0.991389
0.991346
0.991303
0.99126
0.991217
0.991174
0.991131
0.991088
0.991045
0.991002
0.990959
0.990916
0.990873
0.99083
0.990787
0.990744
0.990701
0.990658
0.990615
0.990572
0.990529
0.990486
0.990443
0.9904
0.990356
0.990313
0.99027
0.990227
0.990184
0.990141
0.990098
0.990054
0.990011
0.989968
0.989925
0.989882
0.989838
0.989795
0.989752
0.989709
0.989665
0.989622
0.989579
0.989535
0.989492
0.989449
0.989405
0.989362
0.989319
0.989275
0.989232
0.989189
0.989145
0.989102
0.989059
0.989015
0.988972
0.988928
0.988885
0.988841
0.988798
0.988754
0.988711
0.988667
0.988624
0.98858
0.988537
0.988493
0.98845
0.988406
0.988363
0.988319
0.988276
0.988232
0.988189
0.988145
0.988101
0.988058
0.988014
0.98797
0.987927
0.987883
0.987839
0.987796
0.987752
0.987708
0.987665
0.987621
0.987577
0.987534
0.98749
0.987446
0.987402
0.987358
0.987315
0.987271
0.987227
0.987183
0.987139
0.987096
0.987052
0.987008
0.986964
0.98692
0.986876
0.986832
0.986789
0.986745
0.986701
0.986657
0.986613
0.986569
0.986525
0.986481
0.986437
0.986393
0.986349
0.986305
0.986261
0.986217
0.986173
0.986129
0.986085
0.986041
0.985997
0.985953
0.985909
0.985864
0.98582
0.985776
0.985732
0.985688
0.985644
0.9856
0.985555
0.985511
0.985467
0.985423
0.985379
0.985334
0.98529
0.985246
0.985202
0.985157
0.985113
0.985069
0.985025
0.98498
0.984936
0.984892
0.984847
0.984803
0.984759
0.984714
0.98467
0.984625
0.984581
0.984537
0.984492
0.984448
0.984403
0.984359
0.984314
0.98427
0.984226
0.984181
0.984137
0.984092
0.984048
0.984003
0.983958
0.983914
0.983869
0.983825
0.98378
0.983736
0.983691
0.983646
0.983602
0.983557
0.983513
0.983468
0.983423
0.983379
0.983334
0.983289
0.983244
0.9832
0.983155
0.98311
0.983066
0.983021
0.982976
0.982931
0.982886
0.982842
0.982797
0.982752
0.982707
0.982662
0.982618
0.982573
0.982528
0.982483
0.982438
0.982393
0.982348
0.982303
0.982258
0.982213
0.982169
0.982124
0.982079
0.982034
0.981989
0.981944
0.981899
0.981854
0.981809
0.981764
0.981718
0.981673
0.981628
0.981583
0.981538
0.981493
0.981448
0.981403
0.981358
0.981313
0.981267
0.981222
0.981177
0.981132
0.981087
0.981041
0.980996
0.980951
0.980906
0.98086
0.980815
0.98077
0.980725
0.980679
0.980634
0.980589
0.980543
0.980498
0.980453
0.980407
0.980362
0.980317
0.980271
0.980226
0.98018
0.980135
0.980089
0.980044
0.979999
0.979953
0.979908
0.979862
0.979817
0.979771
0.979726
0.97968
0.979634
0.979589
0.979543
0.979498
0.979452
0.979407
0.979361
0.979315
0.97927
0.979224
0.979178
0.979133
0.979087
0.979041
0.978996
0.97895
0.978904
0.978859
0.978813
0.978767
0.978721
0.978675
0.97863
0.978584
0.978538
0.978492
0.978446
0.978401
0.978355
0.978309
0.978263
0.978217
0.978171
0.978125
0.978079
0.978033
0.977987
0.977942
0.977896
0.97785
0.977804
0.977758
0.977712
0.977666
0.97762
0.977573
0.977527
0.977481
0.977435
0.977389
0.977343
0.977297
0.977251
0.977205
0.977159
0.977112
0.977066
0.97702
0.976974
0.976928
0.976881
0.976835
0.976789
0.976743
0.976697
0.97665
0.976604
0.976558
0.976511
0.976465
0.976419
0.976372
0.976326
0.97628
0.976233
0.976187
0.976141
0.976094
0.976048
0.976001
0.975955
0.975908
0.975862
0.975815
0.975769
0.975722
0.975676
0.975629
0.975583
0.975536
0.97549
0.975443
0.975397
0.97535
0.975303
0.975257
0.97521
0.975164
0.975117
0.97507
0.975024
0.974977
0.97493
0.974883
0.974837
0.97479
0.974743
0.974696
0.97465
0.974603
0.974556
0.974509
0.974463
0.974416
0.974369
0.974322
0.974275
0.974228
0.974181
0.974134
0.974088
0.974041
0.973994
0.973947
0.9739
0.973853
0.973806
0.973759
0.973712
0.973665
0.973618
0.973571
0.973524
0.973477
0.97343
0.973382
0.973335
0.973288
0.973241
0.973194
0.973147
0.9731
0.973053
0.973005
0.972958
0.972911
0.972864
0.972816
0.972769
0.972722
0.972675
0.972627
0.97258
0.972533
0.972485
0.972438
0.972391
0.972343
0.972296
0.972249
0.972201
0.972154
0.972106
0.972059
0.972012
0.971964
0.971917
0.971869
0.971822
0.971774
0.971727
0.971679
0.971632
0.971584
0.971537
0.971489
0.971441
0.971394
0.971346
0.971299
0.971251
0.971203
0.971156
0.971108
0.97106
0.971012
0.970965
0.970917
0.970869
0.970822
0.970774
0.970726
0.970678
0.97063
0.970583
0.970535
0.970487
0.970439
0.970391
0.970343
0.970295
0.970248
0.9702
0.970152
0.970104
0.970056
0.970008
0.96996
0.969912
0.969864
0.969816
0.969768
0.96972
0.969672
0.969624
0.969576
0.969527
0.969479
0.969431
0.969383
0.969335
0.969287
0.969239
0.96919
0.969142
0.969094
0.969046
0.968998
0.968949
0.968901
0.968853
0.968805
0.968756
0.968708
0.96866
0.968611
0.968563
0.968515
0.968466
0.968418
0.968369
0.968321
0.968273
0.968224
0.968176
0.968127
0.968079
0.96803
0.967982
0.967933
0.967885
0.967836
0.967788
0.967739
0.96769
0.967642
0.967593
0.967544
0.967496
0.967447
0.967399
0.96735
0.967301
0.967252
0.967204
0.967155
0.967106
0.967057
0.967009
0.96696
0.966911
0.966862
0.966813
0.966765
0.966716
0.966667
0.966618
0.966569
0.96652
0.966471
0.966422
0.966373
0.966324
0.966276
0.966227
0.966178
0.966128
0.966079
0.96603
0.965981
0.965932
0.965883
0.965834
0.965785
0.965736
0.965687
0.965638
0.965588
0.965539
0.96549
0.965441
0.965392
0.965342
0.965293
0.965244
0.965195
0.965145
0.965096
0.965047
0.964997
0.964948
0.964899
0.964849
0.9648
0.964751
0.964701
0.964652
0.964602
0.964553
0.964503
0.964454
0.964404
0.964355
0.964305
0.964256
0.964206
0.964157
0.964107
0.964057
0.964008
0.963958
0.963909
0.963859
0.963809
0.96376
0.96371
0.96366
0.96361
0.963561
0.963511
0.963461
0.963411
0.963362
0.963312
0.963262
0.963212
0.963162
0.963112
0.963063
0.963013
0.962963
0.962913
0.962863
0.962813
0.962763
0.962713
0.962663
0.962613
0.962563
0.962513
0.962463
0.962413
0.962363
0.962313
0.962263
0.962212
0.962162
0.962112
0.962062
0.962012
0.961962
0.961911
0.961861
0.961811
0.961761
0.96171
0.96166
0.96161
0.961559
0.961509
0.961459
0.961408
0.961358
0.961308
0.961257
0.961207
0.961156
0.961106
0.961056
0.961005
0.960955
0.960904
0.960854
0.960803
0.960752
0.960702
0.960651
0.960601
0.96055
0.960499
0.960449
0.960398
0.960348
0.960297
0.960246
0.960195
0.960145
0.960094
0.960043
0.959992
0.959942
0.959891
0.95984
0.959789
0.959738
0.959687
0.959637
0.959586
0.959535
0.959484
0.959433
0.959382
0.959331
0.95928
0.959229
0.959178
0.959127
0.959076
0.959025
0.958974
0.958923
0.958872
0.95882
0.958769
0.958718
0.958667
0.958616
0.958565
0.958513
0.958462
0.958411
0.95836
0.958308
0.958257
0.958206
0.958154
0.958103
0.958052
0.958
0.957949
0.957898
0.957846
0.957795
0.957743
0.957692
0.95764
0.957589
0.957537
0.957486
0.957434
0.957383
0.957331
0.957279
0.957228
0.957176
0.957125
0.957073
0.957021
0.95697
0.956918
0.956866
0.956814
0.956763
0.956711
0.956659
0.956607
0.956555
0.956504
0.956452
0.9564
0.956348
0.956296
0.956244
0.956192
0.95614
0.956088
0.956036
0.955984
0.955932
0.95588
0.955828
0.955776
0.955724
0.955672
0.95562
0.955568
0.955516
0.955464
0.955411
0.955359
0.955307
0.955255
0.955203
0.95515
0.955098
0.955046
0.954993
0.954941
0.954889
0.954836
0.954784
0.954732
0.954679
0.954627
0.954574
0.954522
0.954469
0.954417
0.954364
0.954312
0.954259
0.954207
0.954154
0.954102
0.954049
0.953996
0.953944
0.953891
0.953838
0.953786
0.953733
0.95368
0.953628
0.953575
0.953522
0.953469
0.953417
0.953364
0.953311
0.953258
0.953205
0.953152
0.953099
0.953046
0.952993
0.95294
0.952887
0.952834
0.952781
0.952728
0.952675
0.952622
0.952569
0.952516
0.952463
0.95241
0.952357
0.952304
0.95225
0.952197
0.952144
0.952091
0.952038
0.951984
0.951931
0.951878
0.951824
0.951771
0.951718
0.951664
0.951611
0.951557
0.951504
0.951451
0.951397
0.951344
0.95129
0.951237
0.951183
0.951129
0.951076
0.951022
0.950969
0.950915
0.950861
0.950808
0.950754
0.9507
0.950647
0.950593
0.950539
0.950485
0.950432
0.950378
0.950324
0.95027
0.950216
0.950162
0.950109
0.950055
0.950001
0.949947
0.949893
0.949839
0.949785
0.949731
0.949677
0.949623
0.949569
0.949515
0.94946
0.949406
0.949352
0.949298
0.949244
0.94919
0.949135
0.949081
0.949027
0.948973
0.948918
0.948864
0.94881
0.948755
0.948701
0.948647
0.948592
0.948538
0.948483
0.948429
0.948374
0.94832
0.948265
0.948211
0.948156
0.948102
0.948047
0.947992
0.947938
0.947883
0.947829
0.947774
0.947719
0.947664
0.94761
0.947555
0.9475
0.947445
0.947391
0.947336
0.947281
0.947226
0.947171
0.947116
0.947061
0.947006
0.946951
0.946896
0.946841
0.946786
0.946731
0.946676
0.946621
0.946566
0.946511
0.946456
0.946401
0.946345
0.94629
0.946235
0.94618
0.946124
0.946069
0.946014
0.945959
0.945903
0.945848
0.945792
0.945737
0.945682
0.945626
0.945571
0.945515
0.94546
0.945404
0.945349
0.945293
0.945238
0.945182
0.945126
0.945071
0.945015
0.944959
0.944904
0.944848
0.944792
0.944737
0.944681
0.944625
0.944569
0.944513
0.944457
0.944402
0.944346
0.94429
0.944234
0.944178
0.944122
0.944066
0.94401
0.943954
0.943898
0.943842
0.943786
0.943729
0.943673
0.943617
0.943561
0.943505
0.943449
0.943392
0.943336
0.94328
0.943224
0.943167
0.943111
0.943055
0.942998
0.942942
0.942885
0.942829
0.942772
0.942716
0.942659
0.942603
0.942546
0.94249
0.942433
0.942377
0.94232
0.942263
0.942207
0.94215
0.942093
0.942036
0.94198
0.941923
0.941866
0.941809
0.941752
0.941696
0.941639
0.941582
0.941525
0.941468
0.941411
0.941354
0.941297
0.94124
0.941183
0.941126
0.941069
0.941012
0.940954
0.940897
0.94084
0.940783
0.940726
0.940668
0.940611
0.940554
0.940497
0.940439
0.940382
0.940324
0.940267
0.94021
0.940152
0.940095
0.940037
0.93998
0.939922
0.939865
0.939807
0.939749
0.939692
0.939634
0.939577
0.939519
0.939461
0.939403
0.939346
0.939288
0.93923
0.939172
0.939114
0.939057
0.938999
0.938941
0.938883
0.938825
0.938767
0.938709
0.938651
0.938593
0.938535
0.938477
0.938419
0.938361
0.938302
0.938244
0.938186
0.938128
0.93807
0.938011
0.937953
0.937895
0.937836
0.937778
0.93772
0.937661
0.937603
0.937544
0.937486
0.937427
0.937369
0.93731
0.937252
0.937193
0.937135
0.937076
0.937017
0.936959
0.9369
0.936841
0.936782
0.936724
0.936665
0.936606
0.936547
0.936488
0.93643
0.936371
0.936312
0.936253
0.936194
0.936135
0.936076
0.936017
0.935958
0.935898
0.935839
0.93578
0.935721
0.935662
0.935603
0.935543
0.935484
0.935425
0.935366
0.935306
0.935247
0.935187
0.935128
0.935069
0.935009
0.93495
0.93489
0.934831
0.934771
0.934712
0.934652
0.934592
0.934533
0.934473
0.934413
0.934354
0.934294
0.934234
0.934174
0.934115
0.934055
0.933995
0.933935
0.933875
0.933815
0.933755
0.933695
0.933635
0.933575
0.933515
0.933455
0.933395
0.933335
0.933275
0.933214
0.933154
0.933094
0.933034
0.932973
0.932913
0.932853
0.932792
0.932732
0.932672
0.932611
0.932551
0.93249
0.93243
0.932369
0.932309
0.932248
0.932187
0.932127
0.932066
0.932005
0.931945
0.931884
0.931823
0.931762
0.931702
0.931641
0.93158
0.931519
0.931458
0.931397
0.931336
0.931275
0.931214
0.931153
0.931092
0.931031
0.93097
0.930909
0.930848
0.930786
0.930725
0.930664
0.930603
0.930541
0.93048
0.930419
0.930357
0.930296
0.930234
0.930173
0.930111
0.93005
0.929988
0.929927
0.929865
0.929804
0.929742
0.92968
0.929619
0.929557
0.929495
0.929433
0.929372
0.92931
0.929248
0.929186
0.929124
0.929062
0.929
0.928938
0.928876
0.928814
0.928752
0.92869
0.928628
0.928566
0.928504
0.928441
0.928379
0.928317
0.928255
0.928192
0.92813
0.928068
0.928005
0.927943
0.92788
0.927818
0.927755
0.927693
0.92763
0.927568
0.927505
0.927442
0.92738
0.927317
0.927254
0.927192
0.927129
0.927066
0.927003
0.92694
0.926877
0.926815
0.926752
0.926689
0.926626
0.926563
0.9265
0.926436
0.926373
0.92631
0.926247
0.926184
0.926121
0.926057
0.925994
0.925931
0.925867
0.925804
0.925741
0.925677
0.925614
0.92555
0.925487
0.925423
0.92536
0.925296
0.925233
0.925169
0.925105
0.925041
0.924978
0.924914
0.92485
0.924786
0.924723
0.924659
0.924595
0.924531
0.924467
0.924403
0.924339
0.924275
0.924211
0.924147
0.924082
0.924018
0.923954
0.92389
0.923826
0.923761
0.923697
0.923633
0.923568
0.923504
0.923439
0.923375
0.92331
0.923246
0.923181
0.923117
0.923052
0.922988
0.922923
0.922858
0.922793
0.922729
0.922664
0.922599
0.922534
0.922469
0.922404
0.92234
0.922275
0.92221
0.922145
0.922079
0.922014
0.921949
0.921884
0.921819
0.921754
0.921688
0.921623
0.921558
0.921493
0.921427
0.921362
0.921296
0.921231
0.921165
0.9211
0.921034
0.920969
0.920903
0.920838
0.920772
0.920706
0.920641
0.920575
0.920509
0.920443
0.920377
0.920311
0.920245
0.92018
0.920114
0.920048
0.919982
0.919915
0.919849
0.919783
0.919717
0.919651
0.919585
0.919518
0.919452
0.919386
0.919319
0.919253
0.919187
0.91912
0.919054
0.918987
0.918921
0.918854
0.918787
0.918721
0.918654
0.918587
0.918521
0.918454
0.918387
0.91832
0.918253
0.918187
0.91812
0.918053
0.917986
0.917919
0.917852
0.917785
0.917717
0.91765
0.917583
0.917516
0.917449
0.917381
0.917314
0.917247
0.917179
0.917112
0.917044
0.916977
0.91691
0.916842
0.916774
0.916707
0.916639
0.916571
0.916504
0.916436
0.916368
0.9163
0.916233
0.916165
0.916097
0.916029
0.915961
0.915893
0.915825
0.915757
0.915689
0.915621
0.915552
0.915484
0.915416
0.915348
0.915279
0.915211
0.915143
0.915074
0.915006
0.914937
0.914869
0.9148
0.914732
0.914663
0.914595
0.914526
0.914457
0.914388
0.91432
0.914251
0.914182
0.914113
0.914044
0.913975
0.913906
0.913837
0.913768
0.913699
0.91363
0.913561
0.913492
0.913423
0.913353
0.913284
0.913215
0.913145
0.913076
0.913007
0.912937
0.912868
0.912798
0.912728
0.912659
0.912589
0.91252
0.91245
0.91238
0.91231
0.912241
0.912171
0.912101
0.912031
0.911961
0.911891
0.911821
0.911751
0.911681
0.911611
0.911541
0.91147
0.9114
0.91133
0.91126
0.911189
0.911119
0.911048
0.910978
0.910908
0.910837
0.910766
0.910696
0.910625
0.910555
0.910484
0.910413
0.910342
0.910272
0.910201
0.91013
0.910059
0.909988
0.909917
0.909846
0.909775
0.909704
0.909633
0.909562
0.90949
0.909419
0.909348
0.909277
0.909205
0.909134
0.909063
0.908991
0.90892
0.908848
0.908776
0.908705
0.908633
0.908562
0.90849
0.908418
0.908346
0.908275
0.908203
0.908131
0.908059
0.907987
0.907915
0.907843
0.907771
0.907699
0.907627
0.907554
0.907482
0.90741
0.907338
0.907265
0.907193
0.90712
0.907048
0.906975
0.906903
0.90683
0.906758
0.906685
0.906612
0.90654
0.906467
0.906394
0.906321
0.906249
0.906176
0.906103
0.90603
0.905957
0.905884
0.905811
0.905737
0.905664
0.905591
0.905518
0.905445
0.905371
0.905298
0.905224
0.905151
0.905078
0.905004
0.904931
0.904857
0.904783
0.90471
0.904636
0.904562
0.904488
0.904415
0.904341
0.904267
0.904193
0.904119
0.904045
0.903971
0.903897
0.903823
0.903749
0.903674
0.9036
0.903526
0.903451
0.903377
0.903303
0.903228
0.903154
0.903079
0.903005
0.90293
0.902855
0.902781
0.902706
0.902631
0.902557
0.902482
0.902407
0.902332
0.902257
0.902182
0.902107
0.902032
0.901957
0.901882
0.901806
0.901731
0.901656
0.901581
0.901505
0.90143
0.901354
0.901279
0.901203
0.901128
0.901052
0.900977
0.900901
0.900825
0.90075
0.900674
0.900598
0.900522
0.900446
0.90037
0.900294
0.900218
0.900142
0.900066
0.89999
0.899914
0.899837
0.899761
0.899685
0.899609
0.899532
0.899456
0.899379
0.899303
0.899226
0.89915
0.899073
0.898996
0.898919
0.898843
0.898766
0.898689
0.898612
0.898535
0.898458
0.898381
0.898304
0.898227
0.89815
0.898073
0.897996
0.897918
0.897841
0.897764
0.897686
0.897609
0.897531
0.897454
0.897376
0.897299
0.897221
0.897143
0.897066
0.896988
0.89691
0.896832
0.896754
0.896677
0.896599
0.896521
0.896442
0.896364
0.896286
0.896208
0.89613
0.896052
0.895973
0.895895
0.895817
0.895738
0.89566
0.895581
0.895503
0.895424
0.895345
0.895267
0.895188
0.895109
0.89503
0.894951
0.894873
0.894794
0.894715
0.894636
0.894557
0.894477
0.894398
0.894319
0.89424
0.894161
0.894081
0.894002
0.893922
0.893843
0.893763
0.893684
0.893604
0.893525
0.893445
0.893365
0.893286
0.893206
0.893126
0.893046
0.892966
0.892886
0.892806
0.892726
0.892646
0.892566
0.892486
0.892405
0.892325
0.892245
0.892164
0.892084
0.892004
0.891923
0.891842
0.891762
0.891681
0.891601
0.89152
0.891439
0.891358
0.891277
0.891197
0.891116
0.891035
0.890954
0.890872
0.890791
0.89071
0.890629
0.890548
0.890466
0.890385
0.890304
0.890222
0.890141
0.890059
0.889978
0.889896
0.889815
0.889733
0.889651
0.889569
0.889487
0.889406
0.889324
0.889242
0.88916
0.889078
0.888996
0.888913
0.888831
0.888749
0.888667
0.888584
0.888502
0.88842
0.888337
0.888255
0.888172
0.888089
0.888007
0.887924
0.887841
0.887759
0.887676
0.887593
0.88751
0.887427
0.887344
0.887261
0.887178
0.887095
0.887012
0.886928
0.886845
0.886762
0.886678
0.886595
0.886511
0.886428
0.886344
0.886261
0.886177
0.886093
0.88601
0.885926
0.885842
0.885758
0.885674
0.88559
0.885506
0.885422
0.885338
0.885254
0.88517
0.885086
0.885001
0.884917
0.884833
0.884748
0.884664
0.884579
0.884494
0.88441
0.884325
0.88424
0.884156
0.884071
0.883986
0.883901
0.883816
0.883731
0.883646
0.883561
0.883476
0.883391
0.883306
0.88322
0.883135
0.88305
0.882964
0.882879
0.882793
0.882708
0.882622
0.882536
0.882451
0.882365
0.882279
0.882193
0.882107
0.882021
0.881935
0.881849
0.881763
0.881677
0.881591
0.881505
0.881418
0.881332
0.881246
0.881159
0.881073
0.880986
0.8809
0.880813
0.880727
0.88064
0.880553
0.880466
0.880379
0.880292
0.880206
0.880119
0.880031
0.879944
0.879857
0.87977
0.879683
0.879596
0.879508
0.879421
0.879333
0.879246
0.879158
0.879071
0.878983
0.878896
0.878808
0.87872
0.878632
0.878544
0.878456
0.878368
0.87828
0.878192
0.878104
0.878016
0.877928
0.87784
0.877751
0.877663
0.877575
0.877486
0.877398
0.877309
0.87722
0.877132
0.877043
0.876954
0.876865
0.876777
0.876688
0.876599
0.87651
0.876421
0.876332
0.876242
0.876153
0.876064
0.875975
0.875885
0.875796
0.875706
0.875617
0.875527
0.875438
0.875348
0.875258
0.875169
0.875079
0.874989
0.874899
0.874809
0.874719
0.874629
0.874539
0.874449
0.874359
0.874269
0.874178
0.874088
0.873997
0.873907
0.873816
0.873726
0.873635
0.873545
0.873454
0.873363
0.873272
0.873182
0.873091
0.873
0.872909
0.872818
0.872727
0.872635
0.872544
0.872453
0.872362
0.87227
0.872179
0.872087
0.871996
0.871904
0.871813
0.871721
0.871629
0.871537
0.871446
0.871354
0.871262
0.87117
0.871078
0.870986
0.870894
0.870801
0.870709
0.870617
0.870525
0.870432
0.87034
0.870247
0.870155
0.870062
0.869969
0.869877
0.869784
0.869691
0.869598
0.869505
0.869412
0.869319
0.869226
0.869133
0.86904
0.868947
0.868854
0.86876
0.868667
0.868573
0.86848
0.868386
0.868293
0.868199
0.868105
0.868012
0.867918
0.867824
0.86773
0.867636
0.867542
0.867448
0.867354
0.86726
0.867166
0.867071
0.866977
0.866883
0.866788
0.866694
0.866599
0.866505
0.86641
0.866315
0.866221
0.866126
0.866031
0.865936
0.865841
0.865746
0.865651
0.865556
0.865461
0.865365
0.86527
0.865175
0.865079
0.864984
0.864889
0.864793
0.864697
0.864602
0.864506
0.86441
0.864314
0.864219
0.864123
0.864027
0.863931
0.863835
0.863738
0.863642
0.863546
0.86345
0.863353
0.863257
0.86316
0.863064
0.862967
0.862871
0.862774
0.862677
0.862581
0.862484
0.862387
0.86229
0.862193
0.862096
0.861999
0.861902
0.861804
0.861707
0.86161
0.861512
0.861415
0.861317
0.86122
0.861122
0.861025
0.860927
0.860829
0.860731
0.860633
0.860535
0.860437
0.860339
0.860241
0.860143
0.860045
0.859947
0.859848
0.85975
0.859652
0.859553
0.859455
0.859356
0.859257
0.859159
0.85906
0.858961
0.858862
0.858763
0.858664
0.858565
0.858466
0.858367
0.858268
0.858168
0.858069
0.85797
0.85787
0.857771
0.857671
0.857572
0.857472
0.857372
0.857273
0.857173
0.857073
0.856973
0.856873
0.856773
0.856673
0.856573
0.856473
0.856372
0.856272
0.856172
0.856071
0.855971
0.85587
0.855769
0.855669
0.855568
0.855467
0.855366
0.855266
0.855165
0.855064
0.854963
0.854861
0.85476
0.854659
0.854558
0.854456
0.854355
0.854254
0.854152
0.85405
0.853949
0.853847
0.853745
0.853644
0.853542
0.85344
0.853338
0.853236
0.853134
0.853032
0.852929
0.852827
0.852725
0.852622
0.85252
0.852418
0.852315
0.852212
0.85211
0.852007
0.851904
0.851801
0.851699
0.851596
0.851493
0.85139
0.851286
0.851183
0.85108
0.850977
0.850873
0.85077
0.850666
0.850563
0.850459
0.850356
0.850252
0.850148
0.850044
0.849941
0.849837
0.849733
0.849629
0.849524
0.84942
0.849316
0.849212
0.849107
0.849003
0.848899
0.848794
0.848689
0.848585
0.84848
0.848375
0.848271
0.848166
0.848061
0.847956
0.847851
0.847746
0.84764
0.847535
0.84743
0.847325
0.847219
0.847114
0.847008
0.846903
0.846797
0.846691
0.846585
0.84648
0.846374
0.846268
0.846162
0.846056
0.84595
0.845843
0.845737
0.845631
0.845525
0.845418
0.845312
0.845205
0.845099
0.844992
0.844885
0.844778
0.844672
0.844565
0.844458
0.844351
0.844244
0.844137
0.844029
0.843922
0.843815
0.843707
0.8436
0.843492
0.843385
0.843277
0.84317
0.843062
0.842954
0.842846
0.842738
0.84263
0.842522
0.842414
0.842306
0.842198
0.842089
0.841981
0.841873
0.841764
0.841656
0.841547
0.841439
0.84133
0.841221
0.841112
0.841003
0.840894
0.840785
0.840676
0.840567
0.840458
0.840349
0.840239
0.84013
0.840021
0.839911
0.839801
0.839692
0.839582
0.839472
0.839363
0.839253
0.839143
0.839033
0.838923
0.838813
0.838702
0.838592
0.838482
0.838371
0.838261
0.838151
0.83804
0.837929
0.837819
0.837708
0.837597
0.837486
0.837375
0.837264
0.837153
0.837042
0.836931
0.83682
0.836708
0.836597
0.836486
0.836374
0.836263
0.836151
0.836039
0.835928
0.835816
0.835704
0.835592
0.83548
0.835368
0.835256
0.835144
0.835031
0.834919
0.834807
0.834694
0.834582
0.834469
0.834357
0.834244
0.834131
0.834018
0.833906
0.833793
0.83368
0.833567
0.833453
0.83334
0.833227
0.833114
0.833
0.832887
0.832773
0.83266
0.832546
0.832432
0.832319
0.832205
0.832091
0.831977
0.831863
0.831749
0.831635
0.831521
0.831406
0.831292
0.831178
0.831063
0.830949
0.830834
0.830719
0.830605
0.83049
0.830375
0.83026
0.830145
0.83003
0.829915
0.8298
0.829684
0.829569
0.829454
0.829338
0.829223
0.829107
0.828992
0.828876
0.82876
0.828644
0.828529
0.828413
0.828297
0.82818
0.828064
0.827948
0.827832
0.827716
0.827599
0.827483
0.827366
0.82725
0.827133
0.827016
0.826899
0.826782
0.826666
0.826549
0.826431
0.826314
0.826197
0.82608
0.825963
0.825845
0.825728
0.82561
0.825493
0.825375
0.825257
0.825139
0.825022
0.824904
0.824786
0.824668
0.82455
0.824431
0.824313
0.824195
0.824076
0.823958
0.82384
0.823721
0.823602
0.823484
0.823365
0.823246
0.823127
0.823008
0.822889
0.82277
0.822651
0.822532
0.822412
0.822293
0.822173
0.822054
0.821934
0.821815
0.821695
0.821575
0.821455
0.821335
0.821216
0.821095
0.820975
0.820855
0.820735
0.820615
0.820494
0.820374
0.820253
0.820133
0.820012
0.819891
0.819771
0.81965
0.819529
0.819408
0.819287
0.819166
0.819044
0.818923
0.818802
0.81868
0.818559
0.818437
0.818316
0.818194
0.818072
0.817951
0.817829
0.817707
0.817585
0.817463
0.817341
0.817218
0.817096
0.816974
0.816851
0.816729
0.816606
0.816484
0.816361
0.816238
0.816116
0.815993
0.81587
0.815747
0.815624
0.8155
0.815377
0.815254
0.81513
0.815007
0.814884
0.81476
0.814636
0.814513
0.814389
0.814265
0.814141
0.814017
0.813893
0.813769
0.813645
0.81352
0.813396
0.813272
0.813147
0.813023
0.812898
0.812773
0.812648
0.812524
0.812399
0.812274
0.812149
0.812024
0.811898
0.811773
0.811648
0.811523
0.811397
0.811272
0.811146
0.81102
0.810895
0.810769
0.810643
0.810517
0.810391
0.810265
0.810139
0.810012
0.809886
0.80976
0.809633
0.809507
0.80938
0.809254
0.809127
0.809
0.808873
0.808746
0.808619
0.808492
0.808365
0.808238
0.808111
0.807983
0.807856
0.807728
0.807601
0.807473
0.807345
0.807218
0.80709
0.806962
0.806834
0.806706
0.806578
0.806449
0.806321
0.806193
0.806064
0.805936
0.805807
0.805679
0.80555
0.805421
0.805292
0.805163
0.805034
0.804905
0.804776
0.804647
0.804518
0.804388
0.804259
0.804129
0.804
0.80387
0.80374
0.803611
0.803481
0.803351
0.803221
0.803091
0.802961
0.80283
0.8027
0.80257
0.802439
0.802309
0.802178
0.802048
0.801917
0.801786
0.801655
0.801524
0.801393
0.801262
0.801131
0.801
0.800868
0.800737
0.800606
0.800474
0.800342
0.800211
0.800079
0.799947
0.799815
0.799683
0.799551
0.799419
0.799287
0.799155
0.799022
0.79889
0.798758
0.798625
0.798492
0.79836
0.798227
0.798094
0.797961
0.797828
0.797695
0.797562
0.797429
0.797295
0.797162
0.797029
0.796895
0.796761
0.796628
0.796494
0.79636
0.796226
0.796092
0.795958
0.795824
0.79569
0.795556
0.795421
0.795287
0.795153
0.795018
0.794883
0.794749
0.794614
0.794479
0.794344
0.794209
0.794074
0.793939
0.793804
0.793668
0.793533
0.793398
0.793262
0.793126
0.792991
0.792855
0.792719
0.792583
0.792447
0.792311
0.792175
0.792039
0.791903
0.791766
0.79163
0.791493
0.791357
0.79122
0.791083
0.790947
0.79081
0.790673
0.790536
0.790399
0.790261
0.790124
0.789987
0.789849
0.789712
0.789574
0.789437
0.789299
0.789161
0.789023
0.788885
0.788747
0.788609
0.788471
0.788333
0.788194
0.788056
0.787918
0.787779
0.78764
0.787502
0.787363
0.787224
0.787085
0.786946
0.786807
0.786668
0.786528
0.786389
0.78625
0.78611
0.785971
0.785831
0.785691
0.785552
0.785412
0.785272
0.785132
0.784992
0.784851
0.784711
0.784571
0.784431
0.78429
0.784149
0.784009
0.783868
0.783727
0.783586
0.783445
0.783304
0.783163
0.783022
0.782881
0.78274
0.782598
0.782457
0.782315
0.782173
0.782032
0.78189
0.781748
0.781606
0.781464
0.781322
0.78118
0.781037
0.780895
0.780753
0.78061
0.780468
0.780325
0.780182
0.780039
0.779896
0.779753
0.77961
0.779467
0.779324
0.779181
0.779037
0.778894
0.77875
0.778607
0.778463
0.778319
0.778175
0.778031
0.777887
0.777743
0.777599
0.777455
0.777311
0.777166
0.777022
0.776877
0.776733
0.776588
0.776443
0.776298
0.776153
0.776008
0.775863
0.775718
0.775573
0.775427
0.775282
0.775136
0.774991
0.774845
0.774699
0.774553
0.774407
0.774261
0.774115
0.773969
0.773823
0.773677
0.77353
0.773384
0.773237
0.77309
0.772944
0.772797
0.77265
0.772503
0.772356
0.772209
0.772062
0.771914
0.771767
0.77162
0.771472
0.771324
0.771177
0.771029
0.770881
0.770733
0.770585
0.770437
0.770289
0.770141
0.769992
0.769844
0.769695
0.769547
0.769398
0.769249
0.769101
0.768952
0.768803
0.768654
0.768504
0.768355
0.768206
0.768056
0.767907
0.767757
0.767608
0.767458
0.767308
0.767158
0.767008
0.766858
0.766708
0.766558
0.766408
0.766257
0.766107
0.765956
0.765806
0.765655
0.765504
0.765353
0.765202
0.765051
0.7649
0.764749
0.764598
0.764446
0.764295
0.764143
0.763992
0.76384
0.763688
0.763536
0.763384
0.763232
0.76308
0.762928
0.762776
0.762623
0.762471
0.762318
0.762166
0.762013
0.76186
0.761707
0.761554
0.761401
0.761248
0.761095
0.760942
0.760788
0.760635
0.760481
0.760328
0.760174
0.76002
0.759866
0.759712
0.759558
0.759404
0.75925
0.759096
0.758941
0.758787
0.758632
0.758478
0.758323
0.758168
0.758013
0.757858
0.757703
0.757548
0.757393
0.757238
0.757082
0.756927
0.756771
0.756616
0.75646
0.756304
0.756148
0.755992
0.755836
0.75568
0.755524
0.755367
0.755211
0.755054
0.754898
0.754741
0.754584
0.754428
0.754271
0.754114
0.753957
0.753799
0.753642
0.753485
0.753327
0.75317
0.753012
0.752855
0.752697
0.752539
0.752381
0.752223
0.752065
0.751907
0.751748
0.75159
0.751432
0.751273
0.751114
0.750956
0.750797
0.750638
0.750479
0.75032
0.750161
0.750002
0.749842
0.749683
0.749523
0.749364
0.749204
0.749044
0.748885
0.748725
0.748565
0.748405
0.748244
0.748084
0.747924
0.747763
0.747603
0.747442
0.747281
0.747121
0.74696
0.746799
0.746638
0.746477
0.746315
0.746154
0.745993
0.745831
0.74567
0.745508
0.745346
0.745184
0.745022
0.74486
0.744698
0.744536
0.744374
0.744211
0.744049
0.743886
0.743724
0.743561
0.743398
0.743235
0.743072
0.742909
0.742746
0.742583
0.74242
0.742256
0.742093
0.741929
0.741765
0.741602
0.741438
0.741274
0.74111
0.740946
0.740781
0.740617
0.740453
0.740288
0.740124
0.739959
0.739794
0.739629
0.739465
0.7393
0.739134
0.738969
0.738804
0.738639
0.738473
0.738308
0.738142
0.737976
0.73781
0.737644
0.737478
0.737312
0.737146
0.73698
0.736814
0.736647
0.736481
0.736314
0.736147
0.735981
0.735814
0.735647
0.73548
0.735312
0.735145
0.734978
0.73481
0.734643
0.734475
0.734308
0.73414
0.733972
0.733804
0.733636
0.733468
0.733299
0.733131
0.732963
0.732794
0.732626
0.732457
0.732288
0.732119
0.73195
0.731781
0.731612
0.731443
0.731274
0.731104
0.730935
0.730765
0.730595
0.730426
0.730256
0.730086
0.729916
0.729746
0.729575
0.729405
0.729235
0.729064
0.728893
0.728723
0.728552
0.728381
0.72821
0.728039
0.727868
0.727697
0.727525
0.727354
0.727182
0.727011
0.726839
0.726667
0.726495
0.726324
0.726151
0.725979
0.725807
0.725635
0.725462
0.72529
0.725117
0.724944
0.724772
0.724599
0.724426
0.724253
0.724079
0.723906
0.723733
0.723559
0.723386
0.723212
0.723039
0.722865
0.722691
0.722517
0.722343
0.722169
0.721994
0.72182
0.721645
0.721471
0.721296
0.721121
0.720947
0.720772
0.720597
0.720422
0.720246
0.720071
0.719896
0.71972
0.719545
0.719369
0.719193
0.719017
0.718841
0.718665
0.718489
0.718313
0.718136
0.71796
0.717784
0.717607
0.71743
0.717253
0.717077
0.7169
0.716722
0.716545
0.716368
0.716191
0.716013
0.715836
0.715658
0.71548
0.715302
0.715124
0.714946
0.714768
0.71459
0.714412
0.714233
0.714055
0.713876
0.713698
0.713519
0.71334
0.713161
0.712982
0.712803
0.712623
0.712444
0.712265
0.712085
0.711906
0.711726
0.711546
0.711366
0.711186
0.711006
0.710826
0.710645
0.710465
0.710285
0.710104
0.709923
0.709742
0.709562
0.709381
0.7092
0.709018
0.708837
0.708656
0.708474
0.708293
0.708111
0.707929
0.707748
0.707566
0.707384
0.707202
0.707019
0.706837
0.706655
0.706472
0.706289
0.706107
0.705924
0.705741
0.705558
0.705375
0.705192
0.705009
0.704825
0.704642
0.704458
0.704275
0.704091
0.703907
0.703723
0.703539
0.703355
0.703171
0.702986
0.702802
0.702617
0.702433
0.702248
0.702063
0.701878
0.701693
0.701508
0.701323
0.701137
0.700952
0.700767
0.700581
0.700395
0.700209
0.700024
0.699838
0.699652
0.699465
0.699279
0.699093
0.698906
0.69872
0.698533
0.698346
0.698159
0.697972
0.697785
0.697598
0.697411
0.697223
0.697036
0.696848
0.696661
0.696473
0.696285
0.696097
0.695909
0.695721
0.695533
0.695345
0.695156
0.694968
0.694779
0.69459
0.694401
0.694212
0.694023
0.693834
0.693645
0.693456
0.693266
0.693077
0.692887
0.692697
0.692508
0.692318
0.692128
0.691938
0.691747
0.691557
0.691367
0.691176
0.690985
0.690795
0.690604
0.690413
0.690222
0.690031
0.68984
0.689648
0.689457
0.689265
0.689074
0.688882
0.68869
0.688498
0.688306
0.688114
0.687922
0.68773
0.687537
0.687345
0.687152
0.68696
0.686767
0.686574
0.686381
0.686188
0.685995
0.685801
0.685608
0.685414
0.685221
0.685027
0.684833
0.684639
0.684445
0.684251
0.684057
0.683863
0.683668
0.683474
0.683279
0.683084
0.68289
0.682695
0.6825
0.682304
0.682109
0.681914
0.681719
0.681523
0.681327
0.681132
0.680936
0.68074
0.680544
0.680348
0.680152
0.679955
0.679759
0.679562
0.679366
0.679169
0.678972
0.678775
0.678578
0.678381
0.678184
0.677986
0.677789
0.677591
0.677394
0.677196
0.676998
0.6768
0.676602
0.676404
0.676206
0.676007
0.675809
0.67561
0.675412
0.675213
0.675014
0.674815
0.674616
0.674417
0.674217
0.674018
0.673818
0.673619
0.673419
0.673219
0.67302
0.67282
0.672619
0.672419
0.672219
0.672018
0.671818
0.671617
0.671417
0.671216
0.671015
0.670814
0.670613
0.670411
0.67021
0.670009
0.669807
0.669606
0.669404
0.669202
0.669
0.668798
0.668596
0.668393
0.668191
0.667989
0.667786
0.667583
0.667381
0.667178
0.666975
0.666772
0.666568
0.666365
0.666162
0.665958
0.665755
0.665551
0.665347
0.665143
0.664939
0.664735
0.664531
0.664326
0.664122
0.663917
0.663713
0.663508
0.663303
0.663098
0.662893
0.662688
0.662483
0.662277
0.662072
0.661866
0.66166
0.661455
0.661249
0.661043
0.660837
0.66063
0.660424
0.660218
0.660011
0.659804
0.659598
0.659391
0.659184
0.658977
0.65877
0.658562
0.658355
0.658148
0.65794
0.657732
0.657525
0.657317
0.657109
0.656901
0.656692
0.656484
0.656276
0.656067
0.655858
0.65565
0.655441
0.655232
0.655023
0.654814
0.654604
0.654395
0.654186
0.653976
0.653766
0.653556
0.653347
0.653137
0.652926
0.652716
0.652506
0.652296
0.652085
0.651874
0.651664
0.651453
0.651242
0.651031
0.65082
0.650608
0.650397
0.650185
0.649974
0.649762
0.64955
0.649338
0.649126
0.648914
0.648702
0.64849
0.648277
0.648065
0.647852
0.647639
0.647426
0.647213
0.647
0.646787
0.646574
0.64636
0.646147
0.645933
0.645719
0.645506
0.645292
0.645078
0.644863
0.644649
0.644435
0.64422
0.644006
0.643791
0.643576
0.643361
0.643146
0.642931
0.642716
0.642501
0.642285
0.64207
0.641854
0.641638
0.641422
0.641206
0.64099
0.640774
0.640558
0.640341
0.640125
0.639908
0.639692
0.639475
0.639258
0.639041
0.638824
0.638606
0.638389
0.638171
0.637954
0.637736
0.637518
0.6373
0.637082
0.636864
0.636646
0.636428
0.636209
0.635991
0.635772
0.635553
0.635334
0.635115
0.634896
0.634677
0.634458
0.634238
0.634019
0.633799
0.633579
0.633359
0.633139
0.632919
0.632699
0.632479
0.632258
0.632038
0.631817
0.631596
0.631376
0.631155
0.630934
0.630712
0.630491
0.63027
0.630048
0.629827
0.629605
0.629383
0.629161
0.628939
0.628717
0.628495
0.628272
0.62805
0.627827
0.627604
0.627382
0.627159
0.626936
0.626713
0.626489
0.626266
0.626043
0.625819
0.625595
0.625371
0.625148
0.624924
0.624699
0.624475
0.624251
0.624026
0.623802
0.623577
0.623352
0.623127
0.622902
0.622677
0.622452
0.622227
0.622001
0.621776
0.62155
0.621324
0.621098
0.620872
0.620646
0.62042
0.620194
0.619967
0.619741
0.619514
0.619287
0.619061
0.618834
0.618607
0.618379
0.618152
0.617925
0.617697
0.617469
0.617242
0.617014
0.616786
0.616558
0.616329
0.616101
0.615873
0.615644
0.615416
0.615187
0.614958
0.614729
0.6145
0.614271
0.614041
0.613812
0.613582
0.613353
0.613123
0.612893
0.612663
0.612433
0.612203
0.611973
0.611742
0.611512
0.611281
0.61105
0.61082
0.610589
0.610357
0.610126
0.609895
0.609664
0.609432
0.6092
0.608969
0.608737
0.608505
0.608273
0.608041
0.607808
0.607576
0.607343
0.607111
0.606878
0.606645
0.606412
0.606179
0.605946
0.605712
0.605479
0.605246
0.605012
0.604778
0.604544
0.60431
0.604076
0.603842
0.603608
0.603373
0.603139
0.602904
0.602669
0.602434
0.602199
0.601964
0.601729
0.601494
0.601258
0.601023
0.600787
0.600551
0.600316
0.60008
0.599843
0.599607
0.599371
0.599134
0.598898
0.598661
0.598424
0.598188
0.597951
0.597713
0.597476
0.597239
0.597001
0.596764
0.596526
0.596288
0.596051
0.595812
0.595574
0.595336
0.595098
0.594859
0.594621
0.594382
0.594143
0.593904
0.593665
0.593426
0.593187
0.592948
0.592708
0.592469
0.592229
0.591989
0.591749
0.591509
0.591269
0.591029
0.590788
0.590548
0.590307
0.590066
0.589826
0.589585
0.589344
0.589102
0.588861
0.58862
0.588378
0.588137
0.587895
0.587653
0.587411
0.587169
0.586927
0.586685
0.586442
0.5862
0.585957
0.585714
0.585471
0.585228
0.584985
0.584742
0.584499
0.584255
0.584012
0.583768
0.583524
0.583281
0.583037
0.582792
0.582548
0.582304
0.582059
0.581815
0.58157
0.581325
0.58108
0.580835
0.58059
0.580345
0.5801
0.579854
0.579609
0.579363
0.579117
0.578871
0.578625
0.578379
0.578133
0.577886
0.57764
0.577393
0.577147
0.5769
0.576653
0.576406
0.576159
0.575911
0.575664
0.575416
0.575169
0.574921
0.574673
0.574425
0.574177
0.573929
0.573681
0.573432
0.573184
0.572935
0.572686
0.572437
0.572188
0.571939
0.57169
0.571441
0.571191
0.570942
0.570692
0.570442
0.570192
0.569942
0.569692
0.569442
0.569192
0.568941
0.568691
0.56844
0.568189
0.567938
0.567687
0.567436
0.567185
0.566933
0.566682
0.56643
0.566179
0.565927
0.565675
0.565423
0.565171
0.564918
0.564666
0.564413
0.564161
0.563908
0.563655
0.563402
0.563149
0.562896
0.562642
0.562389
0.562135
0.561882
0.561628
0.561374
0.56112
0.560866
0.560612
0.560357
0.560103
0.559848
0.559594
0.559339
0.559084
0.558829
0.558574
0.558319
0.558063
0.557808
0.557552
0.557296
0.557041
0.556785
0.556529
0.556272
0.556016
0.55576
0.555503
0.555247
0.55499
0.554733
0.554476
0.554219
0.553962
0.553704
0.553447
0.553189
0.552932
0.552674
0.552416
0.552158
0.5519
0.551642
0.551383
0.551125
0.550866
0.550608
0.550349
0.55009
0.549831
0.549572
0.549313
0.549053
0.548794
0.548534
0.548274
0.548015
0.547755
0.547495
0.547234
0.546974
0.546714
0.546453
0.546193
0.545932
0.545671
0.54541
0.545149
0.544888
0.544626
0.544365
0.544104
0.543842
0.54358
0.543318
0.543056
0.542794
0.542532
0.54227
0.542007
0.541745
0.541482
0.541219
0.540956
0.540693
0.54043
0.540167
0.539903
0.53964
0.539376
0.539113
0.538849
0.538585
0.538321
0.538057
0.537792
0.537528
0.537263
0.536999
0.536734
0.536469
0.536204
0.535939
0.535674
0.535409
0.535143
0.534878
0.534612
0.534346
0.53408
0.533814
0.533548
0.533282
0.533016
0.532749
0.532483
0.532216
0.531949
0.531682
0.531415
0.531148
0.530881
0.530614
0.530346
0.530079
0.529811
0.529543
0.529275
0.529007
0.528739
0.528471
0.528202
0.527934
0.527665
0.527397
0.527128
0.526859
0.52659
0.526321
0.526051
0.525782
0.525512
0.525243
0.524973
0.524703
0.524433
0.524163
0.523893
0.523623
0.523352
0.523082
0.522811
0.52254
0.522269
0.521998
0.521727
0.521456
0.521185
0.520913
0.520642
0.52037
0.520098
0.519826
0.519554
0.519282
0.51901
0.518738
0.518465
0.518193
0.51792
0.517647
0.517374
0.517101
0.516828
0.516555
0.516281
0.516008
0.515734
0.515461
0.515187
0.514913
0.514639
0.514365
0.51409
0.513816
0.513542
0.513267
0.512992
0.512717
0.512442
0.512167
0.511892
0.511617
0.511341
0.511066
0.51079
0.510515
0.510239
0.509963
0.509687
0.50941
0.509134
0.508858
0.508581
0.508305
0.508028
0.507751
0.507474
0.507197
0.50692
0.506642
0.506365
0.506087
0.50581
0.505532
0.505254
0.504976
0.504698
0.50442
0.504142
0.503863
0.503585
0.503306
0.503027
0.502748
0.502469
0.50219
0.501911
0.501632
0.501352
0.501073
0.500793
0.500513
0.500233
0.499953
0.499673
0.499393
0.499113
0.498832
0.498552
0.498271
0.49799
0.497709
0.497428
0.497147
0.496866
0.496585
0.496303
0.496022
0.49574
0.495458
0.495176
0.494894
0.494612
0.49433
0.494048
0.493765
0.493483
0.4932
0.492917
0.492634
0.492351
0.492068
0.491785
0.491501
0.491218
0.490934
0.490651
0.490367
0.490083
0.489799
0.489515
0.489231
0.488946
0.488662
0.488377
0.488093
0.487808
0.487523
0.487238
0.486953
0.486668
0.486383
0.486097
0.485812
0.485526
0.48524
0.484954
0.484668
0.484382
0.484096
0.48381
0.483523
0.483237
0.48295
0.482663
0.482377
0.48209
0.481802
0.481515
0.481228
0.480941
0.480653
0.480365
0.480078
0.47979
0.479502
0.479214
0.478926
0.478637
0.478349
0.478061
0.477772
0.477483
0.477194
0.476905
0.476616
0.476327
0.476038
0.475749
0.475459
0.47517
0.47488
0.47459
0.4743
0.47401
0.47372
0.47343
0.47314
0.472849
0.472559
0.472268
0.471977
0.471686
0.471395
0.471104
0.470813
0.470522
0.47023
0.469939
0.469647
0.469355
0.469064
0.468772
0.46848
0.468187
0.467895
0.467603
0.46731
0.467018
0.466725
0.466432
0.466139
0.465846
0.465553
0.46526
0.464966
0.464673
0.464379
0.464086
0.463792
0.463498
0.463204
0.46291
0.462616
0.462322
0.462027
0.461733
0.461438
0.461143
0.460849
0.460554
0.460259
0.459964
0.459668
0.459373
0.459077
0.458782
0.458486
0.45819
0.457895
0.457599
0.457303
0.457006
0.45671
0.456414
0.456117
0.455821
0.455524
0.455227
0.45493
0.454633
0.454336
0.454039
0.453741
0.453444
0.453146
0.452849
0.452551
0.452253
0.451955
0.451657
0.451359
0.451061
0.450762
0.450464
0.450165
0.449867
0.449568
0.449269
0.44897
0.448671
0.448372
0.448072
0.447773
0.447473
0.447174
0.446874
0.446574
0.446274
0.445974
0.445674
0.445374
0.445074
0.444773
0.444473
0.444172
0.443871
0.44357
0.443269
0.442968
0.442667
0.442366
0.442065
0.441763
0.441462
0.44116
0.440858
0.440556
0.440255
0.439952
0.43965
0.439348
0.439046
0.438743
0.438441
0.438138
0.437835
0.437532
0.43723
0.436926
0.436623
0.43632
0.436017
0.435713
0.43541
0.435106
0.434802
0.434498
0.434195
0.433891
0.433586
0.433282
0.432978
0.432673
0.432369
0.432064
0.431759
0.431455
0.43115
0.430845
0.43054
0.430234
0.429929
0.429624
0.429318
0.429012
0.428707
0.428401
0.428095
0.427789
0.427483
0.427177
0.42687
0.426564
0.426257
0.425951
0.425644
0.425337
0.425031
0.424724
0.424417
0.424109
0.423802
0.423495
0.423187
0.42288
0.422572
0.422264
0.421957
0.421649
0.421341
0.421032
0.420724
0.420416
0.420108
0.419799
0.41949
0.419182
0.418873
0.418564
0.418255
0.417946
0.417637
0.417328
0.417018
0.416709
0.416399
0.41609
0.41578
0.41547
0.41516
0.41485
0.41454
0.41423
0.41392
0.413609
0.413299
0.412988
0.412678
0.412367
0.412056
0.411745
0.411434
0.411123
0.410812
0.410501
0.410189
0.409878
0.409566
0.409255
0.408943
0.408631
0.408319
0.408007
0.407695
0.407383
0.407071
0.406758
0.406446
0.406133
0.405821
0.405508
0.405195
0.404882
0.404569
0.404256
0.403943
0.40363
0.403316
0.403003
0.402689
0.402376
0.402062
0.401748
0.401434
0.40112
0.400806
0.400492
0.400178
0.399864
0.399549
0.399235
0.39892
0.398605
0.398291
0.397976
0.397661
0.397346
0.397031
0.396716
0.3964
0.396085
0.39577
0.395454
0.395138
0.394823
0.394507
0.394191
0.393875
0.393559
0.393243
0.392927
0.392611
0.392294
0.391978
0.391661
0.391345
0.391028
0.390711
0.390394
0.390077
0.38976
0.389443
0.389126
0.388809
0.388491
0.388174
0.387856
0.387539
0.387221
0.386903
0.386585
0.386267
0.385949
0.385631
0.385313
0.384995
0.384677
0.384358
0.38404
0.383721
0.383402
0.383084
0.382765
0.382446
0.382127
0.381808
0.381489
0.38117
0.38085
0.380531
0.380211
0.379892
0.379572
0.379253
0.378933
0.378613
0.378293
0.377973
0.377653
0.377333
0.377013
0.376692
0.376372
0.376052
0.375731
0.37541
0.37509
0.374769
0.374448
0.374127
0.373806
0.373485
0.373164
0.372843
0.372522
0.3722
0.371879
0.371557
0.371236
0.370914
0.370592
0.370271
0.369949
0.369627
0.369305
0.368983
0.368661
0.368338
0.368016
0.367694
0.367371
0.367049
0.366726
0.366403
0.366081
0.365758
0.365435
0.365112
0.364789
0.364466
0.364143
0.36382
0.363496
0.363173
0.36285
0.362526
0.362203
0.361879
0.361555
0.361231
0.360908
0.360584
0.36026
0.359936
0.359612
0.359287
0.358963
0.358639
0.358314
0.35799
0.357665
0.357341
0.357016
0.356692
0.356367
0.356042
0.355717
0.355392
0.355067
0.354742
0.354417
0.354092
0.353766
0.353441
0.353116
0.35279
0.352465
0.352139
0.351813
0.351488
0.351162
0.350836
0.35051
0.350184
0.349858
0.349532
0.349206
0.34888
0.348553
0.348227
0.3479
0.347574
0.347248
0.346921
0.346594
0.346268
0.345941
0.345614
0.345287
0.34496
0.344633
0.344306
0.343979
0.343652
0.343325
0.342997
0.34267
0.342343
0.342015
0.341688
0.34136
0.341033
0.340705
0.340377
0.340049
0.339722
0.339394
0.339066
0.338738
0.33841
0.338082
0.337754
0.337425
0.337097
0.336769
0.33644
0.336112
0.335784
0.335455
0.335126
0.334798
0.334469
0.33414
0.333812
0.333483
0.333154
0.332825
0.332496
0.332167
0.331838
0.331509
0.33118
0.330851
0.330521
0.330192
0.329863
0.329533
0.329204
0.328874
0.328545
0.328215
0.327885
0.327556
0.327226
0.326896
0.326566
0.326237
0.325907
0.325577
0.325247
0.324917
0.324587
0.324256
0.323926
0.323596
0.323266
0.322936
0.322605
0.322275
0.321944
0.321614
0.321283
0.320953
0.320622
0.320292
0.319961
0.31963
0.3193
0.318969
0.318638
0.318307
0.317976
0.317645
0.317314
0.316983
0.316652
0.316321
0.31599
0.315659
0.315328
0.314996
0.314665
0.314334
0.314002
0.313671
0.31334
0.313008
0.312677
0.312345
0.312014
0.311682
0.311351
0.311019
0.310687
0.310355
0.310024
0.309692
0.30936
0.309028
0.308696
0.308365
0.308033
0.307701
0.307369
0.307037
0.306705
0.306373
0.306041
0.305708
0.305376
0.305044
0.304712
0.30438
0.304047
0.303715
0.303383
0.30305
0.302718
0.302386
0.302053
0.301721
0.301388
0.301056
0.300723
0.300391
0.300058
0.299726
0.299393
0.29906
0.298728
0.298395
0.298062
0.29773
0.297397
0.297064
0.296732
0.296399
0.296066
0.295733
0.2954
0.295067
0.294735
0.294402
0.294069
0.293736
0.293403
0.29307
0.292737
0.292404
0.292071
0.291738
0.291405
0.291072
0.290739
0.290406
0.290073
0.289739
0.289406
0.289073
0.28874
0.288407
0.288074
0.287741
0.287407
0.287074
0.286741
0.286408
0.286075
0.285741
0.285408
0.285075
0.284742
0.284408
0.284075
0.283742
0.283408
0.283075
0.282742
0.282409
0.282075
0.281742
0.281409
0.281075
0.280742
0.280409
0.280075
0.279742
0.279409
0.279075
0.278742
0.278409
0.278075
0.277742
0.277409
0.277075
0.276742
0.276408
0.276075
0.275742
0.275408
0.275075
0.274742
0.274408
0.274075
0.273742
0.273408
0.273075
0.272742
0.272409
0.272075
0.271742
0.271409
0.271075
0.270742
0.270409
0.270076
0.269742
0.269409
0.269076
0.268743
0.268409
0.268076
0.267743
0.26741
0.267077
0.266744
0.26641
0.266077
0.265744
0.265411
0.265078
0.264745
0.264412
0.264079
0.263746
0.263413
0.26308
0.262747
0.262414
0.262081
0.261748
0.261415
0.261082
0.260749
0.260416
0.260083
0.259751
0.259418
0.259085
0.258752
0.25842
0.258087
0.257754
0.257421
0.257089
0.256756
0.256424
0.256091
0.255758
0.255426
0.255093
0.254761
0.254429
0.254096
0.253764
0.253431
0.253099
0.252767
0.252434
0.252102
0.25177
0.251438
0.251106
0.250773
0.250441
0.250109
0.249777
0.249445
0.249113
0.248781
0.24845
0.248118
0.247786
0.247454
0.247122
0.246791
0.246459
0.246127
0.245796
0.245464
0.245133
0.244801
0.24447
0.244138
0.243807
0.243476
0.243144
0.242813
0.242482
0.242151
0.241819
0.241488
0.241157
0.240826
0.240495
0.240165
0.239834
0.239503
0.239172
0.238841
0.238511
0.23818
0.23785
0.237519
0.237189
0.236858
0.236528
0.236198
0.235867
0.235537
0.235207
0.234877
0.234547
0.234217
0.233887
0.233557
0.233227
0.232897
0.232568
0.232238
0.231908
0.231579
0.231249
0.23092
0.23059
0.230261
0.229932
0.229603
0.229273
0.228944
0.228615
0.228286
0.227958
0.227629
0.2273
0.226971
0.226643
0.226314
0.225986
0.225657
0.225329
0.225
0.224672
0.224344
0.224016
0.223688
0.22336
0.223032
0.222704
0.222377
0.222049
0.221721
0.221394
0.221066
0.220739
0.220412
0.220084
0.219757
0.21943
0.219103
0.218776
0.218449
0.218123
0.217796
0.217469
0.217143
0.216816
0.21649
0.216164
0.215837
0.215511
0.215185
0.214859
0.214533
0.214207
0.213882
0.213556
0.213231
0.212905
0.21258
0.212254
0.211929
0.211604
0.211279
0.210954
0.210629
0.210305
0.20998
0.209655
0.209331
0.209006
0.208682
0.208358
0.208034
0.20771
0.207386
0.207062
0.206738
0.206415
0.206091
0.205768
0.205445
0.205121
0.204798
0.204475
0.204152
0.203829
0.203507
0.203184
0.202861
0.202539
0.202217
0.201895
0.201572
0.20125
0.200929
0.200607
0.200285
0.199963
0.199642
0.199321
0.198999
0.198678
0.198357
0.198036
0.197716
0.197395
0.197074
0.196754
0.196433
0.196113
0.195793
0.195473
0.195153
0.194833
0.194514
0.194194
0.193875
0.193556
0.193236
0.192917
0.192598
0.19228
0.191961
0.191642
0.191324
0.191005
0.190687
0.190369
0.190051
0.189733
0.189416
0.189098
0.188781
0.188463
0.188146
0.187829
0.187512
0.187195
0.186879
0.186562
0.186246
0.18593
0.185613
0.185297
0.184982
0.184666
0.18435
0.184035
0.18372
0.183404
0.183089
0.182774
0.18246
0.182145
0.181831
0.181516
0.181202
0.180888
0.180574
0.18026
0.179947
0.179633
0.17932
0.179007
0.178694
0.178381
0.178068
0.177755
0.177443
0.177131
0.176819
0.176507
0.176195
0.175883
0.175572
0.17526
0.174949
0.174638
0.174327
0.174016
0.173706
0.173395
0.173085
0.172775
0.172465
0.172155
0.171845
0.171536
0.171227
0.170917
0.170608
0.1703
0.169991
0.169682
0.169374
0.169066
0.168758
0.16845
0.168142
0.167835
0.167527
0.16722
0.166913
0.166607
0.1663
0.165993
0.165687
0.165381
0.165075
0.164769
0.164464
0.164158
0.163853
0.163548
0.163243
0.162938
0.162634
0.162329
0.162025
0.161721
0.161417
0.161114
0.16081
0.160507
0.160204
0.159901
0.159598
0.159296
0.158993
0.158691
0.158389
0.158087
0.157786
0.157484
0.157183
0.156882
0.156581
0.156281
0.15598
0.15568
0.15538
0.15508
0.154781
0.154481
0.154182
0.153883
0.153584
0.153285
0.152987
0.152688
0.15239
0.152092
0.151795
0.151497
0.1512
0.150903
0.150606
0.15031
0.150013
0.149717
0.149421
0.149125
0.148829
0.148534
0.148239
0.147944
0.147649
0.147355
0.14706
0.146766
0.146472
0.146178
0.145885
0.145592
0.145299
0.145006
0.144713
0.144421
0.144129
0.143837
0.143545
0.143253
0.142962
0.142671
0.14238
0.142089
0.141799
0.141509
0.141219
0.140929
0.14064
0.14035
0.140061
0.139773
0.139484
0.139196
0.138907
0.13862
0.138332
0.138044
0.137757
0.13747
0.137183
0.136897
0.136611
0.136325
0.136039
0.135753
0.135468
0.135183
0.134898
0.134614
0.134329
0.134045
0.133761
0.133478
0.133194
0.132911
0.132628
0.132345
0.132063
0.131781
0.131499
0.131217
0.130936
0.130655
0.130374
0.130093
0.129813
0.129533
0.129253
0.128973
0.128694
0.128414
0.128135
0.127857
0.127578
0.1273
0.127022
0.126745
0.126467
0.12619
0.125913
0.125637
0.125361
0.125085
0.124809
0.124533
0.124258
0.123983
0.123708
0.123434
0.12316
0.122886
0.122612
0.122338
0.122065
0.121792
0.12152
0.121248
0.120975
0.120704
0.120432
0.120161
0.11989
0.119619
0.119349
0.119079
0.118809
0.118539
0.11827
0.118001
0.117732
0.117464
0.117195
0.116928
0.11666
0.116393
0.116125
0.115859
0.115592
0.115326
0.11506
0.114794
0.114529
0.114264
0.113999
0.113735
0.11347
0.113206
0.112943
0.112679
0.112416
0.112153
0.111891
0.111629
0.111367
0.111105
0.110844
0.110583
0.110322
0.110062
0.109802
0.109542
0.109282
0.109023
0.108764
0.108505
0.108247
0.107989
0.107731
0.107474
0.107217
0.10696
0.106703
0.106447
0.106191
0.105935
0.10568
0.105425
0.10517
0.104916
0.104662
0.104408
0.104155
0.103901
0.103649
0.103396
0.103144
0.102892
0.10264
0.102389
0.102138
0.101887
0.101637
0.101387
0.101137
0.100888
0.100639
0.10039
0.100141
0.0998931
0.0996453
0.0993977
0.0991505
0.0989036
0.0986571
0.0984108
0.0981649
0.0979193
0.097674
0.097429
0.0971844
0.0969401
0.0966961
0.0964524
0.0962091
0.0959661
0.0957234
0.095481
0.095239
0.0949973
0.0947559
0.0945148
0.0942741
0.0940337
0.0937937
0.0935539
0.0933145
0.0930754
0.0928367
0.0925983
0.0923602
0.0921225
0.0918851
0.091648
0.0914112
0.0911748
0.0909388
0.090703
0.0904676
0.0902325
0.0899978
0.0897634
0.0895294
0.0892957
0.0890623
0.0888293
0.0885966
0.0883642
0.0881322
0.0879005
0.0876692
0.0874382
0.0872075
0.0869772
0.0867473
0.0865177
0.0862884
0.0860595
0.0858309
0.0856026
0.0853747
0.0851472
0.08492
0.0846931
0.0844666
0.0842404
0.0840146
0.0837892
0.083564
0.0833393
0.0831149
0.0828908
0.0826671
0.0824437
0.0822207
0.081998
0.0817757
0.0815537
0.0813321
0.0811109
0.08089
0.0806694
0.0804492
0.0802294
0.0800099
0.0797907
0.079572
0.0793535
0.0791355
0.0789178
0.0787004
0.0784834
0.0782668
0.0780505
0.0778346
0.077619
0.0774038
0.0771889
0.0769744
0.0767603
0.0765465
0.0763331
0.07612
0.0759074
0.075695
0.075483
0.0752714
0.0750602
0.0748493
0.0746388
0.0744286
0.0742188
0.0740094
0.0738003
0.0735916
0.0733832
0.0731753
0.0729676
0.0727604
0.0725535
0.072347
0.0721408
0.071935
0.0717296
0.0715245
0.0713198
0.0711155
0.0709115
0.0707079
0.0705047
0.0703018
0.0700993
0.0698972
0.0696955
0.0694941
0.069293
0.0690924
0.0688921
0.0686922
0.0684926
0.0682935
0.0680947
0.0678962
0.0676981
0.0675004
0.0673031
0.0671062
0.0669096
0.0667134
0.0665175
0.066322
0.0661269
0.0659322
0.0657378
0.0655438
0.0653502
0.065157
0.0649641
0.0647716
0.0645795
0.0643877
0.0641963
0.0640053
0.0638147
0.0636244
0.0634345
0.063245
0.0630558
0.0628671
0.0626787
0.0624906
0.062303
0.0621157
0.0619288
0.0617423
0.0615561
0.0613703
0.0611849
0.0609999
0.0608152
0.0606309
0.060447
0.0602635
0.0600803
0.0598975
0.0597151
0.0595331
0.0593514
0.0591701
0.0589892
0.0588087
0.0586285
0.0584487
0.0582693
0.0580902
0.0579116
0.0577333
0.0575554
0.0573778
0.0572007
0.0570239
0.0568474
0.0566714
0.0564957
0.0563204
0.0561455
0.055971
0.0557968
0.055623
0.0554496
0.0552766
0.0551039
0.0549316
0.0547597
0.0545881
0.054417
0.0542462
0.0540758
0.0539057
0.053736
0.0535667
0.0533978
0.0532293
0.0530611
0.0528933
0.0527259
0.0525588
0.0523921
0.0522258
0.0520599
0.0518943
0.0517292
0.0515643
0.0513999
0.0512358
0.0510722
0.0509088
0.0507459
0.0505833
0.0504211
0.0502593
0.0500978
0.0499367
0.049776
0.0496157
0.0494557
0.0492961
0.0491369
0.0489781
0.0488196
0.0486615
0.0485037
0.0483463
0.0481893
0.0480327
0.0478765
0.0477206
0.0475651
0.0474099
0.0472551
0.0471007
0.0469467
0.046793
0.0466397
0.0464868
0.0463342
0.046182
0.0460302
0.0458787
0.0457276
0.0455769
0.0454265
0.0452765
0.0451269
0.0449776
0.0448288
0.0446802
0.0445321
0.0443843
0.0442368
0.0440898
0.0439431
0.0437967
0.0436508
0.0435051
0.0433599
0.043215
0.0430705
0.0429263
0.0427825
0.0426391
0.042496
0.0423533
0.042211
0.042069
0.0419274
0.0417861
0.0416452
0.0415047
0.0413645
0.0412247
0.0410852
0.0409461
0.0408074
0.040669
0.0405309
0.0403933
0.040256
0.040119
0.0399824
0.0398462
0.0397103
0.0395747
0.0394396
0.0393047
0.0391703
0.0390361
0.0389024
0.038769
0.0386359
0.0385032
0.0383709
0.0382389
0.0381072
0.0379759
0.037845
0.0377144
0.0375842
0.0374543
0.0373247
0.0371955
0.0370667
0.0369382
0.0368101
0.0366823
0.0365548
0.0364277
0.036301
0.0361745
0.0360485
0.0359228
0.0357974
0.0356723
0.0355477
0.0354233
0.0352993
0.0351757
0.0350523
0.0349294
0.0348067
0.0346844
0.0345625
0.0344409
0.0343196
0.0341987
0.0340781
0.0339578
0.0338379
0.0337183
0.0335991
0.0334802
0.0333616
0.0332434
0.0331255
0.0330079
0.0328907
0.0327738
0.0326573
0.032541
0.0324251
0.0323096
0.0321944
0.0320795
0.0319649
0.0318506
0.0317367
0.0316232
0.0315099
0.031397
0.0312844
0.0311721
0.0310602
0.0309486
0.0308373
0.0307263
0.0306157
0.0305054
0.0303954
0.0302857
0.0301764
0.0300674
0.0299587
0.0298503
0.0297422
0.0296345
0.0295271
0.02942
0.0293132
0.0292067
0.0291006
0.0289948
0.0288893
0.0287841
0.0286792
0.0285746
0.0284704
0.0283665
0.0282628
0.0281595
0.0280565
0.0279539
0.0278515
0.0277494
0.0276477
0.0275462
0.0274451
0.0273443
0.0272438
0.0271436
0.0270437
0.0269441
0.0268448
0.0267458
0.0266471
0.0265488
0.0264507
0.0263529
0.0262555
0.0261583
0.0260614
0.0259649
0.0258686
0.0257727
0.025677
0.0255816
0.0254866
0.0253918
0.0252973
0.0252032
0.0251093
0.0250157
0.0249224
0.0248294
0.0247367
0.0246443
0.0245522
0.0244604
0.0243689
0.0242776
0.0241867
0.024096
0.0240056
0.0239155
0.0238257
0.0237362
0.023647
0.0235581
0.0234694
0.0233811
0.023293
0.0232052
0.0231177
0.0230304
0.0229435
0.0228568
0.0227704
0.0226843
0.0225985
0.0225129
0.0224276
0.0223426
0.0222579
0.0221735
0.0220893
0.0220054
0.0219218
0.0218384
0.0217554
0.0216726
0.02159
0.0215078
0.0214258
0.0213441
0.0212626
0.0211815
0.0211006
0.0210199
0.0209396
0.0208594
0.0207796
0.0207
0.0206207
0.0205417
0.0204629
0.0203844
0.0203061
0.0202281
0.0201504
0.0200729
0.0199957
0.0199188
0.0198421
0.0197656
0.0196895
0.0196135
0.0195379
0.0194625
0.0193873
0.0193124
0.0192378
0.0191634
0.0190892
0.0190153
0.0189417
0.0188683
0.0187952
0.0187223
0.0186497
0.0185773
0.0185051
0.0184332
0.0183616
0.0182902
0.018219
0.0181481
0.0180774
0.018007
0.0179368
0.0178669
0.0177972
0.0177277
0.0176585
0.0175895
0.0175208
0.0174523
0.017384
0.017316
0.0172482
0.0171807
0.0171133
0.0170463
0.0169794
0.0169128
0.0168464
0.0167803
0.0167143
0.0166487
0.0165832
0.016518
0.016453
0.0163882
0.0163237
0.0162594
0.0161953
0.0161314
0.0160678
0.0160044
0.0159412
0.0158782
0.0158155
0.015753
0.0156907
0.0156286
0.0155667
0.0155051
0.0154437
0.0153825
0.0153215
0.0152608
0.0152002
0.0151399
0.0150798
0.0150199
0.0149602
0.0149008
0.0148415
0.0147825
0.0147237
0.0146651
0.0146066
0.0145485
0.0144905
0.0144327
0.0143751
0.0143178
0.0142606
0.0142037
0.014147
0.0140904
0.0140341
0.013978
0.0139221
0.0138664
0.0138109
0.0137555
0.0137004
0.0136455
0.0135908
0.0135363
0.013482
0.0134279
0.013374
0.0133203
0.0132668
0.0132135
0.0131604
0.0131074
0.0130547
0.0130022
0.0129498
0.0128977
0.0128457
0.0127939
0.0127424
0.012691
0.0126398
0.0125888
0.012538
0.0124873
0.0124369
0.0123866
0.0123366
0.0122867
0.012237
0.0121875
0.0121382
0.012089
0.01204
0.0119913
0.0119427
0.0118943
0.011846
0.011798
0.0117501
0.0117024
0.0116549
0.0116076
0.0115604
0.0115134
0.0114666
0.01142
0.0113735
0.0113272
0.0112811
0.0112352
0.0111895
0.0111439
0.0110985
0.0110532
0.0110081
0.0109632
0.0109185
0.0108739
0.0108296
0.0107853
0.0107413
0.0106974
0.0106537
0.0106101
0.0105667
0.0105235
0.0104804
0.0104375
0.0103948
0.0103522
0.0103098
0.0102676
0.0102255
0.0101835
0.0101418
0.0101002
0.0100587
0.0100174
0.00997632
0.00993534
0.00989453
0.00985387
0.00981337
0.00977303
0.00973284
0.0096928
0.00965292
0.00961319
0.00957361
0.00953419
0.00949492
0.0094558
0.00941683
0.00937802
0.00933935
0.00930083
0.00926246
0.00922424
0.00918617
0.00914825
0.00911047
0.00907284
0.00903535
0.00899801
0.00896082
0.00892377
0.00888686
0.0088501
0.00881348
0.008777
0.00874067
0.00870447
0.00866842
0.00863251
0.00859674
0.00856111
0.00852562
0.00849026
0.00845505
0.00841997
0.00838503
0.00835023
0.00831556
0.00828103
0.00824664
0.00821238
0.00817825
0.00814426
0.0081104
0.00807668
0.00804308
0.00800962
0.0079763
0.0079431
0.00791003
0.0078771
0.00784429
0.00781161
0.00777907
0.00774665
0.00771436
0.00768219
0.00765016
0.00761825
0.00758646
0.00755481
0.00752328
0.00749187
0.00746059
0.00742943
0.00739839
0.00736748
0.00733669
0.00730603
0.00727548
0.00724506
0.00721476
0.00718458
0.00715451
0.00712457
0.00709475
0.00706505
0.00703546
0.00700599
0.00697665
0.00694741
0.0069183
0.0068893
0.00686042
0.00683165
0.006803
0.00677446
0.00674603
0.00671772
0.00668953
0.00666144
0.00663347
0.00660562
0.00657787
0.00655023
0.00652271
0.00649529
0.00646799
0.0064408
0.00641371
0.00638674
0.00635987
0.00633311
0.00630646
0.00627992
0.00625348
0.00622715
0.00620093
0.00617481
0.00614879
0.00612289
0.00609708
0.00607138
0.00604579
0.0060203
0.00599491
0.00596962
0.00594444
0.00591936
0.00589438
0.0058695
0.00584472
0.00582005
0.00579547
0.00577099
0.00574661
0.00572234
0.00569815
0.00567407
0.00565009
0.0056262
0.00560241
0.00557872
0.00555512
0.00553162
0.00550822
0.00548491
0.00546169
0.00543857
0.00541555
0.00539261
0.00536978
0.00534703
0.00532438
0.00530182
0.00527935
0.00525698
0.00523469
0.0052125
0.0051904
0.00516838
0.00514646
0.00512463
0.00510289
0.00508123
0.00505967
0.00503819
0.0050168
0.0049955
0.00497429
0.00495316
0.00493212
0.00491117
0.0048903
0.00486952
0.00484882
0.00482821
0.00480769
0.00478724
0.00476689
0.00474661
0.00472642
0.00470631
0.00468629
0.00466635
0.00464649
0.00462671
0.00460701
0.0045874
0.00456786
0.00454841
0.00452903
0.00450974
0.00449053
0.00447139
0.00445234
0.00443336
0.00441446
0.00439564
0.0043769
0.00435823
0.00433964
0.00432113
0.0043027
0.00428434
0.00426606
0.00424785
0.00422972
0.00421167
0.00419369
0.00417578
0.00415795
0.00414019
0.00412251
0.00410489
0.00408736
0.00406989
0.0040525
0.00403518
0.00401793
0.00400076
0.00398365
0.00396662
0.00394965
0.00393276
0.00391594
0.00389919
0.00388251
0.00386589
0.00384935
0.00383288
0.00381647
0.00380013
0.00378386
0.00376766
0.00375153
0.00373546
0.00371946
0.00370353
0.00368766
0.00367186
0.00365613
0.00364046
0.00362486
0.00360932
0.00359385
0.00357844
0.00356309
0.00354781
0.0035326
0.00351745
0.00350236
0.00348733
0.00347237
0.00345747
0.00344263
0.00342786
0.00341315
0.0033985
0.00338391
0.00336938
0.00335491
0.0033405
0.00332615
0.00331187
0.00329764
0.00328347
0.00326937
0.00325532
0.00324133
0.0032274
0.00321353
0.00319971
0.00318596
0.00317226
0.00315862
0.00314504
0.00313151
0.00311805
0.00310463
0.00309128
0.00307798
0.00306474
0.00305155
0.00303842
0.00302534
0.00301232
0.00299935
0.00298644
0.00297358
0.00296078
0.00294803
0.00293534
0.00292269
0.00291011
0.00289757
0.00288509
0.00287266
0.00286028
0.00284796
0.00283568
0.00282346
0.00281129
0.00279918
0.00278711
0.00277509
0.00276313
0.00275122
0.00273935
0.00272754
0.00271577
0.00270406
0.0026924
0.00268078
0.00266922
0.0026577
0.00264623
0.00263481
0.00262344
0.00261212
0.00260084
0.00258962
0.00257844
0.0025673
0.00255622
0.00254518
0.00253419
0.00252325
0.00251235
0.0025015
0.00249069
0.00247993
0.00246922
0.00245855
0.00244793
0.00243735
0.00242682
0.00241633
0.00240588
0.00239548
0.00238513
0.00237482
0.00236455
0.00235433
0.00234415
0.00233401
0.00232392
0.00231387
0.00230386
0.00229389
0.00228397
0.00227409
0.00226425
0.00225445
0.0022447
0.00223499
0.00222531
0.00221568
0.00220609
0.00219654
0.00218704
0.00217757
0.00216814
0.00215875
0.00214941
0.0021401
0.00213083
0.0021216
0.00211241
0.00210327
0.00209416
0.00208508
0.00207605
0.00206706
0.0020581
0.00204918
0.0020403
0.00203146
0.00202266
0.00201389
0.00200516
0.00199647
0.00198782
0.0019792
0.00197062
0.00196208
0.00195357
0.0019451
0.00193667
0.00192827
0.00191991
0.00191158
0.00190329
0.00189503
0.00188681
0.00187863
0.00187048
0.00186236
0.00185428
0.00184624
0.00183822
0.00183025
0.00182231
0.0018144
0.00180652
0.00179868
0.00179087
0.0017831
0.00177536
0.00176765
0.00175998
0.00175234
0.00174473
0.00173715
0.00172961
0.0017221
0.00171462
0.00170717
0.00169975
0.00169237
0.00168502
0.0016777
0.00167041
0.00166316
0.00165593
0.00164873
0.00164157
0.00163444
0.00162733
0.00162026
0.00161322
0.00160621
0.00159923
0.00159228
0.00158536
0.00157846
0.0015716
0.00156477
0.00155797
0.00155119
0.00154445
0.00153773
0.00153104
0.00152439
0.00151776
0.00151116
0.00150458
0.00149804
0.00149152
0.00148504
0.00147858
0.00147214
0.00146574
0.00145936
0.00145301
0.00144669
0.0014404
0.00143413
0.00142789
0.00142167
0.00141549
0.00140933
0.00140319
0.00139708
0.001391
0.00138495
0.00137892
0.00137292
0.00136694
0.00136099
0.00135506
0.00134916
0.00134329
0.00133744
0.00133161
0.00132582
0.00132004
0.00131429
0.00130857
0.00130287
0.00129719
0.00129154
0.00128592
0.00128032
0.00127474
0.00126919
0.00126366
0.00125815
0.00125267
0.00124721
0.00124178
0.00123637
0.00123098
0.00122561
0.00122027
0.00121496
0.00120966
0.00120439
0.00119914
0.00119391
0.00118871
0.00118353
0.00117837
0.00117323
0.00116811
0.00116302
0.00115795
0.0011529
0.00114788
0.00114287
0.00113789
0.00113293
0.00112799
0.00112307
0.00111817
0.00111329
0.00110844
0.0011036
0.00109879
0.001094
0.00108922
0.00108447
0.00107974
0.00107503
0.00107034
0.00106567
0.00106102
0.00105639
0.00105178
0.0010472
0.00104263
0.00103808
0.00103355
0.00102904
0.00102455
0.00102007
0.00101562
0.00101119
0.00100678
0.00100238
0.000998008
0.000993652
0.000989314
0.000984996
0.000980696
0.000976415
0.000972152
0.000967908
0.000963683
0.000959475
0.000955286
0.000951115
0.000946962
0.000942828
0.000938711
0.000934612
0.00093053
0.000926467
0.000922421
0.000918392
0.000914382
0.000910388
0.000906412
0.000902453
0.000898511
0.000894587
0.000890679
0.000886789
0.000882915
0.000879058
0.000875218
0.000871394
0.000867587
0.000863797
0.000860023
0.000856266
0.000852524
0.0008488
0.000845091
0.000841398
0.000837721
0.000834061
0.000830416
0.000826787
0.000823174
0.000819577
0.000815995
0.000812429
0.000808878
0.000805343
0.000801823
0.000798318
0.000794829
0.000791354
0.000787895
0.000784451
0.000781022
0.000777608
0.000774208
0.000770824
0.000767454
0.000764098
0.000760758
0.000757432
0.00075412
0.000750823
0.00074754
0.000744271
0.000741017
0.000737777
0.00073455
0.000731338
0.00072814
0.000724956
0.000721786
0.000718629
0.000715486
0.000712357
0.000709241
0.000706139
0.000703051
0.000699976
0.000696914
0.000693866
0.000690831
0.000687809
0.0006848
0.000681804
0.000678822
0.000675852
0.000672896
0.000669952
0.000667021
0.000664103
0.000661197
0.000658304
0.000655424
0.000652556
0.000649701
0.000646858
0.000644028
0.00064121
0.000638404
0.000635611
0.000632829
0.00063006
0.000627303
0.000624557
0.000621824
0.000619103
0.000616393
0.000613696
0.00061101
0.000608336
0.000605673
0.000603022
0.000600383
0.000597755
0.000595138
0.000592533
0.00058994
0.000587357
0.000584786
0.000582226
0.000579677
0.00057714
0.000574613
0.000572098
0.000569593
0.000567099
0.000564617
0.000562145
0.000559683
0.000557233
0.000554793
0.000552364
0.000549945
0.000547537
0.00054514
0.000542753
0.000540376
0.00053801
0.000535654
0.000533309
0.000530973
0.000528648
0.000526333
0.000524028
0.000521733
0.000519448
0.000517173
0.000514908
0.000512653
0.000510408
0.000508172
0.000505946
0.00050373
0.000501524
0.000499327
0.00049714
0.000494963
0.000492795
0.000490636
0.000488487
0.000486347
0.000484216
0.000482095
0.000479983
0.000477881
0.000475787
0.000473703
0.000471627
0.000469561
0.000467504
0.000465456
0.000463417
0.000461386
0.000459365
0.000457352
0.000455348
0.000453353
0.000451367
0.000449389
0.00044742
0.000445459
0.000443508
0.000441564
0.000439629
0.000437703
0.000435785
0.000433875
0.000431974
0.000430081
0.000428196
0.000426319
0.000424451
0.000422591
0.000420739
0.000418895
0.000417059
0.000415231
0.000413411
0.0004116
0.000409796
0.000407999
0.000406211
0.000404431
0.000402658
0.000400893
0.000399136
0.000397386
0.000395645
0.00039391
0.000392184
0.000390465
0.000388753
0.000387049
0.000385352
0.000383663
0.000381981
0.000380306
0.000378639
0.000376979
0.000375327
0.000373681
0.000372043
0.000370412
0.000368788
0.000367171
0.000365561
0.000363959
0.000362363
0.000360774
0.000359192
0.000357617
0.000356049
0.000354488
0.000352934
0.000351386
0.000349846
0.000348312
0.000346784
0.000345264
0.00034375
0.000342243
0.000340742
0.000339248
0.00033776
0.000336279
0.000334804
0.000333336
0.000331874
0.000330419
0.00032897
0.000327527
0.000326091
0.000324661
0.000323237
0.000321819
0.000320408
0.000319003
0.000317604
0.000316211
0.000314824
0.000313443
0.000312068
0.000310699
0.000309337
0.00030798
0.000306629
0.000305284
0.000303945
0.000302612
0.000301285
0.000299963
0.000298647
0.000297337
0.000296033
0.000294735
0.000293442
0.000292155
0.000290873
0.000289597
0.000288327
0.000287062
0.000285803
0.000284549
0.000283301
0.000282058
0.00028082
0.000279588
0.000278362
0.000277141
0.000275925
0.000274714
0.000273509
0.000272309
0.000271114
0.000269925
0.000268741
0.000267562
0.000266388
0.000265219
0.000264055
0.000262897
0.000261743
0.000260595
0.000259452
0.000258313
0.00025718
0.000256051
0.000254928
0.000253809
0.000252696
0.000251587
0.000250483
0.000249384
0.00024829
0.0002472
0.000246115
0.000245035
0.00024396
0.00024289
0.000241824
0.000240763
0.000239706
0.000238654
0.000237607
0.000236564
0.000235526
0.000234493
0.000233463
0.000232439
0.000231419
0.000230403
0.000229392
0.000228385
0.000227383
0.000226385
0.000225392
0.000224403
0.000223418
0.000222437
0.000221461
0.000220489
0.000219521
0.000218558
0.000217599
0.000216644
0.000215693
0.000214746
0.000213803
0.000212865
0.000211931
0.000211001
0.000210074
0.000209152
0.000208234
0.00020732
0.00020641
0.000205504
0.000204602
0.000203704
0.00020281
0.00020192
0.000201034
0.000200151
0.000199273
0.000198398
0.000197527
0.00019666
0.000195797
0.000194937
0.000194081
0.00019323
0.000192381
0.000191537
0.000190696
0.000189859
0.000189025
0.000188196
0.000187369
0.000186547
0.000185728
0.000184913
0.000184101
0.000183293
0.000182488
0.000181687
0.000180889
0.000180095
0.000179304
0.000178517
0.000177734
0.000176953
0.000176176
0.000175403
0.000174633
0.000173866
0.000173103
0.000172343
0.000171586
0.000170833
0.000170083
0.000169336
0.000168593
0.000167852
0.000167115
0.000166382
0.000165651
0.000164924
0.0001642
0.000163479
0.000162761
0.000162046
0.000161335
0.000160626
0.000159921
0.000159219
0.00015852
0.000157824
0.000157131
0.000156441
0.000155754
0.00015507
0.000154389
0.000153711
0.000153036
0.000152364
0.000151695
0.000151029
0.000150366
0.000149706
0.000149048
0.000148394
0.000147742
0.000147093
0.000146448
0.000145804
0.000145164
0.000144527
0.000143892
0.00014326
0.000142631
0.000142005
0.000141381
0.00014076
0.000140142
0.000139527
0.000138914
0.000138304
0.000137697
0.000137092
0.00013649
0.00013589
0.000135294
0.0001347
0.000134108
0.000133519
0.000132933
0.000132349
0.000131768
0.000131189
0.000130613
0.000130039
0.000129468
0.000128899
0.000128333
0.00012777
0.000127209
0.00012665
0.000126094
0.00012554
0.000124989
0.00012444
0.000123893
0.000123349
0.000122807
0.000122268
0.000121731
0.000121196
0.000120664
0.000120134
0.000119606
0.000119081
0.000118558
0.000118037
0.000117519
0.000117003
0.000116489
0.000115977
0.000115468
0.00011496
0.000114456
0.000113953
0.000113452
0.000112954
0.000112458
0.000111964
0.000111472
0.000110982
0.000110495
0.00011001
0.000109526
0.000109045
0.000108566
0.000108089
0.000107615
0.000107142
0.000106671
0.000106203
0.000105736
0.000105272
0.000104809
0.000104349
0.000103891
0.000103434
0.00010298
0.000102528
0.000102077
0.000101629
0.000101182
0.000100738
0.000100295
9.98549e-05
9.94162e-05
9.89795e-05
9.85447e-05
9.81118e-05
9.76808e-05
9.72517e-05
9.68245e-05
9.63992e-05
9.59757e-05
9.55541e-05
9.51343e-05
9.47164e-05
9.43003e-05
9.38861e-05
9.34736e-05
9.3063e-05
9.26542e-05
9.22472e-05
9.18419e-05
9.14384e-05
9.10368e-05
9.06368e-05
9.02386e-05
8.98422e-05
8.94475e-05
8.90546e-05
8.86633e-05
8.82738e-05
8.7886e-05
8.74999e-05
8.71155e-05
8.67328e-05
8.63518e-05
8.59724e-05
8.55947e-05
8.52187e-05
8.48443e-05
8.44715e-05
8.41004e-05
8.3731e-05
8.33631e-05
8.29969e-05
8.26322e-05
8.22692e-05
8.19078e-05
8.15479e-05
8.11896e-05
8.08329e-05
8.04778e-05
8.01242e-05
7.97722e-05
7.94217e-05
7.90728e-05
7.87254e-05
7.83795e-05
7.80351e-05
7.76923e-05
7.7351e-05
7.70111e-05
7.66728e-05
7.63359e-05
7.60005e-05
7.56666e-05
7.53341e-05
7.50031e-05
7.46736e-05
7.43455e-05
7.40189e-05
7.36937e-05
7.33699e-05
7.30475e-05
7.27266e-05
7.2407e-05
7.20889e-05
7.17722e-05
7.14568e-05
7.11428e-05
7.08303e-05
7.0519e-05
7.02092e-05
6.99007e-05
6.95936e-05
6.92878e-05
6.89834e-05
6.86803e-05
6.83785e-05
6.80781e-05
6.77789e-05
6.74811e-05
6.71846e-05
6.68894e-05
6.65955e-05
6.63029e-05
6.60116e-05
6.57215e-05
6.54327e-05
6.51452e-05
6.4859e-05
6.4574e-05
6.42903e-05
6.40078e-05
6.37265e-05
6.34465e-05
6.31677e-05
6.28902e-05
6.26138e-05
6.23387e-05
6.20648e-05
6.1792e-05
6.15205e-05
6.12502e-05
6.09811e-05
6.07131e-05
6.04463e-05
6.01807e-05
5.99163e-05
5.9653e-05
5.93909e-05
5.91299e-05
5.88701e-05
5.86114e-05
5.83538e-05
5.80974e-05
5.78421e-05
5.7588e-05
5.73349e-05
5.7083e-05
5.68321e-05
5.65824e-05
5.63337e-05
5.60862e-05
5.58397e-05
5.55944e-05
5.53501e-05
5.51068e-05
5.48647e-05
5.46236e-05
5.43836e-05
5.41446e-05
5.39066e-05
5.36698e-05
5.34339e-05
5.31991e-05
5.29653e-05
5.27326e-05
5.25008e-05
5.22701e-05
5.20404e-05
5.18118e-05
5.15841e-05
5.13574e-05
5.11317e-05
5.0907e-05
5.06833e-05
5.04606e-05
5.02388e-05
5.0018e-05
4.97982e-05
4.95794e-05
4.93615e-05
4.91446e-05
4.89286e-05
4.87136e-05
4.84995e-05
4.82864e-05
4.80742e-05
4.78629e-05
4.76526e-05
4.74432e-05
4.72347e-05
4.70271e-05
4.68205e-05
4.66147e-05
4.64098e-05
4.62059e-05
4.60028e-05
4.58007e-05
4.55994e-05
4.5399e-05
4.51995e-05
4.50008e-05
4.48031e-05
4.46062e-05
4.44102e-05
4.4215e-05
4.40207e-05
4.38272e-05
4.36346e-05
4.34428e-05
4.32519e-05
4.30618e-05
4.28726e-05
4.26842e-05
4.24966e-05
4.23098e-05
4.21239e-05
4.19388e-05
4.17544e-05
4.15709e-05
4.13882e-05
4.12064e-05
4.10253e-05
4.0845e-05
4.06655e-05
4.04867e-05
4.03088e-05
4.01316e-05
3.99553e-05
3.97797e-05
3.96048e-05
3.94308e-05
3.92575e-05
3.9085e-05
3.89132e-05
3.87422e-05
3.85719e-05
3.84024e-05
3.82336e-05
3.80656e-05
3.78983e-05
3.77317e-05
3.75659e-05
3.74008e-05
3.72364e-05
3.70728e-05
3.69098e-05
3.67476e-05
3.65861e-05
3.64253e-05
3.62652e-05
3.61058e-05
3.59471e-05
3.57891e-05
3.56319e-05
3.54752e-05
3.53193e-05
3.51641e-05
3.50096e-05
3.48557e-05
3.47025e-05
3.455e-05
3.43981e-05
3.42469e-05
3.40964e-05
3.39466e-05
3.37974e-05
3.36488e-05
3.35009e-05
3.33537e-05
3.32071e-05
3.30611e-05
3.29158e-05
3.27712e-05
3.26271e-05
3.24837e-05
3.2341e-05
3.21988e-05
3.20573e-05
3.19164e-05
3.17761e-05
3.16365e-05
3.14974e-05
3.1359e-05
3.12211e-05
3.10839e-05
3.09473e-05
3.08113e-05
3.06759e-05
3.0541e-05
3.04068e-05
3.02731e-05
3.01401e-05
3.00076e-05
2.98757e-05
2.97444e-05
2.96137e-05
2.94835e-05
2.93539e-05
2.92249e-05
2.90965e-05
2.89686e-05
2.88412e-05
2.87145e-05
2.85883e-05
2.84626e-05
2.83375e-05
2.8213e-05
2.80889e-05
2.79655e-05
2.78426e-05
2.77202e-05
2.75984e-05
2.7477e-05
2.73563e-05
2.7236e-05
2.71163e-05
2.69971e-05
2.68785e-05
2.67603e-05
2.66427e-05
2.65256e-05
2.6409e-05
2.62929e-05
2.61774e-05
2.60623e-05
2.59477e-05
2.58337e-05
2.57201e-05
2.56071e-05
2.54945e-05
2.53825e-05
2.52709e-05
2.51598e-05
2.50492e-05
2.49391e-05
2.48295e-05
2.47204e-05
2.46117e-05
2.45035e-05
2.43958e-05
2.42886e-05
2.41818e-05
2.40756e-05
2.39697e-05
2.38644e-05
2.37595e-05
2.3655e-05
2.35511e-05
2.34475e-05
2.33445e-05
2.32419e-05
2.31397e-05
2.3038e-05
2.29367e-05
2.28359e-05
2.27355e-05
2.26356e-05
2.25361e-05
2.2437e-05
2.23384e-05
2.22402e-05
2.21425e-05
2.20451e-05
2.19482e-05
2.18518e-05
2.17557e-05
2.16601e-05
2.15649e-05
2.14701e-05
2.13757e-05
2.12817e-05
2.11882e-05
2.10951e-05
2.10023e-05
2.091e-05
2.08181e-05
2.07266e-05
2.06355e-05
2.05448e-05
2.04545e-05
2.03646e-05
2.0275e-05
2.01859e-05
2.00972e-05
2.00089e-05
1.99209e-05
1.98333e-05
1.97462e-05
1.96594e-05
1.95729e-05
1.94869e-05
1.94012e-05
1.9316e-05
1.92311e-05
1.91465e-05
1.90624e-05
1.89786e-05
1.88951e-05
1.88121e-05
1.87294e-05
1.86471e-05
1.85651e-05
1.84835e-05
1.84022e-05
1.83213e-05
1.82408e-05
1.81606e-05
1.80808e-05
1.80013e-05
1.79222e-05
1.78434e-05
1.7765e-05
1.76869e-05
1.76091e-05
1.75317e-05
1.74546e-05
1.73779e-05
1.73015e-05
1.72255e-05
1.71498e-05
1.70744e-05
1.69993e-05
1.69246e-05
1.68502e-05
1.67761e-05
1.67024e-05
1.6629e-05
1.65559e-05
1.64831e-05
1.64106e-05
1.63385e-05
1.62667e-05
1.61952e-05
1.6124e-05
1.60531e-05
1.59825e-05
1.59123e-05
1.58423e-05
1.57727e-05
1.57033e-05
1.56343e-05
1.55656e-05
1.54971e-05
1.5429e-05
1.53612e-05
1.52937e-05
1.52264e-05
1.51595e-05
1.50929e-05
1.50265e-05
1.49605e-05
1.48947e-05
1.48292e-05
1.4764e-05
1.46991e-05
1.46345e-05
1.45702e-05
1.45061e-05
1.44424e-05
1.43789e-05
1.43157e-05
1.42527e-05
1.41901e-05
1.41277e-05
1.40656e-05
1.40038e-05
1.39422e-05
1.38809e-05
1.38199e-05
1.37591e-05
1.36987e-05
1.36384e-05
1.35785e-05
1.35188e-05
1.34594e-05
1.34002e-05
1.33413e-05
1.32826e-05
1.32243e-05
1.31661e-05
1.31082e-05
1.30506e-05
1.29932e-05
1.29361e-05
1.28793e-05
1.28226e-05
1.27663e-05
1.27101e-05
1.26543e-05
1.25986e-05
1.25433e-05
1.24881e-05
1.24332e-05
1.23786e-05
1.23241e-05
1.227e-05
1.2216e-05
1.21623e-05
1.21089e-05
1.20556e-05
1.20026e-05
1.19499e-05
1.18973e-05
1.1845e-05
1.1793e-05
1.17411e-05
1.16895e-05
1.16381e-05
1.15869e-05
1.1536e-05
1.14853e-05
1.14348e-05
1.13845e-05
1.13345e-05
1.12847e-05
1.12351e-05
1.11857e-05
1.11365e-05
1.10875e-05
1.10388e-05
1.09903e-05
1.09419e-05
1.08938e-05
1.0846e-05
1.07983e-05
1.07508e-05
1.07035e-05
1.06565e-05
1.06096e-05
1.0563e-05
1.05166e-05
1.04703e-05
1.04243e-05
1.03785e-05
1.03328e-05
1.02874e-05
1.02422e-05
1.01972e-05
1.01523e-05
1.01077e-05
1.00633e-05
1.0019e-05
9.97498e-06
9.93113e-06
9.88747e-06
9.844e-06
9.80072e-06
9.75764e-06
9.71474e-06
9.67203e-06
9.62951e-06
9.58718e-06
9.54503e-06
9.50307e-06
9.46129e-06
9.4197e-06
9.37829e-06
9.33706e-06
9.29601e-06
9.25514e-06
9.21445e-06
9.17394e-06
9.13361e-06
9.09346e-06
9.05348e-06
9.01368e-06
8.97405e-06
8.9346e-06
8.89532e-06
8.85622e-06
8.81728e-06
8.77852e-06
8.73992e-06
8.7015e-06
8.66325e-06
8.62516e-06
8.58724e-06
8.54949e-06
8.5119e-06
8.47448e-06
8.43723e-06
8.40013e-06
8.3632e-06
8.32644e-06
8.28983e-06
8.25339e-06
8.2171e-06
8.18098e-06
8.14501e-06
8.1092e-06
8.07355e-06
8.03806e-06
8.00272e-06
7.96754e-06
7.93251e-06
7.89763e-06
7.86291e-06
7.82834e-06
7.79393e-06
7.75966e-06
7.72555e-06
7.69158e-06
7.65777e-06
7.6241e-06
7.59058e-06
7.55721e-06
7.52399e-06
7.49091e-06
7.45798e-06
7.42519e-06
7.39255e-06
7.36005e-06
7.32769e-06
7.29547e-06
7.2634e-06
7.23147e-06
7.19967e-06
7.16802e-06
7.13651e-06
7.10513e-06
7.07389e-06
7.04279e-06
7.01183e-06
6.981e-06
6.95031e-06
6.91976e-06
6.88933e-06
6.85905e-06
6.82889e-06
6.79887e-06
6.76898e-06
6.73922e-06
6.70959e-06
6.68009e-06
6.65072e-06
6.62148e-06
6.59237e-06
6.56339e-06
6.53453e-06
6.5058e-06
6.4772e-06
6.44872e-06
6.42037e-06
6.39215e-06
6.36404e-06
6.33606e-06
6.30821e-06
6.28047e-06
6.25286e-06
6.22537e-06
6.198e-06
6.17075e-06
6.14362e-06
6.11661e-06
6.08972e-06
6.06295e-06
6.03629e-06
6.00975e-06
5.98333e-06
5.95703e-06
5.93084e-06
5.90476e-06
5.8788e-06
5.85295e-06
5.82722e-06
5.8016e-06
5.77609e-06
5.7507e-06
5.72542e-06
5.70025e-06
5.67518e-06
5.65023e-06
5.62539e-06
5.60066e-06
5.57604e-06
5.55152e-06
5.52711e-06
5.50281e-06
5.47862e-06
5.45453e-06
5.43055e-06
5.40668e-06
5.3829e-06
5.35924e-06
5.33568e-06
5.31222e-06
5.28886e-06
5.26561e-06
5.24246e-06
5.21941e-06
5.19646e-06
5.17362e-06
5.15087e-06
5.12822e-06
5.10568e-06
5.08323e-06
5.06088e-06
5.03863e-06
5.01648e-06
4.99442e-06
4.97246e-06
4.9506e-06
4.92884e-06
4.90717e-06
4.88559e-06
4.86411e-06
4.84273e-06
4.82143e-06
4.80024e-06
4.77913e-06
4.75812e-06
4.7372e-06
4.71637e-06
4.69564e-06
4.67499e-06
4.65444e-06
4.63397e-06
4.6136e-06
4.59331e-06
4.57312e-06
4.55301e-06
4.533e-06
4.51307e-06
4.49322e-06
4.47347e-06
4.4538e-06
4.43422e-06
4.41472e-06
4.39531e-06
4.37599e-06
4.35675e-06
4.33759e-06
4.31852e-06
4.29953e-06
4.28063e-06
4.26181e-06
4.24307e-06
4.22442e-06
4.20584e-06
4.18735e-06
4.16894e-06
4.15061e-06
4.13236e-06
4.1142e-06
4.09611e-06
4.0781e-06
4.06017e-06
4.04232e-06
4.02454e-06
4.00685e-06
3.98923e-06
3.97169e-06
3.95423e-06
3.93684e-06
3.91953e-06
3.9023e-06
3.88514e-06
3.86806e-06
3.85106e-06
3.83412e-06
3.81727e-06
3.80048e-06
3.78377e-06
3.76714e-06
3.75057e-06
3.73408e-06
3.71767e-06
3.70132e-06
3.68505e-06
3.66884e-06
3.65271e-06
3.63665e-06
3.62066e-06
3.60475e-06
3.5889e-06
3.57312e-06
3.55741e-06
3.54177e-06
3.52619e-06
3.51069e-06
3.49525e-06
3.47989e-06
3.46459e-06
3.44935e-06
3.43419e-06
3.41909e-06
3.40405e-06
3.38909e-06
3.37419e-06
3.35935e-06
3.34458e-06
3.32988e-06
3.31524e-06
3.30066e-06
3.28615e-06
3.2717e-06
3.25731e-06
3.24299e-06
3.22873e-06
3.21454e-06
3.2004e-06
3.18633e-06
3.17232e-06
3.15837e-06
3.14449e-06
3.13066e-06
3.1169e-06
3.10319e-06
3.08955e-06
3.07596e-06
3.06244e-06
3.04897e-06
3.03557e-06
3.02222e-06
3.00893e-06
2.9957e-06
2.98253e-06
2.96942e-06
2.95636e-06
2.94336e-06
2.93042e-06
2.91754e-06
2.90471e-06
2.89194e-06
2.87922e-06
2.86656e-06
2.85396e-06
2.84141e-06
2.82892e-06
2.81648e-06
2.8041e-06
2.79177e-06
2.77949e-06
2.76727e-06
2.7551e-06
2.74299e-06
2.73093e-06
2.71892e-06
2.70697e-06
2.69507e-06
2.68322e-06
2.67142e-06
2.65967e-06
2.64798e-06
2.63634e-06
