Vec Object: Vec_0x55adbf8b99c0_0 1 MPI process
  type: seq
1.
0.999941
0.999882
0.999823
0.999764
0.999705
0.999646
0.999587
0.999528
0.999469
0.99941
0.999351
0.999292
0.999233
0.999174
0.999114
0.999055
0.998996
0.998937
0.998878
0.998819
0.99876
0.9987
0.998641
0.998582
0.998523
0.998464
0.998404
0.998345
0.998286
0.998227
0.998168
0.998108
0.998049
0.99799
0.99793
0.997871
0.997812
0.997752
0.997693
0.997634
0.997574
0.997515
0.997456
0.997396
0.997337
0.997278
0.997218
0.997159
0.997099
0.99704
0.99698
0.996921
0.996861
0.996802
0.996742
0.996683
0.996623
0.996564
0.996504
0.996445
0.996385
0.996326
0.996266
0.996207
0.996147
0.996087
0.996028
0.995968
0.995909
0.995849
0.995789
0.99573
0.99567
0.99561
0.995551
0.995491
0.995431
0.995372
0.995312
0.995252
0.995192
0.995133
0.995073
0.995013
0.994953
0.994894
0.994834
0.994774
0.994714
0.994654
0.994594
0.994535
0.994475
0.994415
0.994355
0.994295
0.994235
0.994175
0.994115
0.994055
0.993996
0.993936
0.993876
0.993816
0.993756
0.993696
0.993636
0.993576
0.993516
0.993456
0.993396
0.993336
0.993275
0.993215
0.993155
0.993095
0.993035
0.992975
0.992915
0.992855
0.992795
0.992734
0.992674
0.992614
0.992554
0.992494
0.992434
0.992373
0.992313
0.992253
0.992193
0.992132
0.992072
0.992012
0.991952
0.991891
0.991831
0.991771
0.99171
0.99165
0.99159
0.991529
0.991469
0.991409
0.991348
0.991288
0.991227
0.991167
0.991107
0.991046
0.990986
0.990925
0.990865
0.990804
0.990744
0.990683
0.990623
0.990562
0.990502
0.990441
0.990381
0.99032
0.990259
0.990199
0.990138
0.990078
0.990017
0.989956
0.989896
0.989835
0.989774
0.989714
0.989653
0.989592
0.989532
0.989471
0.98941
0.98935
0.989289
0.989228
0.989167
0.989107
0.989046
0.988985
0.988924
0.988863
0.988803
0.988742
0.988681
0.98862
0.988559
0.988498
0.988437
0.988376
0.988316
0.988255
0.988194
0.988133
0.988072
0.988011
0.98795
0.987889
0.987828
0.987767
0.987706
0.987645
0.987584
0.987523
0.987462
0.987401
0.98734
0.987278
0.987217
0.987156
0.987095
0.987034
0.986973
0.986912
0.98685
0.986789
0.986728
0.986667
0.986606
0.986544
0.986483
0.986422
0.986361
0.986299
0.986238
0.986177
0.986116
0.986054
0.985993
0.985932
0.98587
0.985809
0.985748
0.985686
0.985625
0.985563
0.985502
0.985441
0.985379
0.985318
0.985256
0.985195
0.985133
0.985072
0.98501
0.984949
0.984887
0.984826
0.984764
0.984703
0.984641
0.98458
0.984518
0.984456
0.984395
0.984333
0.984272
0.98421
0.984148
0.984087
0.984025
0.983963
0.983901
0.98384
0.983778
0.983716
0.983655
0.983593
0.983531
0.983469
0.983408
0.983346
0.983284
0.983222
0.98316
0.983098
0.983037
0.982975
0.982913
0.982851
0.982789
0.982727
0.982665
0.982603
0.982541
0.982479
0.982417
0.982355
0.982293
0.982231
0.982169
0.982107
0.982045
0.981983
0.981921
0.981859
0.981797
0.981735
0.981673
0.981611
0.981549
0.981486
0.981424
0.981362
0.9813
0.981238
0.981176
0.981113
0.981051
0.980989
0.980927
0.980864
0.980802
0.98074
0.980678
0.980615
0.980553
0.980491
0.980428
0.980366
0.980304
0.980241
0.980179
0.980116
0.980054
0.979992
0.979929
0.979867
0.979804
0.979742
0.979679
0.979617
0.979554
0.979492
0.979429
0.979367
0.979304
0.979242
0.979179
0.979116
0.979054
0.978991
0.978929
0.978866
0.978803
0.978741
0.978678
0.978615
0.978553
0.97849
0.978427
0.978365
0.978302
0.978239
0.978176
0.978113
0.978051
0.977988
0.977925
0.977862
0.977799
0.977737
0.977674
0.977611
0.977548
0.977485
0.977422
0.977359
0.977296
0.977233
0.97717
0.977107
0.977044
0.976981
0.976918
0.976855
0.976792
0.976729
0.976666
0.976603
0.97654
0.976477
0.976414
0.976351
0.976288
0.976225
0.976161
0.976098
0.976035
0.975972
0.975909
0.975845
0.975782
0.975719
0.975656
0.975593
0.975529
0.975466
0.975403
0.975339
0.975276
0.975213
0.975149
0.975086
0.975023
0.974959
0.974896
0.974832
0.974769
0.974706
0.974642
0.974579
0.974515
0.974452
0.974388
0.974325
0.974261
0.974198
0.974134
0.97407
0.974007
0.973943
0.97388
0.973816
0.973752
0.973689
0.973625
0.973562
0.973498
0.973434
0.97337
0.973307
0.973243
0.973179
0.973116
0.973052
0.972988
0.972924
0.97286
0.972797
0.972733
0.972669
0.972605
0.972541
0.972477
0.972413
0.972349
0.972286
0.972222
0.972158
0.972094
0.97203
0.971966
0.971902
0.971838
0.971774
0.97171
0.971646
0.971582
0.971518
0.971453
0.971389
0.971325
0.971261
0.971197
0.971133
0.971069
0.971004
0.97094
0.970876
0.970812
0.970748
0.970683
0.970619
0.970555
0.970491
0.970426
0.970362
0.970298
0.970233
0.970169
0.970105
0.97004
0.969976
0.969911
0.969847
0.969783
0.969718
0.969654
0.969589
0.969525
0.96946
0.969396
0.969331
0.969267
0.969202
0.969138
0.969073
0.969008
0.968944
0.968879
0.968815
0.96875
0.968685
0.968621
0.968556
0.968491
0.968426
0.968362
0.968297
0.968232
0.968168
0.968103
0.968038
0.967973
0.967908
0.967844
0.967779
0.967714
0.967649
0.967584
0.967519
0.967454
0.967389
0.967324
0.967259
0.967194
0.967129
0.967064
0.966999
0.966934
0.966869
0.966804
0.966739
0.966674
0.966609
0.966544
0.966479
0.966414
0.966349
0.966283
0.966218
0.966153
0.966088
0.966023
0.965957
0.965892
0.965827
0.965762
0.965696
0.965631
0.965566
0.9655
0.965435
0.96537
0.965304
0.965239
0.965174
0.965108
0.965043
0.964977
0.964912
0.964846
0.964781
0.964715
0.96465
0.964584
0.964519
0.964453
0.964388
0.964322
0.964257
0.964191
0.964125
0.96406
0.963994
0.963928
0.963863
0.963797
0.963731
0.963666
0.9636
0.963534
0.963468
0.963402
0.963337
0.963271
0.963205
0.963139
0.963073
0.963007
0.962942
0.962876
0.96281
0.962744
0.962678
0.962612
0.962546
0.96248
0.962414
0.962348
0.962282
0.962216
0.96215
0.962084
0.962018
0.961952
0.961886
0.961819
0.961753
0.961687
0.961621
0.961555
0.961489
0.961422
0.961356
0.96129
0.961224
0.961157
0.961091
0.961025
0.960958
0.960892
0.960826
0.960759
0.960693
0.960627
0.96056
0.960494
0.960427
0.960361
0.960294
0.960228
0.960161
0.960095
0.960028
0.959962
0.959895
0.959829
0.959762
0.959695
0.959629
0.959562
0.959495
0.959429
0.959362
0.959295
0.959229
0.959162
0.959095
0.959029
0.958962
0.958895
0.958828
0.958761
0.958694
0.958628
0.958561
0.958494
0.958427
0.95836
0.958293
0.958226
0.958159
0.958092
0.958025
0.957958
0.957891
0.957824
0.957757
0.95769
0.957623
0.957556
0.957489
0.957422
0.957355
0.957287
0.95722
0.957153
0.957086
0.957019
0.956951
0.956884
0.956817
0.95675
0.956682
0.956615
0.956548
0.95648
0.956413
0.956346
0.956278
0.956211
0.956143
0.956076
0.956008
0.955941
0.955874
0.955806
0.955739
0.955671
0.955603
0.955536
0.955468
0.955401
0.955333
0.955265
0.955198
0.95513
0.955062
0.954995
0.954927
0.954859
0.954792
0.954724
0.954656
0.954588
0.95452
0.954453
0.954385
0.954317
0.954249
0.954181
0.954113
0.954045
0.953977
0.953909
0.953841
0.953774
0.953706
0.953637
0.953569
0.953501
0.953433
0.953365
0.953297
0.953229
0.953161
0.953093
0.953025
0.952956
0.952888
0.95282
0.952752
0.952684
0.952615
0.952547
0.952479
0.95241
0.952342
0.952274
0.952205
0.952137
0.952069
0.952
0.951932
0.951863
0.951795
0.951726
0.951658
0.951589
0.951521
0.951452
0.951384
0.951315
0.951247
0.951178
0.951109
0.951041
0.950972
0.950903
0.950835
0.950766
0.950697
0.950628
0.95056
0.950491
0.950422
0.950353
0.950284
0.950216
0.950147
0.950078
0.950009
0.94994
0.949871
0.949802
0.949733
0.949664
0.949595
0.949526
0.949457
0.949388
0.949319
0.94925
0.949181
0.949112
0.949042
0.948973
0.948904
0.948835
0.948766
0.948696
0.948627
0.948558
0.948489
0.948419
0.94835
0.948281
0.948211
0.948142
0.948073
0.948003
0.947934
0.947864
0.947795
0.947725
0.947656
0.947586
0.947517
0.947447
0.947378
0.947308
0.947239
0.947169
0.947099
0.94703
0.94696
0.94689
0.946821
0.946751
0.946681
0.946611
0.946542
0.946472
0.946402
0.946332
0.946262
0.946192
0.946122
0.946053
0.945983
0.945913
0.945843
0.945773
0.945703
0.945633
0.945563
0.945493
0.945423
0.945352
0.945282
0.945212
0.945142
0.945072
0.945002
0.944932
0.944861
0.944791
0.944721
0.944651
0.94458
0.94451
0.94444
0.944369
0.944299
0.944229
0.944158
0.944088
0.944017
0.943947
0.943876
0.943806
0.943735
0.943665
0.943594
0.943524
0.943453
0.943383
0.943312
0.943241
0.943171
0.9431
0.943029
0.942959
0.942888
0.942817
0.942746
0.942675
0.942605
0.942534
0.942463
0.942392
0.942321
0.94225
0.942179
0.942108
0.942037
0.941966
0.941895
0.941824
0.941753
0.941682
0.941611
0.94154
0.941469
0.941398
0.941327
0.941256
0.941184
0.941113
0.941042
0.940971
0.940899
0.940828
0.940757
0.940685
0.940614
0.940543
0.940471
0.9404
0.940329
0.940257
0.940186
0.940114
0.940043
0.939971
0.9399
0.939828
0.939756
0.939685
0.939613
0.939541
0.93947
0.939398
0.939326
0.939255
0.939183
0.939111
0.939039
0.938968
0.938896
0.938824
0.938752
0.93868
0.938608
0.938536
0.938464
0.938392
0.93832
0.938248
0.938176
0.938104
0.938032
0.93796
0.937888
0.937816
0.937744
0.937672
0.937599
0.937527
0.937455
0.937383
0.937311
0.937238
0.937166
0.937094
0.937021
0.936949
0.936876
0.936804
0.936732
0.936659
0.936587
0.936514
0.936442
0.936369
0.936297
0.936224
0.936151
0.936079
0.936006
0.935934
0.935861
0.935788
0.935715
0.935643
0.93557
0.935497
0.935424
0.935351
0.935279
0.935206
0.935133
0.93506
0.934987
0.934914
0.934841
0.934768
0.934695
0.934622
0.934549
0.934476
0.934403
0.93433
0.934257
0.934183
0.93411
0.934037
0.933964
0.93389
0.933817
0.933744
0.933671
0.933597
0.933524
0.93345
0.933377
0.933304
0.93323
0.933157
0.933083
0.93301
0.932936
0.932863
0.932789
0.932715
0.932642
0.932568
0.932495
0.932421
0.932347
0.932273
0.9322
0.932126
0.932052
0.931978
0.931904
0.931831
0.931757
0.931683
0.931609
0.931535
0.931461
0.931387
0.931313
0.931239
0.931165
0.931091
0.931017
0.930943
0.930868
0.930794
0.93072
0.930646
0.930572
0.930497
0.930423
0.930349
0.930274
0.9302
0.930126
0.930051
0.929977
0.929902
0.929828
0.929753
0.929679
0.929604
0.92953
0.929455
0.929381
0.929306
0.929231
0.929157
0.929082
0.929007
0.928932
0.928858
0.928783
0.928708
0.928633
0.928558
0.928484
0.928409
0.928334
0.928259
0.928184
0.928109
0.928034
0.927959
0.927884
0.927809
0.927733
0.927658
0.927583
0.927508
0.927433
0.927358
0.927282
0.927207
0.927132
0.927056
0.926981
0.926906
0.92683
0.926755
0.926679
0.926604
0.926528
0.926453
0.926377
0.926302
0.926226
0.926151
0.926075
0.925999
0.925924
0.925848
0.925772
0.925696
0.925621
0.925545
0.925469
0.925393
0.925317
0.925241
0.925165
0.92509
0.925014
0.924938
0.924862
0.924785
0.924709
0.924633
0.924557
0.924481
0.924405
0.924329
0.924252
0.924176
0.9241
0.924024
0.923947
0.923871
0.923795
0.923718
0.923642
0.923565
0.923489
0.923412
0.923336
0.923259
0.923183
0.923106
0.92303
0.922953
0.922876
0.9228
0.922723
0.922646
0.922569
0.922493
0.922416
0.922339
0.922262
0.922185
0.922108
0.922031
0.921954
0.921877
0.9218
0.921723
0.921646
0.921569
0.921492
0.921415
0.921338
0.92126
0.921183
0.921106
0.921029
0.920951
0.920874
0.920797
0.920719
0.920642
0.920564
0.920487
0.920409
0.920332
0.920254
0.920177
0.920099
0.920022
0.919944
0.919866
0.919789
0.919711
0.919633
0.919555
0.919478
0.9194
0.919322
0.919244
0.919166
0.919088
0.91901
0.918932
0.918854
0.918776
0.918698
0.91862
0.918542
0.918464
0.918386
0.918307
0.918229
0.918151
0.918073
0.917994
0.917916
0.917838
0.917759
0.917681
0.917602
0.917524
0.917445
0.917367
0.917288
0.91721
0.917131
0.917052
0.916974
0.916895
0.916816
0.916738
0.916659
0.91658
0.916501
0.916422
0.916344
0.916265
0.916186
0.916107
0.916028
0.915949
0.91587
0.915791
0.915711
0.915632
0.915553
0.915474
0.915395
0.915315
0.915236
0.915157
0.915078
0.914998
0.914919
0.914839
0.91476
0.91468
0.914601
0.914521
0.914442
0.914362
0.914283
0.914203
0.914123
0.914044
0.913964
0.913884
0.913804
0.913725
0.913645
0.913565
0.913485
0.913405
0.913325
0.913245
0.913165
0.913085
0.913005
0.912925
0.912845
0.912765
0.912684
0.912604
0.912524
0.912444
0.912363
0.912283
0.912203
0.912122
0.912042
0.911961
0.911881
0.9118
0.91172
0.911639
0.911559
0.911478
0.911397
0.911317
0.911236
0.911155
0.911074
0.910994
0.910913
0.910832
0.910751
0.91067
0.910589
0.910508
0.910427
0.910346
0.910265
0.910184
0.910103
0.910021
0.90994
0.909859
0.909778
0.909696
0.909615
0.909534
0.909452
0.909371
0.90929
0.909208
0.909127
0.909045
0.908963
0.908882
0.9088
0.908719
0.908637
0.908555
0.908473
0.908392
0.90831
0.908228
0.908146
0.908064
0.907982
0.9079
0.907818
0.907736
0.907654
0.907572
0.90749
0.907408
0.907326
0.907243
0.907161
0.907079
0.906996
0.906914
0.906832
0.906749
0.906667
0.906584
0.906502
0.906419
0.906337
0.906254
0.906171
0.906089
0.906006
0.905923
0.905841
0.905758
0.905675
0.905592
0.905509
0.905426
0.905343
0.90526
0.905177
0.905094
0.905011
0.904928
0.904845
0.904762
0.904678
0.904595
0.904512
0.904429
0.904345
0.904262
0.904178
0.904095
0.904012
0.903928
0.903844
0.903761
0.903677
0.903594
0.90351
0.903426
0.903342
0.903259
0.903175
0.903091
0.903007
0.902923
0.902839
0.902755
0.902671
0.902587
0.902503
0.902419
0.902335
0.902251
0.902166
0.902082
0.901998
0.901914
0.901829
0.901745
0.90166
0.901576
0.901491
0.901407
0.901322
0.901238
0.901153
0.901068
0.900984
0.900899
0.900814
0.900729
0.900645
0.90056
0.900475
0.90039
0.900305
0.90022
0.900135
0.90005
0.899965
0.89988
0.899794
0.899709
0.899624
0.899539
0.899453
0.899368
0.899282
0.899197
0.899112
0.899026
0.898941
0.898855
0.898769
0.898684
0.898598
0.898512
0.898427
0.898341
0.898255
0.898169
0.898083
0.897997
0.897911
0.897825
0.897739
0.897653
0.897567
0.897481
0.897395
0.897309
0.897222
0.897136
0.89705
0.896963
0.896877
0.89679
0.896704
0.896618
0.896531
0.896444
0.896358
0.896271
0.896184
0.896098
0.896011
0.895924
0.895837
0.89575
0.895663
0.895577
0.89549
0.895403
0.895315
0.895228
0.895141
0.895054
0.894967
0.89488
0.894792
0.894705
0.894618
0.89453
0.894443
0.894355
0.894268
0.89418
0.894093
0.894005
0.893917
0.89383
0.893742
0.893654
0.893566
0.893479
0.893391
0.893303
0.893215
0.893127
0.893039
0.892951
0.892863
0.892774
0.892686
0.892598
0.89251
0.892421
0.892333
0.892245
0.892156
0.892068
0.891979
0.891891
0.891802
0.891713
0.891625
0.891536
0.891447
0.891359
0.89127
0.891181
0.891092
0.891003
0.890914
0.890825
0.890736
0.890647
0.890558
0.890469
0.890379
0.89029
0.890201
0.890112
0.890022
0.889933
0.889843
0.889754
0.889664
0.889575
0.889485
0.889396
0.889306
0.889216
0.889126
0.889037
0.888947
0.888857
0.888767
0.888677
0.888587
0.888497
0.888407
0.888317
0.888226
0.888136
0.888046
0.887956
0.887865
0.887775
0.887685
0.887594
0.887504
0.887413
0.887322
0.887232
0.887141
0.88705
0.88696
0.886869
0.886778
0.886687
0.886596
0.886505
0.886414
0.886323
0.886232
0.886141
0.88605
0.885959
0.885868
0.885776
0.885685
0.885594
0.885502
0.885411
0.885319
0.885228
0.885136
0.885044
0.884953
0.884861
0.884769
0.884678
0.884586
0.884494
0.884402
0.88431
0.884218
0.884126
0.884034
0.883942
0.88385
0.883757
0.883665
0.883573
0.88348
0.883388
0.883296
0.883203
0.883111
0.883018
0.882925
0.882833
0.88274
0.882647
0.882555
0.882462
0.882369
0.882276
0.882183
0.88209
0.881997
0.881904
0.881811
0.881718
0.881624
0.881531
0.881438
0.881345
0.881251
0.881158
0.881064
0.880971
0.880877
0.880784
0.88069
0.880596
0.880502
0.880409
0.880315
0.880221
0.880127
0.880033
0.879939
0.879845
0.879751
0.879657
0.879563
0.879468
0.879374
0.87928
0.879185
0.879091
0.878997
0.878902
0.878807
0.878713
0.878618
0.878524
0.878429
0.878334
0.878239
0.878144
0.878049
0.877955
0.87786
0.877764
0.877669
0.877574
0.877479
0.877384
0.877289
0.877193
0.877098
0.877002
0.876907
0.876811
0.876716
0.87662
0.876525
0.876429
0.876333
0.876237
0.876142
0.876046
0.87595
0.875854
0.875758
0.875662
0.875566
0.87547
0.875373
0.875277
0.875181
0.875084
0.874988
0.874892
0.874795
0.874699
0.874602
0.874505
0.874409
0.874312
0.874215
0.874118
0.874022
0.873925
0.873828
0.873731
0.873634
0.873537
0.873439
0.873342
0.873245
0.873148
0.87305
0.872953
0.872855
0.872758
0.87266
0.872563
0.872465
0.872368
0.87227
0.872172
0.872074
0.871976
0.871878
0.871781
0.871682
0.871584
0.871486
0.871388
0.87129
0.871192
0.871093
0.870995
0.870897
0.870798
0.8707
0.870601
0.870503
0.870404
0.870305
0.870206
0.870108
0.870009
0.86991
0.869811
0.869712
0.869613
0.869514
0.869415
0.869316
0.869216
0.869117
0.869018
0.868918
0.868819
0.868719
0.86862
0.86852
0.868421
0.868321
0.868221
0.868121
0.868022
0.867922
0.867822
0.867722
0.867622
0.867522
0.867421
0.867321
0.867221
0.867121
0.86702
0.86692
0.86682
0.866719
0.866618
0.866518
0.866417
0.866317
0.866216
0.866115
0.866014
0.865913
0.865812
0.865711
0.86561
0.865509
0.865408
0.865307
0.865206
0.865104
0.865003
0.864901
0.8648
0.864698
0.864597
0.864495
0.864394
0.864292
0.86419
0.864088
0.863986
0.863884
0.863783
0.86368
0.863578
0.863476
0.863374
0.863272
0.86317
0.863067
0.862965
0.862862
0.86276
0.862657
0.862555
0.862452
0.862349
0.862247
0.862144
0.862041
0.861938
0.861835
0.861732
0.861629
0.861526
0.861423
0.861319
0.861216
0.861113
0.861009
0.860906
0.860802
0.860699
0.860595
0.860491
0.860388
0.860284
0.86018
0.860076
0.859972
0.859868
0.859764
0.85966
0.859556
0.859452
0.859348
0.859243
0.859139
0.859035
0.85893
0.858826
0.858721
0.858616
0.858512
0.858407
0.858302
0.858197
0.858092
0.857987
0.857882
0.857777
0.857672
0.857567
0.857462
0.857356
0.857251
0.857146
0.85704
0.856935
0.856829
0.856724
0.856618
0.856512
0.856406
0.856301
0.856195
0.856089
0.855983
0.855877
0.855771
0.855665
0.855558
0.855452
0.855346
0.855239
0.855133
0.855026
0.85492
0.854813
0.854707
0.8546
0.854493
0.854386
0.854279
0.854172
0.854065
0.853958
0.853851
0.853744
0.853637
0.85353
0.853422
0.853315
0.853207
0.8531
0.852992
0.852885
0.852777
0.852669
0.852562
0.852454
0.852346
0.852238
0.85213
0.852022
0.851914
0.851806
0.851697
0.851589
0.851481
0.851372
0.851264
0.851155
0.851047
0.850938
0.850829
0.850721
0.850612
0.850503
0.850394
0.850285
0.850176
0.850067
0.849958
0.849849
0.849739
0.84963
0.849521
0.849411
0.849302
0.849192
0.849083
0.848973
0.848863
0.848753
0.848644
0.848534
0.848424
0.848314
0.848204
0.848094
0.847983
0.847873
0.847763
0.847652
0.847542
0.847432
0.847321
0.84721
0.8471
0.846989
0.846878
0.846767
0.846657
0.846546
0.846435
0.846324
0.846212
0.846101
0.84599
0.845879
0.845767
0.845656
0.845544
0.845433
0.845321
0.84521
0.845098
0.844986
0.844874
0.844762
0.844651
0.844538
0.844426
0.844314
0.844202
0.84409
0.843978
0.843865
0.843753
0.84364
0.843528
0.843415
0.843302
0.84319
0.843077
0.842964
0.842851
0.842738
0.842625
0.842512
0.842399
0.842286
0.842173
0.842059
0.841946
0.841832
0.841719
0.841605
0.841492
0.841378
0.841264
0.84115
0.841037
0.840923
0.840809
0.840695
0.84058
0.840466
0.840352
0.840238
0.840123
0.840009
0.839895
0.83978
0.839665
0.839551
0.839436
0.839321
0.839206
0.839091
0.838977
0.838861
0.838746
0.838631
0.838516
0.838401
0.838285
0.83817
0.838055
0.837939
0.837823
0.837708
0.837592
0.837476
0.837361
0.837245
0.837129
0.837013
0.836897
0.83678
0.836664
0.836548
0.836432
0.836315
0.836199
0.836082
0.835966
0.835849
0.835732
0.835616
0.835499
0.835382
0.835265
0.835148
0.835031
0.834914
0.834797
0.834679
0.834562
0.834445
0.834327
0.83421
0.834092
0.833974
0.833857
0.833739
0.833621
0.833503
0.833385
0.833267
0.833149
0.833031
0.832913
0.832795
0.832676
0.832558
0.832439
0.832321
0.832202
0.832084
0.831965
0.831846
0.831727
0.831608
0.831489
0.83137
0.831251
0.831132
0.831013
0.830893
0.830774
0.830655
0.830535
0.830416
0.830296
0.830176
0.830057
0.829937
0.829817
0.829697
0.829577
0.829457
0.829337
0.829217
0.829096
0.828976
0.828856
0.828735
0.828615
0.828494
0.828374
0.828253
0.828132
0.828011
0.82789
0.827769
0.827648
0.827527
0.827406
0.827285
0.827163
0.827042
0.826921
0.826799
0.826678
0.826556
0.826434
0.826313
0.826191
0.826069
0.825947
0.825825
0.825703
0.825581
0.825458
0.825336
0.825214
0.825091
0.824969
0.824846
0.824724
0.824601
0.824478
0.824356
0.824233
0.82411
0.823987
0.823864
0.823741
0.823617
0.823494
0.823371
0.823247
0.823124
0.823
0.822877
0.822753
0.822629
0.822506
0.822382
0.822258
0.822134
0.82201
0.821886
0.821761
0.821637
0.821513
0.821388
0.821264
0.821139
0.821015
0.82089
0.820765
0.82064
0.820516
0.820391
0.820266
0.820141
0.820015
0.81989
0.819765
0.81964
0.819514
0.819389
0.819263
0.819138
0.819012
0.818886
0.81876
0.818634
0.818508
0.818382
0.818256
0.81813
0.818004
0.817878
0.817751
0.817625
0.817498
0.817372
0.817245
0.817118
0.816992
0.816865
0.816738
0.816611
0.816484
0.816357
0.81623
0.816102
0.815975
0.815848
0.81572
0.815593
0.815465
0.815337
0.81521
0.815082
0.814954
0.814826
0.814698
0.81457
0.814442
0.814314
0.814185
0.814057
0.813928
0.8138
0.813671
0.813543
0.813414
0.813285
0.813156
0.813028
0.812899
0.812769
0.81264
0.812511
0.812382
0.812253
0.812123
0.811994
0.811864
0.811735
0.811605
0.811475
0.811345
0.811215
0.811085
0.810955
0.810825
0.810695
0.810565
0.810435
0.810304
0.810174
0.810043
0.809913
0.809782
0.809651
0.80952
0.80939
0.809259
0.809128
0.808996
0.808865
0.808734
0.808603
0.808471
0.80834
0.808208
0.808077
0.807945
0.807814
0.807682
0.80755
0.807418
0.807286
0.807154
0.807022
0.806889
0.806757
0.806625
0.806492
0.80636
0.806227
0.806095
0.805962
0.805829
0.805696
0.805563
0.80543
0.805297
0.805164
0.805031
0.804897
0.804764
0.804631
0.804497
0.804363
0.80423
0.804096
0.803962
0.803828
0.803694
0.80356
0.803426
0.803292
0.803158
0.803024
0.802889
0.802755
0.80262
0.802486
0.802351
0.802216
0.802081
0.801946
0.801812
0.801676
0.801541
0.801406
0.801271
0.801136
0.801
0.800865
0.800729
0.800594
0.800458
0.800322
0.800186
0.80005
0.799914
0.799778
0.799642
0.799506
0.79937
0.799233
0.799097
0.79896
0.798824
0.798687
0.79855
0.798414
0.798277
0.79814
0.798003
0.797866
0.797728
0.797591
0.797454
0.797316
0.797179
0.797041
0.796904
0.796766
0.796628
0.796491
0.796353
0.796215
0.796077
0.795938
0.7958
0.795662
0.795524
0.795385
0.795247
0.795108
0.794969
0.794831
0.794692
0.794553
0.794414
0.794275
0.794136
0.793997
0.793857
0.793718
0.793579
0.793439
0.7933
0.79316
0.79302
0.79288
0.792741
0.792601
0.792461
0.792321
0.79218
0.79204
0.7919
0.791759
0.791619
0.791478
0.791338
0.791197
0.791056
0.790915
0.790775
0.790634
0.790492
0.790351
0.79021
0.790069
0.789927
0.789786
0.789644
0.789503
0.789361
0.789219
0.789078
0.788936
0.788794
0.788652
0.788509
0.788367
0.788225
0.788083
0.78794
0.787798
0.787655
0.787512
0.78737
0.787227
0.787084
0.786941
0.786798
0.786655
0.786511
0.786368
0.786225
0.786081
0.785938
0.785794
0.78565
0.785507
0.785363
0.785219
0.785075
0.784931
0.784787
0.784642
0.784498
0.784354
0.784209
0.784065
0.78392
0.783775
0.783631
0.783486
0.783341
0.783196
0.783051
0.782906
0.78276
0.782615
0.78247
0.782324
0.782179
0.782033
0.781887
0.781742
0.781596
0.78145
0.781304
0.781158
0.781011
0.780865
0.780719
0.780572
0.780426
0.780279
0.780133
0.779986
0.779839
0.779692
0.779545
0.779398
0.779251
0.779104
0.778957
0.778809
0.778662
0.778514
0.778367
0.778219
0.778071
0.777923
0.777776
0.777628
0.777479
0.777331
0.777183
0.777035
0.776886
0.776738
0.776589
0.776441
0.776292
0.776143
0.775994
0.775845
0.775696
0.775547
0.775398
0.775249
0.775099
0.77495
0.7748
0.774651
0.774501
0.774351
0.774202
0.774052
0.773902
0.773752
0.773601
0.773451
0.773301
0.77315
0.773
0.772849
0.772699
0.772548
0.772397
0.772246
0.772095
0.771944
0.771793
0.771642
0.771491
0.771339
0.771188
0.771036
0.770885
0.770733
0.770581
0.770429
0.770277
0.770125
0.769973
0.769821
0.769669
0.769516
0.769364
0.769211
0.769059
0.768906
0.768753
0.768601
0.768448
0.768295
0.768142
0.767988
0.767835
0.767682
0.767528
0.767375
0.767221
0.767068
0.766914
0.76676
0.766606
0.766452
0.766298
0.766144
0.76599
0.765835
0.765681
0.765527
0.765372
0.765217
0.765063
0.764908
0.764753
0.764598
0.764443
0.764288
0.764132
0.763977
0.763822
0.763666
0.763511
0.763355
0.763199
0.763043
0.762888
0.762732
0.762576
0.762419
0.762263
0.762107
0.76195
0.761794
0.761637
0.761481
0.761324
0.761167
0.76101
0.760853
0.760696
0.760539
0.760382
0.760224
0.760067
0.75991
0.759752
0.759594
0.759437
0.759279
0.759121
0.758963
0.758805
0.758647
0.758488
0.75833
0.758172
0.758013
0.757855
0.757696
0.757537
0.757378
0.757219
0.75706
0.756901
0.756742
0.756583
0.756423
0.756264
0.756104
0.755945
0.755785
0.755625
0.755466
0.755306
0.755146
0.754985
0.754825
0.754665
0.754505
0.754344
0.754184
0.754023
0.753862
0.753701
0.753541
0.75338
0.753219
0.753057
0.752896
0.752735
0.752573
0.752412
0.75225
0.752089
0.751927
0.751765
0.751603
0.751441
0.751279
0.751117
0.750955
0.750792
0.75063
0.750467
0.750305
0.750142
0.749979
0.749816
0.749654
0.74949
0.749327
0.749164
0.749001
0.748837
0.748674
0.74851
0.748347
0.748183
0.748019
0.747855
0.747691
0.747527
0.747363
0.747199
0.747034
0.74687
0.746706
0.746541
0.746376
0.746211
0.746047
0.745882
0.745717
0.745551
0.745386
0.745221
0.745056
0.74489
0.744724
0.744559
0.744393
0.744227
0.744061
0.743895
0.743729
0.743563
0.743397
0.74323
0.743064
0.742897
0.742731
0.742564
0.742397
0.74223
0.742063
0.741896
0.741729
0.741562
0.741395
0.741227
0.74106
0.740892
0.740724
0.740557
0.740389
0.740221
0.740053
0.739885
0.739716
0.739548
0.73938
0.739211
0.739043
0.738874
0.738705
0.738536
0.738367
0.738198
0.738029
0.73786
0.737691
0.737521
0.737352
0.737182
0.737013
0.736843
0.736673
0.736503
0.736333
0.736163
0.735993
0.735823
0.735652
0.735482
0.735311
0.735141
0.73497
0.734799
0.734628
0.734457
0.734286
0.734115
0.733944
0.733772
0.733601
0.733429
0.733258
0.733086
0.732914
0.732742
0.73257
0.732398
0.732226
0.732054
0.731881
0.731709
0.731536
0.731364
0.731191
0.731018
0.730845
0.730672
0.730499
0.730326
0.730153
0.729979
0.729806
0.729632
0.729459
0.729285
0.729111
0.728937
0.728763
0.728589
0.728415
0.728241
0.728066
0.727892
0.727717
0.727543
0.727368
0.727193
0.727018
0.726843
0.726668
0.726493
0.726318
0.726142
0.725967
0.725791
0.725616
0.72544
0.725264
0.725088
0.724912
0.724736
0.72456
0.724384
0.724207
0.724031
0.723854
0.723677
0.723501
0.723324
0.723147
0.72297
0.722793
0.722615
0.722438
0.722261
0.722083
0.721906
0.721728
0.72155
0.721372
0.721194
0.721016
0.720838
0.72066
0.720482
0.720303
0.720125
0.719946
0.719767
0.719588
0.71941
0.719231
0.719051
0.718872
0.718693
0.718514
0.718334
0.718155
0.717975
0.717795
0.717615
0.717435
0.717255
0.717075
0.716895
0.716715
0.716534
0.716354
0.716173
0.715993
0.715812
0.715631
0.71545
0.715269
0.715088
0.714906
0.714725
0.714544
0.714362
0.714181
0.713999
0.713817
0.713635
0.713453
0.713271
0.713089
0.712906
0.712724
0.712542
0.712359
0.712176
0.711994
0.711811
0.711628
0.711445
0.711262
0.711078
0.710895
0.710712
0.710528
0.710344
0.710161
0.709977
0.709793
0.709609
0.709425
0.709241
0.709056
0.708872
0.708687
0.708503
0.708318
0.708133
0.707948
0.707764
0.707578
0.707393
0.707208
0.707023
0.706837
0.706652
0.706466
0.70628
0.706094
0.705909
0.705723
0.705536
0.70535
0.705164
0.704977
0.704791
0.704604
0.704418
0.704231
0.704044
0.703857
0.70367
0.703483
0.703295
0.703108
0.702921
0.702733
0.702545
0.702358
0.70217
0.701982
0.701794
0.701606
0.701417
0.701229
0.70104
0.700852
0.700663
0.700475
0.700286
0.700097
0.699908
0.699719
0.699529
0.69934
0.699151
0.698961
0.698771
0.698582
0.698392
0.698202
0.698012
0.697822
0.697632
0.697441
0.697251
0.697061
0.69687
0.696679
0.696488
0.696298
0.696107
0.695915
0.695724
0.695533
0.695342
0.69515
0.694959
0.694767
0.694575
0.694383
0.694191
0.693999
0.693807
0.693615
0.693422
0.69323
0.693037
0.692845
0.692652
0.692459
0.692266
0.692073
0.69188
0.691686
0.691493
0.6913
0.691106
0.690912
0.690719
0.690525
0.690331
0.690137
0.689943
0.689748
0.689554
0.68936
0.689165
0.68897
0.688776
0.688581
0.688386
0.688191
0.687996
0.6878
0.687605
0.68741
0.687214
0.687018
0.686823
0.686627
0.686431
0.686235
0.686039
0.685842
0.685646
0.68545
0.685253
0.685056
0.68486
0.684663
0.684466
0.684269
0.684072
0.683874
0.683677
0.683479
0.683282
0.683084
0.682886
0.682689
0.682491
0.682293
0.682094
0.681896
0.681698
0.681499
0.681301
0.681102
0.680903
0.680704
0.680505
0.680306
0.680107
0.679908
0.679709
0.679509
0.679309
0.67911
0.67891
0.67871
0.67851
0.67831
0.67811
0.67791
0.677709
0.677509
0.677308
0.677107
0.676907
0.676706
0.676505
0.676303
0.676102
0.675901
0.6757
0.675498
0.675296
0.675095
0.674893
0.674691
0.674489
0.674287
0.674085
0.673882
0.67368
0.673477
0.673275
0.673072
0.672869
0.672666
0.672463
0.67226
0.672057
0.671853
0.67165
0.671446
0.671243
0.671039
0.670835
0.670631
0.670427
0.670223
0.670018
0.669814
0.669609
0.669405
0.6692
0.668995
0.66879
0.668585
0.66838
0.668175
0.66797
0.667764
0.667559
0.667353
0.667148
0.666942
0.666736
0.66653
0.666324
0.666117
0.665911
0.665704
0.665498
0.665291
0.665084
0.664878
0.664671
0.664464
0.664256
0.664049
0.663842
0.663634
0.663427
0.663219
0.663011
0.662803
0.662595
0.662387
0.662179
0.66197
0.661762
0.661554
0.661345
0.661136
0.660927
0.660718
0.660509
0.6603
0.660091
0.659881
0.659672
0.659462
0.659253
0.659043
0.658833
0.658623
0.658413
0.658203
0.657992
0.657782
0.657571
0.657361
0.65715
0.656939
0.656728
0.656517
0.656306
0.656095
0.655883
0.655672
0.65546
0.655249
0.655037
0.654825
0.654613
0.654401
0.654189
0.653976
0.653764
0.653551
0.653339
0.653126
0.652913
0.6527
0.652487
0.652274
0.652061
0.651847
0.651634
0.65142
0.651206
0.650993
0.650779
0.650565
0.650351
0.650136
0.649922
0.649708
0.649493
0.649278
0.649064
0.648849
0.648634
0.648419
0.648204
0.647988
0.647773
0.647557
0.647342
0.647126
0.64691
0.646694
0.646478
0.646262
0.646046
0.64583
0.645613
0.645397
0.64518
0.644963
0.644746
0.644529
0.644312
0.644095
0.643878
0.64366
0.643443
0.643225
0.643007
0.642789
0.642571
0.642353
0.642135
0.641917
0.641699
0.64148
0.641261
0.641043
0.640824
0.640605
0.640386
0.640167
0.639948
0.639728
0.639509
0.639289
0.63907
0.63885
0.63863
0.63841
0.63819
0.63797
0.637749
0.637529
0.637308
0.637088
0.636867
0.636646
0.636425
0.636204
0.635983
0.635761
0.63554
0.635318
0.635097
0.634875
0.634653
0.634431
0.634209
0.633987
0.633765
0.633543
0.63332
0.633097
0.632875
0.632652
0.632429
0.632206
0.631983
0.63176
0.631536
0.631313
0.631089
0.630866
0.630642
0.630418
0.630194
0.62997
0.629745
0.629521
0.629297
0.629072
0.628847
0.628623
0.628398
0.628173
0.627948
0.627723
0.627497
0.627272
0.627046
0.626821
0.626595
0.626369
0.626143
0.625917
0.625691
0.625464
0.625238
0.625012
0.624785
0.624558
0.624331
0.624104
0.623877
0.62365
0.623423
0.623195
0.622968
0.62274
0.622513
0.622285
0.622057
0.621829
0.621601
0.621372
0.621144
0.620916
0.620687
0.620458
0.620229
0.62
0.619771
0.619542
0.619313
0.619084
0.618854
0.618625
0.618395
0.618165
0.617935
0.617705
0.617475
0.617245
0.617014
0.616784
0.616553
0.616323
0.616092
0.615861
0.61563
0.615399
0.615168
0.614936
0.614705
0.614473
0.614241
0.61401
0.613778
0.613546
0.613314
0.613081
0.612849
0.612617
0.612384
0.612151
0.611919
0.611686
0.611453
0.61122
0.610986
0.610753
0.610519
0.610286
0.610052
0.609818
0.609585
0.609351
0.609116
0.608882
0.608648
0.608413
0.608179
0.607944
0.607709
0.607474
0.607239
0.607004
0.606769
0.606534
0.606298
0.606063
0.605827
0.605591
0.605355
0.605119
0.604883
0.604647
0.604411
0.604174
0.603938
0.603701
0.603464
0.603227
0.60299
0.602753
0.602516
0.602279
0.602041
0.601803
0.601566
0.601328
0.60109
0.600852
0.600614
0.600376
0.600137
0.599899
0.59966
0.599422
0.599183
0.598944
0.598705
0.598466
0.598226
0.597987
0.597748
0.597508
0.597268
0.597029
0.596789
0.596549
0.596308
0.596068
0.595828
0.595587
0.595347
0.595106
0.594865
0.594624
0.594383
0.594142
0.593901
0.593659
0.593418
0.593176
0.592935
0.592693
0.592451
0.592209
0.591967
0.591724
0.591482
0.591239
0.590997
0.590754
0.590511
0.590268
0.590025
0.589782
0.589539
0.589295
0.589052
0.588808
0.588565
0.588321
0.588077
0.587833
0.587588
0.587344
0.5871
0.586855
0.586611
0.586366
0.586121
0.585876
0.585631
0.585386
0.58514
0.584895
0.584649
0.584404
0.584158
0.583912
0.583666
0.58342
0.583174
0.582927
0.582681
0.582434
0.582188
0.581941
0.581694
0.581447
0.5812
0.580953
0.580705
0.580458
0.58021
0.579963
0.579715
0.579467
0.579219
0.578971
0.578722
0.578474
0.578226
0.577977
0.577728
0.577479
0.577231
0.576981
0.576732
0.576483
0.576234
0.575984
0.575735
0.575485
0.575235
0.574985
0.574735
0.574485
0.574234
0.573984
0.573734
0.573483
0.573232
0.572981
0.57273
0.572479
0.572228
0.571977
0.571725
0.571474
0.571222
0.57097
0.570718
0.570466
0.570214
0.569962
0.56971
0.569457
0.569205
0.568952
0.568699
0.568446
0.568193
0.56794
0.567687
0.567434
0.56718
0.566927
0.566673
0.566419
0.566165
0.565911
0.565657
0.565403
0.565148
0.564894
0.564639
0.564385
0.56413
0.563875
0.56362
0.563365
0.563109
0.562854
0.562598
0.562343
0.562087
0.561831
0.561575
0.561319
0.561063
0.560807
0.56055
0.560294
0.560037
0.55978
0.559523
0.559266
0.559009
0.558752
0.558495
0.558237
0.55798
0.557722
0.557464
0.557206
0.556948
0.55669
0.556432
0.556174
0.555915
0.555657
0.555398
0.555139
0.55488
0.554621
0.554362
0.554103
0.553843
0.553584
0.553324
0.553064
0.552805
0.552545
0.552285
0.552024
0.551764
0.551504
0.551243
0.550983
0.550722
0.550461
0.5502
0.549939
0.549678
0.549416
0.549155
0.548893
0.548632
0.54837
0.548108
0.547846
0.547584
0.547322
0.54706
0.546797
0.546535
0.546272
0.546009
0.545746
0.545483
0.54522
0.544957
0.544693
0.54443
0.544166
0.543903
0.543639
0.543375
0.543111
0.542847
0.542582
0.542318
0.542054
0.541789
0.541524
0.541259
0.540994
0.540729
0.540464
0.540199
0.539934
0.539668
0.539402
0.539137
0.538871
0.538605
0.538339
0.538073
0.537806
0.53754
0.537273
0.537007
0.53674
0.536473
0.536206
0.535939
0.535672
0.535404
0.535137
0.534869
0.534602
0.534334
0.534066
0.533798
0.53353
0.533262
0.532993
0.532725
0.532456
0.532187
0.531919
0.53165
0.531381
0.531112
0.530842
0.530573
0.530303
0.530034
0.529764
0.529494
0.529224
0.528954
0.528684
0.528414
0.528143
0.527873
0.527602
0.527332
0.527061
0.52679
0.526519
0.526247
0.525976
0.525705
0.525433
0.525162
0.52489
0.524618
0.524346
0.524074
0.523802
0.523529
0.523257
0.522984
0.522712
0.522439
0.522166
0.521893
0.52162
0.521347
0.521073
0.5208
0.520526
0.520253
0.519979
0.519705
0.519431
0.519157
0.518883
0.518608
0.518334
0.518059
0.517785
0.51751
0.517235
0.51696
0.516685
0.51641
0.516134
0.515859
0.515583
0.515307
0.515032
0.514756
0.51448
0.514204
0.513927
0.513651
0.513374
0.513098
0.512821
0.512544
0.512267
0.51199
0.511713
0.511436
0.511159
0.510881
0.510603
0.510326
0.510048
0.50977
0.509492
0.509214
0.508935
0.508657
0.508379
0.5081
0.507821
0.507542
0.507263
0.506984
0.506705
0.506426
0.506147
0.505867
0.505587
0.505308
0.505028
0.504748
0.504468
0.504188
0.503907
0.503627
0.503347
0.503066
0.502785
0.502504
0.502223
0.501942
0.501661
0.50138
0.501098
0.500817
0.500535
0.500254
0.499972
0.49969
0.499408
0.499126
0.498843
0.498561
0.498278
0.497996
0.497713
0.49743
0.497147
0.496864
0.496581
0.496298
0.496014
0.495731
0.495447
0.495163
0.49488
0.494596
0.494312
0.494027
0.493743
0.493459
0.493174
0.49289
0.492605
0.49232
0.492035
0.49175
0.491465
0.49118
0.490894
0.490609
0.490323
0.490038
0.489752
0.489466
0.48918
0.488894
0.488607
0.488321
0.488035
0.487748
0.487461
0.487174
0.486888
0.486601
0.486313
0.486026
0.485739
0.485451
0.485164
0.484876
0.484588
0.4843
0.484012
0.483724
0.483436
0.483148
0.482859
0.482571
0.482282
0.481993
0.481704
0.481415
0.481126
0.480837
0.480548
0.480258
0.479969
0.479679
0.47939
0.4791
0.47881
0.47852
0.478229
0.477939
0.477649
0.477358
0.477068
0.476777
0.476486
0.476195
0.475904
0.475613
0.475322
0.47503
0.474739
0.474447
0.474156
0.473864
0.473572
0.47328
0.472988
0.472696
0.472403
0.472111
0.471818
0.471526
0.471233
0.47094
0.470647
0.470354
0.470061
0.469768
0.469474
0.469181
0.468887
0.468593
0.4683
0.468006
0.467712
0.467417
0.467123
0.466829
0.466534
0.46624
0.465945
0.46565
0.465356
0.465061
0.464765
0.46447
0.464175
0.46388
0.463584
0.463288
0.462993
0.462697
0.462401
0.462105
0.461809
0.461512
0.461216
0.46092
0.460623
0.460326
0.46003
0.459733
0.459436
0.459139
0.458841
0.458544
0.458247
0.457949
0.457652
0.457354
0.457056
0.456758
0.45646
0.456162
0.455864
0.455565
0.455267
0.454969
0.45467
0.454371
0.454072
0.453773
0.453474
0.453175
0.452876
0.452576
0.452277
0.451977
0.451678
0.451378
0.451078
0.450778
0.450478
0.450178
0.449877
0.449577
0.449277
0.448976
0.448675
0.448374
0.448074
0.447773
0.447471
0.44717
0.446869
0.446567
0.446266
0.445964
0.445663
0.445361
0.445059
0.444757
0.444455
0.444153
0.44385
0.443548
0.443245
0.442943
0.44264
0.442337
0.442034
0.441731
0.441428
0.441125
0.440821
0.440518
0.440214
0.439911
0.439607
0.439303
0.438999
0.438695
0.438391
0.438087
0.437783
0.437478
0.437174
0.436869
0.436564
0.436259
0.435955
0.43565
0.435344
0.435039
0.434734
0.434428
0.434123
0.433817
0.433512
0.433206
0.4329
0.432594
0.432288
0.431982
0.431675
0.431369
0.431062
0.430756
0.430449
0.430142
0.429836
0.429529
0.429221
0.428914
0.428607
0.4283
0.427992
0.427685
0.427377
0.427069
0.426761
0.426453
0.426145
0.425837
0.425529
0.425221
0.424912
0.424604
0.424295
0.423987
0.423678
0.423369
0.42306
0.422751
0.422442
0.422132
0.421823
0.421514
0.421204
0.420894
0.420585
0.420275
0.419965
0.419655
0.419345
0.419035
0.418724
0.418414
0.418103
0.417793
0.417482
0.417171
0.41686
0.41655
0.416238
0.415927
0.415616
0.415305
0.414993
0.414682
0.41437
0.414059
0.413747
0.413435
0.413123
0.412811
0.412499
0.412187
0.411874
0.411562
0.411249
0.410937
0.410624
0.410311
0.409998
0.409685
0.409372
0.409059
0.408746
0.408433
0.408119
0.407806
0.407492
0.407178
0.406865
0.406551
0.406237
0.405923
0.405609
0.405295
0.40498
0.404666
0.404351
0.404037
0.403722
0.403407
0.403093
0.402778
0.402463
0.402148
0.401832
0.401517
0.401202
0.400886
0.400571
0.400255
0.39994
0.399624
0.399308
0.398992
0.398676
0.39836
0.398044
0.397727
0.397411
0.397095
0.396778
0.396461
0.396145
0.395828
0.395511
0.395194
0.394877
0.39456
0.394243
0.393925
0.393608
0.39329
0.392973
0.392655
0.392338
0.39202
0.391702
0.391384
0.391066
0.390748
0.39043
0.390111
0.389793
0.389474
0.389156
0.388837
0.388519
0.3882
0.387881
0.387562
0.387243
0.386924
0.386605
0.386285
0.385966
0.385647
0.385327
0.385007
0.384688
0.384368
0.384048
0.383728
0.383408
0.383088
0.382768
0.382448
0.382128
0.381807
0.381487
0.381166
0.380846
0.380525
0.380204
0.379883
0.379562
0.379241
0.37892
0.378599
0.378278
0.377957
0.377635
0.377314
0.376992
0.376671
0.376349
0.376027
0.375705
0.375384
0.375062
0.37474
0.374417
0.374095
0.373773
0.373451
0.373128
0.372806
0.372483
0.37216
0.371838
0.371515
0.371192
0.370869
0.370546
0.370223
0.3699
0.369577
0.369253
0.36893
0.368607
0.368283
0.36796
0.367636
0.367312
0.366988
0.366665
0.366341
0.366017
0.365693
0.365368
0.365044
0.36472
0.364396
0.364071
0.363747
0.363422
0.363097
0.362773
0.362448
0.362123
0.361798
0.361473
0.361148
0.360823
0.360498
0.360173
0.359848
0.359522
0.359197
0.358871
0.358546
0.35822
0.357894
0.357569
0.357243
0.356917
0.356591
0.356265
0.355939
0.355613
0.355287
0.35496
0.354634
0.354308
0.353981
0.353655
0.353328
0.353001
0.352675
0.352348
0.352021
0.351694
0.351367
0.35104
0.350713
0.350386
0.350059
0.349732
0.349404
0.349077
0.34875
0.348422
0.348095
0.347767
0.347439
0.347112
0.346784
0.346456
0.346128
0.3458
0.345472
0.345144
0.344816
0.344488
0.34416
0.343831
0.343503
0.343174
0.342846
0.342517
0.342189
0.34186
0.341532
0.341203
0.340874
0.340545
0.340216
0.339887
0.339558
0.339229
0.3389
0.338571
0.338242
0.337913
0.337583
0.337254
0.336924
0.336595
0.336265
0.335936
0.335606
0.335277
0.334947
0.334617
0.334287
0.333957
0.333627
0.333297
0.332967
0.332637
0.332307
0.331977
0.331647
0.331317
0.330986
0.330656
0.330325
0.329995
0.329665
0.329334
0.329003
0.328673
0.328342
0.328011
0.327681
0.32735
0.327019
0.326688
0.326357
0.326026
0.325695
0.325364
0.325033
0.324702
0.32437
0.324039
0.323708
0.323377
0.323045
0.322714
0.322382
0.322051
0.321719
0.321388
0.321056
0.320725
0.320393
0.320061
0.319729
0.319398
0.319066
0.318734
0.318402
0.31807
0.317738
0.317406
0.317074
0.316742
0.31641
0.316077
0.315745
0.315413
0.315081
0.314748
0.314416
0.314084
0.313751
0.313419
0.313086
0.312754
0.312421
0.312089
0.311756
0.311423
0.311091
0.310758
0.310425
0.310092
0.30976
0.309427
0.309094
0.308761
0.308428
0.308095
0.307762
0.307429
0.307096
0.306763
0.30643
0.306097
0.305764
0.305431
0.305097
0.304764
0.304431
0.304098
0.303764
0.303431
0.303098
0.302764
0.302431
0.302098
0.301764
0.301431
0.301097
0.300764
0.30043
0.300097
0.299763
0.299429
0.299096
0.298762
0.298429
0.298095
0.297761
0.297427
0.297094
0.29676
0.296426
0.296092
0.295759
0.295425
0.295091
0.294757
0.294423
0.294089
0.293755
0.293422
0.293088
0.292754
0.29242
0.292086
0.291752
0.291418
0.291084
0.29075
0.290416
0.290082
0.289747
0.289413
0.289079
0.288745
0.288411
0.288077
0.287743
0.287409
0.287075
0.28674
0.286406
0.286072
0.285738
0.285404
0.28507
0.284735
0.284401
0.284067
0.283733
0.283398
0.283064
0.28273
0.282396
0.282061
0.281727
0.281393
0.281059
0.280724
0.28039
0.280056
0.279722
0.279387
0.279053
0.278719
0.278385
0.27805
0.277716
0.277382
0.277048
0.276713
0.276379
0.276045
0.275711
0.275376
0.275042
0.274708
0.274374
0.274039
0.273705
0.273371
0.273037
0.272703
0.272368
0.272034
0.2717
0.271366
0.271032
0.270697
0.270363
0.270029
0.269695
0.269361
0.269027
0.268693
0.268359
0.268024
0.26769
0.267356
0.267022
0.266688
0.266354
0.26602
0.265686
0.265352
0.265018
0.264684
0.26435
0.264016
0.263683
0.263349
0.263015
0.262681
0.262347
0.262013
0.26168
0.261346
0.261012
0.260678
0.260345
0.260011
0.259677
0.259344
0.25901
0.258676
0.258343
0.258009
0.257676
0.257342
0.257009
0.256675
0.256342
0.256008
0.255675
0.255342
0.255008
0.254675
0.254342
0.254009
0.253675
0.253342
0.253009
0.252676
0.252343
0.25201
0.251677
0.251344
0.251011
0.250678
0.250345
0.250012
0.249679
0.249346
0.249014
0.248681
0.248348
0.248016
0.247683
0.24735
0.247018
0.246685
0.246353
0.24602
0.245688
0.245356
0.245023
0.244691
0.244359
0.244027
0.243694
0.243362
0.24303
0.242698
0.242366
0.242034
0.241702
0.241371
0.241039
0.240707
0.240375
0.240044
0.239712
0.239381
0.239049
0.238718
0.238386
0.238055
0.237723
0.237392
0.237061
0.23673
0.236399
0.236068
0.235737
0.235406
0.235075
0.234744
0.234413
0.234082
0.233752
0.233421
0.23309
0.23276
0.232429
0.232099
0.231769
0.231438
0.231108
0.230778
0.230448
0.230118
0.229788
0.229458
0.229128
0.228798
0.228469
0.228139
0.227809
0.22748
0.22715
0.226821
0.226492
0.226162
0.225833
0.225504
0.225175
0.224846
0.224517
0.224188
0.223859
0.223531
0.223202
0.222873
0.222545
0.222217
0.221888
0.22156
0.221232
0.220904
0.220576
0.220248
0.21992
0.219592
0.219264
0.218936
0.218609
0.218281
0.217954
0.217626
0.217299
0.216972
0.216645
0.216318
0.215991
0.215664
0.215337
0.215011
0.214684
0.214357
0.214031
0.213705
0.213378
0.213052
0.212726
0.2124
0.212074
0.211748
0.211422
0.211097
0.210771
0.210446
0.21012
0.209795
0.20947
0.209145
0.20882
0.208495
0.20817
0.207845
0.207521
0.207196
0.206872
0.206548
0.206223
0.205899
0.205575
0.205251
0.204927
0.204604
0.20428
0.203956
0.203633
0.20331
0.202986
0.202663
0.20234
0.202017
0.201695
0.201372
0.201049
0.200727
0.200405
0.200082
0.19976
0.199438
0.199116
0.198794
0.198473
0.198151
0.19783
0.197508
0.197187
0.196866
0.196545
0.196224
0.195903
0.195582
0.195262
0.194941
0.194621
0.194301
0.193981
0.193661
0.193341
0.193021
0.192702
0.192382
0.192063
0.191744
0.191425
0.191106
0.190787
0.190468
0.190149
0.189831
0.189513
0.189194
0.188876
0.188558
0.188241
0.187923
0.187605
0.187288
0.186971
0.186653
0.186336
0.18602
0.185703
0.185386
0.18507
0.184753
0.184437
0.184121
0.183805
0.183489
0.183174
0.182858
0.182543
0.182227
0.181912
0.181597
0.181283
0.180968
0.180653
0.180339
0.180025
0.179711
0.179397
0.179083
0.178769
0.178456
0.178143
0.177829
0.177516
0.177203
0.176891
0.176578
0.176266
0.175953
0.175641
0.175329
0.175017
0.174706
0.174394
0.174083
0.173772
0.173461
0.17315
0.172839
0.172529
0.172218
0.171908
0.171598
0.171288
0.170978
0.170669
0.170359
0.17005
0.169741
0.169432
0.169123
0.168815
0.168506
0.168198
0.16789
0.167582
0.167274
0.166967
0.166659
0.166352
0.166045
0.165738
0.165432
0.165125
0.164819
0.164513
0.164207
0.163901
0.163595
0.16329
0.162985
0.162679
0.162375
0.16207
0.161765
0.161461
0.161157
0.160853
0.160549
0.160245
0.159942
0.159639
0.159336
0.159033
0.15873
0.158428
0.158125
0.157823
0.157521
0.157219
0.156918
0.156617
0.156315
0.156014
0.155714
0.155413
0.155113
0.154813
0.154513
0.154213
0.153913
0.153614
0.153315
0.153016
0.152717
0.152418
0.15212
0.151822
0.151524
0.151226
0.150929
0.150631
0.150334
0.150037
0.14974
0.149444
0.149148
0.148852
0.148556
0.14826
0.147964
0.147669
0.147374
0.147079
0.146785
0.14649
0.146196
0.145902
0.145608
0.145315
0.145022
0.144729
0.144436
0.144143
0.143851
0.143558
0.143266
0.142975
0.142683
0.142392
0.142101
0.14181
0.141519
0.141229
0.140939
0.140649
0.140359
0.140069
0.13978
0.139491
0.139202
0.138914
0.138625
0.138337
0.138049
0.137762
0.137474
0.137187
0.1369
0.136613
0.136327
0.136041
0.135755
0.135469
0.135184
0.134898
0.134613
0.134328
0.134044
0.13376
0.133476
0.133192
0.132908
0.132625
0.132342
0.132059
0.131776
0.131494
0.131212
0.13093
0.130649
0.130367
0.130086
0.129805
0.129525
0.129245
0.128964
0.128685
0.128405
0.128126
0.127847
0.127568
0.127289
0.127011
0.126733
0.126455
0.126178
0.125901
0.125624
0.125347
0.125071
0.124794
0.124519
0.124243
0.123967
0.123692
0.123418
0.123143
0.122869
0.122595
0.122321
0.122047
0.121774
0.121501
0.121228
0.120956
0.120684
0.120412
0.12014
0.119869
0.119598
0.119327
0.119057
0.118787
0.118517
0.118247
0.117978
0.117708
0.11744
0.117171
0.116903
0.116635
0.116367
0.1161
0.115833
0.115566
0.115299
0.115033
0.114767
0.114501
0.114236
0.113971
0.113706
0.113441
0.113177
0.112913
0.112649
0.112386
0.112123
0.11186
0.111597
0.111335
0.111073
0.110812
0.11055
0.110289
0.110029
0.109768
0.109508
0.109248
0.108989
0.108729
0.10847
0.108212
0.107953
0.107695
0.107438
0.10718
0.106923
0.106666
0.10641
0.106153
0.105898
0.105642
0.105387
0.105132
0.104877
0.104623
0.104368
0.104115
0.103861
0.103608
0.103355
0.103103
0.102851
0.102599
0.102347
0.102096
0.101845
0.101594
0.101344
0.101094
0.100844
0.100595
0.100346
0.100097
0.0998486
0.0996005
0.0993527
0.0991053
0.0988581
0.0986113
0.0983648
0.0981186
0.0978728
0.0976273
0.0973821
0.0971372
0.0968926
0.0966484
0.0964045
0.0961609
0.0959177
0.0956747
0.0954321
0.0951899
0.0949479
0.0947063
0.094465
0.0942241
0.0939834
0.0937432
0.0935032
0.0932636
0.0930243
0.0927853
0.0925467
0.0923084
0.0920704
0.0918328
0.0915955
0.0913586
0.0911219
0.0908857
0.0906497
0.0904141
0.0901788
0.0899439
0.0897093
0.0894751
0.0892411
0.0890076
0.0887743
0.0885414
0.0883089
0.0880767
0.0878448
0.0876133
0.0873821
0.0871513
0.0869208
0.0866906
0.0864608
0.0862313
0.0860022
0.0857735
0.085545
0.085317
0.0850892
0.0848619
0.0846348
0.0844081
0.0841818
0.0839558
0.0837302
0.0835049
0.08328
0.0830554
0.0828311
0.0826072
0.0823837
0.0821605
0.0819377
0.0817152
0.0814931
0.0812713
0.0810499
0.0808289
0.0806081
0.0803878
0.0801678
0.0799482
0.0797289
0.0795099
0.0792914
0.0790732
0.0788553
0.0786378
0.0784207
0.0782039
0.0779874
0.0777714
0.0775557
0.0773403
0.0771253
0.0769107
0.0766964
0.0764825
0.076269
0.0760558
0.075843
0.0756305
0.0754184
0.0752067
0.0749953
0.0747843
0.0745737
0.0743634
0.0741534
0.0739439
0.0737347
0.0735259
0.0733174
0.0731093
0.0729016
0.0726942
0.0724872
0.0722806
0.0720743
0.0718684
0.0716629
0.0714577
0.0712529
0.0710485
0.0708444
0.0706407
0.0704374
0.0702344
0.0700318
0.0698296
0.0696277
0.0694263
0.0692251
0.0690244
0.068824
0.068624
0.0684244
0.0682251
0.0680262
0.0678277
0.0676295
0.0674318
0.0672343
0.0670373
0.0668406
0.0666443
0.0664484
0.0662529
0.0660577
0.0658629
0.0656684
0.0654744
0.0652807
0.0650874
0.0648944
0.0647019
0.0645097
0.0643178
0.0641264
0.0639353
0.0637446
0.0635543
0.0633643
0.0631747
0.0629855
0.0627967
0.0626082
0.0624202
0.0622325
0.0620451
0.0618582
0.0616716
0.0614854
0.0612995
0.0611141
0.060929
0.0607443
0.06056
0.060376
0.0601924
0.0600092
0.0598264
0.0596439
0.0594618
0.0592801
0.0590988
0.0589178
0.0587373
0.0585571
0.0583772
0.0581978
0.0580187
0.05784
0.0576617
0.0574837
0.0573062
0.057129
0.0569522
0.0567757
0.0565997
0.056424
0.0562486
0.0560737
0.0558991
0.055725
0.0555511
0.0553777
0.0552046
0.055032
0.0548597
0.0546877
0.0545162
0.054345
0.0541742
0.0540037
0.0538337
0.053664
0.0534947
0.0533258
0.0531572
0.052989
0.0528212
0.0526538
0.0524867
0.05232
0.0521537
0.0519878
0.0518222
0.0516571
0.0514923
0.0513278
0.0511638
0.0510001
0.0508368
0.0506738
0.0505112
0.0503491
0.0501872
0.0500258
0.0498647
0.049704
0.0495437
0.0493837
0.0492241
0.0490649
0.0489061
0.0487476
0.0485895
0.0484318
0.0482745
0.0481175
0.0479609
0.0478046
0.0476488
0.0474933
0.0473381
0.0471834
0.047029
0.046875
0.0467213
0.0465681
0.0464151
0.0462626
0.0461104
0.0459586
0.0458072
0.0456561
0.0455054
0.0453551
0.0452051
0.0450556
0.0449063
0.0447575
0.044609
0.0444608
0.0443131
0.0441657
0.0440187
0.043872
0.0437257
0.0435798
0.0434342
0.043289
0.0431442
0.0429997
0.0428556
0.0427118
0.0425684
0.0424254
0.0422827
0.0421404
0.0419985
0.0418569
0.0417157
0.0415749
0.0414344
0.0412942
0.0411545
0.0410151
0.040876
0.0407373
0.040599
0.040461
0.0403234
0.0401861
0.0400492
0.0399127
0.0397765
0.0396407
0.0395052
0.0393701
0.0392353
0.0391009
0.0389668
0.0388331
0.0386998
0.0385668
0.0384342
0.0383019
0.0381699
0.0380384
0.0379071
0.0377763
0.0376457
0.0375156
0.0373857
0.0372563
0.0371271
0.0369984
0.0368699
0.0367419
0.0366141
0.0364867
0.0363597
0.036233
0.0361067
0.0359807
0.035855
0.0357297
0.0356048
0.0354802
0.0353559
0.035232
0.0351084
0.0349851
0.0348622
0.0347397
0.0346175
0.0344956
0.0343741
0.0342529
0.034132
0.0340115
0.0338913
0.0337715
0.033652
0.0335329
0.033414
0.0332955
0.0331774
0.0330596
0.0329421
0.032825
0.0327082
0.0325917
0.0324755
0.0323597
0.0322443
0.0321291
0.0320143
0.0318998
0.0317857
0.0316718
0.0315584
0.0314452
0.0313324
0.0312199
0.0311077
0.0309958
0.0308843
0.0307731
0.0306622
0.0305517
0.0304415
0.0303316
0.030222
0.0301127
0.0300038
0.0298952
0.0297869
0.029679
0.0295713
0.029464
0.029357
0.0292503
0.029144
0.0290379
0.0289322
0.0288268
0.0287217
0.0286169
0.0285124
0.0284083
0.0283044
0.0282009
0.0280977
0.0279948
0.0278922
0.02779
0.027688
0.0275863
0.027485
0.027384
0.0272833
0.0271828
0.0270827
0.0269829
0.0268834
0.0267843
0.0266854
0.0265868
0.0264885
0.0263906
0.0262929
0.0261955
0.0260985
0.0260017
0.0259053
0.0258091
0.0257133
0.0256177
0.0255224
0.0254275
0.0253328
0.0252385
0.0251444
0.0250506
0.0249571
0.024864
0.0247711
0.0246785
0.0245862
0.0244942
0.0244025
0.024311
0.0242199
0.0241291
0.0240385
0.0239482
0.0238583
0.0237686
0.0236792
0.0235901
0.0235012
0.0234127
0.0233244
0.0232364
0.0231488
0.0230613
0.0229742
0.0228874
0.0228008
0.0227145
0.0226285
0.0225428
0.0224574
0.0223722
0.0222873
0.0222027
0.0221184
0.0220343
0.0219505
0.021867
0.0217838
0.0217008
0.0216181
0.0215357
0.0214536
0.0213717
0.0212901
0.0212087
0.0211277
0.0210469
0.0209664
0.0208861
0.0208061
0.0207264
0.0206469
0.0205677
0.0204888
0.0204101
0.0203317
0.0202536
0.0201757
0.0200981
0.0200207
0.0199436
0.0198668
0.0197902
0.0197139
0.0196378
0.019562
0.0194864
0.0194111
0.0193361
0.0192613
0.0191868
0.0191125
0.0190384
0.0189647
0.0188911
0.0188179
0.0187448
0.0186721
0.0185995
0.0185273
0.0184552
0.0183835
0.0183119
0.0182406
0.0181696
0.0180988
0.0180282
0.0179579
0.0178878
0.017818
0.0177484
0.0176791
0.01761
0.0175411
0.0174725
0.0174041
0.0173359
0.017268
0.0172004
0.0171329
0.0170657
0.0169987
0.016932
0.0168655
0.0167992
0.0167332
0.0166674
0.0166018
0.0165365
0.0164713
0.0164065
0.0163418
0.0162774
0.0162132
0.0161492
0.0160854
0.0160219
0.0159586
0.0158955
0.0158327
0.0157701
0.0157077
0.0156455
0.0155835
0.0155218
0.0154603
0.0153989
0.0153379
0.015277
0.0152164
0.0151559
0.0150957
0.0150357
0.0149759
0.0149164
0.014857
0.0147979
0.0147389
0.0146802
0.0146217
0.0145634
0.0145053
0.0144475
0.0143898
0.0143324
0.0142751
0.0142181
0.0141612
0.0141046
0.0140482
0.013992
0.013936
0.0138802
0.0138246
0.0137692
0.013714
0.013659
0.0136042
0.0135496
0.0134952
0.013441
0.013387
0.0133332
0.0132796
0.0132262
0.013173
0.0131199
0.0130671
0.0130145
0.0129621
0.0129098
0.0128578
0.0128059
0.0127543
0.0127028
0.0126515
0.0126004
0.0125495
0.0124988
0.0124483
0.012398
0.0123478
0.0122978
0.0122481
0.0121985
0.0121491
0.0120998
0.0120508
0.0120019
0.0119533
0.0119048
0.0118565
0.0118083
0.0117604
0.0117126
0.011665
0.0116176
0.0115704
0.0115233
0.0114764
0.0114297
0.0113832
0.0113369
0.0112907
0.0112447
0.0111988
0.0111532
0.0111077
0.0110624
0.0110172
0.0109723
0.0109275
0.0108828
0.0108384
0.0107941
0.01075
0.010706
0.0106622
0.0106186
0.0105751
0.0105318
0.0104887
0.0104457
0.0104029
0.0103603
0.0103178
0.0102755
0.0102334
0.0101914
0.0101496
0.0101079
0.0100664
0.010025
0.00998384
0.00994281
0.00990194
0.00986122
0.00982066
0.00978025
0.00974
0.00969991
0.00965997
0.00962018
0.00958055
0.00954107
0.00950174
0.00946256
0.00942354
0.00938466
0.00934594
0.00930736
0.00926894
0.00923066
0.00919254
0.00915456
0.00911673
0.00907904
0.0090415
0.00900411
0.00896686
0.00892976
0.0088928
0.00885598
0.00881931
0.00878279
0.0087464
0.00871016
0.00867405
0.00863809
0.00860227
0.00856659
0.00853105
0.00849565
0.00846038
0.00842526
0.00839027
0.00835542
0.0083207
0.00828613
0.00825168
0.00821738
0.00818321
0.00814917
0.00811526
0.00808149
0.00804786
0.00801435
0.00798098
0.00794774
0.00791463
0.00788165
0.0078488
0.00781608
0.00778348
0.00775102
0.00771869
0.00768648
0.00765441
0.00762245
0.00759063
0.00755893
0.00752736
0.00749591
0.00746459
0.00743339
0.00740231
0.00737136
0.00734053
0.00730983
0.00727924
0.00724878
0.00721844
0.00718822
0.00715812
0.00712814
0.00709828
0.00706854
0.00703892
0.00700942
0.00698003
0.00695076
0.00692161
0.00689258
0.00686366
0.00683485
0.00680617
0.00677759
0.00674914
0.00672079
0.00669256
0.00666444
0.00663644
0.00660855
0.00658077
0.0065531
0.00652554
0.00649809
0.00647076
0.00644353
0.00641641
0.00638941
0.00636251
0.00633572
0.00630903
0.00628246
0.00625599
0.00622963
0.00620338
0.00617723
0.00615118
0.00612525
0.00609941
0.00607369
0.00604806
0.00602254
0.00599712
0.00597181
0.0059466
0.00592149
0.00589648
0.00587157
0.00584677
0.00582206
0.00579746
0.00577295
0.00574855
0.00572424
0.00570004
0.00567593
0.00565192
0.005628
0.00560419
0.00558047
0.00555685
0.00553332
0.00550989
0.00548656
0.00546332
0.00544017
0.00541712
0.00539417
0.0053713
0.00534854
0.00532586
0.00530328
0.00528078
0.00525839
0.00523608
0.00521386
0.00519174
0.0051697
0.00514776
0.0051259
0.00510414
0.00508246
0.00506088
0.00503938
0.00501797
0.00499665
0.00497541
0.00495426
0.0049332
0.00491223
0.00489134
0.00487054
0.00484982
0.00482919
0.00480864
0.00478818
0.0047678
0.00474751
0.0047273
0.00470717
0.00468713
0.00466717
0.00464729
0.00462749
0.00460778
0.00458814
0.00456859
0.00454912
0.00452972
0.00451041
0.00449118
0.00447203
0.00445296
0.00443396
0.00441505
0.00439621
0.00437745
0.00435877
0.00434016
0.00432163
0.00430318
0.00428481
0.00426651
0.00424829
0.00423014
0.00421207
0.00419407
0.00417615
0.00415831
0.00414053
0.00412283
0.00410521
0.00408765
0.00407017
0.00405277
0.00403543
0.00401817
0.00400098
0.00398386
0.00396681
0.00394984
0.00393293
0.00391609
0.00389933
0.00388263
0.00386601
0.00384945
0.00383296
0.00381654
0.00380019
0.00378391
0.00376769
0.00375155
0.00373547
0.00371946
0.00370351
0.00368763
0.00367182
0.00365607
0.00364039
0.00362478
0.00360923
0.00359375
0.00357833
0.00356297
0.00354768
0.00353245
0.00351729
0.00350219
0.00348715
0.00347218
0.00345727
0.00344242
0.00342764
0.00341291
0.00339825
0.00338365
0.00336911
0.00335463
0.00334022
0.00332586
0.00331156
0.00329733
0.00328315
0.00326903
0.00325498
0.00324098
0.00322704
0.00321316
0.00319933
0.00318557
0.00317186
0.00315821
0.00314462
0.00313109
0.00311761
0.00310419
0.00309083
0.00307752
0.00306427
0.00305107
0.00303793
0.00302485
0.00301182
0.00299884
0.00298592
0.00297306
0.00296025
0.00294749
0.00293479
0.00292214
0.00290954
0.002897
0.00288451
0.00287207
0.00285969
0.00284736
0.00283508
0.00282285
0.00281067
0.00279855
0.00278648
0.00277445
0.00276248
0.00275056
0.00273869
0.00272687
0.0027151
0.00270338
0.00269171
0.00268009
0.00266852
0.00265699
0.00264552
0.00263409
0.00262272
0.00261139
0.00260011
0.00258888
0.00257769
0.00256655
0.00255546
0.00254442
0.00253342
0.00252247
0.00251157
0.00250071
0.0024899
0.00247914
0.00246842
0.00245775
0.00244712
0.00243654
0.002426
0.0024155
0.00240506
0.00239465
0.00238429
0.00237398
0.00236371
0.00235348
0.00234329
0.00233315
0.00232305
0.002313
0.00230299
0.00229302
0.00228309
0.00227321
0.00226336
0.00225356
0.0022438
0.00223409
0.00222441
0.00221478
0.00220518
0.00219563
0.00218612
0.00217665
0.00216722
0.00215783
0.00214847
0.00213916
0.00212989
0.00212066
0.00211147
0.00210232
0.0020932
0.00208413
0.00207509
0.0020661
0.00205714
0.00204822
0.00203934
0.00203049
0.00202169
0.00201292
0.00200418
0.00199549
0.00198683
0.00197821
0.00196963
0.00196109
0.00195258
0.0019441
0.00193567
0.00192727
0.0019189
0.00191057
0.00190228
0.00189402
0.0018858
0.00187761
0.00186946
0.00186134
0.00185326
0.00184521
0.0018372
0.00182922
0.00182128
0.00181337
0.00180549
0.00179765
0.00178984
0.00178206
0.00177432
0.00176661
0.00175893
0.00175129
0.00174368
0.0017361
0.00172856
0.00172105
0.00171357
0.00170612
0.0016987
0.00169132
0.00168396
0.00167664
0.00166935
0.00166209
0.00165487
0.00164767
0.00164051
0.00163337
0.00162627
0.0016192
0.00161215
0.00160514
0.00159816
0.00159121
0.00158428
0.00157739
0.00157053
0.0015637
0.00155689
0.00155012
0.00154337
0.00153665
0.00152997
0.00152331
0.00151668
0.00151008
0.0015035
0.00149696
0.00149044
0.00148395
0.00147749
0.00147106
0.00146466
0.00145828
0.00145193
0.00144561
0.00143931
0.00143304
0.0014268
0.00142059
0.0014144
0.00140824
0.00140211
0.001396
0.00138992
0.00138386
0.00137783
0.00137183
0.00136585
0.0013599
0.00135398
0.00134808
0.0013422
0.00133635
0.00133053
0.00132473
0.00131896
0.00131321
0.00130748
0.00130178
0.00129611
0.00129046
0.00128483
0.00127923
0.00127366
0.0012681
0.00126257
0.00125707
0.00125159
0.00124613
0.00124069
0.00123528
0.0012299
0.00122453
0.00121919
0.00121387
0.00120858
0.00120331
0.00119806
0.00119283
0.00118763
0.00118245
0.00117729
0.00117215
0.00116704
0.00116195
0.00115688
0.00115183
0.0011468
0.0011418
0.00113682
0.00113185
0.00112691
0.001122
0.0011171
0.00111222
0.00110737
0.00110254
0.00109772
0.00109293
0.00108816
0.00108341
0.00107868
0.00107397
0.00106928
0.00106461
0.00105996
0.00105534
0.00105073
0.00104614
0.00104157
0.00103702
0.00103249
0.00102798
0.00102349
0.00101902
0.00101457
0.00101014
0.00100573
0.00100134
0.000996962
0.000992607
0.000988271
0.000983953
0.000979655
0.000975375
0.000971113
0.00096687
0.000962646
0.000958439
0.000954252
0.000950082
0.00094593
0.000941796
0.000937681
0.000933583
0.000929503
0.00092544
0.000921396
0.000917369
0.000913359
0.000909367
0.000905392
0.000901434
0.000897494
0.00089357
0.000889664
0.000885775
0.000881902
0.000878047
0.000874208
0.000870386
0.00086658
0.000862791
0.000859019
0.000855262
0.000851523
0.000847799
0.000844092
0.0008404
0.000836725
0.000833066
0.000829422
0.000825795
0.000822183
0.000818587
0.000815007
0.000811442
0.000807893
0.000804359
0.00080084
0.000797337
0.000793849
0.000790376
0.000786919
0.000783476
0.000780048
0.000776636
0.000773238
0.000769855
0.000766486
0.000763133
0.000759793
0.000756469
0.000753159
0.000749863
0.000746582
0.000743315
0.000740062
0.000736823
0.000733598
0.000730388
0.000727191
0.000724008
0.00072084
0.000717685
0.000714543
0.000711416
0.000708302
0.000705201
0.000702114
0.000699041
0.000695981
0.000692934
0.000689901
0.00068688
0.000683873
0.000680879
0.000677898
0.00067493
0.000671975
0.000669033
0.000666104
0.000663187
0.000660283
0.000657392
0.000654514
0.000651648
0.000648794
0.000645953
0.000643124
0.000640308
0.000637504
0.000634712
0.000631932
0.000629164
0.000626409
0.000623665
0.000620934
0.000618214
0.000615506
0.00061281
0.000610126
0.000607453
0.000604793
0.000602143
0.000599506
0.000596879
0.000594265
0.000591661
0.000589069
0.000586489
0.000583919
0.000581361
0.000578814
0.000576278
0.000573753
0.000571239
0.000568736
0.000566244
0.000563763
0.000561293
0.000558834
0.000556385
0.000553947
0.000551519
0.000549103
0.000546696
0.000544301
0.000541915
0.00053954
0.000537176
0.000534822
0.000532478
0.000530144
0.000527821
0.000525507
0.000523204
0.000520911
0.000518628
0.000516354
0.000514091
0.000511838
0.000509594
0.00050736
0.000505136
0.000502922
0.000500717
0.000498523
0.000496337
0.000494161
0.000491995
0.000489838
0.000487691
0.000485552
0.000483424
0.000481304
0.000479194
0.000477093
0.000475001
0.000472919
0.000470845
0.000468781
0.000466725
0.000464679
0.000462641
0.000460613
0.000458593
0.000456582
0.00045458
0.000452586
0.000450602
0.000448626
0.000446658
0.0004447
0.000442749
0.000440808
0.000438875
0.00043695
0.000435034
0.000433126
0.000431226
0.000429335
0.000427452
0.000425577
0.00042371
0.000421852
0.000420002
0.000418159
0.000416325
0.000414499
0.000412681
0.000410871
0.000409068
0.000407274
0.000405487
0.000403709
0.000401938
0.000400175
0.000398419
0.000396671
0.000394931
0.000393198
0.000391473
0.000389756
0.000388046
0.000386344
0.000384649
0.000382961
0.000381281
0.000379608
0.000377943
0.000376284
0.000374633
0.00037299
0.000371353
0.000369724
0.000368101
0.000366486
0.000364878
0.000363277
0.000361683
0.000360096
0.000358516
0.000356943
0.000355376
0.000353817
0.000352264
0.000350718
0.000349179
0.000347647
0.000346121
0.000344602
0.00034309
0.000341584
0.000340085
0.000338593
0.000337107
0.000335627
0.000334154
0.000332687
0.000331227
0.000329774
0.000328326
0.000326885
0.00032545
0.000324022
0.0003226
0.000321184
0.000319774
0.00031837
0.000316973
0.000315582
0.000314196
0.000312817
0.000311444
0.000310077
0.000308716
0.000307361
0.000306011
0.000304668
0.000303331
0.000301999
0.000300673
0.000299353
0.000298039
0.000296731
0.000295428
0.000294131
0.00029284
0.000291554
0.000290274
0.000289
0.000287731
0.000286468
0.00028521
0.000283958
0.000282711
0.00028147
0.000280234
0.000279004
0.000277779
0.000276559
0.000275345
0.000274136
0.000272932
0.000271734
0.00027054
0.000269352
0.00026817
0.000266992
0.00026582
0.000264653
0.00026349
0.000262333
0.000261181
0.000260035
0.000258893
0.000257756
0.000256624
0.000255497
0.000254375
0.000253258
0.000252146
0.000251038
0.000249936
0.000248838
0.000247746
0.000246658
0.000245574
0.000244496
0.000243422
0.000242353
0.000241289
0.000240229
0.000239174
0.000238123
0.000237078
0.000236036
0.000235
0.000233967
0.00023294
0.000231917
0.000230898
0.000229884
0.000228874
0.000227869
0.000226868
0.000225872
0.00022488
0.000223892
0.000222908
0.000221929
0.000220954
0.000219984
0.000219018
0.000218056
0.000217098
0.000216144
0.000215195
0.000214249
0.000213308
0.000212371
0.000211438
0.000210509
0.000209585
0.000208664
0.000207747
0.000206835
0.000205926
0.000205021
0.000204121
0.000203224
0.000202331
0.000201442
0.000200557
0.000199676
0.000198799
0.000197926
0.000197056
0.000196191
0.000195329
0.00019447
0.000193616
0.000192765
0.000191919
0.000191075
0.000190236
0.0001894
0.000188568
0.000187739
0.000186915
0.000186093
0.000185276
0.000184462
0.000183651
0.000182844
0.000182041
0.000181241
0.000180445
0.000179652
0.000178862
0.000178077
0.000177294
0.000176515
0.00017574
0.000174967
0.000174199
0.000173433
0.000172671
0.000171912
0.000171157
0.000170405
0.000169656
0.00016891
0.000168168
0.000167429
0.000166694
0.000165961
0.000165232
0.000164506
0.000163783
0.000163063
0.000162346
0.000161633
0.000160923
0.000160216
0.000159512
0.000158811
0.000158113
0.000157418
0.000156726
0.000156037
0.000155352
0.000154669
0.000153989
0.000153312
0.000152639
0.000151968
0.0001513
0.000150635
0.000149973
0.000149314
0.000148658
0.000148004
0.000147354
0.000146706
0.000146061
0.00014542
0.00014478
0.000144144
0.000143511
0.00014288
0.000142252
0.000141627
0.000141004
0.000140384
0.000139767
0.000139153
0.000138542
0.000137933
0.000137326
0.000136723
0.000136122
0.000135524
0.000134928
0.000134335
0.000133744
0.000133157
0.000132571
0.000131989
0.000131408
0.000130831
0.000130256
0.000129683
0.000129113
0.000128546
0.000127981
0.000127418
0.000126858
0.0001263
0.000125745
0.000125192
0.000124642
0.000124094
0.000123549
0.000123006
0.000122465
0.000121927
0.000121391
0.000120857
0.000120326
0.000119797
0.00011927
0.000118746
0.000118224
0.000117704
0.000117187
0.000116672
0.000116159
0.000115648
0.00011514
0.000114634
0.00011413
0.000113628
0.000113128
0.000112631
0.000112136
0.000111643
0.000111152
0.000110664
0.000110177
0.000109693
0.00010921
0.00010873
0.000108252
0.000107776
0.000107303
0.000106831
0.000106361
0.000105894
0.000105428
0.000104965
0.000104503
0.000104044
0.000103586
0.000103131
0.000102677
0.000102226
0.000101777
0.000101329
0.000100884
0.00010044
9.99986e-05
9.95589e-05
9.91212e-05
9.86854e-05
9.82515e-05
9.78195e-05
9.73895e-05
9.69613e-05
9.6535e-05
9.61105e-05
9.5688e-05
9.52673e-05
9.48484e-05
9.44314e-05
9.40162e-05
9.36028e-05
9.31913e-05
9.27815e-05
9.23736e-05
9.19674e-05
9.15631e-05
9.11605e-05
9.07597e-05
9.03606e-05
8.99633e-05
8.95678e-05
8.91739e-05
8.87818e-05
8.83915e-05
8.80028e-05
8.76159e-05
8.72306e-05
8.68471e-05
8.64652e-05
8.6085e-05
8.57065e-05
8.53296e-05
8.49545e-05
8.45809e-05
8.4209e-05
8.38387e-05
8.34701e-05
8.3103e-05
8.27376e-05
8.23738e-05
8.20116e-05
8.1651e-05
8.12919e-05
8.09345e-05
8.05786e-05
8.02243e-05
7.98715e-05
7.95203e-05
7.91706e-05
7.88225e-05
7.84759e-05
7.81308e-05
7.77872e-05
7.74452e-05
7.71046e-05
7.67656e-05
7.6428e-05
7.60919e-05
7.57573e-05
7.54242e-05
7.50925e-05
7.47623e-05
7.44335e-05
7.41062e-05
7.37803e-05
7.34559e-05
7.31329e-05
7.28113e-05
7.24911e-05
7.21723e-05
7.18549e-05
7.15389e-05
7.12243e-05
7.09111e-05
7.05993e-05
7.02888e-05
6.99797e-05
6.9672e-05
6.93656e-05
6.90605e-05
6.87568e-05
6.84545e-05
6.81534e-05
6.78537e-05
6.75553e-05
6.72582e-05
6.69624e-05
6.6668e-05
6.63748e-05
6.60829e-05
6.57923e-05
6.55029e-05
6.52149e-05
6.49281e-05
6.46425e-05
6.43582e-05
6.40752e-05
6.37934e-05
6.35128e-05
6.32335e-05
6.29554e-05
6.26786e-05
6.24029e-05
6.21285e-05
6.18552e-05
6.15832e-05
6.13124e-05
6.10427e-05
6.07743e-05
6.0507e-05
6.02409e-05
5.99759e-05
5.97122e-05
5.94495e-05
5.91881e-05
5.89278e-05
5.86686e-05
5.84106e-05
5.81537e-05
5.78979e-05
5.76433e-05
5.73898e-05
5.71374e-05
5.68861e-05
5.66359e-05
5.63868e-05
5.61388e-05
5.58919e-05
5.56461e-05
5.54013e-05
5.51577e-05
5.49151e-05
5.46735e-05
5.44331e-05
5.41937e-05
5.39553e-05
5.3718e-05
5.34817e-05
5.32465e-05
5.30123e-05
5.27792e-05
5.2547e-05
5.23159e-05
5.20858e-05
5.18567e-05
5.16287e-05
5.14016e-05
5.11755e-05
5.09504e-05
5.07263e-05
5.05032e-05
5.02811e-05
5.00599e-05
4.98397e-05
4.96205e-05
4.94023e-05
4.9185e-05
4.89686e-05
4.87533e-05
4.85388e-05
4.83253e-05
4.81128e-05
4.79012e-05
4.76905e-05
4.74807e-05
4.72719e-05
4.70639e-05
4.68569e-05
4.66508e-05
4.64456e-05
4.62413e-05
4.60379e-05
4.58354e-05
4.56338e-05
4.54331e-05
4.52333e-05
4.50343e-05
4.48362e-05
4.4639e-05
4.44427e-05
4.42472e-05
4.40526e-05
4.38588e-05
4.36659e-05
4.34738e-05
4.32826e-05
4.30922e-05
4.29026e-05
4.27139e-05
4.2526e-05
4.2339e-05
4.21528e-05
4.19673e-05
4.17827e-05
4.15989e-05
4.1416e-05
4.12338e-05
4.10524e-05
4.08718e-05
4.0692e-05
4.05131e-05
4.03348e-05
4.01574e-05
3.99808e-05
3.98049e-05
3.96298e-05
3.94555e-05
3.92819e-05
3.91092e-05
3.89371e-05
3.87658e-05
3.85953e-05
3.84255e-05
3.82565e-05
3.80882e-05
3.79207e-05
3.77539e-05
3.75878e-05
3.74225e-05
3.72578e-05
3.7094e-05
3.69308e-05
3.67683e-05
3.66066e-05
3.64456e-05
3.62852e-05
3.61256e-05
3.59667e-05
3.58085e-05
3.5651e-05
3.54941e-05
3.5338e-05
3.51826e-05
3.50278e-05
3.48737e-05
3.47203e-05
3.45676e-05
3.44155e-05
3.42641e-05
3.41134e-05
3.39633e-05
3.38139e-05
3.36652e-05
3.35171e-05
3.33696e-05
3.32228e-05
3.30767e-05
3.29312e-05
3.27863e-05
3.26421e-05
3.24985e-05
3.23555e-05
3.22132e-05
3.20715e-05
3.19304e-05
3.17899e-05
3.16501e-05
3.15108e-05
3.13722e-05
3.12342e-05
3.10968e-05
3.096e-05
3.08238e-05
3.06882e-05
3.05532e-05
3.04188e-05
3.0285e-05
3.01518e-05
3.00191e-05
2.9887e-05
2.97556e-05
2.96247e-05
2.94943e-05
2.93646e-05
2.92354e-05
2.91068e-05
2.89787e-05
2.88513e-05
2.87243e-05
2.8598e-05
2.84722e-05
2.83469e-05
2.82222e-05
2.8098e-05
2.79744e-05
2.78514e-05
2.77288e-05
2.76069e-05
2.74854e-05
2.73645e-05
2.72441e-05
2.71242e-05
2.70049e-05
2.68861e-05
2.67678e-05
2.66501e-05
2.65328e-05
2.64161e-05
2.62999e-05
2.61842e-05
2.6069e-05
2.59543e-05
2.58401e-05
2.57264e-05
2.56133e-05
2.55006e-05
2.53884e-05
2.52767e-05
2.51655e-05
2.50548e-05
2.49446e-05
2.48348e-05
2.47255e-05
2.46168e-05
2.45085e-05
2.44006e-05
2.42933e-05
2.41864e-05
2.408e-05
2.39741e-05
2.38686e-05
2.37636e-05
2.3659e-05
2.3555e-05
2.34513e-05
2.33482e-05
2.32454e-05
2.31432e-05
2.30413e-05
2.294e-05
2.2839e-05
2.27386e-05
2.26385e-05
2.25389e-05
2.24398e-05
2.2341e-05
2.22428e-05
2.21449e-05
2.20475e-05
2.19505e-05
2.18539e-05
2.17577e-05
2.1662e-05
2.15667e-05
2.14718e-05
2.13774e-05
2.12833e-05
2.11897e-05
2.10964e-05
2.10036e-05
2.09112e-05
2.08192e-05
2.07276e-05
2.06364e-05
2.05456e-05
2.04552e-05
2.03652e-05
2.02756e-05
2.01864e-05
2.00976e-05
2.00092e-05
1.99212e-05
1.98335e-05
1.97463e-05
1.96594e-05
1.95729e-05
1.94868e-05
1.9401e-05
1.93157e-05
1.92307e-05
1.91461e-05
1.90618e-05
1.8978e-05
1.88945e-05
1.88114e-05
1.87286e-05
1.86462e-05
1.85641e-05
1.84825e-05
1.84011e-05
1.83202e-05
1.82396e-05
1.81593e-05
1.80794e-05
1.79999e-05
1.79207e-05
1.78418e-05
1.77633e-05
1.76852e-05
1.76074e-05
1.75299e-05
1.74528e-05
1.7376e-05
1.72995e-05
1.72234e-05
1.71476e-05
1.70722e-05
1.69971e-05
1.69223e-05
1.68478e-05
1.67737e-05
1.66999e-05
1.66264e-05
1.65533e-05
1.64805e-05
1.64079e-05
1.63357e-05
1.62639e-05
1.61923e-05
1.61211e-05
1.60501e-05
1.59795e-05
1.59092e-05
1.58392e-05
1.57695e-05
1.57001e-05
1.56311e-05
1.55623e-05
1.54938e-05
1.54256e-05
1.53578e-05
1.52902e-05
1.52229e-05
1.51559e-05
1.50892e-05
1.50229e-05
1.49568e-05
1.48909e-05
1.48254e-05
1.47602e-05
1.46953e-05
1.46306e-05
1.45662e-05
1.45021e-05
1.44383e-05
1.43748e-05
1.43115e-05
1.42486e-05
1.41859e-05
1.41235e-05
1.40613e-05
1.39994e-05
1.39378e-05
1.38765e-05
1.38155e-05
1.37547e-05
1.36942e-05
1.36339e-05
1.35739e-05
1.35142e-05
1.34547e-05
1.33955e-05
1.33366e-05
1.32779e-05
1.32195e-05
1.31613e-05
1.31034e-05
1.30457e-05
1.29883e-05
1.29312e-05
1.28743e-05
1.28176e-05
1.27612e-05
1.27051e-05
1.26492e-05
1.25935e-05
1.25381e-05
1.24829e-05
1.2428e-05
1.23733e-05
1.23189e-05
1.22647e-05
1.22107e-05
1.2157e-05
1.21035e-05
1.20502e-05
1.19972e-05
1.19444e-05
1.18919e-05
1.18395e-05
1.17874e-05
1.17356e-05
1.16839e-05
1.16325e-05
1.15813e-05
1.15304e-05
1.14797e-05
1.14291e-05
1.13788e-05
1.13288e-05
1.12789e-05
1.12293e-05
1.11799e-05
1.11307e-05
1.10817e-05
1.1033e-05
1.09844e-05
1.09361e-05
1.0888e-05
1.084e-05
1.07923e-05
1.07449e-05
1.06976e-05
1.06505e-05
1.06036e-05
1.0557e-05
1.05105e-05
1.04643e-05
1.04182e-05
1.03724e-05
1.03267e-05
1.02813e-05
1.02361e-05
1.0191e-05
1.01462e-05
1.01015e-05
1.00571e-05
1.00128e-05
9.96877e-06
9.92491e-06
9.88123e-06
9.83775e-06
9.79446e-06
9.75137e-06
9.70846e-06
9.66574e-06
9.6232e-06
9.58086e-06
9.5387e-06
9.49673e-06
9.45494e-06
9.41333e-06
9.37191e-06
9.33067e-06
9.28961e-06
9.24874e-06
9.20804e-06
9.16752e-06
9.12718e-06
9.08702e-06
9.04703e-06
9.00722e-06
8.96758e-06
8.92812e-06
8.88884e-06
8.84972e-06
8.81078e-06
8.77201e-06
8.73341e-06
8.69498e-06
8.65672e-06
8.61862e-06
8.5807e-06
8.54294e-06
8.50535e-06
8.46792e-06
8.43066e-06
8.39356e-06
8.35662e-06
8.31985e-06
8.28324e-06
8.24679e-06
8.2105e-06
8.17437e-06
8.1384e-06
8.10259e-06
8.06693e-06
8.03143e-06
7.99609e-06
7.96091e-06
7.92587e-06
7.891e-06
7.85627e-06
7.8217e-06
7.78728e-06
7.75301e-06
7.7189e-06
7.68493e-06
7.65111e-06
7.61744e-06
7.58392e-06
7.55055e-06
7.51732e-06
7.48424e-06
7.45131e-06
7.41852e-06
7.38587e-06
7.35337e-06
7.32101e-06
7.2888e-06
7.25672e-06
7.22479e-06
7.193e-06
7.16134e-06
7.12983e-06
7.09846e-06
7.06722e-06
7.03612e-06
7.00516e-06
6.97433e-06
6.94364e-06
6.91308e-06
6.88266e-06
6.85237e-06
6.82222e-06
6.7922e-06
6.76231e-06
6.73255e-06
6.70292e-06
6.67343e-06
6.64406e-06
6.61482e-06
6.58571e-06
6.55673e-06
6.52788e-06
6.49915e-06
6.47055e-06
6.44208e-06
6.41373e-06
6.3855e-06
6.3574e-06
6.32943e-06
6.30157e-06
6.27384e-06
6.24623e-06
6.21875e-06
6.19138e-06
6.16413e-06
6.13701e-06
6.11e-06
6.08311e-06
6.05634e-06
6.02969e-06
6.00316e-06
5.97674e-06
5.95044e-06
5.92425e-06
5.89818e-06
5.87222e-06
5.84638e-06
5.82066e-06
5.79504e-06
5.76954e-06
5.74415e-06
5.71887e-06
5.6937e-06
5.66865e-06
5.6437e-06
5.61886e-06
5.59414e-06
5.56952e-06
5.54501e-06
5.52061e-06
5.49631e-06
5.47213e-06
5.44804e-06
5.42407e-06
5.4002e-06
5.37643e-06
5.35277e-06
5.32922e-06
5.30577e-06
5.28242e-06
5.25917e-06
5.23603e-06
5.21298e-06
5.19004e-06
5.1672e-06
5.14446e-06
5.12182e-06
5.09928e-06
5.07684e-06
5.0545e-06
5.03226e-06
5.01011e-06
4.98806e-06
4.96611e-06
4.94426e-06
4.9225e-06
4.90084e-06
4.87927e-06
4.8578e-06
4.83642e-06
4.81513e-06
4.79394e-06
4.77285e-06
4.75184e-06
4.73093e-06
4.71011e-06
4.68938e-06
4.66874e-06
4.6482e-06
4.62774e-06
4.60738e-06
4.5871e-06
4.56691e-06
4.54681e-06
4.5268e-06
4.50688e-06
4.48705e-06
4.4673e-06
4.44764e-06
4.42807e-06
4.40858e-06
4.38918e-06
4.36986e-06
4.35063e-06
4.33149e-06
4.31242e-06
4.29345e-06
4.27455e-06
4.25574e-06
4.23701e-06
4.21836e-06
4.1998e-06
4.18132e-06
4.16292e-06
4.14459e-06
4.12635e-06
4.1082e-06
4.09012e-06
4.07212e-06
4.05419e-06
4.03635e-06
4.01859e-06
4.0009e-06
3.9833e-06
3.96577e-06
3.94831e-06
3.93094e-06
3.91364e-06
3.89641e-06
3.87927e-06
3.86219e-06
3.8452e-06
3.82827e-06
3.81143e-06
3.79465e-06
3.77795e-06
3.76132e-06
3.74477e-06
3.72829e-06
3.71188e-06
3.69555e-06
3.67928e-06
3.66309e-06
3.64697e-06
3.63092e-06
3.61494e-06
3.59903e-06
3.58319e-06
3.56742e-06
3.55172e-06
3.53609e-06
3.52053e-06
3.50503e-06
3.48961e-06
3.47425e-06
3.45896e-06
3.44374e-06
3.42858e-06
3.41349e-06
3.39847e-06
3.38351e-06
3.36862e-06
3.3538e-06
3.33904e-06
3.32434e-06
3.30971e-06
3.29515e-06
3.28064e-06
3.26621e-06
3.25183e-06
3.23752e-06
3.22327e-06
3.20909e-06
3.19496e-06
3.1809e-06
3.1669e-06
3.15296e-06
3.13909e-06
3.12527e-06
3.11152e-06
3.09782e-06
3.08419e-06
3.07062e-06
3.0571e-06
3.04365e-06
3.03025e-06
3.01692e-06
3.00364e-06
2.99042e-06
2.97726e-06
2.96416e-06
2.95111e-06
2.93812e-06
2.92519e-06
2.91232e-06
2.8995e-06
2.88674e-06
2.87403e-06
2.86139e-06
2.84879e-06
2.83625e-06
2.82377e-06
2.81134e-06
2.79897e-06
2.78665e-06
2.77439e-06
2.76218e-06
2.75002e-06
2.73792e-06
2.72587e-06
2.71387e-06
2.70193e-06
2.69004e-06
2.6782e-06
2.66641e-06
2.65467e-06
2.64299e-06
2.63136e-06
2.61978e-06
2.60825e-06
2.59677e-06
2.58534e-06
2.57396e-06
2.56263e-06
2.55135e-06
2.54012e-06
2.52894e-06
2.51781e-06
2.50673e-06
2.4957e-06
2.48472e-06
2.47378e-06
2.46289e-06
2.45205e-06
2.44126e-06
2.43052e-06
2.41982e-06
2.40917e-06
2.39857e-06
2.38801e-06
2.3775e-06
2.36704e-06
2.35662e-06
2.34625e-06
2.33592e-06
2.32564e-06
2.3154e-06
2.30521e-06
2.29507e-06
2.28497e-06
2.27491e-06
2.2649e-06
2.25493e-06
2.245e-06
2.23512e-06
2.22529e-06
2.21549e-06
2.20574e-06
2.19603e-06
2.18637e-06
2.17675e-06
2.16716e-06
2.15763e-06
2.14813e-06
2.13868e-06
2.12926e-06
2.11989e-06
2.11056e-06
2.10127e-06
2.09202e-06
2.08282e-06
2.07365e-06
2.06452e-06
2.05544e-06
2.04639e-06
2.03738e-06
2.02842e-06
2.01949e-06
2.0106e-06
2.00175e-06
1.99294e-06
1.98417e-06
1.97544e-06
1.96674e-06
1.95809e-06
1.94947e-06
1.94089e-06
1.93234e-06
1.92384e-06
1.91537e-06
1.90694e-06
1.89855e-06
1.89019e-06
1.88187e-06
1.87359e-06
1.86534e-06
1.85713e-06
1.84896e-06
1.84082e-06
1.83272e-06
1.82465e-06
1.81662e-06
1.80863e-06
1.80067e-06
1.79274e-06
1.78485e-06
1.777e-06
1.76917e-06
1.76139e-06
1.75363e-06
1.74592e-06
1.73823e-06
1.73058e-06
1.72296e-06
1.71538e-06
1.70783e-06
1.70031e-06
1.69283e-06
1.68538e-06
1.67796e-06
1.67058e-06
1.66322e-06
1.6559e-06
1.64861e-06
1.64136e-06
1.63413e-06
1.62694e-06
1.61978e-06
1.61265e-06
1.60555e-06
1.59849e-06
1.59145e-06
1.58445e-06
1.57747e-06
1.57053e-06
1.56362e-06
1.55673e-06
1.54988e-06
1.54306e-06
1.53627e-06
1.52951e-06
1.52278e-06
1.51607e-06
1.5094e-06
1.50276e-06
1.49614e-06
1.48956e-06
1.483e-06
1.47647e-06
1.46998e-06
1.46351e-06
1.45706e-06
1.45065e-06
1.44427e-06
1.43791e-06
1.43158e-06
1.42528e-06
1.41901e-06
1.41276e-06
1.40654e-06
1.40035e-06
1.39419e-06
1.38805e-06
1.38194e-06
1.37586e-06
1.3698e-06
1.36377e-06
1.35777e-06
1.35179e-06
1.34584e-06
1.33992e-06
1.33402e-06
1.32815e-06
1.32231e-06
1.31649e-06
1.31069e-06
1.30492e-06
1.29918e-06
1.29346e-06
1.28777e-06
1.2821e-06
1.27645e-06
1.27084e-06
1.26524e-06
1.25967e-06
1.25413e-06
1.24861e-06
1.24311e-06
1.23764e-06
1.23219e-06
1.22677e-06
1.22137e-06
1.216e-06
1.21064e-06
1.20531e-06
1.20001e-06
1.19473e-06
1.18947e-06
1.18423e-06
1.17902e-06
1.17383e-06
1.16866e-06
1.16352e-06
1.1584e-06
1.1533e-06
1.14822e-06
1.14317e-06
1.13814e-06
1.13313e-06
1.12814e-06
1.12317e-06
1.11823e-06
1.11331e-06
1.10841e-06
1.10353e-06
1.09867e-06
1.09384e-06
1.08902e-06
1.08423e-06
1.07946e-06
1.0747e-06
1.06997e-06
1.06526e-06
1.06058e-06
1.05591e-06
1.05126e-06
1.04663e-06
1.04203e-06
1.03744e-06
1.03287e-06
1.02833e-06
1.0238e-06
1.01929e-06
1.01481e-06
1.01034e-06
1.00589e-06
1.00147e-06
9.97057e-07
9.92669e-07
9.88299e-07
9.83949e-07
9.79618e-07
9.75306e-07
9.71013e-07
9.66739e-07
9.62484e-07
9.58247e-07
9.54029e-07
9.4983e-07
9.45649e-07
9.41487e-07
9.37342e-07
9.33217e-07
9.29109e-07
9.25019e-07
9.20947e-07
9.16894e-07
9.12858e-07
9.0884e-07
9.04839e-07
9.00856e-07
8.96891e-07
8.92943e-07
8.89013e-07
8.851e-07
8.81204e-07
8.77325e-07
8.73463e-07
8.69618e-07
8.6579e-07
8.61979e-07
8.58185e-07
8.54408e-07
8.50647e-07
8.46902e-07
8.43175e-07
8.39463e-07
8.35768e-07
8.32089e-07
8.28427e-07
8.2478e-07
8.21149e-07
8.17535e-07
8.13936e-07
8.10354e-07
8.06787e-07
8.03235e-07
7.997e-07
7.9618e-07
7.92675e-07
7.89186e-07
7.85712e-07
7.82253e-07
7.7881e-07
7.75382e-07
7.71969e-07
7.68571e-07
7.65188e-07
7.61819e-07
7.58466e-07
7.55127e-07
7.51804e-07
7.48494e-07
7.45199e-07
7.41919e-07
7.38653e-07
7.35402e-07
7.32165e-07
7.28942e-07
7.25733e-07
7.22539e-07
7.19358e-07
7.16192e-07
7.13039e-07
7.09901e-07
7.06776e-07
7.03665e-07
7.00567e-07
6.97483e-07
6.94413e-07
6.91356e-07
6.88313e-07
6.85283e-07
6.82267e-07
6.79264e-07
6.76274e-07
6.73297e-07
6.70333e-07
6.67382e-07
6.64444e-07
6.6152e-07
6.58608e-07
6.55709e-07
6.52822e-07
6.49949e-07
6.47088e-07
6.44239e-07
6.41403e-07
6.3858e-07
6.35769e-07
6.3297e-07
6.30184e-07
6.2741e-07
6.24648e-07
6.21899e-07
6.19161e-07
6.16436e-07
6.13722e-07
6.11021e-07
6.08331e-07
6.05653e-07
6.02987e-07
6.00333e-07
5.9769e-07
5.95059e-07
5.9244e-07
5.89832e-07
5.87235e-07
5.8465e-07
5.82077e-07
5.79515e-07
5.76964e-07
5.74424e-07
5.71895e-07
5.69378e-07
5.66871e-07
5.64376e-07
5.61892e-07
5.59418e-07
5.56956e-07
5.54504e-07
5.52063e-07
5.49633e-07
5.47213e-07
5.44805e-07
5.42406e-07
5.40019e-07
5.37642e-07
5.35275e-07
5.32919e-07
5.30573e-07
5.28237e-07
5.25912e-07
5.23597e-07
5.21292e-07
5.18997e-07
5.16712e-07
5.14438e-07
5.12173e-07
5.09919e-07
5.07674e-07
5.05439e-07
5.03214e-07
5.00999e-07
4.98794e-07
4.96598e-07
4.94412e-07
4.92236e-07
4.90069e-07
4.87911e-07
4.85764e-07
4.83625e-07
4.81496e-07
4.79377e-07
4.77267e-07
4.75166e-07
4.73074e-07
4.70991e-07
4.68918e-07
4.66854e-07
4.64799e-07
4.62753e-07
4.60716e-07
4.58687e-07
4.56668e-07
4.54658e-07
4.52657e-07
4.50664e-07
4.4868e-07
4.46705e-07
4.44739e-07
4.42781e-07
4.40832e-07
4.38891e-07
4.36959e-07
4.35035e-07
4.3312e-07
4.31214e-07
4.29315e-07
4.27426e-07
4.25544e-07
4.23671e-07
4.21806e-07
4.19949e-07
4.181e-07
4.1626e-07
4.14427e-07
4.12603e-07
4.10787e-07
4.08978e-07
4.07178e-07
4.05385e-07
4.03601e-07
4.01824e-07
4.00055e-07
3.98294e-07
3.96541e-07
3.94795e-07
3.93057e-07
3.91327e-07
3.89604e-07
3.87889e-07
3.86182e-07
3.84482e-07
3.82789e-07
3.81104e-07
3.79426e-07
3.77756e-07
3.76093e-07
3.74437e-07
3.72789e-07
3.71148e-07
3.69514e-07
3.67887e-07
3.66268e-07
3.64655e-07
3.6305e-07
3.61452e-07
3.59861e-07
3.58277e-07
3.56699e-07
3.55129e-07
3.53566e-07
3.52009e-07
3.5046e-07
3.48917e-07
3.47381e-07
3.45852e-07
3.44329e-07
3.42813e-07
3.41304e-07
3.39802e-07
3.38306e-07
3.36816e-07
3.35334e-07
3.33858e-07
3.32388e-07
3.30925e-07
3.29468e-07
3.28017e-07
3.26573e-07
3.25136e-07
3.23704e-07
3.22279e-07
3.20861e-07
3.19448e-07
3.18042e-07
3.16642e-07
3.15248e-07
3.1386e-07
3.12478e-07
3.11103e-07
3.09733e-07
3.08369e-07
3.07012e-07
3.0566e-07
3.04315e-07
3.02975e-07
3.01641e-07
3.00313e-07
2.98991e-07
2.97675e-07
2.96365e-07
2.9506e-07
2.93761e-07
2.92468e-07
2.9118e-07
