Vec Object: Vec_0x3_0 1 MPI process
  type: seq
1.
0.999915
0.999831
0.999746
0.999662
0.999577
0.999493
0.999408
0.999324
0.999239
0.999154
0.99907
0.998985
0.9989
0.998816
0.998731
0.998647
0.998562
0.998477
0.998392
0.998308
0.998223
0.998138
0.998054
0.997969
0.997884
0.997799
0.997714
0.99763
0.997545
0.99746
0.997375
0.99729
0.997206
0.997121
0.997036
0.996951
0.996866
0.996781
0.996696
0.996611
0.996526
0.996441
0.996356
0.996271
0.996186
0.996102
0.996017
0.995932
0.995846
0.995761
0.995676
0.995591
0.995506
0.995421
0.995336
0.995251
0.995166
0.995081
0.994996
0.994911
0.994825
0.99474
0.994655
0.99457
0.994485
0.9944
0.994314
0.994229
0.994144
0.994059
0.993973
0.993888
0.993803
0.993718
0.993632
0.993547
0.993462
0.993376
0.993291
0.993206
0.99312
0.993035
0.99295
0.992864
0.992779
0.992693
0.992608
0.992522
0.992437
0.992352
0.992266
0.992181
0.992095
0.99201
0.991924
0.991839
0.991753
0.991667
0.991582
0.991496
0.991411
0.991325
0.99124
0.991154
0.991068
0.990983
0.990897
0.990811
0.990726
0.99064
0.990554
0.990469
0.990383
0.990297
0.990211
0.990126
0.99004
0.989954
0.989868
0.989783
0.989697
0.989611
0.989525
0.989439
0.989353
0.989268
0.989182
0.989096
0.98901
0.988924
0.988838
0.988752
0.988666
0.98858
0.988494
0.988408
0.988322
0.988236
0.98815
0.988064
0.987978
0.987892
0.987806
0.98772
0.987634
0.987548
0.987462
0.987376
0.98729
0.987204
0.987117
0.987031
0.986945
0.986859
0.986773
0.986686
0.9866
0.986514
0.986428
0.986342
0.986255
0.986169
0.986083
0.985996
0.98591
0.985824
0.985737
0.985651
0.985565
0.985478
0.985392
0.985306
0.985219
0.985133
0.985046
0.98496
0.984874
0.984787
0.984701
0.984614
0.984528
0.984441
0.984355
0.984268
0.984182
0.984095
0.984008
0.983922
0.983835
0.983749
0.983662
0.983575
0.983489
0.983402
0.983315
0.983229
0.983142
0.983055
0.982969
0.982882
0.982795
0.982708
0.982622
0.982535
0.982448
0.982361
0.982275
0.982188
0.982101
0.982014
0.981927
0.98184
0.981753
0.981667
0.98158
0.981493
0.981406
0.981319
0.981232
0.981145
0.981058
0.980971
0.980884
0.980797
0.98071
0.980623
0.980536
0.980449
0.980362
0.980275
0.980188
0.980101
0.980013
0.979926
0.979839
0.979752
0.979665
0.979578
0.97949
0.979403
0.979316
0.979229
0.979142
0.979054
0.978967
0.97888
0.978792
0.978705
0.978618
0.97853
0.978443
0.978356
0.978268
0.978181
0.978094
0.978006
0.977919
0.977831
0.977744
0.977656
0.977569
0.977482
0.977394
0.977307
0.977219
0.977132
0.977044
0.976956
0.976869
0.976781
0.976694
0.976606
0.976518
0.976431
0.976343
0.976255
0.976168
0.97608
0.975992
0.975905
0.975817
0.975729
0.975642
0.975554
0.975466
0.975378
0.97529
0.975203
0.975115
0.975027
0.974939
0.974851
0.974763
0.974675
0.974588
0.9745
0.974412
0.974324
0.974236
0.974148
0.97406
0.973972
0.973884
0.973796
0.973708
0.97362
0.973532
0.973444
0.973356
0.973268
0.973179
0.973091
0.973003
0.972915
0.972827
0.972739
0.97265
0.972562
0.972474
0.972386
0.972298
0.972209
0.972121
0.972033
0.971944
0.971856
0.971768
0.97168
0.971591
0.971503
0.971414
0.971326
0.971238
0.971149
0.971061
0.970972
0.970884
0.970795
0.970707
0.970618
0.97053
0.970441
0.970353
0.970264
0.970176
0.970087
0.969999
0.96991
0.969821
0.969733
0.969644
0.969556
0.969467
0.969378
0.969289
0.969201
0.969112
0.969023
0.968935
0.968846
0.968757
0.968668
0.968579
0.968491
0.968402
0.968313
0.968224
0.968135
0.968046
0.967957
0.967868
0.96778
0.967691
0.967602
0.967513
0.967424
0.967335
0.967246
0.967157
0.967068
0.966979
0.96689
0.9668
0.966711
0.966622
0.966533
0.966444
0.966355
0.966266
0.966176
0.966087
0.965998
0.965909
0.96582
0.96573
0.965641
0.965552
0.965463
0.965373
0.965284
0.965195
0.965105
0.965016
0.964926
0.964837
0.964748
0.964658
0.964569
0.964479
0.96439
0.9643
0.964211
0.964121
0.964032
0.963942
0.963853
0.963763
0.963674
0.963584
0.963495
0.963405
0.963315
0.963226
0.963136
0.963046
0.962957
0.962867
0.962777
0.962687
0.962598
0.962508
0.962418
0.962328
0.962239
0.962149
0.962059
0.961969
0.961879
0.961789
0.961699
0.96161
0.96152
0.96143
0.96134
0.96125
0.96116
0.96107
0.96098
0.96089
0.9608
0.96071
0.96062
0.960529
0.960439
0.960349
0.960259
0.960169
0.960079
0.959989
0.959898
0.959808
0.959718
0.959628
0.959538
0.959447
0.959357
0.959267
0.959176
0.959086
0.958996
0.958905
0.958815
0.958725
0.958634
0.958544
0.958453
0.958363
0.958272
0.958182
0.958092
0.958001
0.95791
0.95782
0.957729
0.957639
0.957548
0.957458
0.957367
0.957276
0.957186
0.957095
0.957004
0.956914
0.956823
0.956732
0.956642
0.956551
0.95646
0.956369
0.956279
0.956188
0.956097
0.956006
0.955915
0.955824
0.955733
0.955643
0.955552
0.955461
0.95537
0.955279
0.955188
0.955097
0.955006
0.954915
0.954824
0.954733
0.954642
0.95455
0.954459
0.954368
0.954277
0.954186
0.954095
0.954004
0.953912
0.953821
0.95373
0.953639
0.953547
0.953456
0.953365
0.953274
0.953182
0.953091
0.953
0.952908
0.952817
0.952725
0.952634
0.952542
0.952451
0.95236
0.952268
0.952177
0.952085
0.951993
0.951902
0.95181
0.951719
0.951627
0.951536
0.951444
0.951352
0.951261
0.951169
0.951077
0.950986
0.950894
0.950802
0.95071
0.950618
0.950527
0.950435
0.950343
0.950251
0.950159
0.950067
0.949976
0.949884
0.949792
0.9497
0.949608
0.949516
0.949424
0.949332
0.94924
0.949148
0.949056
0.948964
0.948872
0.948779
0.948687
0.948595
0.948503
0.948411
0.948319
0.948226
0.948134
0.948042
0.94795
0.947857
0.947765
0.947673
0.947581
0.947488
0.947396
0.947303
0.947211
0.947119
0.947026
0.946934
0.946841
0.946749
0.946656
0.946564
0.946471
0.946379
0.946286
0.946194
0.946101
0.946008
0.945916
0.945823
0.94573
0.945638
0.945545
0.945452
0.94536
0.945267
0.945174
0.945081
0.944988
0.944896
0.944803
0.94471
0.944617
0.944524
0.944431
0.944338
0.944245
0.944152
0.944059
0.943966
0.943873
0.94378
0.943687
0.943594
0.943501
0.943408
0.943315
0.943222
0.943129
0.943036
0.942942
0.942849
0.942756
0.942663
0.942569
0.942476
0.942383
0.94229
0.942196
0.942103
0.942009
0.941916
0.941823
0.941729
0.941636
0.941542
0.941449
0.941355
0.941262
0.941168
0.941075
0.940981
0.940888
0.940794
0.9407
0.940607
0.940513
0.940419
0.940326
0.940232
0.940138
0.940045
0.939951
0.939857
0.939763
0.939669
0.939576
0.939482
0.939388
0.939294
0.9392
0.939106
0.939012
0.938918
0.938824
0.93873
0.938636
0.938542
0.938448
0.938354
0.93826
0.938166
0.938072
0.937978
0.937883
0.937789
0.937695
0.937601
0.937506
0.937412
0.937318
0.937224
0.937129
0.937035
0.936941
0.936846
0.936752
0.936657
0.936563
0.936469
0.936374
0.93628
0.936185
0.936091
0.935996
0.935901
0.935807
0.935712
0.935618
0.935523
0.935428
0.935334
0.935239
0.935144
0.93505
0.934955
0.93486
0.934765
0.93467
0.934576
0.934481
0.934386
0.934291
0.934196
0.934101
0.934006
0.933911
0.933816
0.933721
0.933626
0.933531
0.933436
0.933341
0.933246
0.933151
0.933056
0.93296
0.932865
0.93277
0.932675
0.93258
0.932484
0.932389
0.932294
0.932198
0.932103
0.932008
0.931912
0.931817
0.931721
0.931626
0.931531
0.931435
0.93134
0.931244
0.931149
0.931053
0.930957
0.930862
0.930766
0.930671
0.930575
0.930479
0.930383
0.930288
0.930192
0.930096
0.93
0.929905
0.929809
0.929713
0.929617
0.929521
0.929425
0.929329
0.929233
0.929138
0.929042
0.928946
0.92885
0.928753
0.928657
0.928561
0.928465
0.928369
0.928273
0.928177
0.928081
0.927984
0.927888
0.927792
0.927696
0.927599
0.927503
0.927407
0.92731
0.927214
0.927117
0.927021
0.926925
0.926828
0.926732
0.926635
0.926539
0.926442
0.926346
0.926249
0.926152
0.926056
0.925959
0.925862
0.925766
0.925669
0.925572
0.925475
0.925379
0.925282
0.925185
0.925088
0.924991
0.924894
0.924798
0.924701
0.924604
0.924507
0.92441
0.924313
0.924216
0.924119
0.924022
0.923924
0.923827
0.92373
0.923633
0.923536
0.923439
0.923341
0.923244
0.923147
0.92305
0.922952
0.922855
0.922758
0.92266
0.922563
0.922465
0.922368
0.92227
0.922173
0.922075
0.921978
0.92188
0.921783
0.921685
0.921587
0.92149
0.921392
0.921294
0.921197
0.921099
0.921001
0.920903
0.920806
0.920708
0.92061
0.920512
0.920414
0.920316
0.920218
0.92012
0.920022
0.919924
0.919826
0.919728
0.91963
0.919532
0.919434
0.919336
0.919238
0.919139
0.919041
0.918943
0.918845
0.918746
0.918648
0.91855
0.918451
0.918353
0.918255
0.918156
0.918058
0.917959
0.917861
0.917762
0.917664
0.917565
0.917467
0.917368
0.917269
0.917171
0.917072
0.916973
0.916875
0.916776
0.916677
0.916578
0.91648
0.916381
0.916282
0.916183
0.916084
0.915985
0.915886
0.915787
0.915688
0.915589
0.91549
0.915391
0.915292
0.915193
0.915094
0.914995
0.914895
0.914796
0.914697
0.914598
0.914498
0.914399
0.9143
0.9142
0.914101
0.914002
0.913902
0.913803
0.913703
0.913604
0.913504
0.913405
0.913305
0.913205
0.913106
0.913006
0.912906
0.912807
0.912707
0.912607
0.912507
0.912408
0.912308
0.912208
0.912108
0.912008
0.911908
0.911808
0.911708
0.911608
0.911508
0.911408
0.911308
0.911208
0.911108
0.911008
0.910908
0.910807
0.910707
0.910607
0.910507
0.910406
0.910306
0.910206
0.910105
0.910005
0.909905
0.909804
0.909704
0.909603
0.909503
0.909402
0.909301
0.909201
0.9091
0.909
0.908899
0.908798
0.908697
0.908597
0.908496
0.908395
0.908294
0.908193
0.908093
0.907992
0.907891
0.90779
0.907689
0.907588
0.907487
0.907386
0.907284
0.907183
0.907082
0.906981
0.90688
0.906779
0.906677
0.906576
0.906475
0.906373
0.906272
0.906171
0.906069
0.905968
0.905866
0.905765
0.905663
0.905562
0.90546
0.905359
0.905257
0.905155
0.905054
0.904952
0.90485
0.904749
0.904647
0.904545
0.904443
0.904341
0.904239
0.904138
0.904036
0.903934
0.903832
0.90373
0.903628
0.903525
0.903423
0.903321
0.903219
0.903117
0.903015
0.902912
0.90281
0.902708
0.902606
0.902503
0.902401
0.902298
0.902196
0.902094
0.901991
0.901889
0.901786
0.901683
0.901581
0.901478
0.901376
0.901273
0.90117
0.901067
0.900965
0.900862
0.900759
0.900656
0.900553
0.90045
0.900347
0.900244
0.900141
0.900038
0.899935
0.899832
0.899729
0.899626
0.899523
0.89942
0.899317
0.899213
0.89911
0.899007
0.898903
0.8988
0.898697
0.898593
0.89849
0.898386
0.898283
0.898179
0.898076
0.897972
0.897868
0.897765
0.897661
0.897557
0.897454
0.89735
0.897246
0.897142
0.897038
0.896934
0.896831
0.896727
0.896623
0.896519
0.896415
0.896311
0.896206
0.896102
0.895998
0.895894
0.89579
0.895686
0.895581
0.895477
0.895373
0.895268
0.895164
0.89506
0.894955
0.894851
0.894746
0.894642
0.894537
0.894432
0.894328
0.894223
0.894118
0.894014
0.893909
0.893804
0.893699
0.893594
0.89349
0.893385
0.89328
0.893175
0.89307
0.892965
0.89286
0.892755
0.89265
0.892544
0.892439
0.892334
0.892229
0.892123
0.892018
0.891913
0.891807
0.891702
0.891597
0.891491
0.891386
0.89128
0.891175
0.891069
0.890963
0.890858
0.890752
0.890646
0.890541
0.890435
0.890329
0.890223
0.890117
0.890011
0.889906
0.8898
0.889694
0.889588
0.889481
0.889375
0.889269
0.889163
0.889057
0.888951
0.888844
0.888738
0.888632
0.888526
0.888419
0.888313
0.888206
0.8881
0.887993
0.887887
0.88778
0.887674
0.887567
0.88746
0.887354
0.887247
0.88714
0.887033
0.886926
0.88682
0.886713
0.886606
0.886499
0.886392
0.886285
0.886178
0.88607
0.885963
0.885856
0.885749
0.885642
0.885534
0.885427
0.88532
0.885212
0.885105
0.884998
0.88489
0.884783
0.884675
0.884568
0.88446
0.884352
0.884245
0.884137
0.884029
0.883921
0.883814
0.883706
0.883598
0.88349
0.883382
0.883274
0.883166
0.883058
0.88295
0.882842
0.882734
0.882625
0.882517
0.882409
0.882301
0.882192
0.882084
0.881976
0.881867
0.881759
0.88165
0.881542
0.881433
0.881324
0.881216
0.881107
0.880998
0.88089
0.880781
0.880672
0.880563
0.880454
0.880345
0.880237
0.880128
0.880018
0.879909
0.8798
0.879691
0.879582
0.879473
0.879364
0.879254
0.879145
0.879036
0.878926
0.878817
0.878707
0.878598
0.878488
0.878379
0.878269
0.87816
0.87805
0.87794
0.87783
0.877721
0.877611
0.877501
0.877391
0.877281
0.877171
0.877061
0.876951
0.876841
0.876731
0.876621
0.876511
0.8764
0.87629
0.87618
0.876069
0.875959
0.875849
0.875738
0.875628
0.875517
0.875407
0.875296
0.875185
0.875075
0.874964
0.874853
0.874742
0.874632
0.874521
0.87441
0.874299
0.874188
0.874077
0.873966
0.873855
0.873744
0.873632
0.873521
0.87341
0.873299
0.873187
0.873076
0.872965
0.872853
0.872742
0.87263
0.872519
0.872407
0.872295
0.872184
0.872072
0.87196
0.871848
0.871737
0.871625
0.871513
0.871401
0.871289
0.871177
0.871065
0.870953
0.870841
0.870728
0.870616
0.870504
0.870392
0.870279
0.870167
0.870054
0.869942
0.869829
0.869717
0.869604
0.869492
0.869379
0.869266
0.869154
0.869041
0.868928
0.868815
0.868702
0.868589
0.868476
0.868363
0.86825
0.868137
0.868024
0.867911
0.867798
0.867684
0.867571
0.867458
0.867344
0.867231
0.867117
0.867004
0.86689
0.866777
0.866663
0.866549
0.866436
0.866322
0.866208
0.866094
0.86598
0.865866
0.865752
0.865638
0.865524
0.86541
0.865296
0.865182
0.865068
0.864954
0.864839
0.864725
0.86461
0.864496
0.864382
0.864267
0.864152
0.864038
0.863923
0.863809
0.863694
0.863579
0.863464
0.863349
0.863234
0.86312
0.863005
0.86289
0.862774
0.862659
0.862544
0.862429
0.862314
0.862198
0.862083
0.861968
0.861852
0.861737
0.861621
0.861506
0.86139
0.861275
0.861159
0.861043
0.860927
0.860812
0.860696
0.86058
0.860464
0.860348
0.860232
0.860116
0.86
0.859883
0.859767
0.859651
0.859535
0.859418
0.859302
0.859185
0.859069
0.858952
0.858836
0.858719
0.858603
0.858486
0.858369
0.858252
0.858136
0.858019
0.857902
0.857785
0.857668
0.857551
0.857434
0.857316
0.857199
0.857082
0.856965
0.856847
0.85673
0.856612
0.856495
0.856377
0.85626
0.856142
0.856025
0.855907
0.855789
0.855671
0.855553
0.855436
0.855318
0.8552
0.855082
0.854964
0.854845
0.854727
0.854609
0.854491
0.854372
0.854254
0.854136
0.854017
0.853899
0.85378
0.853661
0.853543
0.853424
0.853305
0.853187
0.853068
0.852949
0.85283
0.852711
0.852592
0.852473
0.852354
0.852235
0.852115
0.851996
0.851877
0.851757
0.851638
0.851518
0.851399
0.851279
0.85116
0.85104
0.85092
0.850801
0.850681
0.850561
0.850441
0.850321
0.850201
0.850081
0.849961
0.849841
0.849721
0.8496
0.84948
0.84936
0.849239
0.849119
0.848998
0.848878
0.848757
0.848637
0.848516
0.848395
0.848274
0.848154
0.848033
0.847912
0.847791
0.84767
0.847549
0.847427
0.847306
0.847185
0.847064
0.846942
0.846821
0.8467
0.846578
0.846457
0.846335
0.846213
0.846092
0.84597
0.845848
0.845726
0.845604
0.845482
0.84536
0.845238
0.845116
0.844994
0.844872
0.844749
0.844627
0.844505
0.844382
0.84426
0.844137
0.844015
0.843892
0.843769
0.843647
0.843524
0.843401
0.843278
0.843155
0.843032
0.842909
0.842786
0.842663
0.84254
0.842417
0.842293
0.84217
0.842046
0.841923
0.841799
0.841676
0.841552
0.841429
0.841305
0.841181
0.841057
0.840933
0.840809
0.840685
0.840561
0.840437
0.840313
0.840189
0.840065
0.83994
0.839816
0.839691
0.839567
0.839442
0.839318
0.839193
0.839068
0.838944
0.838819
0.838694
0.838569
0.838444
0.838319
0.838194
0.838069
0.837944
0.837818
0.837693
0.837568
0.837442
0.837317
0.837191
0.837066
0.83694
0.836814
0.836689
0.836563
0.836437
0.836311
0.836185
0.836059
0.835933
0.835807
0.835681
0.835554
0.835428
0.835302
0.835175
0.835049
0.834922
0.834796
0.834669
0.834542
0.834416
0.834289
0.834162
0.834035
0.833908
0.833781
0.833654
0.833527
0.8334
0.833272
0.833145
0.833018
0.83289
0.832763
0.832635
0.832508
0.83238
0.832252
0.832124
0.831997
0.831869
0.831741
0.831613
0.831485
0.831356
0.831228
0.8311
0.830972
0.830843
0.830715
0.830586
0.830458
0.830329
0.830201
0.830072
0.829943
0.829814
0.829685
0.829557
0.829428
0.829298
0.829169
0.82904
0.828911
0.828782
0.828652
0.828523
0.828393
0.828264
0.828134
0.828005
0.827875
0.827745
0.827615
0.827485
0.827355
0.827225
0.827095
0.826965
0.826835
0.826705
0.826574
0.826444
0.826314
0.826183
0.826053
0.825922
0.825791
0.825661
0.82553
0.825399
0.825268
0.825137
0.825006
0.824875
0.824744
0.824613
0.824481
0.82435
0.824219
0.824087
0.823956
0.823824
0.823692
0.823561
0.823429
0.823297
0.823165
0.823033
0.822901
0.822769
0.822637
0.822505
0.822372
0.82224
0.822108
0.821975
0.821843
0.82171
0.821578
0.821445
0.821312
0.821179
0.821046
0.820913
0.82078
0.820647
0.820514
0.820381
0.820248
0.820114
0.819981
0.819848
0.819714
0.81958
0.819447
0.819313
0.819179
0.819046
0.818912
0.818778
0.818644
0.81851
0.818375
0.818241
0.818107
0.817973
0.817838
0.817704
0.817569
0.817435
0.8173
0.817165
0.81703
0.816896
0.816761
0.816626
0.816491
0.816356
0.81622
0.816085
0.81595
0.815814
0.815679
0.815544
0.815408
0.815272
0.815137
0.815001
0.814865
0.814729
0.814593
0.814457
0.814321
0.814185
0.814049
0.813913
0.813776
0.81364
0.813503
0.813367
0.81323
0.813093
0.812957
0.81282
0.812683
0.812546
0.812409
0.812272
0.812135
0.811998
0.81186
0.811723
0.811586
0.811448
0.811311
0.811173
0.811035
0.810898
0.81076
0.810622
0.810484
0.810346
0.810208
0.81007
0.809932
0.809793
0.809655
0.809517
0.809378
0.80924
0.809101
0.808962
0.808824
0.808685
0.808546
0.808407
0.808268
0.808129
0.80799
0.807851
0.807711
0.807572
0.807433
0.807293
0.807154
0.807014
0.806874
0.806735
0.806595
0.806455
0.806315
0.806175
0.806035
0.805895
0.805754
0.805614
0.805474
0.805333
0.805193
0.805052
0.804911
0.804771
0.80463
0.804489
0.804348
0.804207
0.804066
0.803925
0.803784
0.803643
0.803501
0.80336
0.803218
0.803077
0.802935
0.802793
0.802652
0.80251
0.802368
0.802226
0.802084
0.801942
0.8018
0.801657
0.801515
0.801373
0.80123
0.801088
0.800945
0.800802
0.80066
0.800517
0.800374
0.800231
0.800088
0.799945
0.799802
0.799659
0.799515
0.799372
0.799228
0.799085
0.798941
0.798798
0.798654
0.79851
0.798366
0.798222
0.798078
0.797934
0.79779
0.797646
0.797501
0.797357
0.797213
0.797068
0.796923
0.796779
0.796634
0.796489
0.796344
0.796199
0.796054
0.795909
0.795764
0.795619
0.795474
0.795328
0.795183
0.795037
0.794892
0.794746
0.7946
0.794454
0.794308
0.794162
0.794016
0.79387
0.793724
0.793578
0.793432
0.793285
0.793139
0.792992
0.792845
0.792699
0.792552
0.792405
0.792258
0.792111
0.791964
0.791817
0.79167
0.791523
0.791375
0.791228
0.79108
0.790933
0.790785
0.790637
0.790489
0.790342
0.790194
0.790046
0.789897
0.789749
0.789601
0.789453
0.789304
0.789156
0.789007
0.788859
0.78871
0.788561
0.788412
0.788263
0.788114
0.787965
0.787816
0.787667
0.787518
0.787368
0.787219
0.787069
0.78692
0.78677
0.78662
0.786471
0.786321
0.786171
0.786021
0.78587
0.78572
0.78557
0.78542
0.785269
0.785119
0.784968
0.784817
0.784667
0.784516
0.784365
0.784214
0.784063
0.783912
0.783761
0.78361
0.783458
0.783307
0.783155
0.783004
0.782852
0.7827
0.782549
0.782397
0.782245
0.782093
0.781941
0.781788
0.781636
0.781484
0.781331
0.781179
0.781026
0.780874
0.780721
0.780568
0.780415
0.780262
0.780109
0.779956
0.779803
0.77965
0.779496
0.779343
0.779189
0.779036
0.778882
0.778728
0.778575
0.778421
0.778267
0.778113
0.777959
0.777804
0.77765
0.777496
0.777341
0.777187
0.777032
0.776878
0.776723
0.776568
0.776413
0.776258
0.776103
0.775948
0.775793
0.775637
0.775482
0.775327
0.775171
0.775015
0.77486
0.774704
0.774548
0.774392
0.774236
0.77408
0.773924
0.773768
0.773611
0.773455
0.773298
0.773142
0.772985
0.772829
0.772672
0.772515
0.772358
0.772201
0.772044
0.771886
0.771729
0.771572
0.771414
0.771257
0.771099
0.770942
0.770784
0.770626
0.770468
0.77031
0.770152
0.769994
0.769836
0.769677
0.769519
0.76936
0.769202
0.769043
0.768884
0.768726
0.768567
0.768408
0.768249
0.76809
0.76793
0.767771
0.767612
0.767452
0.767293
0.767133
0.766973
0.766814
0.766654
0.766494
0.766334
0.766174
0.766013
0.765853
0.765693
0.765532
0.765372
0.765211
0.765051
0.76489
0.764729
0.764568
0.764407
0.764246
0.764085
0.763924
0.763762
0.763601
0.763439
0.763278
0.763116
0.762954
0.762792
0.762631
0.762469
0.762307
0.762144
0.761982
0.76182
0.761657
0.761495
0.761332
0.76117
0.761007
0.760844
0.760681
0.760518
0.760355
0.760192
0.760029
0.759865
0.759702
0.759539
0.759375
0.759211
0.759048
0.758884
0.75872
0.758556
0.758392
0.758228
0.758063
0.757899
0.757735
0.75757
0.757406
0.757241
0.757076
0.756911
0.756746
0.756581
0.756416
0.756251
0.756086
0.755921
0.755755
0.75559
0.755424
0.755258
0.755093
0.754927
0.754761
0.754595
0.754429
0.754263
0.754096
0.75393
0.753764
0.753597
0.753431
0.753264
0.753097
0.75293
0.752763
0.752596
0.752429
0.752262
0.752095
0.751927
0.75176
0.751592
0.751425
0.751257
0.751089
0.750921
0.750753
0.750585
0.750417
0.750249
0.750081
0.749912
0.749744
0.749575
0.749406
0.749238
0.749069
0.7489
0.748731
0.748562
0.748393
0.748223
0.748054
0.747885
0.747715
0.747546
0.747376
0.747206
0.747036
0.746866
0.746696
0.746526
0.746356
0.746186
0.746015
0.745845
0.745674
0.745504
0.745333
0.745162
0.744991
0.74482
0.744649
0.744478
0.744307
0.744135
0.743964
0.743792
0.743621
0.743449
0.743277
0.743105
0.742934
0.742761
0.742589
0.742417
0.742245
0.742072
0.7419
0.741727
0.741555
0.741382
0.741209
0.741036
0.740863
0.74069
0.740517
0.740344
0.74017
0.739997
0.739823
0.73965
0.739476
0.739302
0.739128
0.738954
0.73878
0.738606
0.738432
0.738258
0.738083
0.737909
0.737734
0.737559
0.737385
0.73721
0.737035
0.73686
0.736684
0.736509
0.736334
0.736159
0.735983
0.735807
0.735632
0.735456
0.73528
0.735104
0.734928
0.734752
0.734576
0.7344
0.734223
0.734047
0.73387
0.733694
0.733517
0.73334
0.733163
0.732986
0.732809
0.732632
0.732454
0.732277
0.7321
0.731922
0.731744
0.731567
0.731389
0.731211
0.731033
0.730855
0.730677
0.730498
0.73032
0.730141
0.729963
0.729784
0.729606
0.729427
0.729248
0.729069
0.72889
0.72871
0.728531
0.728352
0.728172
0.727993
0.727813
0.727633
0.727454
0.727274
0.727094
0.726914
0.726733
0.726553
0.726373
0.726192
0.726012
0.725831
0.72565
0.725469
0.725289
0.725108
0.724926
0.724745
0.724564
0.724383
0.724201
0.724019
0.723838
0.723656
0.723474
0.723292
0.72311
0.722928
0.722746
0.722564
0.722381
0.722199
0.722016
0.721833
0.721651
0.721468
0.721285
0.721102
0.720919
0.720735
0.720552
0.720369
0.720185
0.720002
0.719818
0.719634
0.71945
0.719266
0.719082
0.718898
0.718714
0.718529
0.718345
0.71816
0.717976
0.717791
0.717606
0.717421
0.717236
0.717051
0.716866
0.716681
0.716495
0.71631
0.716124
0.715939
0.715753
0.715567
0.715381
0.715195
0.715009
0.714823
0.714636
0.71445
0.714263
0.714077
0.71389
0.713703
0.713517
0.71333
0.713142
0.712955
0.712768
0.712581
0.712393
0.712206
0.712018
0.71183
0.711642
0.711455
0.711267
0.711078
0.71089
0.710702
0.710513
0.710325
0.710136
0.709948
0.709759
0.70957
0.709381
0.709192
0.709003
0.708814
0.708624
0.708435
0.708245
0.708056
0.707866
0.707676
0.707486
0.707296
0.707106
0.706916
0.706725
0.706535
0.706345
0.706154
0.705963
0.705772
0.705582
0.705391
0.7052
0.705008
0.704817
0.704626
0.704434
0.704243
0.704051
0.703859
0.703667
0.703476
0.703283
0.703091
0.702899
0.702707
0.702514
0.702322
0.702129
0.701937
0.701744
0.701551
0.701358
0.701165
0.700971
0.700778
0.700585
0.700391
0.700198
0.700004
0.69981
0.699616
0.699422
0.699228
0.699034
0.69884
0.698646
0.698451
0.698256
0.698062
0.697867
0.697672
0.697477
0.697282
0.697087
0.696892
0.696696
0.696501
0.696306
0.69611
0.695914
0.695718
0.695522
0.695326
0.69513
0.694934
0.694738
0.694541
0.694345
0.694148
0.693951
0.693755
0.693558
0.693361
0.693164
0.692966
0.692769
0.692572
0.692374
0.692177
0.691979
0.691781
0.691583
0.691385
0.691187
0.690989
0.690791
0.690592
0.690394
0.690195
0.689996
0.689798
0.689599
0.6894
0.689201
0.689001
0.688802
0.688603
0.688403
0.688204
0.688004
0.687804
0.687604
0.687404
0.687204
0.687004
0.686804
0.686603
0.686403
0.686202
0.686002
0.685801
0.6856
0.685399
0.685198
0.684997
0.684796
0.684594
0.684393
0.684191
0.683989
0.683788
0.683586
0.683384
0.683182
0.68298
0.682777
0.682575
0.682372
0.68217
0.681967
0.681764
0.681561
0.681358
0.681155
0.680952
0.680749
0.680546
0.680342
0.680138
0.679935
0.679731
0.679527
0.679323
0.679119
0.678915
0.67871
0.678506
0.678302
0.678097
0.677892
0.677687
0.677483
0.677278
0.677072
0.676867
0.676662
0.676457
0.676251
0.676045
0.67584
0.675634
0.675428
0.675222
0.675016
0.67481
0.674603
0.674397
0.67419
0.673984
0.673777
0.67357
0.673363
0.673156
0.672949
0.672742
0.672534
0.672327
0.672119
0.671912
0.671704
0.671496
0.671288
0.67108
0.670872
0.670664
0.670455
0.670247
0.670038
0.66983
0.669621
0.669412
0.669203
0.668994
0.668785
0.668575
0.668366
0.668156
0.667947
0.667737
0.667527
0.667317
0.667107
0.666897
0.666687
0.666477
0.666266
0.666056
0.665845
0.665634
0.665424
0.665213
0.665002
0.66479
0.664579
0.664368
0.664156
0.663945
0.663733
0.663521
0.663309
0.663097
0.662885
0.662673
0.662461
0.662249
0.662036
0.661823
0.661611
0.661398
0.661185
0.660972
0.660759
0.660546
0.660332
0.660119
0.659905
0.659692
0.659478
0.659264
0.65905
0.658836
0.658622
0.658408
0.658193
0.657979
0.657764
0.65755
0.657335
0.65712
0.656905
0.65669
0.656475
0.656259
0.656044
0.655828
0.655613
0.655397
0.655181
0.654965
0.654749
0.654533
0.654317
0.6541
0.653884
0.653667
0.653451
0.653234
0.653017
0.6528
0.652583
0.652366
0.652148
0.651931
0.651713
0.651496
0.651278
0.65106
0.650842
0.650624
0.650406
0.650188
0.649969
0.649751
0.649532
0.649314
0.649095
0.648876
0.648657
0.648438
0.648219
0.647999
0.64778
0.64756
0.647341
0.647121
0.646901
0.646681
0.646461
0.646241
0.646021
0.6458
0.64558
0.645359
0.645138
0.644918
0.644697
0.644476
0.644255
0.644033
0.643812
0.643591
0.643369
0.643147
0.642926
0.642704
0.642482
0.64226
0.642037
0.641815
0.641593
0.64137
0.641148
0.640925
0.640702
0.640479
0.640256
0.640033
0.63981
0.639586
0.639363
0.639139
0.638916
0.638692
0.638468
0.638244
0.63802
0.637796
0.637571
0.637347
0.637122
0.636898
0.636673
0.636448
0.636223
0.635998
0.635773
0.635547
0.635322
0.635096
0.634871
0.634645
0.634419
0.634193
0.633967
0.633741
0.633515
0.633288
0.633062
0.632835
0.632609
0.632382
0.632155
0.631928
0.631701
0.631474
0.631246
0.631019
0.630791
0.630563
0.630336
0.630108
0.62988
0.629652
0.629423
0.629195
0.628967
0.628738
0.62851
0.628281
0.628052
0.627823
0.627594
0.627365
0.627135
0.626906
0.626676
0.626447
0.626217
0.625987
0.625757
0.625527
0.625297
0.625067
0.624836
0.624606
0.624375
0.624145
0.623914
0.623683
0.623452
0.623221
0.622989
0.622758
0.622527
0.622295
0.622063
0.621831
0.6216
0.621368
0.621135
0.620903
0.620671
0.620438
0.620206
0.619973
0.61974
0.619507
0.619274
0.619041
0.618808
0.618575
0.618341
0.618108
0.617874
0.61764
0.617406
0.617172
0.616938
0.616704
0.61647
0.616235
0.616001
0.615766
0.615531
0.615297
0.615062
0.614826
0.614591
0.614356
0.614121
0.613885
0.613649
0.613414
0.613178
0.612942
0.612706
0.61247
0.612233
0.611997
0.61176
0.611524
0.611287
0.61105
0.610813
0.610576
0.610339
0.610102
0.609864
0.609627
0.609389
0.609151
0.608914
0.608676
0.608437
0.608199
0.607961
0.607723
0.607484
0.607246
0.607007
0.606768
0.606529
0.60629
0.606051
0.605811
0.605572
0.605333
0.605093
0.604853
0.604613
0.604373
0.604133
0.603893
0.603653
0.603413
0.603172
0.602932
0.602691
0.60245
0.602209
0.601968
0.601727
0.601486
0.601244
0.601003
0.600761
0.600519
0.600277
0.600036
0.599793
0.599551
0.599309
0.599067
0.598824
0.598582
0.598339
0.598096
0.597853
0.59761
0.597367
0.597124
0.59688
0.596637
0.596393
0.596149
0.595906
0.595662
0.595418
0.595173
0.594929
0.594685
0.59444
0.594196
0.593951
0.593706
0.593461
0.593216
0.592971
0.592726
0.59248
0.592235
0.591989
0.591743
0.591497
0.591252
0.591005
0.590759
0.590513
0.590267
0.59002
0.589773
0.589527
0.58928
0.589033
0.588786
0.588539
0.588291
0.588044
0.587796
0.587549
0.587301
0.587053
0.586805
0.586557
0.586309
0.586061
0.585812
0.585564
0.585315
0.585066
0.584817
0.584568
0.584319
0.58407
0.583821
0.583571
0.583322
0.583072
0.582823
0.582573
0.582323
0.582073
0.581822
0.581572
0.581322
0.581071
0.58082
0.58057
0.580319
0.580068
0.579817
0.579565
0.579314
0.579063
0.578811
0.578559
0.578308
0.578056
0.577804
0.577552
0.577299
0.577047
0.576795
0.576542
0.576289
0.576037
0.575784
0.575531
0.575278
0.575024
0.574771
0.574517
0.574264
0.57401
0.573756
0.573502
0.573248
0.572994
0.57274
0.572486
0.572231
0.571977
0.571722
0.571467
0.571212
0.570957
0.570702
0.570447
0.570191
0.569936
0.56968
0.569424
0.569169
0.568913
0.568657
0.5684
0.568144
0.567888
0.567631
0.567375
0.567118
0.566861
0.566604
0.566347
0.56609
0.565833
0.565575
0.565318
0.56506
0.564802
0.564544
0.564286
0.564028
0.56377
0.563512
0.563253
0.562995
0.562736
0.562477
0.562219
0.56196
0.5617
0.561441
0.561182
0.560922
0.560663
0.560403
0.560143
0.559884
0.559624
0.559363
0.559103
0.558843
0.558582
0.558322
0.558061
0.5578
0.557539
0.557278
0.557017
0.556756
0.556495
0.556233
0.555972
0.55571
0.555448
0.555186
0.554924
0.554662
0.5544
0.554137
0.553875
0.553612
0.55335
0.553087
0.552824
0.552561
0.552298
0.552034
0.551771
0.551507
0.551244
0.55098
0.550716
0.550452
0.550188
0.549924
0.54966
0.549395
0.549131
0.548866
0.548601
0.548336
0.548072
0.547806
0.547541
0.547276
0.547011
0.546745
0.546479
0.546214
0.545948
0.545682
0.545416
0.545149
0.544883
0.544617
0.54435
0.544083
0.543817
0.54355
0.543283
0.543016
0.542748
0.542481
0.542214
0.541946
0.541678
0.541411
0.541143
0.540875
0.540606
0.540338
0.54007
0.539801
0.539533
0.539264
0.538995
0.538726
0.538457
0.538188
0.537919
0.53765
0.53738
0.537111
0.536841
0.536571
0.536301
0.536031
0.535761
0.535491
0.53522
0.53495
0.534679
0.534408
0.534138
0.533867
0.533596
0.533324
0.533053
0.532782
0.53251
0.532239
0.531967
0.531695
0.531423
0.531151
0.530879
0.530607
0.530334
0.530062
0.529789
0.529516
0.529243
0.52897
0.528697
0.528424
0.528151
0.527877
0.527604
0.52733
0.527056
0.526783
0.526509
0.526235
0.52596
0.525686
0.525412
0.525137
0.524862
0.524588
0.524313
0.524038
0.523763
0.523487
0.523212
0.522937
0.522661
0.522386
0.52211
0.521834
0.521558
0.521282
0.521006
0.520729
0.520453
0.520176
0.5199
0.519623
0.519346
0.519069
0.518792
0.518515
0.518237
0.51796
0.517682
0.517405
0.517127
0.516849
0.516571
0.516293
0.516015
0.515736
0.515458
0.515179
0.5149
0.514622
0.514343
0.514064
0.513785
0.513505
0.513226
0.512947
0.512667
0.512387
0.512108
0.511828
0.511548
0.511268
0.510987
0.510707
0.510427
0.510146
0.509865
0.509585
0.509304
0.509023
0.508742
0.50846
0.508179
0.507898
0.507616
0.507334
0.507053
0.506771
0.506489
0.506207
0.505924
0.505642
0.50536
0.505077
0.504794
0.504512
0.504229
0.503946
0.503663
0.503379
0.503096
0.502813
0.502529
0.502245
0.501962
0.501678
0.501394
0.50111
0.500825
0.500541
0.500257
0.499972
0.499687
0.499403
0.499118
0.498833
0.498548
0.498263
0.497977
0.497692
0.497406
0.497121
0.496835
0.496549
0.496263
0.495977
0.495691
0.495405
0.495118
0.494832
0.494545
0.494258
0.493971
0.493684
0.493397
0.49311
0.492823
0.492536
0.492248
0.49196
0.491673
0.491385
0.491097
0.490809
0.490521
0.490233
0.489944
0.489656
0.489367
0.489078
0.48879
0.488501
0.488212
0.487923
0.487633
0.487344
0.487055
0.486765
0.486475
0.486186
0.485896
0.485606
0.485316
0.485025
0.484735
0.484445
0.484154
0.483863
0.483573
0.483282
0.482991
0.4827
0.482409
0.482117
0.481826
0.481534
0.481243
0.480951
0.480659
0.480367
0.480075
0.479783
0.479491
0.479199
0.478906
0.478614
0.478321
0.478028
0.477735
0.477442
0.477149
0.476856
0.476562
0.476269
0.475976
0.475682
0.475388
0.475094
0.4748
0.474506
0.474212
0.473918
0.473623
0.473329
0.473034
0.47274
0.472445
0.47215
0.471855
0.47156
0.471265
0.470969
0.470674
0.470378
0.470083
0.469787
0.469491
0.469195
0.468899
0.468603
0.468306
0.46801
0.467714
0.467417
0.46712
0.466823
0.466526
0.466229
0.465932
0.465635
0.465338
0.46504
0.464743
0.464445
0.464147
0.46385
0.463552
0.463253
0.462955
0.462657
0.462359
0.46206
0.461762
0.461463
0.461164
0.460865
0.460566
0.460267
0.459968
0.459669
0.459369
0.45907
0.45877
0.45847
0.45817
0.457871
0.457571
0.45727
0.45697
0.45667
0.456369
0.456069
0.455768
0.455467
0.455167
0.454866
0.454565
0.454263
0.453962
0.453661
0.453359
0.453058
0.452756
0.452454
0.452152
0.45185
0.451548
0.451246
0.450944
0.450642
0.450339
0.450036
0.449734
0.449431
0.449128
0.448825
0.448522
0.448219
0.447916
0.447612
0.447309
0.447005
0.446701
0.446398
0.446094
0.44579
0.445486
0.445181
0.444877
0.444573
0.444268
0.443964
0.443659
0.443354
0.443049
0.442744
0.442439
0.442134
0.441829
0.441523
0.441218
0.440912
0.440607
0.440301
0.439995
0.439689
0.439383
0.439077
0.43877
0.438464
0.438158
0.437851
0.437544
0.437238
0.436931
0.436624
0.436317
0.43601
0.435702
0.435395
0.435088
0.43478
0.434472
0.434165
0.433857
0.433549
0.433241
0.432933
0.432625
0.432316
0.432008
0.431699
0.431391
0.431082
0.430773
0.430464
0.430155
0.429846
0.429537
0.429228
0.428918
0.428609
0.428299
0.42799
0.42768
0.42737
0.42706
0.42675
0.42644
0.42613
0.42582
0.425509
0.425199
0.424888
0.424577
0.424267
0.423956
0.423645
0.423334
0.423022
0.422711
0.4224
0.422088
0.421777
0.421465
0.421154
0.420842
0.42053
0.420218
0.419906
0.419594
0.419281
0.418969
0.418656
0.418344
0.418031
0.417719
0.417406
0.417093
0.41678
0.416467
0.416153
0.41584
0.415527
0.415213
0.4149
0.414586
0.414272
0.413959
0.413645
0.413331
0.413017
0.412702
0.412388
0.412074
0.411759
0.411445
0.41113
0.410815
0.410501
0.410186
0.409871
0.409556
0.409241
0.408925
0.40861
0.408295
0.407979
0.407663
0.407348
0.407032
0.406716
0.4064
0.406084
0.405768
0.405452
0.405135
0.404819
0.404503
0.404186
0.403869
0.403553
0.403236
0.402919
0.402602
0.402285
0.401968
0.40165
0.401333
0.401016
0.400698
0.400381
0.400063
0.399745
0.399427
0.399109
0.398791
0.398473
0.398155
0.397837
0.397518
0.3972
0.396882
0.396563
0.396244
0.395925
0.395607
0.395288
0.394969
0.39465
0.39433
0.394011
0.393692
0.393372
0.393053
0.392733
0.392414
0.392094
0.391774
0.391454
0.391134
0.390814
0.390494
0.390174
0.389853
0.389533
0.389212
0.388892
0.388571
0.388251
0.38793
0.387609
0.387288
0.386967
0.386646
0.386325
0.386003
0.385682
0.385361
0.385039
0.384717
0.384396
0.384074
0.383752
0.38343
0.383108
0.382786
0.382464
0.382142
0.38182
0.381497
0.381175
0.380852
0.38053
0.380207
0.379884
0.379562
0.379239
0.378916
0.378593
0.37827
0.377946
0.377623
0.3773
0.376976
0.376653
0.376329
0.376006
0.375682
0.375358
0.375035
0.374711
0.374387
0.374063
0.373738
0.373414
0.37309
0.372766
0.372441
0.372117
0.371792
0.371467
0.371143
0.370818
0.370493
0.370168
0.369843
0.369518
0.369193
0.368868
0.368542
0.368217
0.367892
0.367566
0.367241
0.366915
0.366589
0.366264
0.365938
0.365612
0.365286
0.36496
0.364634
0.364308
0.363981
0.363655
0.363329
0.363002
0.362676
0.362349
0.362023
0.361696
0.361369
0.361042
0.360715
0.360388
0.360061
0.359734
0.359407
0.35908
0.358753
0.358425
0.358098
0.35777
0.357443
0.357115
0.356788
0.35646
0.356132
0.355804
0.355476
0.355148
0.35482
0.354492
0.354164
0.353836
0.353508
0.353179
0.352851
0.352522
0.352194
0.351865
0.351537
0.351208
0.350879
0.35055
0.350222
0.349893
0.349564
0.349235
0.348905
0.348576
0.348247
0.347918
0.347588
0.347259
0.34693
0.3466
0.346271
0.345941
0.345611
0.345282
0.344952
0.344622
0.344292
0.343962
0.343632
0.343302
0.342972
0.342642
0.342311
0.341981
0.341651
0.34132
0.34099
0.34066
0.340329
0.339998
0.339668
0.339337
0.339006
0.338676
0.338345
0.338014
0.337683
0.337352
0.337021
0.33669
0.336359
0.336027
0.335696
0.335365
0.335033
0.334702
0.334371
0.334039
0.333708
0.333376
0.333044
0.332713
0.332381
0.332049
0.331717
0.331385
0.331054
0.330722
0.33039
0.330058
0.329725
0.329393
0.329061
0.328729
0.328397
0.328064
0.327732
0.3274
0.327067
0.326735
0.326402
0.32607
0.325737
0.325404
0.325072
0.324739
0.324406
0.324073
0.323741
0.323408
0.323075
0.322742
0.322409
0.322076
0.321743
0.321409
0.321076
0.320743
0.32041
0.320077
0.319743
0.31941
0.319077
0.318743
0.31841
0.318076
0.317743
0.317409
0.317076
0.316742
0.316408
0.316075
0.315741
0.315407
0.315073
0.314739
0.314406
0.314072
0.313738
0.313404
0.31307
0.312736
0.312402
0.312068
0.311733
0.311399
0.311065
0.310731
0.310397
0.310062
0.309728
0.309394
0.309059
0.308725
0.308391
0.308056
0.307722
0.307387
0.307053
0.306718
0.306384
0.306049
0.305715
0.30538
0.305045
0.304711
0.304376
0.304041
0.303706
0.303372
0.303037
0.302702
0.302367
0.302032
0.301697
0.301362
0.301028
0.300693
0.300358
0.300023
0.299688
0.299353
0.299018
0.298682
0.298347
0.298012
0.297677
0.297342
0.297007
0.296672
0.296337
0.296001
0.295666
0.295331
0.294996
0.29466
0.294325
0.29399
0.293654
0.293319
0.292984
0.292648
0.292313
0.291978
0.291642
0.291307
0.290972
0.290636
0.290301
0.289965
0.28963
0.289294
0.288959
0.288623
0.288288
0.287952
0.287617
0.287281
0.286946
0.28661
0.286275
0.285939
0.285604
0.285268
0.284933
0.284597
0.284262
0.283926
0.28359
0.283255
0.282919
0.282584
0.282248
0.281913
0.281577
0.281241
0.280906
0.28057
0.280235
0.279899
0.279563
0.279228
0.278892
0.278557
0.278221
0.277885
0.27755
0.277214
0.276879
0.276543
0.276208
0.275872
0.275537
0.275201
0.274865
0.27453
0.274194
0.273859
0.273523
0.273188
0.272852
0.272517
0.272181
0.271846
0.27151
0.271175
0.27084
0.270504
0.270169
0.269833
0.269498
0.269162
0.268827
0.268492
0.268156
0.267821
0.267486
0.26715
0.266815
0.26648
0.266145
0.265809
0.265474
0.265139
0.264804
0.264468
0.264133
0.263798
0.263463
0.263128
0.262793
0.262458
0.262123
0.261788
0.261453
0.261118
0.260783
0.260448
0.260113
0.259778
0.259443
0.259108
0.258773
0.258439
0.258104
0.257769
0.257434
0.2571
0.256765
0.25643
0.256096
0.255761
0.255427
0.255092
0.254758
0.254423
0.254089
0.253754
0.25342
0.253086
0.252751
0.252417
0.252083
0.251748
0.251414
0.25108
0.250746
0.250412
0.250078
0.249744
0.24941
0.249076
0.248742
0.248408
0.248074
0.247741
0.247407
0.247073
0.246739
0.246406
0.246072
0.245739
0.245405
0.245072
0.244738
0.244405
0.244072
0.243738
0.243405
0.243072
0.242739
0.242406
0.242073
0.24174
0.241407
0.241074
0.240741
0.240408
0.240075
0.239742
0.23941
0.239077
0.238744
0.238412
0.238079
0.237747
0.237415
0.237082
0.23675
0.236418
0.236086
0.235754
0.235422
0.23509
0.234758
0.234426
0.234094
0.233762
0.23343
0.233099
0.232767
0.232436
0.232104
0.231773
0.231441
0.23111
0.230779
0.230448
0.230117
0.229785
0.229455
0.229124
0.228793
0.228462
0.228131
0.227801
0.22747
0.227139
0.226809
0.226479
0.226148
0.225818
0.225488
0.225158
0.224828
0.224498
0.224168
0.223838
0.223508
0.223179
0.222849
0.22252
0.22219
0.221861
0.221531
0.221202
0.220873
0.220544
0.220215
0.219886
0.219557
0.219228
0.2189
0.218571
0.218243
0.217914
0.217586
0.217258
0.216929
0.216601
0.216273
0.215945
0.215617
0.21529
0.214962
0.214634
0.214307
0.213979
0.213652
0.213325
0.212998
0.212671
0.212344
0.212017
0.21169
0.211363
0.211037
0.21071
0.210384
0.210057
0.209731
0.209405
0.209079
0.208753
0.208427
0.208102
0.207776
0.20745
0.207125
0.206799
0.206474
0.206149
0.205824
0.205499
0.205174
0.204849
0.204525
0.2042
0.203876
0.203551
0.203227
0.202903
0.202579
0.202255
0.201931
0.201608
0.201284
0.200961
0.200637
0.200314
0.199991
0.199668
0.199345
0.199022
0.198699
0.198377
0.198054
0.197732
0.19741
0.197088
0.196766
0.196444
0.196122
0.1958
0.195479
0.195157
0.194836
0.194515
0.194194
0.193873
0.193552
0.193232
0.192911
0.192591
0.19227
0.19195
0.19163
0.19131
0.19099
0.190671
0.190351
0.190032
0.189712
0.189393
0.189074
0.188755
0.188436
0.188118
0.187799
0.187481
0.187163
0.186845
0.186527
0.186209
0.185891
0.185574
0.185256
0.184939
0.184622
0.184305
0.183988
0.183671
0.183355
0.183038
0.182722
0.182406
0.18209
0.181774
0.181458
0.181143
0.180827
0.180512
0.180197
0.179882
0.179567
0.179252
0.178938
0.178623
0.178309
0.177995
0.177681
0.177367
0.177054
0.17674
0.176427
0.176114
0.175801
0.175488
0.175175
0.174863
0.17455
0.174238
0.173926
0.173614
0.173302
0.172991
0.172679
0.172368
0.172057
0.171746
0.171435
0.171125
0.170814
0.170504
0.170194
0.169884
0.169574
0.169265
0.168955
0.168646
0.168337
0.168028
0.167719
0.167411
0.167102
0.166794
0.166486
0.166178
0.16587
0.165563
0.165256
0.164948
0.164641
0.164335
0.164028
0.163722
0.163415
0.163109
0.162803
0.162498
0.162192
0.161887
0.161582
0.161277
0.160972
0.160667
0.160363
0.160059
0.159754
0.159451
0.159147
0.158843
0.15854
0.158237
0.157934
0.157631
0.157329
0.157027
0.156725
0.156423
0.156121
0.155819
0.155518
0.155217
0.154916
0.154615
0.154315
0.154014
0.153714
0.153414
0.153114
0.152815
0.152516
0.152216
0.151918
0.151619
0.15132
0.151022
0.150724
0.150426
0.150128
0.149831
0.149534
0.149237
0.14894
0.148643
0.148347
0.148051
0.147755
0.147459
0.147163
0.146868
0.146573
0.146278
0.145983
0.145689
0.145395
0.1451
0.144807
0.144513
0.14422
0.143927
0.143634
0.143341
0.143049
0.142756
0.142464
0.142172
0.141881
0.14159
0.141298
0.141008
0.140717
0.140427
0.140136
0.139846
0.139557
0.139267
0.138978
0.138689
0.1384
0.138112
0.137823
0.137535
0.137247
0.13696
0.136672
0.136385
0.136098
0.135812
0.135525
0.135239
0.134953
0.134668
0.134382
0.134097
0.133812
0.133527
0.133243
0.132959
0.132675
0.132391
0.132107
0.131824
0.131541
0.131259
0.130976
0.130694
0.130412
0.13013
0.129849
0.129568
0.129287
0.129006
0.128726
0.128445
0.128165
0.127886
0.127606
0.127327
0.127048
0.12677
0.126491
0.126213
0.125936
0.125658
0.125381
0.125104
0.124827
0.12455
0.124274
0.123998
0.123722
0.123447
0.123172
0.122897
0.122622
0.122348
0.122074
0.1218
0.121527
0.121253
0.12098
0.120708
0.120435
0.120163
0.119891
0.11962
0.119348
0.119077
0.118806
0.118536
0.118266
0.117996
0.117726
0.117457
0.117188
0.116919
0.11665
0.116382
0.116114
0.115846
0.115579
0.115312
0.115045
0.114779
0.114512
0.114246
0.113981
0.113715
0.11345
0.113186
0.112921
0.112657
0.112393
0.112129
0.111866
0.111603
0.11134
0.111078
0.110816
0.110554
0.110292
0.110031
0.10977
0.10951
0.109249
0.108989
0.108729
0.10847
0.108211
0.107952
0.107693
0.107435
0.107177
0.10692
0.106662
0.106405
0.106149
0.105892
0.105636
0.10538
0.105125
0.10487
0.104615
0.104361
0.104106
0.103852
0.103599
0.103346
0.103093
0.10284
0.102588
0.102336
0.102084
0.101832
0.101581
0.101331
0.10108
0.10083
0.10058
0.100331
0.100082
0.0998327
0.0995842
0.099336
0.0990881
0.0988405
0.0985933
0.0983464
0.0980998
0.0978535
0.0976076
0.097362
0.0971167
0.0968717
0.0966271
0.0963828
0.0961388
0.0958951
0.0956518
0.0954088
0.0951662
0.0949238
0.0946818
0.0944401
0.0941988
0.0939578
0.0937171
0.0934768
0.0932368
0.0929971
0.0927578
0.0925187
0.0922801
0.0920417
0.0918038
0.0915661
0.0913288
0.0910918
0.0908551
0.0906188
0.0903829
0.0901472
0.0899119
0.089677
0.0894424
0.0892081
0.0889742
0.0887406
0.0885074
0.0882745
0.0880419
0.0878097
0.0875778
0.0873463
0.0871152
0.0868843
0.0866538
0.0864237
0.0861939
0.0859645
0.0857354
0.0855066
0.0852782
0.0850502
0.0848225
0.0845951
0.0843681
0.0841415
0.0839152
0.0836892
0.0834636
0.0832384
0.0830135
0.0827889
0.0825648
0.0823409
0.0821174
0.0818943
0.0816715
0.0814491
0.0812271
0.0810054
0.080784
0.080563
0.0803424
0.0801221
0.0799022
0.0796826
0.0794634
0.0792445
0.079026
0.0788079
0.0785901
0.0783727
0.0781557
0.077939
0.0777226
0.0775067
0.0772911
0.0770758
0.0768609
0.0766464
0.0764322
0.0762184
0.076005
0.0757919
0.0755792
0.0753668
0.0751549
0.0749432
0.074732
0.0745211
0.0743106
0.0741004
0.0738906
0.0736812
0.0734721
0.0732634
0.0730551
0.0728471
0.0726395
0.0724323
0.0722254
0.072019
0.0718128
0.0716071
0.0714017
0.0711967
0.070992
0.0707877
0.0705838
0.0703803
0.0701771
0.0699743
0.0697719
0.0695698
0.0693681
0.0691668
0.0689659
0.0687653
0.0685651
0.0683653
0.0681658
0.0679667
0.067768
0.0675696
0.0673717
0.0671741
0.0669768
0.06678
0.0665835
0.0663874
0.0661917
0.0659963
0.0658013
0.0656067
0.0654125
0.0652186
0.0650251
0.064832
0.0646393
0.0644469
0.0642549
0.0640633
0.0638721
0.0636812
0.0634907
0.0633006
0.0631109
0.0629215
0.0627325
0.0625439
0.0623557
0.0621678
0.0619803
0.0617932
0.0616065
0.0614201
0.0612342
0.0610486
0.0608633
0.0606785
0.060494
0.0603099
0.0601262
0.0599429
0.0597599
0.0595773
0.0593951
0.0592133
0.0590318
0.0588508
0.0586701
0.0584897
0.0583098
0.0581302
0.057951
0.0577722
0.0575938
0.0574157
0.057238
0.0570607
0.0568838
0.0567072
0.0565311
0.0563553
0.0561798
0.0560048
0.0558301
0.0556558
0.0554819
0.0553084
0.0551352
0.0549625
0.0547901
0.054618
0.0544464
0.0542751
0.0541042
0.0539337
0.0537635
0.0535938
0.0534244
0.0532554
0.0530867
0.0529185
0.0527506
0.0525831
0.052416
0.0522492
0.0520828
0.0519168
0.0517512
0.0515859
0.051421
0.0512565
0.0510924
0.0509287
0.0507653
0.0506023
0.0504396
0.0502774
0.0501155
0.049954
0.0497929
0.0496321
0.0494717
0.0493117
0.0491521
0.0489928
0.0488339
0.0486754
0.0485173
0.0483595
0.0482021
0.0480451
0.0478884
0.0477321
0.0475762
0.0474207
0.0472655
0.0471107
0.0469563
0.0468023
0.0466486
0.0464953
0.0463423
0.0461898
0.0460376
0.0458857
0.0457343
0.0455832
0.0454325
0.0452821
0.0451321
0.0449825
0.0448332
0.0446844
0.0445359
0.0443877
0.0442399
0.0440925
0.0439455
0.0437988
0.0436525
0.0435065
0.043361
0.0432157
0.0430709
0.0429264
0.0427823
0.0426385
0.0424951
0.0423521
0.0422094
0.0420671
0.0419252
0.0417836
0.0416424
0.0415016
0.0413611
0.0412209
0.0410812
0.0409418
0.0408027
0.040664
0.0405257
0.0403877
0.0402501
0.0401129
0.039976
0.0398394
0.0397033
0.0395675
0.039432
0.0392969
0.0391621
0.0390277
0.0388937
0.03876
0.0386267
0.0384937
0.0383611
0.0382289
0.0380969
0.0379654
0.0378342
0.0377033
0.0375728
0.0374427
0.0373129
0.0371835
0.0370544
0.0369256
0.0367972
0.0366692
0.0365415
0.0364141
0.0362871
0.0361605
0.0360342
0.0359082
0.0357826
0.0356573
0.0355324
0.0354078
0.0352836
0.0351597
0.0350362
0.034913
0.0347901
0.0346676
0.0345455
0.0344236
0.0343022
0.034181
0.0340602
0.0339397
0.0338196
0.0336998
0.0335804
0.0334613
0.0333425
0.0332241
0.033106
0.0329882
0.0328708
0.0327537
0.032637
0.0325205
0.0324045
0.0322887
0.0321733
0.0320582
0.0319435
0.031829
0.0317149
0.0316012
0.0314878
0.0313747
0.0312619
0.0311494
0.0310373
0.0309255
0.0308141
0.030703
0.0305922
0.0304817
0.0303715
0.0302617
0.0301522
0.030043
0.0299342
0.0298256
0.0297174
0.0296095
0.0295019
0.0293947
0.0292878
0.0291812
0.0290749
0.0289689
0.0288632
0.0287579
0.0286529
0.0285482
0.0284438
0.0283397
0.028236
0.0281325
0.0280294
0.0279266
0.0278241
0.0277219
0.02762
0.0275184
0.0274172
0.0273162
0.0272156
0.0271153
0.0270153
0.0269155
0.0268161
0.026717
0.0266182
0.0265198
0.0264216
0.0263237
0.0262261
0.0261288
0.0260319
0.0259352
0.0258388
0.0257428
0.025647
0.0255515
0.0254564
0.0253615
0.0252669
0.0251727
0.0250787
0.024985
0.0248916
0.0247986
0.0247058
0.0246133
0.0245211
0.0244291
0.0243375
0.0242462
0.0241552
0.0240644
0.0239739
0.0238838
0.0237939
0.0237043
0.023615
0.023526
0.0234373
0.0233488
0.0232607
0.0231728
0.0230852
0.0229979
0.0229109
0.0228241
0.0227376
0.0226515
0.0225656
0.0224799
0.0223946
0.0223095
0.0222248
0.0221402
0.022056
0.0219721
0.0218884
0.021805
0.0217218
0.021639
0.0215564
0.0214741
0.0213921
0.0213103
0.0212288
0.0211476
0.0210666
0.0209859
0.0209055
0.0208253
0.0207455
0.0206658
0.0205865
0.0205074
0.0204286
0.02035
0.0202717
0.0201937
0.0201159
0.0200384
0.0199611
0.0198841
0.0198074
0.0197309
0.0196547
0.0195788
0.0195031
0.0194276
0.0193524
0.0192775
0.0192028
0.0191284
0.0190542
0.0189803
0.0189067
0.0188332
0.0187601
0.0186872
0.0186145
0.0185421
0.0184699
0.018398
0.0183263
0.0182549
0.0181837
0.0181128
0.0180421
0.0179717
0.0179015
0.0178315
0.0177618
0.0176923
0.0176231
0.0175541
0.0174853
0.0174168
0.0173486
0.0172805
0.0172127
0.0171452
0.0170778
0.0170107
0.0169439
0.0168773
0.0168109
0.0167447
0.0166788
0.0166131
0.0165476
0.0164824
0.0164174
0.0163526
0.0162881
0.0162238
0.0161597
0.0160958
0.0160322
0.0159688
0.0159056
0.0158426
0.0157799
0.0157174
0.0156551
0.015593
0.0155312
0.0154696
0.0154082
0.015347
0.015286
0.0152252
0.0151647
0.0151044
0.0150443
0.0149844
0.0149248
0.0148653
0.0148061
0.014747
0.0146882
0.0146296
0.0145712
0.0145131
0.0144551
0.0143973
0.0143398
0.0142824
0.0142253
0.0141684
0.0141117
0.0140552
0.0139989
0.0139428
0.0138869
0.0138312
0.0137757
0.0137204
0.0136653
0.0136104
0.0135557
0.0135013
0.013447
0.0133929
0.013339
0.0132853
0.0132318
0.0131785
0.0131255
0.0130726
0.0130198
0.0129673
0.012915
0.0128629
0.012811
0.0127592
0.0127077
0.0126563
0.0126052
0.0125542
0.0125034
0.0124528
0.0124024
0.0123522
0.0123021
0.0122523
0.0122026
0.0121531
0.0121038
0.0120547
0.0120058
0.0119571
0.0119085
0.0118601
0.0118119
0.0117639
0.0117161
0.0116684
0.0116209
0.0115736
0.0115265
0.0114795
0.0114328
0.0113862
0.0113398
0.0112935
0.0112475
0.0112016
0.0111558
0.0111103
0.0110649
0.0110197
0.0109747
0.0109298
0.0108851
0.0108406
0.0107963
0.0107521
0.0107081
0.0106642
0.0106205
0.010577
0.0105337
0.0104905
0.0104475
0.0104046
0.0103619
0.0103194
0.010277
0.0102348
0.0101928
0.0101509
0.0101092
0.0100676
0.0100262
0.00998499
0.0099439
0.00990298
0.00986221
0.0098216
0.00978114
0.00974084
0.0097007
0.00966071
0.00962088
0.0095812
0.00954167
0.00950229
0.00946307
0.009424
0.00938508
0.00934631
0.00930769
0.00926922
0.0092309
0.00919273
0.00915471
0.00911683
0.0090791
0.00904152
0.00900409
0.0089668
0.00892965
0.00889265
0.0088558
0.00881909
0.00878252
0.00874609
0.00870981
0.00867367
0.00863767
0.00860181
0.00856609
0.00853051
0.00849507
0.00845977
0.0084246
0.00838958
0.00835469
0.00831994
0.00828533
0.00825085
0.00821651
0.0081823
0.00814823
0.00811429
0.00808049
0.00804681
0.00801327
0.00797987
0.00794659
0.00791345
0.00788044
0.00784756
0.0078148
0.00778218
0.00774969
0.00771732
0.00768509
0.00765298
0.007621
0.00758914
0.00755741
0.00752581
0.00749433
0.00746298
0.00743176
0.00740065
0.00736967
0.00733882
0.00730808
0.00727747
0.00724698
0.00721662
0.00718637
0.00715624
0.00712624
0.00709635
0.00706659
0.00703694
0.00700741
0.006978
0.00694871
0.00691953
0.00689047
0.00686153
0.0068327
0.00680399
0.00677539
0.00674691
0.00671854
0.00669029
0.00666215
0.00663412
0.00660621
0.00657841
0.00655072
0.00652314
0.00649567
0.00646831
0.00644107
0.00641393
0.0063869
0.00635998
0.00633317
0.00630647
0.00627988
0.00625339
0.00622701
0.00620074
0.00617457
0.00614851
0.00612255
0.0060967
0.00607095
0.00604531
0.00601977
0.00599434
0.00596901
0.00594378
0.00591865
0.00589363
0.00586871
0.00584388
0.00581916
0.00579454
0.00577002
0.0057456
0.00572128
0.00569706
0.00567294
0.00564891
0.00562498
0.00560115
0.00557742
0.00555378
0.00553024
0.0055068
0.00548345
0.0054602
0.00543704
0.00541398
0.00539101
0.00536813
0.00534535
0.00532266
0.00530007
0.00527757
0.00525515
0.00523284
0.00521061
0.00518847
0.00516643
0.00514447
0.0051226
0.00510083
0.00507914
0.00505754
0.00503604
0.00501462
0.00499328
0.00497204
0.00495088
0.00492981
0.00490883
0.00488793
0.00486712
0.00484639
0.00482575
0.0048052
0.00478473
0.00476434
0.00474404
0.00472382
0.00470368
0.00468363
0.00466366
0.00464378
0.00462397
0.00460425
0.00458461
0.00456505
0.00454557
0.00452617
0.00450685
0.00448761
0.00446845
0.00444937
0.00443037
0.00441145
0.0043926
0.00437384
0.00435515
0.00433654
0.00431801
0.00429955
0.00428117
0.00426287
0.00424464
0.00422649
0.00420841
0.00419041
0.00417248
0.00415463
0.00413685
0.00411915
0.00410152
0.00408396
0.00406648
0.00404907
0.00403173
0.00401446
0.00399727
0.00398015
0.00396309
0.00394611
0.0039292
0.00391236
0.0038956
0.0038789
0.00386227
0.00384571
0.00382922
0.00381279
0.00379644
0.00378016
0.00376394
0.00374779
0.00373171
0.00371569
0.00369975
0.00368387
0.00366805
0.0036523
0.00363662
0.00362101
0.00360545
0.00358997
0.00357455
0.00355919
0.0035439
0.00352867
0.00351351
0.00349841
0.00348337
0.00346839
0.00345348
0.00343863
0.00342385
0.00340912
0.00339446
0.00337986
0.00336532
0.00335084
0.00333643
0.00332207
0.00330777
0.00329354
0.00327936
0.00326524
0.00325118
0.00323719
0.00322325
0.00320937
0.00319554
0.00318178
0.00316807
0.00315443
0.00314083
0.0031273
0.00311383
0.00310041
0.00308704
0.00307374
0.00306049
0.00304729
0.00303415
0.00302107
0.00300804
0.00299507
0.00298215
0.00296929
0.00295648
0.00294372
0.00293102
0.00291837
0.00290578
0.00289324
0.00288075
0.00286831
0.00285593
0.0028436
0.00283132
0.0028191
0.00280692
0.0027948
0.00278273
0.00277071
0.00275874
0.00274682
0.00273496
0.00272314
0.00271137
0.00269965
0.00268799
0.00267637
0.0026648
0.00265328
0.00264181
0.00263038
0.00261901
0.00260768
0.00259641
0.00258518
0.002574
0.00256286
0.00255177
0.00254073
0.00252974
0.0025188
0.0025079
0.00249704
0.00248623
0.00247547
0.00246476
0.00245409
0.00244346
0.00243288
0.00242235
0.00241186
0.00240142
0.00239102
0.00238066
0.00237035
0.00236008
0.00234986
0.00233968
0.00232954
0.00231944
0.00230939
0.00229939
0.00228942
0.0022795
0.00226962
0.00225978
0.00224998
0.00224023
0.00223051
0.00222084
0.00221121
0.00220162
0.00219207
0.00218257
0.0021731
0.00216367
0.00215429
0.00214494
0.00213564
0.00212637
0.00211714
0.00210796
0.00209881
0.0020897
0.00208063
0.0020716
0.00206261
0.00205365
0.00204474
0.00203586
0.00202702
0.00201822
0.00200946
0.00200073
0.00199204
0.00198339
0.00197477
0.0019662
0.00195765
0.00194915
0.00194068
0.00193225
0.00192385
0.0019155
0.00190717
0.00189888
0.00189063
0.00188241
0.00187423
0.00186609
0.00185797
0.0018499
0.00184185
0.00183385
0.00182587
0.00181793
0.00181003
0.00180216
0.00179432
0.00178652
0.00177875
0.00177101
0.00176331
0.00175563
0.001748
0.00174039
0.00173282
0.00172528
0.00171777
0.0017103
0.00170286
0.00169545
0.00168807
0.00168072
0.0016734
0.00166612
0.00165887
0.00165165
0.00164446
0.0016373
0.00163017
0.00162307
0.001616
0.00160897
0.00160196
0.00159498
0.00158804
0.00158112
0.00157423
0.00156738
0.00156055
0.00155375
0.00154698
0.00154024
0.00153353
0.00152685
0.0015202
0.00151357
0.00150698
0.00150041
0.00149387
0.00148736
0.00148088
0.00147442
0.001468
0.0014616
0.00145523
0.00144888
0.00144257
0.00143628
0.00143001
0.00142378
0.00141757
0.00141139
0.00140523
0.00139911
0.001393
0.00138693
0.00138088
0.00137486
0.00136886
0.00136289
0.00135694
0.00135102
0.00134513
0.00133926
0.00133342
0.0013276
0.00132181
0.00131604
0.0013103
0.00130458
0.00129889
0.00129322
0.00128757
0.00128195
0.00127636
0.00127079
0.00126524
0.00125972
0.00125422
0.00124874
0.00124329
0.00123786
0.00123246
0.00122708
0.00122172
0.00121639
0.00121107
0.00120579
0.00120052
0.00119528
0.00119006
0.00118486
0.00117968
0.00117453
0.0011694
0.00116429
0.00115921
0.00115414
0.0011491
0.00114408
0.00113908
0.00113411
0.00112915
0.00112422
0.0011193
0.00111441
0.00110954
0.0011047
0.00109987
0.00109506
0.00109028
0.00108551
0.00108077
0.00107604
0.00107134
0.00106666
0.00106199
0.00105735
0.00105273
0.00104813
0.00104354
0.00103898
0.00103444
0.00102992
0.00102541
0.00102093
0.00101646
0.00101202
0.00100759
0.00100319
0.000998801
0.000994433
0.000990083
0.000985753
0.000981442
0.000977149
0.000972875
0.000968619
0.000964382
0.000960164
0.000955963
0.000951781
0.000947617
0.000943472
0.000939344
0.000935234
0.000931142
0.000927068
0.000923012
0.000918973
0.000914951
0.000910948
0.000906961
0.000902992
0.00089904
0.000895106
0.000891188
0.000887288
0.000883404
0.000879538
0.000875688
0.000871855
0.000868039
0.000864239
0.000860456
0.000856689
0.000852938
0.000849204
0.000845487
0.000841785
0.000838099
0.00083443
0.000830777
0.000827139
0.000823517
0.000819911
0.000816321
0.000812746
0.000809187
0.000805643
0.000802115
0.000798602
0.000795105
0.000791623
0.000788155
0.000784703
0.000781266
0.000777844
0.000774437
0.000771045
0.000767668
0.000764305
0.000760957
0.000757623
0.000754304
0.000751
0.000747709
0.000744434
0.000741172
0.000737925
0.000734692
0.000731473
0.000728267
0.000725076
0.000721899
0.000718736
0.000715586
0.000712451
0.000709328
0.00070622
0.000703125
0.000700044
0.000696976
0.000693921
0.00069088
0.000687852
0.000684837
0.000681835
0.000678846
0.000675871
0.000672908
0.000669959
0.000667022
0.000664098
0.000661187
0.000658288
0.000655402
0.000652529
0.000649668
0.00064682
0.000643984
0.000641161
0.000638349
0.000635551
0.000632764
0.000629989
0.000627227
0.000624477
0.000621738
0.000619012
0.000616298
0.000613595
0.000610904
0.000608225
0.000605558
0.000602902
0.000600258
0.000597625
0.000595004
0.000592395
0.000589796
0.00058721
0.000584634
0.00058207
0.000579516
0.000576975
0.000574444
0.000571924
0.000569415
0.000566917
0.00056443
0.000561954
0.000559489
0.000557034
0.000554591
0.000552158
0.000549735
0.000547323
0.000544922
0.000542531
0.000540151
0.000537781
0.000535421
0.000533072
0.000530733
0.000528404
0.000526085
0.000523777
0.000521478
0.00051919
0.000516912
0.000514643
0.000512385
0.000510136
0.000507898
0.000505669
0.000503449
0.00050124
0.00049904
0.00049685
0.000494669
0.000492498
0.000490336
0.000488184
0.000486041
0.000483908
0.000481784
0.000479669
0.000477564
0.000475467
0.00047338
0.000471302
0.000469233
0.000467173
0.000465123
0.000463081
0.000461048
0.000459024
0.000457008
0.000455002
0.000453005
0.000451016
0.000449036
0.000447064
0.000445101
0.000443147
0.000441201
0.000439264
0.000437335
0.000435415
0.000433503
0.0004316
0.000429704
0.000427818
0.000425939
0.000424069
0.000422206
0.000420352
0.000418506
0.000416669
0.000414839
0.000413017
0.000411203
0.000409397
0.000407599
0.000405809
0.000404027
0.000402252
0.000400486
0.000398727
0.000396976
0.000395232
0.000393496
0.000391768
0.000390047
0.000388334
0.000386628
0.00038493
0.000383239
0.000381555
0.000379879
0.000378211
0.000376549
0.000374895
0.000373248
0.000371609
0.000369976
0.000368351
0.000366733
0.000365122
0.000363518
0.000361921
0.000360331
0.000358748
0.000357171
0.000355602
0.00035404
0.000352484
0.000350936
0.000349394
0.000347859
0.00034633
0.000344809
0.000343294
0.000341785
0.000340284
0.000338788
0.0003373
0.000335818
0.000334342
0.000332873
0.00033141
0.000329954
0.000328504
0.00032706
0.000325623
0.000324192
0.000322768
0.000321349
0.000319937
0.000318531
0.000317131
0.000315737
0.00031435
0.000312968
0.000311593
0.000310223
0.00030886
0.000307503
0.000306151
0.000304806
0.000303466
0.000302132
0.000300804
0.000299482
0.000298166
0.000296855
0.00029555
0.000294251
0.000292958
0.00029167
0.000290388
0.000289112
0.000287841
0.000286576
0.000285316
0.000284062
0.000282813
0.00028157
0.000280332
0.0002791
0.000277873
0.000276652
0.000275435
0.000274225
0.000273019
0.000271819
0.000270624
0.000269434
0.00026825
0.00026707
0.000265896
0.000264727
0.000263563
0.000262405
0.000261251
0.000260102
0.000258959
0.00025782
0.000256687
0.000255558
0.000254435
0.000253316
0.000252202
0.000251093
0.000249989
0.00024889
0.000247796
0.000246706
0.000245621
0.000244541
0.000243466
0.000242395
0.00024133
0.000240268
0.000239212
0.00023816
0.000237113
0.00023607
0.000235032
0.000233999
0.00023297
0.000231945
0.000230925
0.00022991
0.000228899
0.000227892
0.00022689
0.000225892
0.000224899
0.00022391
0.000222925
0.000221944
0.000220968
0.000219997
0.000219029
0.000218066
0.000217107
0.000216152
0.000215201
0.000214255
0.000213313
0.000212374
0.00021144
0.00021051
0.000209584
0.000208663
0.000207745
0.000206831
0.000205921
0.000205016
0.000204114
0.000203216
0.000202322
0.000201433
0.000200547
0.000199664
0.000198786
0.000197912
0.000197041
0.000196175
0.000195312
0.000194452
0.000193597
0.000192746
0.000191898
0.000191054
0.000190213
0.000189376
0.000188543
0.000187714
0.000186888
0.000186066
0.000185248
0.000184433
0.000183621
0.000182814
0.000182009
0.000181209
0.000180412
0.000179618
0.000178828
0.000178041
0.000177258
0.000176478
0.000175701
0.000174929
0.000174159
0.000173393
0.00017263
0.00017187
0.000171114
0.000170361
0.000169612
0.000168866
0.000168123
0.000167383
0.000166647
0.000165913
0.000165184
0.000164457
0.000163733
0.000163013
0.000162296
0.000161581
0.000160871
0.000160163
0.000159458
0.000158756
0.000158058
0.000157362
0.00015667
0.000155981
0.000155294
0.000154611
0.000153931
0.000153253
0.000152579
0.000151908
0.000151239
0.000150574
0.000149911
0.000149252
0.000148595
0.000147941
0.00014729
0.000146642
0.000145997
0.000145354
0.000144715
0.000144078
0.000143444
0.000142813
0.000142184
0.000141558
0.000140935
0.000140315
0.000139698
0.000139083
0.000138471
0.000137862
0.000137255
0.000136651
0.00013605
0.000135451
0.000134855
0.000134261
0.00013367
0.000133082
0.000132496
0.000131913
0.000131333
0.000130755
0.000130179
0.000129607
0.000129036
0.000128468
0.000127903
0.00012734
0.00012678
0.000126222
0.000125666
0.000125113
0.000124562
0.000124014
0.000123468
0.000122925
0.000122384
0.000121845
0.000121309
0.000120775
0.000120243
0.000119714
0.000119187
0.000118663
0.00011814
0.000117621
0.000117103
0.000116587
0.000116074
0.000115563
0.000115055
0.000114548
0.000114044
0.000113542
0.000113042
0.000112545
0.000112049
0.000111556
0.000111065
0.000110576
0.00011009
0.000109605
0.000109123
0.000108642
0.000108164
0.000107688
0.000107214
0.000106742
0.000106272
0.000105804
0.000105339
0.000104875
0.000104413
0.000103954
0.000103496
0.000103041
0.000102587
0.000102135
0.000101686
0.000101238
0.000100793
0.000100349
9.99071e-05
9.94673e-05
9.90294e-05
9.85935e-05
9.81595e-05
9.77274e-05
9.72972e-05
9.68688e-05
9.64424e-05
9.60179e-05
9.55952e-05
9.51743e-05
9.47554e-05
9.43382e-05
9.39229e-05
9.35095e-05
9.30978e-05
9.2688e-05
9.22799e-05
9.18737e-05
9.14692e-05
9.10665e-05
9.06656e-05
9.02665e-05
8.98691e-05
8.94735e-05
8.90796e-05
8.86874e-05
8.82969e-05
8.79082e-05
8.75212e-05
8.71359e-05
8.67523e-05
8.63703e-05
8.59901e-05
8.56115e-05
8.52346e-05
8.48594e-05
8.44858e-05
8.41138e-05
8.37435e-05
8.33748e-05
8.30077e-05
8.26423e-05
8.22784e-05
8.19162e-05
8.15555e-05
8.11964e-05
8.0839e-05
8.0483e-05
8.01287e-05
7.97759e-05
7.94247e-05
7.9075e-05
7.87268e-05
7.83802e-05
7.80351e-05
7.76915e-05
7.73495e-05
7.70089e-05
7.66698e-05
7.63323e-05
7.59962e-05
7.56616e-05
7.53284e-05
7.49968e-05
7.46666e-05
7.43378e-05
7.40105e-05
7.36846e-05
7.33602e-05
7.30372e-05
7.27156e-05
7.23954e-05
7.20767e-05
7.17593e-05
7.14433e-05
7.11288e-05
7.08156e-05
7.05038e-05
7.01933e-05
6.98843e-05
6.95765e-05
6.92702e-05
6.89652e-05
6.86615e-05
6.83592e-05
6.80582e-05
6.77585e-05
6.74601e-05
6.71631e-05
6.68674e-05
6.65729e-05
6.62798e-05
6.59879e-05
6.56974e-05
6.54081e-05
6.51201e-05
6.48333e-05
6.45478e-05
6.42636e-05
6.39806e-05
6.36989e-05
6.34184e-05
6.31391e-05
6.28611e-05
6.25843e-05
6.23087e-05
6.20343e-05
6.17612e-05
6.14892e-05
6.12184e-05
6.09488e-05
6.06805e-05
6.04132e-05
6.01472e-05
5.98824e-05
5.96187e-05
5.93561e-05
5.90947e-05
5.88345e-05
5.85754e-05
5.83175e-05
5.80607e-05
5.7805e-05
5.75504e-05
5.7297e-05
5.70447e-05
5.67935e-05
5.65434e-05
5.62944e-05
5.60465e-05
5.57997e-05
5.55539e-05
5.53093e-05
5.50657e-05
5.48232e-05
5.45818e-05
5.43414e-05
5.41021e-05
5.38638e-05
5.36266e-05
5.33905e-05
5.31554e-05
5.29213e-05
5.26882e-05
5.24562e-05
5.22252e-05
5.19952e-05
5.17662e-05
5.15382e-05
5.13112e-05
5.10853e-05
5.08603e-05
5.06363e-05
5.04133e-05
5.01913e-05
4.99702e-05
4.97502e-05
4.95311e-05
4.93129e-05
4.90958e-05
4.88795e-05
4.86643e-05
4.845e-05
4.82366e-05
4.80241e-05
4.78126e-05
4.76021e-05
4.73924e-05
4.71837e-05
4.69759e-05
4.6769e-05
4.6563e-05
4.6358e-05
4.61538e-05
4.59505e-05
4.57482e-05
4.55467e-05
4.53461e-05
4.51464e-05
4.49475e-05
4.47496e-05
4.45525e-05
4.43563e-05
4.41609e-05
4.39664e-05
4.37728e-05
4.358e-05
4.3388e-05
4.31969e-05
4.30067e-05
4.28173e-05
4.26287e-05
4.24409e-05
4.2254e-05
4.20679e-05
4.18826e-05
4.16982e-05
4.15145e-05
4.13317e-05
4.11496e-05
4.09684e-05
4.0788e-05
4.06083e-05
4.04294e-05
4.02514e-05
4.00741e-05
3.98976e-05
3.97219e-05
3.95469e-05
3.93727e-05
3.91993e-05
3.90267e-05
3.88548e-05
3.86836e-05
3.85132e-05
3.83436e-05
3.81747e-05
3.80066e-05
3.78392e-05
3.76725e-05
3.75066e-05
3.73414e-05
3.71769e-05
3.70132e-05
3.68501e-05
3.66878e-05
3.65262e-05
3.63654e-05
3.62052e-05
3.60457e-05
3.58869e-05
3.57289e-05
3.55715e-05
3.54148e-05
3.52588e-05
3.51035e-05
3.49489e-05
3.4795e-05
3.46417e-05
3.44891e-05
3.43372e-05
3.4186e-05
3.40354e-05
3.38855e-05
3.37362e-05
3.35876e-05
3.34397e-05
3.32924e-05
3.31457e-05
3.29997e-05
3.28544e-05
3.27096e-05
3.25656e-05
3.24221e-05
3.22793e-05
3.21371e-05
3.19956e-05
3.18546e-05
3.17143e-05
3.15746e-05
3.14355e-05
3.12971e-05
3.11592e-05
3.1022e-05
3.08853e-05
3.07493e-05
3.06138e-05
3.0479e-05
3.03447e-05
3.0211e-05
3.0078e-05
2.99455e-05
2.98136e-05
2.96822e-05
2.95515e-05
2.94213e-05
2.92917e-05
2.91627e-05
2.90342e-05
2.89063e-05
2.8779e-05
2.86522e-05
2.8526e-05
2.84003e-05
2.82752e-05
2.81507e-05
2.80267e-05
2.79032e-05
2.77803e-05
2.76579e-05
2.75361e-05
2.74148e-05
2.7294e-05
2.71738e-05
2.70541e-05
2.69349e-05
2.68163e-05
2.66981e-05
2.65805e-05
2.64634e-05
2.63469e-05
2.62308e-05
2.61153e-05
2.60002e-05
2.58857e-05
2.57717e-05
2.56581e-05
2.55451e-05
2.54326e-05
2.53205e-05
2.5209e-05
2.50979e-05
2.49874e-05
2.48773e-05
2.47677e-05
2.46586e-05
2.455e-05
2.44418e-05
2.43342e-05
2.4227e-05
2.41202e-05
2.4014e-05
2.39082e-05
2.38029e-05
2.3698e-05
2.35936e-05
2.34897e-05
2.33862e-05
2.32832e-05
2.31806e-05
2.30785e-05
2.29768e-05
2.28756e-05
2.27748e-05
2.26745e-05
2.25746e-05
2.24752e-05
2.23761e-05
2.22776e-05
2.21794e-05
2.20817e-05
2.19844e-05
2.18876e-05
2.17912e-05
2.16952e-05
2.15996e-05
2.15044e-05
2.14097e-05
2.13154e-05
2.12215e-05
2.1128e-05
2.10349e-05
2.09422e-05
2.085e-05
2.07581e-05
2.06667e-05
2.05756e-05
2.0485e-05
2.03947e-05
2.03049e-05
2.02154e-05
2.01264e-05
2.00377e-05
1.99494e-05
1.98615e-05
1.9774e-05
1.96869e-05
1.96002e-05
1.95138e-05
1.94279e-05
1.93423e-05
1.92571e-05
1.91722e-05
1.90878e-05
1.90037e-05
1.892e-05
1.88366e-05
1.87536e-05
1.8671e-05
1.85887e-05
1.85068e-05
1.84253e-05
1.83441e-05
1.82633e-05
1.81829e-05
1.81028e-05
1.8023e-05
1.79436e-05
1.78645e-05
1.77858e-05
1.77075e-05
1.76295e-05
1.75518e-05
1.74745e-05
1.73975e-05
1.73208e-05
1.72445e-05
1.71685e-05
1.70929e-05
1.70176e-05
1.69426e-05
1.6868e-05
1.67937e-05
1.67197e-05
1.6646e-05
1.65727e-05
1.64997e-05
1.6427e-05
1.63546e-05
1.62825e-05
1.62108e-05
1.61394e-05
1.60683e-05
1.59975e-05
1.5927e-05
1.58568e-05
1.5787e-05
1.57174e-05
1.56482e-05
1.55792e-05
1.55106e-05
1.54422e-05
1.53742e-05
1.53065e-05
1.5239e-05
1.51719e-05
1.51051e-05
1.50385e-05
1.49722e-05
1.49063e-05
1.48406e-05
1.47752e-05
1.47101e-05
1.46453e-05
1.45808e-05
1.45165e-05
1.44526e-05
1.43889e-05
1.43255e-05
1.42624e-05
1.41996e-05
1.4137e-05
1.40747e-05
1.40127e-05
1.3951e-05
1.38895e-05
1.38283e-05
1.37674e-05
1.37067e-05
1.36463e-05
1.35862e-05
1.35263e-05
1.34667e-05
1.34074e-05
1.33483e-05
1.32895e-05
1.3231e-05
1.31727e-05
1.31146e-05
1.30568e-05
1.29993e-05
1.2942e-05
1.2885e-05
1.28282e-05
1.27717e-05
1.27155e-05
1.26594e-05
1.26036e-05
1.25481e-05
1.24928e-05
1.24378e-05
1.2383e-05
1.23284e-05
1.22741e-05
1.222e-05
1.21662e-05
1.21126e-05
1.20592e-05
1.20061e-05
1.19532e-05
1.19005e-05
1.18481e-05
1.17959e-05
1.17439e-05
1.16921e-05
1.16406e-05
1.15893e-05
1.15383e-05
1.14874e-05
1.14368e-05
1.13864e-05
1.13363e-05
1.12863e-05
1.12366e-05
1.11871e-05
1.11378e-05
1.10887e-05
1.10398e-05
1.09912e-05
1.09428e-05
1.08946e-05
1.08465e-05
1.07988e-05
1.07512e-05
1.07038e-05
1.06566e-05
1.06097e-05
1.05629e-05
1.05164e-05
1.04701e-05
1.04239e-05
1.0378e-05
1.03323e-05
1.02867e-05
1.02414e-05
1.01963e-05
1.01514e-05
1.01066e-05
1.00621e-05
1.00178e-05
9.97362e-06
9.92967e-06
9.88592e-06
9.84236e-06
9.79899e-06
9.75581e-06
9.71282e-06
9.67003e-06
9.62742e-06
9.585e-06
9.54276e-06
9.50071e-06
9.45885e-06
9.41717e-06
9.37568e-06
9.33436e-06
9.29323e-06
9.25228e-06
9.21151e-06
9.17093e-06
9.13051e-06
9.09028e-06
9.05023e-06
9.01035e-06
8.97065e-06
8.93112e-06
8.89176e-06
8.85258e-06
8.81357e-06
8.77474e-06
8.73607e-06
8.69758e-06
8.65925e-06
8.6211e-06
8.58311e-06
8.54529e-06
8.50763e-06
8.47014e-06
8.43282e-06
8.39566e-06
8.35867e-06
8.32184e-06
8.28517e-06
8.24866e-06
8.21231e-06
8.17612e-06
8.14009e-06
8.10423e-06
8.06851e-06
8.03296e-06
7.99756e-06
7.96232e-06
7.92724e-06
7.8923e-06
7.85753e-06
7.8229e-06
7.78843e-06
7.75411e-06
7.71994e-06
7.68592e-06
7.65206e-06
7.61834e-06
7.58477e-06
7.55134e-06
7.51807e-06
7.48494e-06
7.45196e-06
7.41912e-06
7.38643e-06
7.35388e-06
7.32147e-06
7.28921e-06
7.25709e-06
7.22511e-06
7.19327e-06
7.16157e-06
7.13002e-06
7.0986e-06
7.06732e-06
7.03617e-06
7.00517e-06
6.9743e-06
6.94356e-06
6.91297e-06
6.8825e-06
6.85217e-06
6.82198e-06
6.79192e-06
6.76199e-06
6.73219e-06
6.70252e-06
6.67299e-06
6.64358e-06
6.61431e-06
6.58516e-06
6.55614e-06
6.52725e-06
6.49849e-06
6.46985e-06
6.44134e-06
6.41295e-06
6.38469e-06
6.35656e-06
6.32855e-06
6.30066e-06
6.27289e-06
6.24525e-06
6.21773e-06
6.19033e-06
6.16305e-06
6.13589e-06
6.10885e-06
6.08193e-06
6.05513e-06
6.02845e-06
6.00188e-06
5.97543e-06
5.9491e-06
5.92288e-06
5.89678e-06
5.8708e-06
5.84493e-06
5.81917e-06
5.79352e-06
5.76799e-06
5.74258e-06
5.71727e-06
5.69207e-06
5.66699e-06
5.64202e-06
5.61715e-06
5.5924e-06
5.56776e-06
5.54322e-06
5.51879e-06
5.49447e-06
5.47026e-06
5.44615e-06
5.42215e-06
5.39826e-06
5.37447e-06
5.35078e-06
5.3272e-06
5.30373e-06
5.28035e-06
5.25708e-06
5.23392e-06
5.21085e-06
5.18789e-06
5.16502e-06
5.14226e-06
5.1196e-06
5.09704e-06
5.07458e-06
5.05221e-06
5.02995e-06
5.00778e-06
4.98571e-06
4.96374e-06
4.94187e-06
4.92009e-06
4.89841e-06
4.87682e-06
4.85533e-06
4.83393e-06
4.81263e-06
4.79142e-06
4.7703e-06
4.74928e-06
4.72835e-06
4.70751e-06
4.68677e-06
4.66611e-06
4.64555e-06
4.62508e-06
4.60469e-06
4.5844e-06
4.5642e-06
4.54408e-06
4.52406e-06
4.50412e-06
4.48427e-06
4.46451e-06
4.44483e-06
4.42524e-06
4.40574e-06
4.38633e-06
4.367e-06
4.34775e-06
4.32859e-06
4.30951e-06
4.29052e-06
4.27161e-06
4.25279e-06
4.23405e-06
4.21539e-06
4.19681e-06
4.17831e-06
4.1599e-06
4.14157e-06
4.12331e-06
4.10514e-06
4.08705e-06
4.06904e-06
4.05111e-06
4.03325e-06
4.01548e-06
3.99778e-06
3.98016e-06
3.96262e-06
3.94516e-06
3.92777e-06
3.91046e-06
3.89323e-06
3.87607e-06
3.85899e-06
3.84198e-06
3.82505e-06
3.80819e-06
3.79141e-06
3.7747e-06
3.75806e-06
3.7415e-06
3.72501e-06
3.70859e-06
3.69225e-06
3.67598e-06
3.65977e-06
3.64365e-06
3.62759e-06
3.6116e-06
3.59568e-06
3.57984e-06
3.56406e-06
3.54835e-06
3.53271e-06
3.51714e-06
3.50164e-06
3.48621e-06
3.47085e-06
3.45555e-06
3.44032e-06
3.42516e-06
3.41006e-06
3.39503e-06
3.38007e-06
3.36517e-06
3.35034e-06
3.33558e-06
3.32088e-06
3.30624e-06
3.29167e-06
3.27716e-06
3.26272e-06
3.24834e-06
3.23402e-06
3.21977e-06
3.20558e-06
3.19145e-06
3.17738e-06
3.16338e-06
3.14944e-06
3.13556e-06
3.12174e-06
3.10798e-06
3.09428e-06
3.08065e-06
3.06707e-06
3.05355e-06
3.04009e-06
3.02669e-06
3.01335e-06
3.00007e-06
2.98685e-06
2.97369e-06
2.96058e-06
2.94753e-06
2.93454e-06
2.92161e-06
2.90873e-06
2.89591e-06
2.88315e-06
2.87044e-06
2.85779e-06
2.84519e-06
2.83265e-06
2.82017e-06
2.80774e-06
2.79537e-06
2.78305e-06
2.77078e-06
2.75857e-06
2.74641e-06
2.7343e-06
2.72225e-06
2.71026e-06
2.69831e-06
2.68642e-06
2.67458e-06
2.66279e-06
2.65105e-06
2.63937e-06
2.62774e-06
2.61615e-06
2.60462e-06
2.59314e-06
2.58172e-06
2.57034e-06
2.55901e-06
2.54773e-06
2.5365e-06
2.52532e-06
2.51419e-06
2.50311e-06
2.49208e-06
2.48109e-06
2.47016e-06
2.45927e-06
2.44843e-06
2.43764e-06
2.4269e-06
2.4162e-06
2.40555e-06
2.39495e-06
2.38439e-06
2.37388e-06
2.36342e-06
2.353e-06
2.34263e-06
2.33231e-06
2.32203e-06
2.31179e-06
2.3016e-06
2.29146e-06
2.28136e-06
2.2713e-06
2.26129e-06
2.25133e-06
2.2414e-06
2.23152e-06
2.22169e-06
2.2119e-06
2.20215e-06
2.19244e-06
2.18278e-06
2.17316e-06
2.16358e-06
2.15404e-06
2.14455e-06
2.13509e-06
2.12568e-06
2.11632e-06
2.10699e-06
2.0977e-06
2.08845e-06
2.07925e-06
2.07008e-06
2.06096e-06
2.05188e-06
2.04283e-06
2.03383e-06
2.02486e-06
2.01594e-06
2.00705e-06
1.99821e-06
1.9894e-06
1.98063e-06
1.9719e-06
1.96321e-06
1.95456e-06
1.94594e-06
1.93736e-06
1.92883e-06
1.92032e-06
1.91186e-06
1.90343e-06
1.89504e-06
1.88669e-06
1.87837e-06
1.87009e-06
1.86185e-06
1.85365e-06
1.84547e-06
1.83734e-06
1.82924e-06
1.82118e-06
1.81315e-06
1.80516e-06
1.7972e-06
1.78928e-06
1.7814e-06
1.77354e-06
1.76573e-06
1.75794e-06
1.75019e-06
1.74248e-06
1.7348e-06
1.72715e-06
1.71954e-06
1.71196e-06
1.70441e-06
1.6969e-06
1.68942e-06
1.68198e-06
1.67456e-06
1.66718e-06
1.65983e-06
1.65252e-06
1.64523e-06
1.63798e-06
1.63076e-06
1.62357e-06
1.61642e-06
1.60929e-06
1.6022e-06
1.59514e-06
1.5881e-06
1.5811e-06
1.57413e-06
1.5672e-06
1.56029e-06
1.55341e-06
1.54656e-06
1.53975e-06
1.53296e-06
1.5262e-06
1.51947e-06
1.51278e-06
1.50611e-06
1.49947e-06
1.49286e-06
1.48628e-06
1.47973e-06
1.47321e-06
1.46671e-06
1.46025e-06
1.45381e-06
1.4474e-06
1.44102e-06
1.43467e-06
1.42835e-06
1.42205e-06
1.41578e-06
1.40954e-06
1.40333e-06
1.39714e-06
1.39098e-06
1.38485e-06
1.37875e-06
1.37267e-06
1.36662e-06
1.3606e-06
1.3546e-06
1.34863e-06
1.34268e-06
1.33676e-06
1.33087e-06
1.32501e-06
1.31917e-06
1.31335e-06
1.30756e-06
1.3018e-06
1.29606e-06
1.29035e-06
1.28466e-06
1.279e-06
1.27336e-06
1.26774e-06
1.26216e-06
1.25659e-06
1.25105e-06
1.24554e-06
1.24005e-06
1.23458e-06
1.22914e-06
1.22372e-06
1.21833e-06
1.21296e-06
1.20761e-06
1.20229e-06
1.19699e-06
1.19171e-06
1.18646e-06
1.18123e-06
1.17602e-06
1.17084e-06
1.16568e-06
1.16054e-06
1.15542e-06
1.15033e-06
1.14526e-06
1.14021e-06
1.13518e-06
1.13018e-06
1.1252e-06
1.12024e-06
1.1153e-06
1.11038e-06
1.10549e-06
1.10062e-06
1.09576e-06
1.09093e-06
1.08612e-06
1.08134e-06
1.07657e-06
1.07182e-06
1.0671e-06
1.0624e-06
1.05771e-06
1.05305e-06
1.04841e-06
1.04379e-06
1.03919e-06
1.0346e-06
1.03004e-06
1.0255e-06
1.02098e-06
1.01648e-06
1.012e-06
1.00754e-06
1.0031e-06
9.98677e-07
9.94274e-07
9.89891e-07
9.85528e-07
9.81183e-07
9.76858e-07
9.72552e-07
9.68264e-07
9.63996e-07
9.59747e-07
9.55516e-07
9.51304e-07
9.4711e-07
9.42935e-07
9.38778e-07
9.3464e-07
9.3052e-07
9.26418e-07
9.22334e-07
9.18268e-07
9.1422e-07
9.1019e-07
9.06178e-07
9.02183e-07
8.98206e-07
8.94246e-07
8.90304e-07
8.8638e-07
8.82472e-07
8.78582e-07
8.74709e-07
8.70853e-07
8.67014e-07
8.63192e-07
8.59387e-07
8.55598e-07
8.51826e-07
8.48071e-07
8.44333e-07
8.40611e-07
8.36905e-07
8.33216e-07
8.29542e-07
8.25886e-07
8.22245e-07
8.1862e-07
8.15011e-07
8.11418e-07
8.07841e-07
8.0428e-07
8.00735e-07
7.97205e-07
7.9369e-07
7.90191e-07
7.86708e-07
7.8324e-07
7.79787e-07
7.76349e-07
7.72927e-07
7.6952e-07
7.66127e-07
7.6275e-07
7.59387e-07
7.5604e-07
7.52707e-07
7.49388e-07
7.46085e-07
7.42796e-07
7.39521e-07
7.36261e-07
7.33015e-07
7.29784e-07
7.26567e-07
7.23364e-07
7.20175e-07
7.17e-07
7.13839e-07
7.10692e-07
7.07559e-07
7.0444e-07
7.01334e-07
6.98242e-07
6.95164e-07
6.921e-07
6.89048e-07
6.86011e-07
6.82987e-07
6.79976e-07
6.76978e-07
6.73993e-07
6.71022e-07
6.68064e-07
6.65119e-07
6.62187e-07
6.59267e-07
6.56361e-07
6.53467e-07
6.50587e-07
6.47718e-07
6.44863e-07
6.4202e-07
6.3919e-07
6.36372e-07
6.33566e-07
6.30773e-07
6.27992e-07
6.25224e-07
6.22467e-07
6.19723e-07
6.16991e-07
6.14271e-07
6.11563e-07
6.08867e-07
6.06183e-07
6.0351e-07
6.0085e-07
5.98201e-07
5.95564e-07
5.92938e-07
5.90324e-07
5.87721e-07
5.8513e-07
5.82551e-07
5.79983e-07
5.77426e-07
5.7488e-07
5.72346e-07
5.69822e-07
5.6731e-07
5.64809e-07
5.62319e-07
5.5984e-07
5.57372e-07
5.54915e-07
5.52468e-07
5.50033e-07
5.47608e-07
5.45193e-07
5.4279e-07
5.40397e-07
5.38014e-07
5.35642e-07
5.33281e-07
5.3093e-07
5.28589e-07
5.26259e-07
5.23939e-07
5.21629e-07
5.19329e-07
5.1704e-07
5.1476e-07
5.12491e-07
5.10231e-07
5.07982e-07
5.05742e-07
5.03513e-07
5.01293e-07
4.99083e-07
4.96882e-07
4.94692e-07
4.92511e-07
4.90339e-07
4.88178e-07
4.86025e-07
4.83883e-07
4.81749e-07
4.79625e-07
4.77511e-07
4.75405e-07
4.7331e-07
4.71223e-07
4.69145e-07
4.67077e-07
4.65018e-07
4.62968e-07
4.60926e-07
4.58894e-07
4.56871e-07
4.54857e-07
4.52851e-07
4.50855e-07
4.48867e-07
4.46888e-07
4.44918e-07
4.42956e-07
4.41003e-07
4.39059e-07
4.37123e-07
4.35196e-07
4.33278e-07
4.31367e-07
4.29465e-07
4.27572e-07
4.25687e-07
4.2381e-07
4.21942e-07
4.20081e-07
4.18229e-07
4.16385e-07
4.14549e-07
4.12722e-07
4.10902e-07
4.09091e-07
4.07287e-07
4.05491e-07
4.03703e-07
4.01924e-07
4.00152e-07
3.98387e-07
3.96631e-07
3.94882e-07
3.93141e-07
3.91408e-07
3.89682e-07
3.87964e-07
3.86254e-07
3.84551e-07
3.82855e-07
3.81167e-07
3.79487e-07
3.77813e-07
3.76148e-07
3.74489e-07
3.72838e-07
3.71194e-07
3.69558e-07
3.67928e-07
3.66306e-07
3.64691e-07
3.63083e-07
3.61482e-07
3.59889e-07
3.58302e-07
3.56722e-07
3.55149e-07
3.53583e-07
3.52025e-07
3.50472e-07
3.48927e-07
3.47389e-07
3.45857e-07
3.44332e-07
3.42814e-07
3.41303e-07
3.39798e-07
3.383e-07
3.36808e-07
3.35323e-07
3.33845e-07
3.32373e-07
3.30907e-07
3.29448e-07
3.27996e-07
3.26549e-07
3.2511e-07
3.23676e-07
3.22249e-07
3.20828e-07
3.19414e-07
3.18005e-07
3.16603e-07
3.15207e-07
3.13818e-07
3.12434e-07
3.11056e-07
3.09685e-07
3.0832e-07
3.0696e-07
3.05607e-07
3.04259e-07
3.02918e-07
3.01582e-07
3.00252e-07
2.98929e-07
2.97611e-07
2.96298e-07
2.94992e-07
2.93691e-07
2.92396e-07
2.91107e-07
2.89824e-07
2.88546e-07
2.87273e-07
2.86007e-07
2.84746e-07
2.8349e-07
2.8224e-07
2.80996e-07
2.79757e-07
2.78523e-07
2.77295e-07
2.76073e-07
2.74855e-07
2.73644e-07
2.72437e-07
2.71236e-07
2.7004e-07
2.68849e-07
2.67664e-07
2.66484e-07
2.65309e-07
2.64139e-07
2.62974e-07
2.61815e-07
2.6066e-07
2.59511e-07
2.58367e-07
2.57227e-07
2.56093e-07
2.54964e-07
2.5384e-07
2.52721e-07
2.51606e-07
2.50497e-07
2.49392e-07
2.48293e-07
2.47198e-07
2.46108e-07
2.45023e-07
2.43942e-07
2.42867e-07
2.41796e-07
2.4073e-07
2.39668e-07
2.38612e-07
2.37559e-07
2.36512e-07
2.35469e-07
2.34431e-07
2.33397e-07
2.32368e-07
2.31343e-07
2.30323e-07
2.29308e-07
2.28297e-07
2.2729e-07
2.26288e-07
2.2529e-07
2.24297e-07
2.23308e-07
2.22323e-07
2.21343e-07
2.20367e-07
2.19395e-07
2.18428e-07
2.17465e-07
2.16506e-07
2.15551e-07
2.14601e-07
2.13654e-07
2.12712e-07
2.11774e-07
2.10841e-07
2.09911e-07
2.08985e-07
2.08064e-07
2.07146e-07
2.06233e-07
2.05324e-07
2.04418e-07
2.03517e-07
2.02619e-07
2.01726e-07
2.00836e-07
1.99951e-07
1.99069e-07
1.98191e-07
1.97318e-07
1.96447e-07
1.95581e-07
1.94719e-07
1.9386e-07
1.93005e-07
1.92154e-07
1.91307e-07
1.90463e-07
1.89624e-07
1.88787e-07
1.87955e-07
1.87126e-07
1.86301e-07
1.8548e-07
1.84662e-07
1.83847e-07
1.83037e-07
1.8223e-07
1.81426e-07
1.80626e-07
1.7983e-07
1.79037e-07
1.78247e-07
1.77461e-07
1.76679e-07
1.759e-07
1.75124e-07
1.74352e-07
1.73583e-07
1.72818e-07
1.72055e-07
1.71297e-07
1.70541e-07
1.69789e-07
1.69041e-07
1.68295e-07
1.67553e-07
1.66814e-07
1.66079e-07
1.65346e-07
1.64617e-07
1.63891e-07
1.63169e-07
1.62449e-07
1.61733e-07
1.6102e-07
1.6031e-07
1.59603e-07
1.58899e-07
1.58198e-07
1.57501e-07
1.56806e-07
1.56115e-07
1.55426e-07
1.54741e-07
1.54059e-07
1.53379e-07
1.52703e-07
1.5203e-07
1.51359e-07
1.50692e-07
1.50027e-07
1.49366e-07
1.48707e-07
1.48051e-07
1.47398e-07
1.46748e-07
1.46101e-07
1.45457e-07
1.44816e-07
1.44177e-07
1.43541e-07
1.42908e-07
1.42278e-07
1.41651e-07
1.41026e-07
1.40404e-07
1.39785e-07
1.39169e-07
1.38555e-07
1.37944e-07
1.37336e-07
1.3673e-07
1.36127e-07
1.35527e-07
1.34929e-07
1.34334e-07
1.33742e-07
1.33152e-07
1.32565e-07
1.3198e-07
1.31398e-07
1.30819e-07
1.30242e-07
1.29667e-07
1.29096e-07
1.28526e-07
1.2796e-07
1.27395e-07
1.26834e-07
1.26274e-07
1.25717e-07
1.25163e-07
1.24611e-07
1.24062e-07
1.23514e-07
1.2297e-07
1.22427e-07
1.21888e-07
1.2135e-07
1.20815e-07
1.20282e-07
1.19752e-07
1.19224e-07
1.18698e-07
1.18174e-07
1.17653e-07
1.17135e-07
1.16618e-07
1.16104e-07
1.15592e-07
1.15082e-07
1.14574e-07
1.14069e-07
1.13566e-07
1.13065e-07
1.12567e-07
1.1207e-07
1.11576e-07
1.11084e-07
1.10594e-07
1.10106e-07
1.09621e-07
1.09137e-07
1.08656e-07
1.08177e-07
1.077e-07
1.07225e-07
1.06752e-07
1.06281e-07
1.05813e-07
1.05346e-07
1.04881e-07
1.04419e-07
1.03958e-07
1.035e-07
1.03044e-07
1.02589e-07
1.02137e-07
1.01686e-07
1.01238e-07
1.00791e-07
1.00347e-07
9.99044e-08
9.94638e-08
9.90252e-08
9.85885e-08
9.81537e-08
9.77209e-08
9.72899e-08
9.68609e-08
9.64337e-08
9.60084e-08
9.5585e-08
9.51635e-08
9.47438e-08
9.4326e-08
9.391e-08
9.34959e-08
9.30835e-08
9.2673e-08
9.22643e-08
9.18575e-08
9.14524e-08
9.1049e-08
9.06475e-08
9.02477e-08
8.98497e-08
8.94535e-08
8.9059e-08
8.86662e-08
8.82752e-08
8.78859e-08
8.74983e-08
8.71125e-08
8.67283e-08
8.63458e-08
8.5965e-08
8.55859e-08
8.52084e-08
8.48327e-08
8.44585e-08
8.40861e-08
8.37152e-08
8.3346e-08
8.29785e-08
8.26125e-08
8.22482e-08
8.18855e-08
8.15243e-08
8.11648e-08
8.08068e-08
8.04505e-08
8.00957e-08
7.97424e-08
7.93907e-08
7.90406e-08
7.8692e-08
7.8345e-08
7.79995e-08
7.76555e-08
7.7313e-08
7.6972e-08
7.66326e-08
7.62946e-08
7.59581e-08
7.56231e-08
7.52896e-08
7.49576e-08
7.4627e-08
7.42979e-08
7.39702e-08
7.3644e-08
7.33192e-08
7.29958e-08
7.26739e-08
7.23534e-08
7.20343e-08
7.17166e-08
7.14003e-08
7.10854e-08
7.07719e-08
7.04598e-08
7.0149e-08
6.98397e-08
6.95316e-08
6.9225e-08
6.89197e-08
6.86157e-08
6.83131e-08
6.80118e-08
6.77119e-08
6.74132e-08
6.71159e-08
6.68199e-08
6.65252e-08
6.62318e-08
6.59397e-08
6.56489e-08
6.53594e-08
6.50711e-08
6.47841e-08
6.44984e-08
6.42139e-08
6.39307e-08
6.36488e-08
6.33681e-08
6.30886e-08
6.28103e-08
6.25333e-08
6.22575e-08
6.1983e-08
6.17096e-08
6.14374e-08
6.11665e-08
6.08967e-08
6.06281e-08
6.03607e-08
6.00945e-08
5.98295e-08
5.95656e-08
5.93029e-08
5.90413e-08
5.87809e-08
5.85217e-08
5.82636e-08
5.80066e-08
5.77508e-08
5.74961e-08
5.72425e-08
5.699e-08
5.67387e-08
5.64884e-08
5.62393e-08
5.59912e-08
5.57443e-08
5.54984e-08
5.52536e-08
5.501e-08
5.47673e-08
5.45258e-08
5.42853e-08
5.40459e-08
5.38075e-08
5.35702e-08
5.33339e-08
5.30987e-08
5.28645e-08
5.26313e-08
5.23992e-08
5.21681e-08
5.1938e-08
5.17089e-08
5.14809e-08
5.12538e-08
5.10277e-08
5.08027e-08
5.05786e-08
5.03555e-08
5.01334e-08
4.99123e-08
4.96922e-08
4.9473e-08
4.92548e-08
4.90376e-08
4.88213e-08
4.86059e-08
4.83916e-08
4.81781e-08
4.79656e-08
4.77541e-08
4.75435e-08
4.73338e-08
4.7125e-08
4.69171e-08
4.67102e-08
4.65042e-08
4.62991e-08
4.60949e-08
4.58916e-08
4.56891e-08
4.54876e-08
4.5287e-08
4.50872e-08
4.48884e-08
4.46904e-08
4.44933e-08
4.4297e-08
4.41017e-08
4.39071e-08
4.37135e-08
4.35207e-08
4.33287e-08
4.31376e-08
4.29473e-08
4.27579e-08
4.25693e-08
4.23816e-08
4.21946e-08
4.20085e-08
4.18232e-08
4.16388e-08
4.14551e-08
4.12723e-08
4.10902e-08
4.0909e-08
4.07285e-08
4.05489e-08
4.037e-08
4.0192e-08
4.00147e-08
3.98382e-08
3.96625e-08
3.94876e-08
3.93134e-08
3.914e-08
3.89673e-08
3.87955e-08
3.86244e-08
3.8454e-08
3.82844e-08
3.81155e-08
3.79474e-08
3.778e-08
3.76134e-08
3.74475e-08
3.72823e-08
3.71178e-08
3.69541e-08
3.67911e-08
3.66289e-08
3.64673e-08
3.63064e-08
3.61463e-08
3.59869e-08
3.58281e-08
3.56701e-08
3.55128e-08
3.53561e-08
3.52002e-08
3.50449e-08
3.48903e-08
3.47364e-08
3.45832e-08
3.44307e-08
3.42788e-08
3.41276e-08
3.39771e-08
3.38272e-08
3.3678e-08
3.35294e-08
3.33815e-08
3.32343e-08
3.30877e-08
3.29418e-08
3.27965e-08
3.26518e-08
3.25078e-08
3.23644e-08
3.22216e-08
3.20795e-08
3.1938e-08
3.17971e-08
3.16569e-08
3.15172e-08
