Vec Object: Vec_0x3_0 1 MPI process
  type: seq
1.
0.999489
0.998978
0.998467
0.997956
0.997445
0.996934
0.996424
0.995913
0.995402
0.994891
0.994381
0.99387
0.993359
0.992849
0.992338
0.991828
0.991317
0.990807
0.990296
0.989786
0.989276
0.988765
0.988255
0.987745
0.987235
0.986725
0.986215
0.985704
0.985194
0.984684
0.984174
0.983664
0.983155
0.982645
0.982135
0.981625
0.981115
0.980605
0.980096
0.979586
0.979076
0.978567
0.978057
0.977548
0.977038
0.976529
0.976019
0.97551
0.975001
0.974491
0.973982
0.973473
0.972964
0.972454
0.971945
0.971436
0.970927
0.970418
0.969909
0.9694
0.968891
0.968382
0.967874
0.967365
0.966856
0.966347
0.965839
0.96533
0.964821
0.964313
0.963804
0.963296
0.962787
0.962279
0.96177
0.961262
0.960753
0.960245
0.959737
0.959229
0.95872
0.958212
0.957704
0.957196
0.956688
0.95618
0.955672
0.955164
0.954656
0.954148
0.95364
0.953133
0.952625
0.952117
0.951609
0.951102
0.950594
0.950087
0.949579
0.949072
0.948564
0.948057
0.947549
0.947042
0.946535
0.946027
0.94552
0.945013
0.944506
0.943998
0.943491
0.942984
0.942477
0.94197
0.941463
0.940956
0.94045
0.939943
0.939436
0.938929
0.938422
0.937916
0.937409
0.936902
0.936396
0.935889
0.935383
0.934876
0.93437
0.933864
0.933357
0.932851
0.932345
0.931838
0.931332
0.930826
0.93032
0.929814
0.929308
0.928802
0.928296
0.92779
0.927284
0.926778
0.926272
0.925766
0.925261
0.924755
0.924249
0.923744
0.923238
0.922733
0.922227
0.921722
0.921216
0.920711
0.920205
0.9197
0.919195
0.918689
0.918184
0.917679
0.917174
0.916669
0.916164
0.915659
0.915154
0.914649
0.914144
0.913639
0.913134
0.912629
0.912125
0.91162
0.911115
0.910611
0.910106
0.909602
0.909097
0.908593
0.908088
0.907584
0.907079
0.906575
0.906071
0.905567
0.905062
0.904558
0.904054
0.90355
0.903046
0.902542
0.902038
0.901534
0.90103
0.900526
0.900023
0.899519
0.899015
0.898511
0.898008
0.897504
0.897001
0.896497
0.895994
0.89549
0.894987
0.894483
0.89398
0.893477
0.892973
0.89247
0.891967
0.891464
0.890961
0.890458
0.889955
0.889452
0.888949
0.888446
0.887943
0.88744
0.886938
0.886435
0.885932
0.88543
0.884927
0.884424
0.883922
0.883419
0.882917
0.882415
0.881912
0.88141
0.880908
0.880405
0.879903
0.879401
0.878899
0.878397
0.877895
0.877393
0.876891
0.876389
0.875887
0.875385
0.874883
0.874382
0.87388
0.873378
0.872877
0.872375
0.871873
0.871372
0.870871
0.870369
0.869868
0.869366
0.868865
0.868364
0.867863
0.867361
0.86686
0.866359
0.865858
0.865357
0.864856
0.864355
0.863854
0.863354
0.862853
0.862352
0.861851
0.861351
0.86085
0.86035
0.859849
0.859348
0.858848
0.858348
0.857847
0.857347
0.856847
0.856346
0.855846
0.855346
0.854846
0.854346
0.853846
0.853346
0.852846
0.852346
0.851846
0.851346
0.850846
0.850347
0.849847
0.849347
0.848848
0.848348
0.847849
0.847349
0.84685
0.84635
0.845851
0.845352
0.844852
0.844353
0.843854
0.843355
0.842856
0.842357
0.841858
0.841359
0.84086
0.840361
0.839862
0.839363
0.838865
0.838366
0.837867
0.837369
0.83687
0.836372
0.835873
0.835375
0.834876
0.834378
0.83388
0.833381
0.832883
0.832385
0.831887
0.831389
0.830891
0.830393
0.829895
0.829397
0.828899
0.828401
0.827903
0.827406
0.826908
0.82641
0.825913
0.825415
0.824917
0.82442
0.823923
0.823425
0.822928
0.822431
0.821933
0.821436
0.820939
0.820442
0.819945
0.819448
0.818951
0.818454
0.817957
0.81746
0.816963
0.816467
0.81597
0.815473
0.814977
0.81448
0.813983
0.813487
0.812991
0.812494
0.811998
0.811501
0.811005
0.810509
0.810013
0.809517
0.809021
0.808525
0.808029
0.807533
0.807037
0.806541
0.806045
0.805549
0.805054
0.804558
0.804062
0.803567
0.803071
0.802576
0.80208
0.801585
0.80109
0.800594
0.800099
0.799604
0.799109
0.798614
0.798119
0.797624
0.797129
0.796634
0.796139
0.795644
0.795149
0.794654
0.79416
0.793665
0.79317
0.792676
0.792181
0.791687
0.791192
0.790698
0.790204
0.78971
0.789215
0.788721
0.788227
0.787733
0.787239
0.786745
0.786251
0.785757
0.785263
0.784769
0.784276
0.783782
0.783288
0.782795
0.782301
0.781808
0.781314
0.780821
0.780327
0.779834
0.779341
0.778848
0.778354
0.777861
0.777368
0.776875
0.776382
0.775889
0.775396
0.774903
0.774411
0.773918
0.773425
0.772932
0.77244
0.771947
0.771455
0.770962
0.77047
0.769978
0.769485
0.768993
0.768501
0.768009
0.767517
0.767024
0.766532
0.76604
0.765549
0.765057
0.764565
0.764073
0.763581
0.76309
0.762598
0.762106
0.761615
0.761123
0.760632
0.760141
0.759649
0.759158
0.758667
0.758176
0.757684
0.757193
0.756702
0.756211
0.75572
0.755229
0.754739
0.754248
0.753757
0.753266
0.752776
0.752285
0.751795
0.751304
0.750814
0.750323
0.749833
0.749343
0.748852
0.748362
0.747872
0.747382
0.746892
0.746402
0.745912
0.745422
0.744932
0.744443
0.743953
0.743463
0.742974
0.742484
0.741994
0.741505
0.741016
0.740526
0.740037
0.739548
0.739058
0.738569
0.73808
0.737591
0.737102
0.736613
0.736124
0.735635
0.735146
0.734658
0.734169
0.73368
0.733192
0.732703
0.732215
0.731726
0.731238
0.730749
0.730261
0.729773
0.729285
0.728796
0.728308
0.72782
0.727332
0.726844
0.726356
0.725869
0.725381
0.724893
0.724405
0.723918
0.72343
0.722943
0.722455
0.721968
0.721481
0.720993
0.720506
0.720019
0.719532
0.719045
0.718557
0.71807
0.717584
0.717097
0.71661
0.716123
0.715636
0.71515
0.714663
0.714176
0.71369
0.713204
0.712717
0.712231
0.711744
0.711258
0.710772
0.710286
0.7098
0.709314
0.708828
0.708342
0.707856
0.70737
0.706884
0.706399
0.705913
0.705427
0.704942
0.704456
0.703971
0.703486
0.703
0.702515
0.70203
0.701545
0.70106
0.700574
0.700089
0.699605
0.69912
0.698635
0.69815
0.697665
0.697181
0.696696
0.696211
0.695727
0.695242
0.694758
0.694274
0.693789
0.693305
0.692821
0.692337
0.691853
0.691369
0.690885
0.690401
0.689917
0.689433
0.68895
0.688466
0.687982
0.687499
0.687015
0.686532
0.686048
0.685565
0.685082
0.684599
0.684115
0.683632
0.683149
0.682666
0.682183
0.6817
0.681218
0.680735
0.680252
0.679769
0.679287
0.678804
0.678322
0.677839
0.677357
0.676875
0.676392
0.67591
0.675428
0.674946
0.674464
0.673982
0.6735
0.673018
0.672536
0.672054
0.671573
0.671091
0.670609
0.670128
0.669646
0.669165
0.668684
0.668202
0.667721
0.66724
0.666759
0.666278
0.665797
0.665316
0.664835
0.664354
0.663873
0.663393
0.662912
0.662431
0.661951
0.66147
0.66099
0.66051
0.660029
0.659549
0.659069
0.658589
0.658109
0.657629
0.657149
0.656669
0.656189
0.655709
0.655229
0.65475
0.65427
0.653791
0.653311
0.652832
0.652352
0.651873
0.651394
0.650915
0.650436
0.649956
0.649477
0.648999
0.64852
0.648041
0.647562
0.647083
0.646605
0.646126
0.645648
0.645169
0.644691
0.644212
0.643734
0.643256
0.642778
0.6423
0.641822
0.641344
0.640866
0.640388
0.63991
0.639432
0.638955
0.638477
0.637999
0.637522
0.637044
0.636567
0.63609
0.635612
0.635135
0.634658
0.634181
0.633704
0.633227
0.63275
0.632273
0.631797
0.63132
0.630843
0.630367
0.62989
0.629414
0.628937
0.628461
0.627985
0.627509
0.627032
0.626556
0.62608
0.625604
0.625129
0.624653
0.624177
0.623701
0.623226
0.62275
0.622274
0.621799
0.621324
0.620848
0.620373
0.619898
0.619423
0.618948
0.618473
0.617998
0.617523
0.617048
0.616573
0.616098
0.615624
0.615149
0.614675
0.6142
0.613726
0.613252
0.612777
0.612303
0.611829
0.611355
0.610881
0.610407
0.609933
0.609459
0.608986
0.608512
0.608038
0.607565
0.607091
0.606618
0.606145
0.605671
0.605198
0.604725
0.604252
0.603779
0.603306
0.602833
0.60236
0.601887
0.601415
0.600942
0.600469
0.599997
0.599524
0.599052
0.59858
0.598108
0.597635
0.597163
0.596691
0.596219
0.595747
0.595275
0.594804
0.594332
0.59386
0.593389
0.592917
0.592446
0.591974
0.591503
0.591032
0.590561
0.590089
0.589618
0.589147
0.588677
0.588206
0.587735
0.587264
0.586794
0.586323
0.585852
0.585382
0.584912
0.584441
0.583971
0.583501
0.583031
0.582561
0.582091
0.581621
0.581151
0.580681
0.580211
0.579742
0.579272
0.578803
0.578333
0.577864
0.577395
0.576925
0.576456
0.575987
0.575518
0.575049
0.57458
0.574111
0.573643
0.573174
0.572705
0.572237
0.571768
0.5713
0.570832
0.570363
0.569895
0.569427
0.568959
0.568491
0.568023
0.567555
0.567087
0.56662
0.566152
0.565685
0.565217
0.56475
0.564282
0.563815
0.563348
0.562881
0.562413
0.561946
0.56148
0.561013
0.560546
0.560079
0.559612
0.559146
0.558679
0.558213
0.557747
0.55728
0.556814
0.556348
0.555882
0.555416
0.55495
0.554484
0.554018
0.553552
0.553087
0.552621
0.552156
0.55169
0.551225
0.550759
0.550294
0.549829
0.549364
0.548899
0.548434
0.547969
0.547504
0.54704
0.546575
0.54611
0.545646
0.545181
0.544717
0.544253
0.543789
0.543324
0.54286
0.542396
0.541932
0.541469
0.541005
0.540541
0.540078
0.539614
0.53915
0.538687
0.538224
0.53776
0.537297
0.536834
0.536371
0.535908
0.535445
0.534982
0.53452
0.534057
0.533594
0.533132
0.532669
0.532207
0.531745
0.531283
0.53082
0.530358
0.529896
0.529434
0.528973
0.528511
0.528049
0.527588
0.527126
0.526665
0.526203
0.525742
0.525281
0.524819
0.524358
0.523897
0.523436
0.522975
0.522515
0.522054
0.521593
0.521133
0.520672
0.520212
0.519752
0.519291
0.518831
0.518371
0.517911
0.517451
0.516991
0.516531
0.516072
0.515612
0.515153
0.514693
0.514234
0.513774
0.513315
0.512856
0.512397
0.511938
0.511479
0.51102
0.510561
0.510103
0.509644
0.509185
0.508727
0.508268
0.50781
0.507352
0.506894
0.506436
0.505978
0.50552
0.505062
0.504604
0.504147
0.503689
0.503231
0.502774
0.502317
0.501859
0.501402
0.500945
0.500488
0.500031
0.499574
0.499117
0.498661
0.498204
0.497747
0.497291
0.496834
0.496378
0.495922
0.495466
0.49501
0.494554
0.494098
0.493642
0.493186
0.492731
0.492275
0.491819
0.491364
0.490909
0.490453
0.489998
0.489543
0.489088
0.488633
0.488178
0.487723
0.487269
0.486814
0.48636
0.485905
0.485451
0.484997
0.484542
0.484088
0.483634
0.48318
0.482726
0.482273
0.481819
0.481365
0.480912
0.480458
0.480005
0.479552
0.479098
0.478645
0.478192
0.477739
0.477286
0.476834
0.476381
0.475928
0.475476
0.475023
0.474571
0.474119
0.473666
0.473214
0.472762
0.47231
0.471859
0.471407
0.470955
0.470503
0.470052
0.469601
0.469149
0.468698
0.468247
0.467796
0.467345
0.466894
0.466443
0.465992
0.465542
0.465091
0.46464
0.46419
0.46374
0.46329
0.462839
0.462389
0.461939
0.461489
0.46104
0.46059
0.46014
0.459691
0.459241
0.458792
0.458343
0.457894
0.457445
0.456996
0.456547
0.456098
0.455649
0.4552
0.454752
0.454303
0.453855
0.453407
0.452958
0.45251
0.452062
0.451614
0.451166
0.450719
0.450271
0.449823
0.449376
0.448929
0.448481
0.448034
0.447587
0.44714
0.446693
0.446246
0.445799
0.445353
0.444906
0.444459
0.444013
0.443567
0.44312
0.442674
0.442228
0.441782
0.441336
0.440891
0.440445
0.439999
0.439554
0.439108
0.438663
0.438218
0.437773
0.437328
0.436883
0.436438
0.435993
0.435548
0.435104
0.434659
0.434215
0.433771
0.433326
0.432882
0.432438
0.431994
0.431551
0.431107
0.430663
0.43022
0.429776
0.429333
0.428889
0.428446
0.428003
0.42756
0.427117
0.426674
0.426232
0.425789
0.425347
0.424904
0.424462
0.42402
0.423577
0.423135
0.422693
0.422252
0.42181
0.421368
0.420927
0.420485
0.420044
0.419603
0.419161
0.41872
0.418279
0.417838
0.417398
0.416957
0.416516
0.416076
0.415635
0.415195
0.414755
0.414315
0.413875
0.413435
0.412995
0.412555
0.412116
0.411676
0.411237
0.410797
0.410358
0.409919
0.40948
0.409041
0.408602
0.408163
0.407725
0.407286
0.406848
0.406409
0.405971
0.405533
0.405095
0.404657
0.404219
0.403781
0.403344
0.402906
0.402469
0.402031
0.401594
0.401157
0.40072
0.400283
0.399846
0.399409
0.398973
0.398536
0.3981
0.397663
0.397227
0.396791
0.396355
0.395919
0.395483
0.395048
0.394612
0.394176
0.393741
0.393306
0.392871
0.392435
0.392
0.391566
0.391131
0.390696
0.390262
0.389827
0.389393
0.388958
0.388524
0.38809
0.387656
0.387222
0.386789
0.386355
0.385921
0.385488
0.385055
0.384621
0.384188
0.383755
0.383322
0.38289
0.382457
0.382024
0.381592
0.38116
0.380727
0.380295
0.379863
0.379431
0.378999
0.378568
0.378136
0.377704
0.377273
0.376842
0.37641
0.375979
0.375548
0.375118
0.374687
0.374256
0.373826
0.373395
0.372965
0.372535
0.372105
0.371675
0.371245
0.370815
0.370385
0.369956
0.369526
0.369097
0.368668
0.368239
0.36781
0.367381
0.366952
0.366523
0.366095
0.365666
0.365238
0.36481
0.364382
0.363954
0.363526
0.363098
0.36267
0.362243
0.361815
0.361388
0.360961
0.360534
0.360107
0.35968
0.359253
0.358826
0.3584
0.357973
0.357547
0.357121
0.356695
0.356269
0.355843
0.355417
0.354992
0.354566
0.354141
0.353716
0.35329
0.352865
0.352441
0.352016
0.351591
0.351166
0.350742
0.350318
0.349893
0.349469
0.349045
0.348622
0.348198
0.347774
0.347351
0.346927
0.346504
0.346081
0.345658
0.345235
0.344812
0.344389
0.343967
0.343544
0.343122
0.3427
0.342278
0.341856
0.341434
0.341012
0.340591
0.340169
0.339748
0.339327
0.338906
0.338485
0.338064
0.337643
0.337222
0.336802
0.336381
0.335961
0.335541
0.335121
0.334701
0.334281
0.333862
0.333442
0.333023
0.332603
0.332184
0.331765
0.331346
0.330928
0.330509
0.33009
0.329672
0.329254
0.328836
0.328418
0.328
0.327582
0.327164
0.326747
0.326329
0.325912
0.325495
0.325078
0.324661
0.324244
0.323828
0.323411
0.322995
0.322579
0.322162
0.321746
0.321331
0.320915
0.320499
0.320084
0.319668
0.319253
0.318838
0.318423
0.318008
0.317594
0.317179
0.316765
0.31635
0.315936
0.315522
0.315108
0.314695
0.314281
0.313867
0.313454
0.313041
0.312628
0.312215
0.311802
0.311389
0.310977
0.310564
0.310152
0.30974
0.309328
0.308916
0.308504
0.308092
0.307681
0.30727
0.306858
0.306447
0.306036
0.305626
0.305215
0.304804
0.304394
0.303984
0.303574
0.303164
0.302754
0.302344
0.301934
0.301525
0.301116
0.300707
0.300298
0.299889
0.29948
0.299071
0.298663
0.298255
0.297846
0.297438
0.297031
0.296623
0.296215
0.295808
0.2954
0.294993
0.294586
0.294179
0.293773
0.293366
0.292959
0.292553
0.292147
0.291741
0.291335
0.290929
0.290524
0.290118
0.289713
0.289308
0.288903
0.288498
0.288093
0.287689
0.287284
0.28688
0.286476
0.286072
0.285668
0.285264
0.284861
0.284457
0.284054
0.283651
0.283248
0.282845
0.282443
0.28204
0.281638
0.281236
0.280834
0.280432
0.28003
0.279629
0.279227
0.278826
0.278425
0.278024
0.277623
0.277222
0.276822
0.276421
0.276021
0.275621
0.275221
0.274821
0.274422
0.274022
0.273623
0.273224
0.272825
0.272426
0.272028
0.271629
0.271231
0.270833
0.270435
0.270037
0.269639
0.269242
0.268844
0.268447
0.26805
0.267653
0.267256
0.26686
0.266463
0.266067
0.265671
0.265275
0.264879
0.264484
0.264088
0.263693
0.263298
0.262903
0.262508
0.262114
0.261719
0.261325
0.260931
0.260537
0.260143
0.259749
0.259356
0.258963
0.258569
0.258176
0.257784
0.257391
0.256999
0.256606
0.256214
0.255822
0.25543
0.255039
0.254647
0.254256
0.253865
0.253474
0.253083
0.252693
0.252302
0.251912
0.251522
0.251132
0.250742
0.250353
0.249964
0.249574
0.249185
0.248796
0.248408
0.248019
0.247631
0.247243
0.246855
0.246467
0.246079
0.245692
0.245305
0.244918
0.244531
0.244144
0.243758
0.243371
0.242985
0.242599
0.242213
0.241828
0.241442
0.241057
0.240672
0.240287
0.239902
0.239518
0.239133
0.238749
0.238365
0.237981
0.237598
0.237214
0.236831
0.236448
0.236065
0.235682
0.2353
0.234918
0.234535
0.234153
0.233772
0.23339
0.233009
0.232628
0.232247
0.231866
0.231485
0.231105
0.230725
0.230345
0.229965
0.229585
0.229206
0.228826
0.228447
0.228068
0.22769
0.227311
0.226933
0.226555
0.226177
0.225799
0.225422
0.225044
0.224667
0.22429
0.223914
0.223537
0.223161
0.222785
0.222409
0.222033
0.221658
0.221282
0.220907
0.220532
0.220158
0.219783
0.219409
0.219035
0.218661
0.218287
0.217914
0.217541
0.217168
0.216795
0.216422
0.21605
0.215677
0.215305
0.214934
0.214562
0.214191
0.213819
0.213448
0.213078
0.212707
0.212337
0.211967
0.211597
0.211227
0.210857
0.210488
0.210119
0.20975
0.209382
0.209013
0.208645
0.208277
0.207909
0.207542
0.207174
0.206807
0.20644
0.206074
0.205707
0.205341
0.204975
0.204609
0.204244
0.203878
0.203513
0.203148
0.202784
0.202419
0.202055
0.201691
0.201327
0.200964
0.2006
0.200237
0.199874
0.199512
0.199149
0.198787
0.198425
0.198063
0.197702
0.19734
0.196979
0.196619
0.196258
0.195898
0.195538
0.195178
0.194818
0.194459
0.194099
0.19374
0.193382
0.193023
0.192665
0.192307
0.191949
0.191592
0.191234
0.190877
0.190521
0.190164
0.189808
0.189452
0.189096
0.18874
0.188385
0.18803
0.187675
0.18732
0.186966
0.186612
0.186258
0.185904
0.185551
0.185197
0.184844
0.184492
0.184139
0.183787
0.183435
0.183084
0.182732
0.182381
0.18203
0.181679
0.181329
0.180979
0.180629
0.180279
0.17993
0.179581
0.179232
0.178883
0.178535
0.178187
0.177839
0.177491
0.177144
0.176797
0.17645
0.176103
0.175757
0.175411
0.175065
0.17472
0.174374
0.174029
0.173685
0.17334
0.172996
0.172652
0.172308
0.171965
0.171622
0.171279
0.170936
0.170594
0.170252
0.16991
0.169568
0.169227
0.168886
0.168545
0.168205
0.167865
0.167525
0.167185
0.166846
0.166507
0.166168
0.16583
0.165491
0.165153
0.164816
0.164478
0.164141
0.163804
0.163468
0.163131
0.162795
0.16246
0.162124
0.161789
0.161454
0.161119
0.160785
0.160451
0.160117
0.159784
0.159451
0.159118
0.158785
0.158453
0.158121
0.157789
0.157458
0.157126
0.156796
0.156465
0.156135
0.155805
0.155475
0.155146
0.154816
0.154488
0.154159
0.153831
0.153503
0.153175
0.152848
0.152521
0.152194
0.151868
0.151542
0.151216
0.15089
0.150565
0.15024
0.149915
0.149591
0.149267
0.148943
0.14862
0.148297
0.147974
0.147652
0.147329
0.147007
0.146686
0.146365
0.146044
0.145723
0.145403
0.145083
0.144763
0.144444
0.144124
0.143806
0.143487
0.143169
0.142851
0.142534
0.142217
0.1419
0.141583
0.141267
0.140951
0.140635
0.14032
0.140005
0.13969
0.139376
0.139062
0.138748
0.138435
0.138122
0.137809
0.137497
0.137185
0.136873
0.136562
0.136251
0.13594
0.135629
0.135319
0.135009
0.1347
0.134391
0.134082
0.133774
0.133466
0.133158
0.13285
0.132543
0.132236
0.13193
0.131624
0.131318
0.131013
0.130707
0.130403
0.130098
0.129794
0.12949
0.129187
0.128884
0.128581
0.128279
0.127977
0.127675
0.127374
0.127073
0.126772
0.126472
0.126172
0.125872
0.125573
0.125274
0.124975
0.124677
0.124379
0.124081
0.123784
0.123487
0.123191
0.122895
0.122599
0.122303
0.122008
0.121714
0.121419
0.121125
0.120831
0.120538
0.120245
0.119953
0.11966
0.119368
0.119077
0.118786
0.118495
0.118204
0.117914
0.117624
0.117335
0.117046
0.116757
0.116469
0.116181
0.115894
0.115606
0.11532
0.115033
0.114747
0.114461
0.114176
0.113891
0.113606
0.113322
0.113038
0.112755
0.112471
0.112189
0.111906
0.111624
0.111342
0.111061
0.11078
0.1105
0.110219
0.10994
0.10966
0.109381
0.109102
0.108824
0.108546
0.108269
0.107992
0.107715
0.107438
0.107162
0.106887
0.106611
0.106336
0.106062
0.105788
0.105514
0.105241
0.104968
0.104695
0.104423
0.104151
0.10388
0.103609
0.103338
0.103068
0.102798
0.102528
0.102259
0.10199
0.101722
0.101454
0.101186
0.100919
0.100652
0.100386
0.10012
0.0998544
0.0995892
0.0993244
0.0990599
0.0987959
0.0985323
0.098269
0.0980061
0.0977437
0.0974816
0.0972199
0.0969587
0.0966978
0.0964373
0.0961772
0.0959175
0.0956582
0.0953993
0.0951409
0.0948828
0.0946251
0.0943678
0.0941109
0.0938544
0.0935983
0.0933426
0.0930874
0.0928325
0.092578
0.0923239
0.0920703
0.091817
0.0915641
0.0913117
0.0910596
0.090808
0.0905568
0.0903059
0.0900555
0.0898055
0.0895559
0.0893067
0.0890579
0.0888095
0.0885616
0.088314
0.0880668
0.0878201
0.0875738
0.0873278
0.0870823
0.0868372
0.0865925
0.0863483
0.0861044
0.085861
0.0856179
0.0853753
0.0851331
0.0848913
0.0846499
0.0844089
0.0841684
0.0839282
0.0836885
0.0834492
0.0832103
0.0829718
0.0827338
0.0824961
0.0822589
0.0820221
0.0817857
0.0815497
0.0813142
0.081079
0.0808443
0.08061
0.0803761
0.0801427
0.0799096
0.079677
0.0794448
0.079213
0.0789817
0.0787507
0.0785202
0.0782901
0.0780604
0.0778312
0.0776024
0.077374
0.077146
0.0769184
0.0766913
0.0764645
0.0762382
0.0760124
0.0757869
0.0755619
0.0753373
0.0751131
0.0748894
0.074666
0.0744431
0.0742207
0.0739986
0.073777
0.0735558
0.073335
0.0731147
0.0728947
0.0726752
0.0724562
0.0722375
0.0720193
0.0718015
0.0715841
0.0713672
0.0711507
0.0709346
0.0707189
0.0705037
0.0702889
0.0700745
0.0698606
0.0696471
0.069434
0.0692213
0.0690091
0.0687973
0.0685859
0.0683749
0.0681644
0.0679543
0.0677446
0.0675354
0.0673266
0.0671182
0.0669103
0.0667027
0.0664957
0.066289
0.0660828
0.0658769
0.0656716
0.0654666
0.0652621
0.065058
0.0648544
0.0646511
0.0644483
0.064246
0.064044
0.0638425
0.0636414
0.0634408
0.0632405
0.0630408
0.0628414
0.0626425
0.062444
0.0622459
0.0620482
0.061851
0.0616542
0.0614579
0.0612619
0.0610664
0.0608714
0.0606767
0.0604825
0.0602887
0.0600954
0.0599024
0.05971
0.0595179
0.0593262
0.059135
0.0589443
0.0587539
0.058564
0.0583745
0.0581854
0.0579968
0.0578086
0.0576208
0.0574334
0.0572465
0.05706
0.0568739
0.0566883
0.0565031
0.0563183
0.0561339
0.05595
0.0557665
0.0555834
0.0554007
0.0552185
0.0550367
0.0548553
0.0546744
0.0544939
0.0543138
0.0541341
0.0539548
0.053776
0.0535976
0.0534196
0.0532421
0.053065
0.0528883
0.052712
0.0525362
0.0523607
0.0521857
0.0520111
0.051837
0.0516633
0.0514899
0.0513171
0.0511446
0.0509725
0.0508009
0.0506297
0.0504589
0.0502886
0.0501186
0.0499491
0.04978
0.0496113
0.0494431
0.0492753
0.0491078
0.0489408
0.0487743
0.0486081
0.0484424
0.048277
0.0481121
0.0479476
0.0477836
0.0476199
0.0474567
0.0472938
0.0471314
0.0469694
0.0468079
0.0466467
0.046486
0.0463256
0.0461657
0.0460062
0.0458471
0.0456884
0.0455302
0.0453723
0.0452149
0.0450578
0.0449012
0.044745
0.0445892
0.0444338
0.0442789
0.0441243
0.0439701
0.0438164
0.043663
0.0435101
0.0433576
0.0432055
0.0430538
0.0429025
0.0427516
0.0426011
0.042451
0.0423013
0.042152
0.0420032
0.0418547
0.0417066
0.041559
0.0414117
0.0412648
0.0411184
0.0409723
0.0408267
0.0406814
0.0405366
0.0403921
0.0402481
0.0401044
0.0399611
0.0398183
0.0396758
0.0395338
0.0393921
0.0392508
0.0391099
0.0389695
0.0388294
0.0386897
0.0385504
0.0384115
0.0382729
0.0381348
0.0379971
0.0378598
0.0377228
0.0375862
0.0374501
0.0373143
0.0371789
0.0370439
0.0369093
0.0367751
0.0366412
0.0365078
0.0363747
0.036242
0.0361097
0.0359778
0.0358463
0.0357151
0.0355843
0.0354539
0.0353239
0.0351943
0.0350651
0.0349362
0.0348077
0.0346796
0.0345519
0.0344245
0.0342976
0.034171
0.0340448
0.0339189
0.0337934
0.0336684
0.0335436
0.0334193
0.0332953
0.0331717
0.0330485
0.0329256
0.0328031
0.032681
0.0325592
0.0324379
0.0323168
0.0321962
0.0320759
0.031956
0.0318364
0.0317173
0.0315984
0.03148
0.0313619
0.0312441
0.0311268
0.0310098
0.0308931
0.0307768
0.0306609
0.0305453
0.0304301
0.0303153
0.0302008
0.0300866
0.0299728
0.0298594
0.0297463
0.0296336
0.0295212
0.0294092
0.0292976
0.0291863
0.0290753
0.0289647
0.0288544
0.0287445
0.0286349
0.0285257
0.0284168
0.0283083
0.0282001
0.0280923
0.0279848
0.0278777
0.0277709
0.0276644
0.0275583
0.0274525
0.0273471
0.027242
0.0271372
0.0270328
0.0269287
0.0268249
0.0267215
0.0266184
0.0265157
0.0264133
0.0263112
0.0262095
0.0261081
0.026007
0.0259063
0.0258058
0.0257057
0.025606
0.0255066
0.0254075
0.0253087
0.0252102
0.0251121
0.0250143
0.0249168
0.0248197
0.0247228
0.0246263
0.0245301
0.0244343
0.0243387
0.0242435
0.0241486
0.024054
0.0239597
0.0238658
0.0237721
0.0236788
0.0235858
0.0234931
0.0234007
0.0233086
0.0232169
0.0231254
0.0230343
0.0229434
0.0228529
0.0227627
0.0226728
0.0225832
0.0224939
0.0224049
0.0223162
0.0222278
0.0221397
0.0220519
0.0219645
0.0218773
0.0217904
0.0217038
0.0216176
0.0215316
0.0214459
0.0213605
0.0212754
0.0211906
0.0211061
0.0210219
0.020938
0.0208544
0.020771
0.020688
0.0206052
0.0205228
0.0204406
0.0203587
0.0202771
0.0201958
0.0201148
0.020034
0.0199536
0.0198734
0.0197935
0.0197139
0.0196346
0.0195555
0.0194768
0.0193983
0.0193201
0.0192421
0.0191645
0.0190871
0.01901
0.0189332
0.0188566
0.0187803
0.0187043
0.0186286
0.0185531
0.018478
0.018403
0.0183284
0.018254
0.0181799
0.018106
0.0180324
0.0179591
0.0178861
0.0178133
0.0177408
0.0176685
0.0175965
0.0175248
0.0174533
0.0173821
0.0173111
0.0172404
0.01717
0.0170998
0.0170299
0.0169602
0.0168908
0.0168216
0.0167527
0.016684
0.0166156
0.0165475
0.0164796
0.0164119
0.0163445
0.0162773
0.0162104
0.0161438
0.0160774
0.0160112
0.0159453
0.0158796
0.0158142
0.015749
0.015684
0.0156193
0.0155548
0.0154906
0.0154266
0.0153629
0.0152993
0.0152361
0.015173
0.0151102
0.0150477
0.0149853
0.0149232
0.0148614
0.0147997
0.0147383
0.0146772
0.0146162
0.0145555
0.014495
0.0144348
0.0143747
0.0143149
0.0142554
0.014196
0.0141369
0.014078
0.0140193
0.0139609
0.0139026
0.0138446
0.0137869
0.0137293
0.0136719
0.0136148
0.0135579
0.0135012
0.0134447
0.0133885
0.0133324
0.0132766
0.013221
0.0131656
0.0131104
0.0130554
0.0130006
0.0129461
0.0128917
0.0128376
0.0127837
0.0127299
0.0126764
0.0126231
0.01257
0.0125171
0.0124644
0.0124119
0.0123597
0.0123076
0.0122557
0.012204
0.0121525
0.0121013
0.0120502
0.0119993
0.0119486
0.0118982
0.0118479
0.0117978
0.0117479
0.0116982
0.0116487
0.0115994
0.0115503
0.0115013
0.0114526
0.0114041
0.0113557
0.0113076
0.0112596
0.0112118
0.0111642
0.0111168
0.0110696
0.0110226
0.0109757
0.010929
0.0108826
0.0108363
0.0107902
0.0107442
0.0106985
0.0106529
0.0106075
0.0105623
0.0105173
0.0104725
0.0104278
0.0103833
0.010339
0.0102949
0.0102509
0.0102071
0.0101635
0.0101201
0.0100768
0.0100337
0.00999078
0.00994803
0.00990545
0.00986305
0.00982081
0.00977875
0.00973685
0.00969512
0.00965356
0.00961216
0.00957093
0.00952987
0.00948897
0.00944824
0.00940767
0.00936726
0.00932702
0.00928694
0.00924702
0.00920726
0.00916766
0.00912822
0.00908895
0.00904983
0.00901087
0.00897206
0.00893342
0.00889493
0.0088566
0.00881842
0.0087804
0.00874253
0.00870482
0.00866726
0.00862985
0.0085926
0.00855549
0.00851854
0.00848174
0.00844509
0.00840859
0.00837223
0.00833603
0.00829997
0.00826406
0.0082283
0.00819269
0.00815722
0.00812189
0.00808671
0.00805168
0.00801678
0.00798204
0.00794743
0.00791297
0.00787864
0.00784446
0.00781042
0.00777652
0.00774276
0.00770914
0.00767565
0.00764231
0.0076091
0.00757603
0.0075431
0.0075103
0.00747763
0.00744511
0.00741271
0.00738045
0.00734833
0.00731633
0.00728447
0.00725275
0.00722115
0.00718968
0.00715835
0.00712714
0.00709607
0.00706512
0.0070343
0.00700361
0.00697305
0.00694261
0.00691231
0.00688212
0.00685207
0.00682214
0.00679233
0.00676265
0.00673309
0.00670365
0.00667434
0.00664515
0.00661608
0.00658714
0.00655831
0.00652961
0.00650102
0.00647256
0.00644421
0.00641599
0.00638788
0.00635989
0.00633201
0.00630426
0.00627662
0.00624909
0.00622168
0.00619439
0.00616721
0.00614015
0.0061132
0.00608636
0.00605964
0.00603303
0.00600653
0.00598014
0.00595387
0.0059277
0.00590164
0.0058757
0.00584986
0.00582414
0.00579852
0.00577301
0.00574761
0.00572232
0.00569713
0.00567205
0.00564707
0.0056222
0.00559744
0.00557278
0.00554823
0.00552378
0.00549943
0.00547519
0.00545105
0.00542701
0.00540308
0.00537924
0.00535551
0.00533188
0.00530835
0.00528492
0.00526159
0.00523835
0.00521522
0.00519219
0.00516925
0.00514641
0.00512367
0.00510103
0.00507848
0.00505603
0.00503367
0.00501141
0.00498925
0.00496718
0.0049452
0.00492332
0.00490153
0.00487983
0.00485823
0.00483672
0.0048153
0.00479398
0.00477274
0.0047516
0.00473054
0.00470958
0.00468871
0.00466792
0.00464723
0.00462662
0.0046061
0.00458568
0.00456533
0.00454508
0.00452491
0.00450483
0.00448484
0.00446493
0.00444511
0.00442537
0.00440572
0.00438615
0.00436667
0.00434727
0.00432795
0.00430872
0.00428957
0.0042705
0.00425152
0.00423262
0.00421379
0.00419505
0.0041764
0.00415782
0.00413932
0.0041209
0.00410256
0.0040843
0.00406612
0.00404802
0.00403
0.00401205
0.00399418
0.00397639
0.00395868
0.00394104
0.00392348
0.003906
0.00388859
0.00387126
0.003854
0.00383682
0.00381971
0.00380267
0.00378571
0.00376883
0.00375201
0.00373527
0.00371861
0.00370201
0.00368549
0.00366904
0.00365266
0.00363635
0.00362011
0.00360395
0.00358785
0.00357183
0.00355587
0.00353998
0.00352416
0.00350842
0.00349274
0.00347712
0.00346158
0.0034461
0.0034307
0.00341536
0.00340008
0.00338487
0.00336973
0.00335466
0.00333965
0.00332471
0.00330983
0.00329501
0.00328027
0.00326558
0.00325096
0.00323641
0.00322191
0.00320748
0.00319312
0.00317882
0.00316458
0.0031504
0.00313628
0.00312223
0.00310824
0.00309431
0.00308044
0.00306663
0.00305288
0.00303919
0.00302556
0.00301199
0.00299849
0.00298504
0.00297165
0.00295831
0.00294504
0.00293183
0.00291867
0.00290557
0.00289253
0.00287954
0.00286662
0.00285375
0.00284093
0.00282818
0.00281548
0.00280283
0.00279024
0.00277771
0.00276523
0.0027528
0.00274043
0.00272812
0.00271586
0.00270365
0.0026915
0.0026794
0.00266735
0.00265536
0.00264342
0.00263153
0.0026197
0.00260792
0.00259619
0.00258451
0.00257288
0.00256131
0.00254978
0.00253831
0.00252688
0.00251551
0.00250419
0.00249292
0.00248169
0.00247052
0.0024594
0.00244832
0.0024373
0.00242632
0.00241539
0.00240451
0.00239368
0.0023829
0.00237216
0.00236147
0.00235083
0.00234024
0.00232969
0.00231919
0.00230874
0.00229833
0.00228797
0.00227765
0.00226738
0.00225716
0.00224698
0.00223685
0.00222676
0.00221671
0.00220671
0.00219676
0.00218685
0.00217698
0.00216716
0.00215738
0.00214764
0.00213795
0.0021283
0.00211869
0.00210913
0.00209961
0.00209013
0.00208069
0.0020713
0.00206194
0.00205263
0.00204336
0.00203413
0.00202494
0.0020158
0.00200669
0.00199762
0.0019886
0.00197961
0.00197067
0.00196176
0.0019529
0.00194407
0.00193528
0.00192653
0.00191782
0.00190915
0.00190052
0.00189193
0.00188337
0.00187486
0.00186638
0.00185794
0.00184953
0.00184117
0.00183284
0.00182455
0.00181629
0.00180808
0.0017999
0.00179175
0.00178364
0.00177557
0.00176754
0.00175954
0.00175157
0.00174364
0.00173575
0.00172789
0.00172007
0.00171228
0.00170453
0.00169681
0.00168913
0.00168148
0.00167386
0.00166628
0.00165873
0.00165122
0.00164374
0.00163629
0.00162888
0.0016215
0.00161415
0.00160684
0.00159956
0.00159231
0.00158509
0.00157791
0.00157075
0.00156363
0.00155655
0.00154949
0.00154247
0.00153547
0.00152851
0.00152158
0.00151468
0.00150781
0.00150097
0.00149417
0.00148739
0.00148064
0.00147393
0.00146724
0.00146058
0.00145396
0.00144736
0.00144079
0.00143426
0.00142775
0.00142127
0.00141482
0.0014084
0.00140201
0.00139564
0.00138931
0.001383
0.00137672
0.00137047
0.00136425
0.00135806
0.00135189
0.00134575
0.00133964
0.00133356
0.0013275
0.00132148
0.00131547
0.0013095
0.00130355
0.00129763
0.00129174
0.00128587
0.00128003
0.00127421
0.00126842
0.00126266
0.00125692
0.00125121
0.00124552
0.00123986
0.00123423
0.00122862
0.00122304
0.00121748
0.00121194
0.00120643
0.00120095
0.00119549
0.00119006
0.00118465
0.00117926
0.0011739
0.00116856
0.00116325
0.00115796
0.00115269
0.00114745
0.00114223
0.00113704
0.00113186
0.00112672
0.00112159
0.00111649
0.00111141
0.00110635
0.00110132
0.00109631
0.00109132
0.00108636
0.00108141
0.00107649
0.00107159
0.00106672
0.00106186
0.00105703
0.00105222
0.00104743
0.00104266
0.00103792
0.00103319
0.00102849
0.00102381
0.00101914
0.0010145
0.00100989
0.00100529
0.00100071
0.000996154
0.000991617
0.000987102
0.000982607
0.000978132
0.000973677
0.000969243
0.000964828
0.000960433
0.000956059
0.000951704
0.000947368
0.000943053
0.000938757
0.00093448
0.000930222
0.000925984
0.000921765
0.000917565
0.000913384
0.000909222
0.000905079
0.000900954
0.000896848
0.000892761
0.000888692
0.000884642
0.00088061
0.000876596
0.0008726
0.000868623
0.000864663
0.000860721
0.000856798
0.000852891
0.000849003
0.000845132
0.000841279
0.000837443
0.000833625
0.000829823
0.000826039
0.000822272
0.000818523
0.00081479
0.000811074
0.000807375
0.000803692
0.000800027
0.000796378
0.000792745
0.000789129
0.000785529
0.000781946
0.000778379
0.000774828
0.000771293
0.000767774
0.000764271
0.000760784
0.000757313
0.000753857
0.000750417
0.000746993
0.000743584
0.000740191
0.000736813
0.00073345
0.000730103
0.000726771
0.000723454
0.000720151
0.000716864
0.000713592
0.000710335
0.000707092
0.000703865
0.000700651
0.000697453
0.000694269
0.000691099
0.000687944
0.000684803
0.000681676
0.000678563
0.000675465
0.000672381
0.00066931
0.000666254
0.000663211
0.000660183
0.000657168
0.000654166
0.000651179
0.000648205
0.000645244
0.000642297
0.000639363
0.000636443
0.000633535
0.000630641
0.000627761
0.000624893
0.000622038
0.000619196
0.000616367
0.000613551
0.000610748
0.000607958
0.00060518
0.000602415
0.000599662
0.000596922
0.000594194
0.000591479
0.000588776
0.000586085
0.000583407
0.000580741
0.000578086
0.000575444
0.000572814
0.000570196
0.00056759
0.000564996
0.000562413
0.000559842
0.000557283
0.000554736
0.0005522
0.000549675
0.000547162
0.000544661
0.000542171
0.000539692
0.000537224
0.000534768
0.000532323
0.000529889
0.000527466
0.000525054
0.000522653
0.000520263
0.000517884
0.000515516
0.000513158
0.000510812
0.000508475
0.00050615
0.000503835
0.000501531
0.000499237
0.000496953
0.00049468
0.000492418
0.000490165
0.000487923
0.000485691
0.000483469
0.000481257
0.000479056
0.000476864
0.000474683
0.000472511
0.000470349
0.000468197
0.000466055
0.000463923
0.0004618
0.000459687
0.000457584
0.00045549
0.000453406
0.000451331
0.000449265
0.000447209
0.000445163
0.000443126
0.000441098
0.000439079
0.000437069
0.000435069
0.000433078
0.000431096
0.000429123
0.000427158
0.000425203
0.000423257
0.000421319
0.000419391
0.000417471
0.00041556
0.000413658
0.000411764
0.000409879
0.000408002
0.000406134
0.000404275
0.000402424
0.000400582
0.000398748
0.000396922
0.000395105
0.000393295
0.000391495
0.000389702
0.000387917
0.000386141
0.000384373
0.000382613
0.000380861
0.000379116
0.00037738
0.000375652
0.000373931
0.000372219
0.000370514
0.000368817
0.000367128
0.000365446
0.000363773
0.000362106
0.000360448
0.000358797
0.000357153
0.000355517
0.000353889
0.000352268
0.000350654
0.000349047
0.000347448
0.000345857
0.000344272
0.000342695
0.000341125
0.000339562
0.000338006
0.000336458
0.000334916
0.000333382
0.000331854
0.000330333
0.00032882
0.000327313
0.000325813
0.00032432
0.000322834
0.000321355
0.000319882
0.000318416
0.000316957
0.000315504
0.000314058
0.000312619
0.000311186
0.00030976
0.00030834
0.000306927
0.00030552
0.00030412
0.000302726
0.000301339
0.000299957
0.000298582
0.000297214
0.000295851
0.000294495
0.000293145
0.000291801
0.000290464
0.000289132
0.000287807
0.000286487
0.000285174
0.000283866
0.000282565
0.000281269
0.00027998
0.000278696
0.000277418
0.000276146
0.00027488
0.00027362
0.000272365
0.000271116
0.000269873
0.000268636
0.000267404
0.000266178
0.000264957
0.000263742
0.000262533
0.000261329
0.00026013
0.000258937
0.00025775
0.000256568
0.000255391
0.00025422
0.000253054
0.000251893
0.000250738
0.000249588
0.000248443
0.000247303
0.000246169
0.00024504
0.000243916
0.000242797
0.000241683
0.000240575
0.000239471
0.000238373
0.000237279
0.000236191
0.000235107
0.000234029
0.000232955
0.000231886
0.000230822
0.000229764
0.000228709
0.00022766
0.000226616
0.000225576
0.000224541
0.000223511
0.000222485
0.000221464
0.000220448
0.000219437
0.00021843
0.000217427
0.00021643
0.000215437
0.000214448
0.000213464
0.000212484
0.000211509
0.000210539
0.000209572
0.000208611
0.000207653
0.0002067
0.000205752
0.000204807
0.000203868
0.000202932
0.000202
0.000201073
0.000200151
0.000199232
0.000198317
0.000197407
0.000196501
0.000195599
0.000194701
0.000193808
0.000192918
0.000192032
0.000191151
0.000190273
0.0001894
0.000188531
0.000187665
0.000186804
0.000185946
0.000185092
0.000184243
0.000183397
0.000182555
0.000181717
0.000180883
0.000180052
0.000179225
0.000178403
0.000177583
0.000176768
0.000175956
0.000175149
0.000174344
0.000173544
0.000172747
0.000171954
0.000171164
0.000170378
0.000169596
0.000168817
0.000168042
0.00016727
0.000166502
0.000165738
0.000164976
0.000164219
0.000163465
0.000162714
0.000161967
0.000161223
0.000160483
0.000159745
0.000159012
0.000158282
0.000157555
0.000156831
0.000156111
0.000155394
0.00015468
0.000153969
0.000153262
0.000152558
0.000151858
0.00015116
0.000150466
0.000149775
0.000149087
0.000148402
0.00014772
0.000147041
0.000146366
0.000145694
0.000145024
0.000144358
0.000143695
0.000143035
0.000142378
0.000141724
0.000141073
0.000140424
0.000139779
0.000139137
0.000138498
0.000137862
0.000137228
0.000136598
0.00013597
0.000135345
0.000134724
0.000134105
0.000133488
0.000132875
0.000132264
0.000131657
0.000131052
0.00013045
0.00012985
0.000129254
0.00012866
0.000128068
0.00012748
0.000126894
0.000126311
0.00012573
0.000125153
0.000124578
0.000124005
0.000123435
0.000122868
0.000122303
0.000121741
0.000121182
0.000120625
0.00012007
0.000119519
0.000118969
0.000118422
0.000117878
0.000117336
0.000116797
0.00011626
0.000115726
0.000115194
0.000114664
0.000114137
0.000113613
0.000113091
0.000112571
0.000112053
0.000111538
0.000111026
0.000110515
0.000110007
0.000109501
0.000108998
0.000108497
0.000107998
0.000107502
0.000107008
0.000106516
0.000106026
0.000105539
0.000105053
0.00010457
0.00010409
0.000103611
0.000103135
0.000102661
0.000102189
0.000101719
0.000101251
0.000100786
0.000100322
9.98609e-05
9.94017e-05
9.89447e-05
9.84897e-05
9.80369e-05
9.75861e-05
9.71374e-05
9.66907e-05
9.62461e-05
9.58036e-05
9.5363e-05
9.49245e-05
9.4488e-05
9.40535e-05
9.3621e-05
9.31905e-05
9.27619e-05
9.23354e-05
9.19107e-05
9.14881e-05
9.10673e-05
9.06485e-05
9.02316e-05
8.98167e-05
8.94036e-05
8.89924e-05
8.85832e-05
8.81758e-05
8.77702e-05
8.73666e-05
8.69647e-05
8.65648e-05
8.61666e-05
8.57703e-05
8.53758e-05
8.49831e-05
8.45923e-05
8.42032e-05
8.38159e-05
8.34304e-05
8.30466e-05
8.26646e-05
8.22844e-05
8.19059e-05
8.15291e-05
8.11541e-05
8.07808e-05
8.04092e-05
8.00393e-05
7.96711e-05
7.93046e-05
7.89398e-05
7.85767e-05
7.82152e-05
7.78554e-05
7.74972e-05
7.71407e-05
7.67858e-05
7.64326e-05
7.6081e-05
7.57309e-05
7.53825e-05
7.50357e-05
7.46905e-05
7.43469e-05
7.40048e-05
7.36643e-05
7.33254e-05
7.29881e-05
7.26522e-05
7.2318e-05
7.19852e-05
7.1654e-05
7.13243e-05
7.09962e-05
7.06695e-05
7.03443e-05
7.00206e-05
6.96985e-05
6.93777e-05
6.90585e-05
6.87407e-05
6.84244e-05
6.81096e-05
6.77962e-05
6.74842e-05
6.71736e-05
6.68645e-05
6.65568e-05
6.62506e-05
6.59457e-05
6.56422e-05
6.53401e-05
6.50394e-05
6.47401e-05
6.44422e-05
6.41456e-05
6.38504e-05
6.35566e-05
6.32641e-05
6.29729e-05
6.26831e-05
6.23946e-05
6.21074e-05
6.18216e-05
6.15371e-05
6.12538e-05
6.09719e-05
6.06913e-05
6.04119e-05
6.01339e-05
5.98571e-05
5.95816e-05
5.93073e-05
5.90344e-05
5.87626e-05
5.84922e-05
5.82229e-05
5.79549e-05
5.76882e-05
5.74226e-05
5.71583e-05
5.68952e-05
5.66333e-05
5.63726e-05
5.61131e-05
5.58548e-05
5.55977e-05
5.53417e-05
5.5087e-05
5.48334e-05
5.45809e-05
5.43297e-05
5.40796e-05
5.38306e-05
5.35828e-05
5.33361e-05
5.30905e-05
5.28461e-05
5.26028e-05
5.23607e-05
5.21196e-05
5.18796e-05
5.16408e-05
5.1403e-05
5.11664e-05
5.09308e-05
5.06963e-05
5.04629e-05
5.02305e-05
4.99993e-05
4.9769e-05
4.95399e-05
4.93118e-05
4.90847e-05
4.88587e-05
4.86338e-05
4.84098e-05
4.81869e-05
4.7965e-05
4.77442e-05
4.75243e-05
4.73055e-05
4.70876e-05
4.68708e-05
4.6655e-05
4.64401e-05
4.62263e-05
4.60134e-05
4.58015e-05
4.55906e-05
4.53807e-05
4.51717e-05
4.49636e-05
4.47566e-05
4.45505e-05
4.43453e-05
4.41411e-05
4.39378e-05
4.37354e-05
4.3534e-05
4.33335e-05
4.31339e-05
4.29353e-05
4.27375e-05
4.25407e-05
4.23448e-05
4.21498e-05
4.19556e-05
4.17624e-05
4.157e-05
4.13786e-05
4.1188e-05
4.09983e-05
4.08094e-05
4.06215e-05
4.04344e-05
4.02481e-05
4.00627e-05
3.98782e-05
3.96945e-05
3.95117e-05
3.93297e-05
3.91485e-05
3.89682e-05
3.87887e-05
3.861e-05
3.84321e-05
3.82551e-05
3.80789e-05
3.79035e-05
3.77288e-05
3.7555e-05
3.7382e-05
3.72098e-05
3.70384e-05
3.68678e-05
3.66979e-05
3.65289e-05
3.63606e-05
3.61931e-05
3.60263e-05
3.58604e-05
3.56951e-05
3.55307e-05
3.5367e-05
3.52041e-05
3.50419e-05
3.48804e-05
3.47197e-05
3.45598e-05
3.44005e-05
3.4242e-05
3.40843e-05
3.39272e-05
3.37709e-05
3.36153e-05
3.34604e-05
3.33062e-05
3.31528e-05
3.3e-05
3.2848e-05
3.26966e-05
3.25459e-05
3.2396e-05
3.22467e-05
3.20981e-05
3.19502e-05
3.1803e-05
3.16564e-05
3.15106e-05
3.13654e-05
3.12208e-05
3.10769e-05
3.09337e-05
3.07912e-05
3.06493e-05
3.0508e-05
3.03675e-05
3.02275e-05
3.00882e-05
2.99496e-05
2.98115e-05
2.96741e-05
2.95374e-05
2.94013e-05
2.92658e-05
2.91309e-05
2.89966e-05
2.8863e-05
2.873e-05
2.85976e-05
2.84658e-05
2.83346e-05
2.8204e-05
2.8074e-05
2.79446e-05
2.78158e-05
2.76876e-05
2.756e-05
2.74329e-05
2.73065e-05
2.71806e-05
2.70554e-05
2.69306e-05
2.68065e-05
2.6683e-05
2.656e-05
2.64375e-05
2.63157e-05
2.61944e-05
2.60736e-05
2.59534e-05
2.58338e-05
2.57147e-05
2.55962e-05
2.54782e-05
2.53607e-05
2.52438e-05
2.51275e-05
2.50116e-05
2.48963e-05
2.47816e-05
2.46673e-05
2.45536e-05
2.44404e-05
2.43277e-05
2.42156e-05
2.4104e-05
2.39928e-05
2.38822e-05
2.37721e-05
2.36625e-05
2.35534e-05
2.34448e-05
2.33367e-05
2.32292e-05
2.31221e-05
2.30155e-05
2.29093e-05
2.28037e-05
2.26986e-05
2.25939e-05
2.24898e-05
2.23861e-05
2.22828e-05
2.21801e-05
2.20778e-05
2.1976e-05
2.18747e-05
2.17738e-05
2.16735e-05
2.15735e-05
2.1474e-05
2.1375e-05
2.12765e-05
2.11784e-05
2.10807e-05
2.09835e-05
2.08867e-05
2.07904e-05
2.06945e-05
2.05991e-05
2.05041e-05
2.04096e-05
2.03155e-05
2.02218e-05
2.01285e-05
2.00357e-05
1.99433e-05
1.98513e-05
1.97598e-05
1.96687e-05
1.9578e-05
1.94877e-05
1.93978e-05
1.93083e-05
1.92193e-05
1.91307e-05
1.90424e-05
1.89546e-05
1.88672e-05
1.87802e-05
1.86936e-05
1.86073e-05
1.85215e-05
1.84361e-05
1.83511e-05
1.82664e-05
1.81822e-05
1.80983e-05
1.80148e-05
1.79318e-05
1.7849e-05
1.77667e-05
1.76848e-05
1.76032e-05
1.7522e-05
1.74412e-05
1.73607e-05
1.72807e-05
1.7201e-05
1.71216e-05
1.70426e-05
1.6964e-05
1.68858e-05
1.68079e-05
1.67303e-05
1.66532e-05
1.65764e-05
1.64999e-05
1.64238e-05
1.6348e-05
1.62726e-05
1.61975e-05
1.61228e-05
1.60484e-05
1.59744e-05
1.59007e-05
1.58274e-05
1.57543e-05
1.56817e-05
1.56093e-05
1.55373e-05
1.54656e-05
1.53943e-05
1.53233e-05
1.52526e-05
1.51822e-05
1.51121e-05
1.50424e-05
1.4973e-05
1.49039e-05
1.48352e-05
1.47667e-05
1.46986e-05
1.46308e-05
1.45633e-05
1.44961e-05
1.44292e-05
1.43626e-05
1.42964e-05
1.42304e-05
1.41647e-05
1.40994e-05
1.40343e-05
1.39696e-05
1.39051e-05
1.3841e-05
1.37771e-05
1.37135e-05
1.36502e-05
1.35873e-05
1.35246e-05
1.34621e-05
1.34e-05
1.33382e-05
1.32766e-05
1.32154e-05
1.31544e-05
1.30937e-05
1.30333e-05
1.29731e-05
1.29133e-05
1.28537e-05
1.27944e-05
1.27353e-05
1.26765e-05
1.2618e-05
1.25598e-05
1.25018e-05
1.24441e-05
1.23867e-05
1.23296e-05
1.22727e-05
1.2216e-05
1.21596e-05
1.21035e-05
1.20477e-05
1.19921e-05
1.19367e-05
1.18816e-05
1.18268e-05
1.17722e-05
1.17179e-05
1.16638e-05
1.16099e-05
1.15564e-05
1.1503e-05
1.14499e-05
1.13971e-05
1.13445e-05
1.12921e-05
1.124e-05
1.11881e-05
1.11365e-05
1.10851e-05
1.10339e-05
1.0983e-05
1.09323e-05
1.08818e-05
1.08316e-05
1.07816e-05
1.07318e-05
1.06823e-05
1.0633e-05
1.05839e-05
1.0535e-05
1.04864e-05
1.0438e-05
1.03898e-05
1.03418e-05
1.02941e-05
1.02466e-05
1.01993e-05
1.01522e-05
1.01053e-05
1.00587e-05
1.00122e-05
9.96603e-06
9.92002e-06
9.87422e-06
9.82864e-06
9.78326e-06
9.73809e-06
9.69314e-06
9.64839e-06
9.60384e-06
9.5595e-06
9.51537e-06
9.47144e-06
9.42771e-06
9.38418e-06
9.34086e-06
9.29773e-06
9.2548e-06
9.21207e-06
9.16954e-06
9.1272e-06
9.08506e-06
9.04311e-06
9.00136e-06
8.9598e-06
8.91843e-06
8.87725e-06
8.83626e-06
8.79546e-06
8.75485e-06
8.71442e-06
8.67418e-06
8.63413e-06
8.59426e-06
8.55458e-06
8.51508e-06
8.47576e-06
8.43662e-06
8.39766e-06
8.35888e-06
8.32028e-06
8.28186e-06
8.24362e-06
8.20555e-06
8.16766e-06
8.12994e-06
8.0924e-06
8.05503e-06
8.01783e-06
7.9808e-06
7.94395e-06
7.90726e-06
7.87074e-06
7.8344e-06
7.79821e-06
7.7622e-06
7.72635e-06
7.69067e-06
7.65515e-06
7.6198e-06
7.58461e-06
7.54958e-06
7.51471e-06
7.48e-06
7.44546e-06
7.41107e-06
7.37684e-06
7.34277e-06
7.30886e-06
7.2751e-06
7.2415e-06
7.20805e-06
7.17476e-06
7.14162e-06
7.10864e-06
7.0758e-06
7.04312e-06
7.01059e-06
6.97821e-06
6.94598e-06
6.91389e-06
6.88196e-06
6.85017e-06
6.81853e-06
6.78703e-06
6.75568e-06
6.72447e-06
6.69341e-06
6.66249e-06
6.63172e-06
6.60108e-06
6.57059e-06
6.54024e-06
6.51003e-06
6.47995e-06
6.45002e-06
6.42022e-06
6.39057e-06
6.36104e-06
6.33166e-06
6.30241e-06
6.27329e-06
6.24431e-06
6.21547e-06
6.18675e-06
6.15817e-06
6.12972e-06
6.1014e-06
6.07322e-06
6.04516e-06
6.01723e-06
5.98943e-06
5.96176e-06
5.93422e-06
5.9068e-06
5.87951e-06
5.85234e-06
5.82531e-06
5.79839e-06
5.7716e-06
5.74494e-06
5.71839e-06
5.69197e-06
5.66567e-06
5.6395e-06
5.61344e-06
5.5875e-06
5.56169e-06
5.53599e-06
5.51041e-06
5.48495e-06
5.4596e-06
5.43438e-06
5.40927e-06
5.38427e-06
5.35939e-06
5.33463e-06
5.30998e-06
5.28544e-06
5.26102e-06
5.23671e-06
5.21251e-06
5.18842e-06
5.16445e-06
5.14058e-06
5.11683e-06
5.09318e-06
5.06965e-06
5.04622e-06
5.0229e-06
4.99969e-06
4.97658e-06
4.95359e-06
4.93069e-06
4.90791e-06
4.88523e-06
4.86265e-06
4.84018e-06
4.81781e-06
4.79555e-06
4.77338e-06
4.75132e-06
4.72936e-06
4.70751e-06
4.68575e-06
4.66409e-06
4.64254e-06
4.62108e-06
4.59973e-06
4.57847e-06
4.55731e-06
4.53624e-06
4.51528e-06
4.49441e-06
4.47364e-06
4.45296e-06
4.43238e-06
4.41189e-06
4.3915e-06
4.3712e-06
4.351e-06
4.33089e-06
4.31087e-06
4.29094e-06
4.27111e-06
4.25137e-06
4.23172e-06
4.21216e-06
4.19269e-06
4.17331e-06
4.15401e-06
4.13481e-06
4.1157e-06
4.09667e-06
4.07774e-06
4.05889e-06
4.04013e-06
4.02145e-06
4.00286e-06
3.98436e-06
3.96594e-06
3.9476e-06
3.92936e-06
3.91119e-06
3.89311e-06
3.87511e-06
3.8572e-06
3.83937e-06
3.82162e-06
3.80395e-06
3.78637e-06
3.76886e-06
3.75144e-06
3.73409e-06
3.71683e-06
3.69965e-06
3.68254e-06
3.66552e-06
3.64857e-06
3.6317e-06
3.61491e-06
3.5982e-06
3.58156e-06
3.56501e-06
3.54852e-06
3.53212e-06
3.51579e-06
3.49953e-06
3.48335e-06
3.46724e-06
3.45121e-06
3.43526e-06
3.41937e-06
3.40356e-06
3.38783e-06
3.37216e-06
3.35657e-06
3.34105e-06
3.3256e-06
3.31022e-06
3.29492e-06
3.27968e-06
3.26452e-06
3.24942e-06
3.2344e-06
3.21944e-06
3.20455e-06
3.18973e-06
3.17498e-06
3.1603e-06
3.14569e-06
3.13114e-06
3.11666e-06
3.10225e-06
3.08791e-06
3.07363e-06
3.05941e-06
3.04526e-06
3.03118e-06
3.01716e-06
3.00321e-06
2.98932e-06
2.9755e-06
2.96174e-06
2.94804e-06
2.93441e-06
2.92084e-06
2.90733e-06
2.89388e-06
2.8805e-06
2.86718e-06
2.85392e-06
2.84072e-06
2.82758e-06
2.8145e-06
2.80149e-06
2.78853e-06
2.77563e-06
2.76279e-06
2.75002e-06
2.7373e-06
2.72464e-06
2.71204e-06
2.69949e-06
2.68701e-06
2.67458e-06
2.66221e-06
2.64989e-06
2.63764e-06
2.62544e-06
2.61329e-06
2.60121e-06
2.58917e-06
2.5772e-06
2.56528e-06
2.55341e-06
2.5416e-06
2.52984e-06
2.51814e-06
2.50649e-06
2.4949e-06
2.48336e-06
2.47187e-06
2.46044e-06
2.44906e-06
2.43773e-06
2.42645e-06
2.41523e-06
2.40405e-06
2.39293e-06
2.38186e-06
2.37084e-06
2.35988e-06
2.34896e-06
2.33809e-06
2.32728e-06
2.31651e-06
2.30579e-06
2.29513e-06
2.28451e-06
2.27394e-06
2.26342e-06
2.25295e-06
2.24252e-06
2.23215e-06
2.22182e-06
2.21154e-06
2.20131e-06
2.19113e-06
2.18099e-06
2.1709e-06
2.16086e-06
2.15086e-06
2.14091e-06
2.131e-06
2.12114e-06
2.11133e-06
2.10156e-06
2.09184e-06
2.08216e-06
2.07252e-06
2.06293e-06
2.05339e-06
2.04389e-06
2.03443e-06
2.02502e-06
2.01565e-06
2.00632e-06
1.99704e-06
1.9878e-06
1.9786e-06
1.96944e-06
1.96033e-06
1.95126e-06
1.94223e-06
1.93324e-06
1.9243e-06
1.91539e-06
1.90653e-06
1.89771e-06
1.88893e-06
1.88019e-06
1.87148e-06
1.86282e-06
1.8542e-06
1.84562e-06
1.83708e-06
1.82858e-06
1.82012e-06
1.8117e-06
1.80331e-06
1.79497e-06
1.78666e-06
1.77839e-06
1.77016e-06
1.76197e-06
1.75381e-06
1.7457e-06
1.73762e-06
1.72958e-06
1.72157e-06
1.71361e-06
1.70567e-06
1.69778e-06
1.68992e-06
1.6821e-06
1.67432e-06
1.66657e-06
1.65885e-06
1.65118e-06
1.64353e-06
1.63593e-06
1.62836e-06
1.62082e-06
1.61332e-06
1.60585e-06
1.59842e-06
1.59102e-06
1.58365e-06
1.57632e-06
1.56903e-06
1.56177e-06
1.55454e-06
1.54734e-06
1.54018e-06
1.53305e-06
1.52595e-06
1.51889e-06
1.51186e-06
1.50486e-06
1.4979e-06
1.49096e-06
1.48406e-06
1.47719e-06
1.47035e-06
1.46355e-06
1.45677e-06
1.45003e-06
1.44332e-06
1.43663e-06
1.42998e-06
1.42336e-06
1.41677e-06
1.41022e-06
1.40369e-06
1.39719e-06
1.39072e-06
1.38428e-06
1.37787e-06
1.3715e-06
1.36515e-06
1.35883e-06
1.35254e-06
1.34627e-06
1.34004e-06
1.33384e-06
1.32766e-06
1.32152e-06
1.3154e-06
1.30931e-06
1.30325e-06
1.29721e-06
1.29121e-06
1.28523e-06
1.27928e-06
1.27335e-06
1.26746e-06
1.26159e-06
1.25575e-06
1.24993e-06
1.24415e-06
1.23839e-06
1.23265e-06
1.22695e-06
1.22126e-06
1.21561e-06
1.20998e-06
1.20438e-06
1.1988e-06
1.19325e-06
1.18773e-06
1.18223e-06
1.17675e-06
1.1713e-06
1.16588e-06
1.16048e-06
1.15511e-06
1.14976e-06
1.14443e-06
1.13914e-06
1.13386e-06
1.12861e-06
1.12338e-06
1.11818e-06
1.113e-06
1.10785e-06
1.10272e-06
1.09761e-06
1.09253e-06
1.08747e-06
1.08243e-06
1.07742e-06
1.07243e-06
1.06747e-06
1.06252e-06
1.0576e-06
1.0527e-06
1.04783e-06
1.04298e-06
1.03815e-06
1.03334e-06
1.02855e-06
1.02379e-06
1.01905e-06
1.01433e-06
1.00963e-06
1.00495e-06
1.0003e-06
9.95666e-07
9.91055e-07
9.86465e-07
9.81896e-07
9.77348e-07
9.72822e-07
9.68316e-07
9.63831e-07
9.59367e-07
9.54923e-07
9.505e-07
9.46098e-07
9.41716e-07
9.37354e-07
9.33012e-07
9.28691e-07
9.24389e-07
9.20107e-07
9.15845e-07
9.11603e-07
9.07381e-07
9.03178e-07
8.98994e-07
8.9483e-07
8.90685e-07
8.86559e-07
8.82452e-07
8.78365e-07
8.74296e-07
8.70246e-07
8.66215e-07
8.62202e-07
8.58208e-07
8.54232e-07
8.50275e-07
8.46336e-07
8.42416e-07
8.38513e-07
8.34629e-07
8.30762e-07
8.26914e-07
8.23083e-07
8.1927e-07
8.15475e-07
8.11697e-07
8.07936e-07
8.04193e-07
8.00468e-07
7.96759e-07
7.93068e-07
7.89394e-07
7.85737e-07
7.82096e-07
7.78473e-07
7.74866e-07
7.71276e-07
7.67703e-07
7.64146e-07
7.60606e-07
7.57082e-07
7.53574e-07
7.50083e-07
7.46607e-07
7.43148e-07
7.39705e-07
7.36278e-07
7.32866e-07
7.29471e-07
7.26091e-07
7.22726e-07
7.19378e-07
7.16045e-07
7.12727e-07
7.09424e-07
7.06137e-07
7.02865e-07
6.99608e-07
6.96367e-07
6.9314e-07
6.89928e-07
6.86731e-07
6.83549e-07
6.80382e-07
6.77229e-07
6.74091e-07
6.70967e-07
6.67858e-07
6.64763e-07
6.61683e-07
6.58616e-07
6.55564e-07
6.52527e-07
6.49503e-07
6.46493e-07
6.43497e-07
6.40515e-07
6.37547e-07
6.34592e-07
6.31651e-07
6.28724e-07
6.2581e-07
6.2291e-07
6.20023e-07
6.1715e-07
6.1429e-07
6.11443e-07
6.08609e-07
6.05789e-07
6.02981e-07
6.00187e-07
5.97405e-07
5.94636e-07
5.9188e-07
5.89137e-07
5.86407e-07
5.83689e-07
5.80984e-07
5.78291e-07
5.75611e-07
5.72943e-07
5.70287e-07
5.67644e-07
5.65013e-07
5.62394e-07
5.59788e-07
5.57193e-07
5.5461e-07
5.5204e-07
5.49481e-07
5.46934e-07
5.44399e-07
5.41876e-07
5.39364e-07
5.36864e-07
5.34375e-07
5.31899e-07
5.29433e-07
5.26979e-07
5.24536e-07
5.22105e-07
5.19685e-07
5.17276e-07
5.14878e-07
5.12491e-07
5.10115e-07
5.07751e-07
5.05397e-07
5.03054e-07
5.00722e-07
4.98401e-07
4.96091e-07
4.93791e-07
4.91502e-07
4.89223e-07
4.86955e-07
4.84698e-07
4.82451e-07
4.80214e-07
4.77988e-07
4.75772e-07
4.73567e-07
4.71371e-07
4.69186e-07
4.67011e-07
4.64846e-07
4.62691e-07
4.60545e-07
4.5841e-07
4.56285e-07
4.5417e-07
4.52064e-07
4.49968e-07
4.47882e-07
4.45805e-07
4.43738e-07
4.41681e-07
4.39633e-07
4.37595e-07
4.35566e-07
4.33547e-07
4.31536e-07
4.29536e-07
4.27544e-07
4.25562e-07
4.23589e-07
4.21625e-07
4.1967e-07
4.17724e-07
4.15787e-07
4.13859e-07
4.1194e-07
4.1003e-07
4.08129e-07
4.06236e-07
4.04352e-07
4.02478e-07
4.00611e-07
3.98754e-07
3.96905e-07
3.95064e-07
3.93232e-07
3.91409e-07
3.89594e-07
3.87787e-07
3.85989e-07
3.84199e-07
3.82417e-07
3.80644e-07
3.78879e-07
3.77122e-07
3.75373e-07
3.73632e-07
3.719e-07
3.70175e-07
3.68458e-07
3.6675e-07
3.65049e-07
3.63356e-07
3.61671e-07
3.59993e-07
3.58324e-07
3.56662e-07
3.55008e-07
3.53362e-07
3.51723e-07
3.50092e-07
3.48468e-07
3.46852e-07
3.45243e-07
3.43642e-07
3.42048e-07
3.40462e-07
3.38883e-07
3.37311e-07
3.35747e-07
3.34189e-07
3.32639e-07
3.31097e-07
3.29561e-07
3.28032e-07
3.26511e-07
3.24997e-07
3.23489e-07
3.21989e-07
3.20495e-07
3.19009e-07
3.17529e-07
3.16056e-07
3.1459e-07
3.13131e-07
3.11679e-07
3.10233e-07
3.08794e-07
3.07362e-07
3.05936e-07
3.04517e-07
3.03104e-07
3.01698e-07
3.00299e-07
2.98906e-07
2.97519e-07
2.96139e-07
2.94765e-07
2.93398e-07
2.92037e-07
2.90682e-07
2.89334e-07
2.87992e-07
2.86656e-07
2.85326e-07
2.84002e-07
2.82685e-07
2.81373e-07
2.80068e-07
2.78769e-07
2.77476e-07
2.76188e-07
2.74907e-07
2.73632e-07
2.72362e-07
2.71099e-07
2.69841e-07
2.68589e-07
2.67343e-07
2.66103e-07
2.64868e-07
2.63639e-07
2.62416e-07
2.61199e-07
2.59987e-07
2.58781e-07
2.5758e-07
2.56385e-07
2.55195e-07
2.54011e-07
2.52833e-07
2.5166e-07
2.50492e-07
2.4933e-07
2.48173e-07
2.47022e-07
2.45875e-07
2.44735e-07
2.43599e-07
2.42469e-07
2.41344e-07
2.40224e-07
2.39109e-07
2.38e-07
2.36895e-07
2.35796e-07
2.34702e-07
2.33613e-07
2.32529e-07
2.3145e-07
2.30376e-07
2.29307e-07
2.28243e-07
2.27184e-07
2.2613e-07
2.2508e-07
2.24036e-07
2.22996e-07
2.21962e-07
2.20932e-07
2.19906e-07
2.18886e-07
2.1787e-07
2.16859e-07
2.15853e-07
2.14851e-07
2.13854e-07
2.12862e-07
2.11874e-07
2.1089e-07
2.09912e-07
2.08938e-07
2.07968e-07
2.07003e-07
2.06042e-07
2.05086e-07
2.04134e-07
2.03187e-07
2.02244e-07
2.01305e-07
2.00371e-07
1.99441e-07
1.98515e-07
1.97594e-07
1.96677e-07
1.95764e-07
1.94856e-07
1.93951e-07
1.93051e-07
1.92155e-07
1.91263e-07
1.90376e-07
1.89492e-07
1.88612e-07
1.87737e-07
1.86866e-07
1.85998e-07
1.85135e-07
1.84276e-07
1.8342e-07
1.82569e-07
1.81722e-07
1.80878e-07
1.80039e-07
1.79203e-07
1.78371e-07
1.77543e-07
1.76719e-07
1.75899e-07
1.75082e-07
1.74269e-07
1.73461e-07
1.72655e-07
1.71854e-07
1.71056e-07
1.70262e-07
1.69472e-07
1.68685e-07
1.67902e-07
1.67123e-07
1.66347e-07
1.65575e-07
1.64806e-07
1.64041e-07
1.63279e-07
1.62521e-07
1.61767e-07
1.61016e-07
1.60269e-07
1.59525e-07
1.58784e-07
1.58047e-07
1.57313e-07
1.56583e-07
1.55856e-07
1.55132e-07
1.54412e-07
1.53695e-07
1.52982e-07
1.52271e-07
1.51564e-07
1.50861e-07
1.5016e-07
1.49463e-07
1.48769e-07
1.48079e-07
1.47391e-07
1.46707e-07
1.46026e-07
1.45348e-07
1.44673e-07
1.44001e-07
1.43333e-07
1.42667e-07
1.42005e-07
1.41345e-07
1.40689e-07
1.40036e-07
1.39386e-07
1.38738e-07
1.38094e-07
1.37453e-07
1.36815e-07
1.3618e-07
1.35547e-07
1.34918e-07
1.34291e-07
1.33668e-07
1.33047e-07
1.32429e-07
1.31814e-07
1.31202e-07
1.30593e-07
1.29987e-07
1.29383e-07
1.28782e-07
1.28184e-07
1.27589e-07
1.26997e-07
1.26407e-07
1.2582e-07
1.25236e-07
1.24654e-07
1.24075e-07
1.23499e-07
1.22925e-07
1.22355e-07
1.21786e-07
1.21221e-07
1.20658e-07
1.20098e-07
1.1954e-07
1.18985e-07
1.18432e-07
1.17882e-07
1.17335e-07
1.1679e-07
1.16247e-07
1.15707e-07
1.1517e-07
1.14635e-07
1.14103e-07
1.13573e-07
1.13045e-07
1.1252e-07
1.11998e-07
1.11478e-07
1.1096e-07
1.10445e-07
1.09932e-07
1.09421e-07
1.08913e-07
1.08407e-07
1.07903e-07
1.07402e-07
1.06903e-07
1.06407e-07
1.05913e-07
1.05421e-07
1.04931e-07
1.04444e-07
1.03959e-07
1.03476e-07
1.02995e-07
1.02517e-07
1.02041e-07
1.01567e-07
1.01095e-07
1.00625e-07
1.00158e-07
9.96926e-08
9.92295e-08
9.87686e-08
9.83098e-08
9.78531e-08
9.73986e-08
9.69461e-08
9.64958e-08
9.60475e-08
9.56014e-08
9.51573e-08
9.47152e-08
9.42753e-08
9.38373e-08
9.34014e-08
9.29675e-08
9.25356e-08
9.21058e-08
9.16779e-08
9.1252e-08
9.08281e-08
9.04061e-08
8.99861e-08
8.95681e-08
8.9152e-08
8.87378e-08
8.83256e-08
8.79152e-08
8.75068e-08
8.71003e-08
8.66956e-08
8.62928e-08
8.58919e-08
8.54929e-08
8.50957e-08
8.47003e-08
8.43068e-08
8.39151e-08
8.35253e-08
8.31372e-08
8.27509e-08
8.23665e-08
8.19838e-08
8.16029e-08
8.12237e-08
8.08463e-08
8.04707e-08
8.00968e-08
7.97247e-08
7.93542e-08
7.89855e-08
7.86185e-08
7.82532e-08
7.78896e-08
7.75277e-08
7.71675e-08
7.68089e-08
7.64521e-08
7.60968e-08
7.57432e-08
7.53913e-08
7.5041e-08
7.46923e-08
7.43452e-08
7.39997e-08
7.36559e-08
7.33136e-08
7.29729e-08
7.26339e-08
7.22963e-08
7.19604e-08
7.1626e-08
7.12932e-08
7.09619e-08
7.06321e-08
7.03039e-08
6.99772e-08
6.9652e-08
6.93283e-08
6.90061e-08
6.86854e-08
6.83663e-08
6.80485e-08
6.77323e-08
6.74175e-08
6.71042e-08
6.67924e-08
6.6482e-08
6.6173e-08
6.58655e-08
6.55594e-08
6.52547e-08
6.49514e-08
6.46496e-08
6.43491e-08
6.405e-08
6.37524e-08
6.34561e-08
6.31612e-08
6.28676e-08
6.25754e-08
6.22846e-08
6.19951e-08
6.1707e-08
6.14202e-08
6.11347e-08
6.08506e-08
6.05677e-08
6.02862e-08
6.0006e-08
5.97271e-08
5.94495e-08
5.91732e-08
5.88982e-08
5.86244e-08
5.83519e-08
5.80807e-08
5.78107e-08
5.7542e-08
5.72746e-08
5.70083e-08
5.67433e-08
5.64796e-08
5.62171e-08
5.59557e-08
5.56956e-08
5.54368e-08
5.51791e-08
5.49226e-08
5.46673e-08
5.44132e-08
5.41602e-08
5.39085e-08
5.36579e-08
5.34084e-08
5.31602e-08
5.2913e-08
5.26671e-08
5.24222e-08
5.21785e-08
5.1936e-08
5.16945e-08
5.14542e-08
5.1215e-08
5.09769e-08
5.074e-08
5.05041e-08
5.02693e-08
5.00356e-08
4.9803e-08
4.95715e-08
4.9341e-08
4.91116e-08
4.88833e-08
4.8656e-08
4.84298e-08
4.82047e-08
4.79806e-08
4.77575e-08
4.75355e-08
4.73145e-08
4.70945e-08
4.68755e-08
4.66576e-08
4.64407e-08
4.62247e-08
4.60098e-08
4.57959e-08
4.5583e-08
4.53711e-08
4.51601e-08
4.49501e-08
4.47411e-08
4.45331e-08
4.43261e-08
4.412e-08
4.39148e-08
4.37106e-08
4.35074e-08
4.33051e-08
4.31037e-08
4.29033e-08
4.27038e-08
4.25053e-08
4.23076e-08
4.21109e-08
4.19151e-08
4.17202e-08
4.15262e-08
4.13331e-08
4.11409e-08
4.09496e-08
4.07592e-08
4.05696e-08
4.0381e-08
4.01932e-08
4.00063e-08
3.98203e-08
3.96351e-08
3.94508e-08
3.92673e-08
3.90847e-08
3.8903e-08
3.87221e-08
3.8542e-08
3.83628e-08
3.81844e-08
3.80068e-08
3.783e-08
3.76541e-08
3.7479e-08
3.73047e-08
3.71312e-08
3.69585e-08
3.67867e-08
3.66156e-08
3.64453e-08
3.62758e-08
3.61071e-08
3.59392e-08
3.5772e-08
3.56057e-08
3.54401e-08
3.52752e-08
3.51112e-08
3.49479e-08
3.47853e-08
3.46236e-08
3.44625e-08
3.43022e-08
3.41427e-08
3.39839e-08
3.38258e-08
3.36685e-08
3.35119e-08
3.3356e-08
3.32009e-08
3.30465e-08
3.28928e-08
3.27398e-08
3.25875e-08
3.24359e-08
3.22851e-08
3.21349e-08
3.19854e-08
3.18366e-08
3.16886e-08
3.15412e-08
3.13944e-08
3.12484e-08
3.11031e-08
3.09584e-08
3.08144e-08
3.0671e-08
3.05284e-08
3.03864e-08
3.0245e-08
3.01043e-08
2.99643e-08
2.98249e-08
2.96862e-08
2.95481e-08
2.94106e-08
2.92738e-08
2.91376e-08
2.90021e-08
2.88672e-08
2.87329e-08
2.85992e-08
2.84662e-08
2.83338e-08
2.82019e-08
2.80707e-08
2.79402e-08
2.78102e-08
2.76808e-08
2.7552e-08
2.74238e-08
2.72963e-08
2.71693e-08
2.70429e-08
2.69171e-08
2.67918e-08
2.66672e-08
2.65431e-08
2.64196e-08
2.62967e-08
2.61744e-08
2.60526e-08
2.59314e-08
2.58107e-08
2.56907e-08
2.55711e-08
2.54522e-08
2.53337e-08
2.52159e-08
2.50986e-08
2.49818e-08
2.48655e-08
2.47499e-08
2.46347e-08
2.45201e-08
2.4406e-08
2.42924e-08
2.41794e-08
2.40669e-08
2.39549e-08
2.38435e-08
2.37325e-08
2.36221e-08
2.35122e-08
2.34028e-08
2.32939e-08
2.31855e-08
2.30776e-08
2.29702e-08
2.28633e-08
2.27569e-08
2.2651e-08
2.25456e-08
2.24407e-08
2.23363e-08
2.22324e-08
2.21289e-08
2.20259e-08
2.19234e-08
2.18214e-08
2.17199e-08
2.16188e-08
2.15182e-08
2.14181e-08
2.13184e-08
2.12192e-08
2.11205e-08
2.10222e-08
2.09243e-08
2.0827e-08
2.073e-08
2.06336e-08
2.05375e-08
2.0442e-08
2.03468e-08
2.02521e-08
2.01579e-08
2.00641e-08
1.99707e-08
1.98778e-08
1.97852e-08
1.96932e-08
1.96015e-08
1.95103e-08
1.94195e-08
1.93291e-08
1.92391e-08
1.91496e-08
1.90605e-08
1.89718e-08
1.88835e-08
1.87956e-08
1.87081e-08
1.8621e-08
1.85344e-08
1.84481e-08
1.83622e-08
1.82768e-08
1.81917e-08
1.8107e-08
1.80228e-08
1.79389e-08
1.78554e-08
1.77723e-08
1.76895e-08
1.76072e-08
1.75252e-08
1.74437e-08
1.73625e-08
1.72817e-08
1.72012e-08
1.71212e-08
1.70415e-08
1.69621e-08
1.68832e-08
1.68046e-08
1.67264e-08
1.66485e-08
1.6571e-08
1.64939e-08
1.64171e-08
1.63407e-08
1.62646e-08
1.61889e-08
1.61135e-08
1.60385e-08
1.59639e-08
1.58896e-08
1.58156e-08
1.5742e-08
1.56687e-08
1.55957e-08
1.55231e-08
1.54509e-08
1.53789e-08
1.53073e-08
1.52361e-08
1.51652e-08
1.50946e-08
1.50243e-08
1.49543e-08
1.48847e-08
1.48154e-08
1.47464e-08
1.46778e-08
1.46095e-08
1.45414e-08
1.44737e-08
1.44064e-08
1.43393e-08
1.42725e-08
1.42061e-08
1.41399e-08
1.40741e-08
1.40086e-08
1.39434e-08
1.38784e-08
1.38138e-08
1.37495e-08
1.36855e-08
1.36218e-08
1.35584e-08
1.34952e-08
1.34324e-08
1.33698e-08
1.33076e-08
1.32456e-08
1.3184e-08
1.31226e-08
1.30615e-08
1.30007e-08
1.29401e-08
1.28799e-08
1.28199e-08
1.27602e-08
1.27008e-08
1.26417e-08
1.25828e-08
1.25242e-08
1.24659e-08
1.24078e-08
1.23501e-08
1.22925e-08
1.22353e-08
1.21783e-08
1.21216e-08
1.20652e-08
1.2009e-08
1.19531e-08
1.18974e-08
1.1842e-08
1.17869e-08
1.1732e-08
1.16773e-08
1.1623e-08
1.15688e-08
1.1515e-08
1.14613e-08
1.1408e-08
1.13548e-08
1.1302e-08
1.12493e-08
1.11969e-08
1.11448e-08
1.10929e-08
1.10412e-08
1.09898e-08
1.09386e-08
1.08877e-08
1.0837e-08
1.07865e-08
1.07363e-08
1.06863e-08
1.06365e-08
1.0587e-08
1.05377e-08
1.04886e-08
1.04397e-08
1.03911e-08
1.03427e-08
1.02946e-08
1.02466e-08
1.01989e-08
1.01514e-08
1.01041e-08
1.0057e-08
1.00102e-08
9.96357e-09
9.91717e-09
9.87098e-09
9.825e-09
9.77924e-09
9.73369e-09
9.68835e-09
9.64323e-09
9.59831e-09
9.5536e-09
9.5091e-09
9.46481e-09
9.42073e-09
9.37685e-09
9.33317e-09
9.28969e-09
9.24642e-09
9.20335e-09
9.16048e-09
9.11781e-09
9.07534e-09
9.03307e-09
8.99099e-09
8.94911e-09
8.90742e-09
8.86593e-09
8.82463e-09
8.78352e-09
8.74261e-09
8.70188e-09
8.66134e-09
8.621e-09
8.58084e-09
8.54086e-09
8.50108e-09
8.46147e-09
8.42206e-09
8.38282e-09
8.34377e-09
8.3049e-09
8.26621e-09
8.2277e-09
8.18937e-09
8.15122e-09
8.11325e-09
8.07545e-09
8.03783e-09
8.00038e-09
7.96311e-09
7.92601e-09
7.88909e-09
7.85233e-09
7.81575e-09
7.77934e-09
7.74309e-09
7.70702e-09
7.67111e-09
7.63537e-09
7.5998e-09
7.56439e-09
7.52915e-09
7.49407e-09
7.45915e-09
7.4244e-09
7.38981e-09
7.35538e-09
7.32111e-09
7.287e-09
7.25304e-09
7.21925e-09
7.18561e-09
7.15213e-09
7.11881e-09
7.08564e-09
7.05262e-09
7.01976e-09
6.98706e-09
6.9545e-09
6.92209e-09
6.88984e-09
6.85774e-09
6.82578e-09
6.79398e-09
6.76232e-09
6.73081e-09
6.69945e-09
6.66823e-09
6.63716e-09
6.60623e-09
6.57545e-09
6.54481e-09
6.51431e-09
6.48395e-09
6.45374e-09
6.42366e-09
6.39373e-09
6.36394e-09
6.33428e-09
6.30476e-09
6.27538e-09
6.24614e-09
6.21703e-09
6.18806e-09
6.15922e-09
6.13052e-09
6.10195e-09
6.07351e-09
6.04521e-09
6.01704e-09
5.989e-09
5.96109e-09
5.93331e-09
5.90566e-09
5.87813e-09
5.85074e-09
5.82347e-09
5.79633e-09
5.76932e-09
5.74243e-09
5.71567e-09
5.68903e-09
5.66252e-09
5.63613e-09
5.60986e-09
5.58371e-09
5.55769e-09
5.53179e-09
5.506e-09
5.48034e-09
5.4548e-09
5.42938e-09
5.40407e-09
5.37888e-09
5.35381e-09
5.32886e-09
5.30402e-09
5.2793e-09
5.25469e-09
5.2302e-09
5.20582e-09
5.18156e-09
5.15741e-09
5.13337e-09
5.10944e-09
5.08563e-09
5.06192e-09
5.03833e-09
5.01484e-09
4.99147e-09
4.9682e-09
4.94504e-09
4.92199e-09
4.89905e-09
4.87622e-09
4.85349e-09
4.83086e-09
4.80834e-09
4.78593e-09
4.76362e-09
4.74141e-09
4.71931e-09
4.69731e-09
4.67542e-09
4.65362e-09
4.63193e-09
4.61034e-09
4.58884e-09
4.56745e-09
4.54616e-09
4.52497e-09
4.50387e-09
4.48288e-09
4.46198e-09
4.44118e-09
4.42048e-09
4.39987e-09
4.37936e-09
4.35894e-09
4.33862e-09
4.31839e-09
4.29826e-09
4.27822e-09
4.25828e-09
4.23842e-09
4.21866e-09
4.199e-09
4.17942e-09
4.15994e-09
4.14054e-09
4.12124e-09
4.10202e-09
4.0829e-09
4.06386e-09
4.04492e-09
4.02606e-09
4.00729e-09
3.9886e-09
3.97001e-09
3.9515e-09
3.93307e-09
3.91474e-09
3.89648e-09
3.87832e-09
3.86023e-09
3.84224e-09
3.82432e-09
3.80649e-09
3.78874e-09
3.77108e-09
3.75349e-09
3.73599e-09
3.71857e-09
3.70123e-09
3.68397e-09
3.6668e-09
3.6497e-09
3.63268e-09
3.61574e-09
3.59888e-09
3.5821e-09
3.5654e-09
3.54877e-09
3.53223e-09
3.51576e-09
3.49936e-09
3.48304e-09
3.4668e-09
3.45064e-09
3.43455e-09
3.41853e-09
3.40259e-09
3.38672e-09
3.37093e-09
3.35521e-09
3.33956e-09
3.32399e-09
3.30849e-09
3.29306e-09
3.2777e-09
3.26242e-09
3.2472e-09
3.23206e-09
3.21699e-09
3.20199e-09
3.18705e-09
3.17219e-09
3.1574e-09
3.14267e-09
3.12802e-09
3.11343e-09
3.09891e-09
3.08446e-09
3.07007e-09
3.05575e-09
3.0415e-09
3.02732e-09
3.0132e-09
2.99915e-09
2.98516e-09
2.97124e-09
2.95738e-09
2.94359e-09
2.92986e-09
2.91619e-09
2.90259e-09
2.88905e-09
2.87558e-09
2.86217e-09
2.84882e-09
2.83553e-09
2.82231e-09
2.80914e-09
2.79604e-09
2.783e-09
2.77002e-09
2.7571e-09
2.74424e-09
2.73144e-09
2.7187e-09
2.70602e-09
2.6934e-09
2.68083e-09
2.66833e-09
2.65588e-09
2.64349e-09
2.63116e-09
2.61889e-09
2.60667e-09
2.59452e-09
2.58241e-09
2.57037e-09
2.55838e-09
2.54644e-09
2.53457e-09
2.52274e-09
2.51098e-09
2.49926e-09
2.4876e-09
2.476e-09
2.46445e-09
2.45295e-09
2.44151e-09
2.43012e-09
2.41879e-09
2.4075e-09
2.39627e-09
2.38509e-09
2.37397e-09
2.36289e-09
2.35187e-09
2.3409e-09
2.32998e-09
2.31911e-09
2.30829e-09
2.29752e-09
2.2868e-09
2.27613e-09
2.26551e-09
2.25495e-09
2.24443e-09
2.23395e-09
2.22353e-09
2.21316e-09
2.20283e-09
2.19256e-09
2.18233e-09
2.17215e-09
2.16201e-09
2.15193e-09
2.14189e-09
2.13189e-09
2.12195e-09
2.11205e-09
2.10219e-09
2.09238e-09
2.08262e-09
2.0729e-09
2.06323e-09
2.05361e-09
2.04403e-09
2.03449e-09
2.025e-09
2.01555e-09
2.00614e-09
1.99678e-09
1.98747e-09
1.97819e-09
1.96896e-09
1.95978e-09
1.95063e-09
1.94153e-09
1.93247e-09
1.92345e-09
1.91448e-09
1.90555e-09
1.89665e-09
1.8878e-09
1.879e-09
1.87023e-09
1.8615e-09
1.85281e-09
1.84417e-09
1.83556e-09
1.827e-09
1.81847e-09
1.80999e-09
1.80154e-09
1.79313e-09
1.78477e-09
1.77644e-09
1.76815e-09
1.7599e-09
1.75169e-09
1.74351e-09
1.73538e-09
1.72728e-09
1.71922e-09
1.71119e-09
1.70321e-09
1.69526e-09
1.68735e-09
1.67947e-09
1.67164e-09
1.66384e-09
1.65607e-09
1.64834e-09
1.64065e-09
1.63299e-09
1.62537e-09
1.61779e-09
1.61024e-09
1.60272e-09
1.59524e-09
1.5878e-09
1.58039e-09
1.57301e-09
1.56567e-09
1.55836e-09
1.55109e-09
1.54385e-09
1.53664e-09
1.52947e-09
1.52233e-09
1.51523e-09
1.50816e-09
1.50112e-09
1.49411e-09
1.48714e-09
1.4802e-09
1.47329e-09
1.46641e-09
1.45957e-09
1.45276e-09
1.44598e-09
1.43923e-09
1.43251e-09
1.42582e-09
1.41917e-09
1.41254e-09
1.40595e-09
1.39939e-09
1.39286e-09
1.38635e-09
1.37988e-09
1.37344e-09
1.36703e-09
1.36065e-09
1.3543e-09
1.34798e-09
1.34169e-09
1.33542e-09
1.32919e-09
1.32299e-09
1.31681e-09
1.31066e-09
1.30454e-09
1.29846e-09
1.29239e-09
1.28636e-09
1.28036e-09
1.27438e-09
1.26843e-09
1.26251e-09
1.25662e-09
1.25075e-09
1.24491e-09
1.2391e-09
1.23331e-09
1.22756e-09
1.22183e-09
1.21612e-09
1.21045e-09
1.2048e-09
1.19917e-09
1.19357e-09
1.188e-09
1.18245e-09
1.17693e-09
1.17144e-09
1.16597e-09
1.16053e-09
1.15511e-09
1.14972e-09
1.14435e-09
1.13901e-09
1.13369e-09
1.1284e-09
1.12313e-09
1.11788e-09
1.11267e-09
1.10747e-09
1.1023e-09
1.09715e-09
1.09203e-09
1.08693e-09
1.08186e-09
1.07681e-09
1.07178e-09
1.06677e-09
1.06179e-09
1.05684e-09
1.0519e-09
1.04699e-09
1.0421e-09
1.03724e-09
1.03239e-09
1.02757e-09
1.02278e-09
1.018e-09
1.01325e-09
1.00852e-09
1.00381e-09
9.9912e-10
9.94454e-10
9.89811e-10
9.85189e-10
9.80589e-10
9.7601e-10
9.71453e-10
9.66917e-10
9.62402e-10
9.57908e-10
9.53435e-10
9.48983e-10
9.44552e-10
9.40141e-10
9.35751e-10
9.31381e-10
9.27032e-10
9.22703e-10
9.18394e-10
9.14106e-10
9.09837e-10
9.05588e-10
9.0136e-10
8.9715e-10
8.92961e-10
8.88791e-10
8.8464e-10
8.80509e-10
8.76397e-10
8.72305e-10
8.68231e-10
8.64176e-10
8.60141e-10
8.56124e-10
8.52126e-10
8.48146e-10
8.44185e-10
8.40243e-10
8.36319e-10
8.32413e-10
8.28525e-10
8.24656e-10
8.20805e-10
8.16971e-10
8.13156e-10
8.09358e-10
8.05578e-10
8.01816e-10
7.98071e-10
7.94344e-10
7.90634e-10
7.86941e-10
7.83266e-10
7.79608e-10
7.75967e-10
7.72342e-10
7.68735e-10
7.65145e-10
7.61571e-10
7.58014e-10
7.54474e-10
7.5095e-10
7.47442e-10
7.43951e-10
7.40476e-10
7.37018e-10
7.33575e-10
7.30149e-10
7.26739e-10
7.23344e-10
7.19965e-10
7.16603e-10
7.13255e-10
7.09924e-10
7.06608e-10
7.03307e-10
7.00022e-10
6.96752e-10
6.93498e-10
6.90258e-10
6.87034e-10
6.83825e-10
6.80631e-10
6.77451e-10
6.74287e-10
6.71137e-10
6.68002e-10
6.64882e-10
6.61776e-10
6.58684e-10
6.55608e-10
6.52545e-10
6.49497e-10
6.46463e-10
6.43443e-10
6.40437e-10
6.37445e-10
6.34467e-10
6.31503e-10
6.28553e-10
6.25617e-10
6.22694e-10
6.19786e-10
6.1689e-10
6.14008e-10
6.1114e-10
6.08285e-10
6.05443e-10
6.02615e-10
5.99799e-10
5.96997e-10
5.94208e-10
5.91432e-10
5.88669e-10
5.85919e-10
5.83181e-10
5.80457e-10
5.77745e-10
5.75046e-10
5.72359e-10
5.69685e-10
5.67024e-10
5.64374e-10
5.61738e-10
5.59113e-10
5.56501e-10
5.53901e-10
5.51313e-10
5.48737e-10
5.46173e-10
5.43622e-10
5.41082e-10
5.38554e-10
5.36037e-10
5.33533e-10
5.3104e-10
5.28559e-10
5.26089e-10
5.23631e-10
5.21184e-10
5.18749e-10
5.16325e-10
5.13913e-10
5.11512e-10
5.09121e-10
5.06743e-10
5.04375e-10
5.02018e-10
4.99672e-10
4.97337e-10
4.95014e-10
4.92701e-10
4.90398e-10
4.88107e-10
4.85826e-10
4.83556e-10
4.81296e-10
4.79047e-10
4.76809e-10
4.74581e-10
4.72363e-10
4.70156e-10
4.67959e-10
4.65772e-10
4.63595e-10
4.61429e-10
4.59273e-10
4.57127e-10
4.5499e-10
4.52864e-10
4.50748e-10
4.48641e-10
4.46545e-10
4.44458e-10
4.42381e-10
4.40314e-10
4.38256e-10
4.36208e-10
4.34169e-10
4.3214e-10
4.30121e-10
4.28111e-10
4.2611e-10
4.24119e-10
4.22137e-10
4.20164e-10
4.182e-10
4.16246e-10
4.143e-10
4.12364e-10
4.10437e-10
4.08519e-10
4.06609e-10
4.04709e-10
4.02818e-10
4.00935e-10
3.99061e-10
3.97196e-10
3.9534e-10
3.93492e-10
3.91653e-10
3.89822e-10
3.88e-10
3.86187e-10
3.84382e-10
3.82585e-10
3.80797e-10
3.79017e-10
3.77246e-10
3.75483e-10
3.73728e-10
3.71981e-10
3.70242e-10
3.68511e-10
3.66789e-10
3.65075e-10
3.63368e-10
3.6167e-10
3.59979e-10
3.58297e-10
3.56622e-10
3.54955e-10
3.53296e-10
3.51644e-10
3.50001e-10
3.48365e-10
3.46736e-10
3.45115e-10
3.43502e-10
3.41897e-10
3.40298e-10
3.38708e-10
3.37124e-10
3.35549e-10
3.3398e-10
3.32419e-10
3.30865e-10
3.29318e-10
3.27779e-10
3.26247e-10
3.24721e-10
3.23203e-10
3.21693e-10
3.20189e-10
3.18692e-10
3.17202e-10
3.15719e-10
3.14243e-10
3.12774e-10
3.11312e-10
3.09857e-10
3.08408e-10
3.06966e-10
3.05531e-10
3.04103e-10
3.02681e-10
3.01266e-10
2.99858e-10
2.98456e-10
2.97061e-10
2.95672e-10
2.9429e-10
2.92914e-10
2.91544e-10
2.90181e-10
2.88825e-10
2.87474e-10
2.8613e-10
2.84792e-10
2.83461e-10
2.82136e-10
2.80817e-10
2.79504e-10
2.78197e-10
2.76896e-10
2.75602e-10
2.74313e-10
2.7303e-10
2.71754e-10
2.70483e-10
2.69219e-10
2.6796e-10
2.66707e-10
2.6546e-10
2.64219e-10
2.62983e-10
2.61754e-10
2.6053e-10
2.59312e-10
2.58099e-10
2.56892e-10
2.55691e-10
2.54496e-10
2.53306e-10
2.52121e-10
2.50942e-10
2.49769e-10
2.48601e-10
2.47439e-10
2.46282e-10
2.4513e-10
2.43984e-10
2.42843e-10
2.41707e-10
2.40577e-10
2.39452e-10
2.38332e-10
2.37218e-10
2.36109e-10
2.35005e-10
2.33906e-10
2.32812e-10
2.31723e-10
2.3064e-10
2.29561e-10
2.28488e-10
2.27419e-10
2.26356e-10
2.25297e-10
2.24243e-10
2.23195e-10
2.22151e-10
2.21112e-10
2.20078e-10
2.19049e-10
2.18025e-10
2.17005e-10
2.1599e-10
2.1498e-10
2.13975e-10
2.12974e-10
2.11978e-10
2.10987e-10
2.1e-10
2.09018e-10
2.0804e-10
2.07067e-10
2.06099e-10
2.05135e-10
2.04176e-10
2.03221e-10
2.0227e-10
2.01324e-10
2.00383e-10
1.99445e-10
1.98513e-10
1.97584e-10
1.9666e-10
1.9574e-10
1.94825e-10
1.93914e-10
1.93007e-10
1.92104e-10
1.91205e-10
1.90311e-10
1.89421e-10
1.88535e-10
1.87653e-10
1.86775e-10
1.85902e-10
1.85032e-10
1.84167e-10
1.83305e-10
1.82448e-10
1.81595e-10
1.80745e-10
1.799e-10
1.79058e-10
1.78221e-10
1.77387e-10
1.76558e-10
1.75732e-10
1.7491e-10
1.74092e-10
1.73277e-10
1.72467e-10
1.7166e-10
1.70857e-10
1.70058e-10
1.69262e-10
1.6847e-10
1.67682e-10
1.66898e-10
1.66117e-10
1.6534e-10
1.64567e-10
1.63797e-10
1.63031e-10
1.62268e-10
1.61509e-10
1.60753e-10
1.60001e-10
1.59253e-10
1.58508e-10
1.57767e-10
1.57028e-10
1.56294e-10
1.55563e-10
1.54835e-10
1.54111e-10
1.5339e-10
1.52672e-10
1.51958e-10
1.51247e-10
1.50539e-10
1.49835e-10
1.49134e-10
1.48436e-10
1.47742e-10
1.47051e-10
1.46363e-10
1.45678e-10
1.44997e-10
1.44318e-10
1.43643e-10
1.42971e-10
1.42302e-10
1.41636e-10
1.40974e-10
1.40314e-10
1.39658e-10
1.39004e-10
1.38354e-10
1.37707e-10
1.37062e-10
1.36421e-10
1.35783e-10
1.35147e-10
1.34515e-10
1.33886e-10
1.33259e-10
1.32636e-10
1.32015e-10
1.31398e-10
1.30783e-10
1.30171e-10
1.29562e-10
1.28956e-10
1.28352e-10
1.27752e-10
1.27154e-10
1.26559e-10
1.25967e-10
1.25377e-10
1.24791e-10
1.24207e-10
1.23625e-10
1.23047e-10
1.22471e-10
1.21898e-10
1.21328e-10
1.2076e-10
1.20195e-10
1.19633e-10
1.19073e-10
1.18516e-10
1.17961e-10
1.17409e-10
1.1686e-10
1.16313e-10
1.15768e-10
1.15227e-10
1.14688e-10
1.14151e-10
1.13617e-10
1.13085e-10
1.12556e-10
1.12029e-10
1.11505e-10
1.10983e-10
1.10464e-10
1.09947e-10
1.09432e-10
1.0892e-10
1.0841e-10
1.07903e-10
1.07398e-10
1.06895e-10
1.06395e-10
1.05897e-10
1.05402e-10
1.04908e-10
1.04417e-10
1.03929e-10
1.03442e-10
1.02958e-10
1.02476e-10
1.01997e-10
1.01519e-10
1.01044e-10
1.00571e-10
1.00101e-10
9.96323e-11
9.9166e-11
9.87019e-11
9.82399e-11
9.77801e-11
9.73225e-11
9.6867e-11
9.64136e-11
9.59624e-11
9.55132e-11
9.50662e-11
9.46213e-11
9.41784e-11
9.37376e-11
9.32989e-11
9.28622e-11
9.24275e-11
9.19949e-11
9.15643e-11
9.11358e-11
9.07092e-11
9.02846e-11
8.9862e-11
8.94414e-11
8.90228e-11
8.86061e-11
8.81913e-11
8.77785e-11
8.73677e-11
8.69587e-11
8.65517e-11
8.61466e-11
8.57433e-11
8.5342e-11
8.49425e-11
8.45449e-11
8.41491e-11
8.37552e-11
8.33632e-11
8.2973e-11
8.25846e-11
8.2198e-11
8.18132e-11
8.14302e-11
8.1049e-11
8.06696e-11
8.0292e-11
7.99162e-11
7.95421e-11
7.91697e-11
7.87991e-11
7.84302e-11
7.80631e-11
7.76976e-11
7.73339e-11
7.69719e-11
7.66115e-11
7.62529e-11
7.58959e-11
7.55406e-11
7.5187e-11
7.4835e-11
7.44847e-11
7.4136e-11
7.37889e-11
7.34434e-11
7.30996e-11
7.27574e-11
7.24168e-11
7.20777e-11
7.17403e-11
7.14044e-11
7.10701e-11
7.07374e-11
7.04062e-11
7.00766e-11
6.97485e-11
6.9422e-11
6.9097e-11
6.87735e-11
6.84515e-11
6.8131e-11
6.7812e-11
6.74945e-11
6.71785e-11
6.6864e-11
6.65509e-11
6.62393e-11
6.59292e-11
6.56205e-11
6.53133e-11
6.50075e-11
6.47031e-11
6.44001e-11
6.40986e-11
6.37985e-11
6.34998e-11
6.32025e-11
6.29065e-11
6.2612e-11
6.23188e-11
6.2027e-11
6.17366e-11
6.14475e-11
6.11598e-11
6.08734e-11
6.05884e-11
6.03047e-11
6.00223e-11
5.97413e-11
5.94615e-11
5.91831e-11
5.8906e-11
5.86301e-11
5.83556e-11
5.80823e-11
5.78104e-11
5.75396e-11
5.72702e-11
5.7002e-11
5.67351e-11
5.64694e-11
5.6205e-11
5.59418e-11
5.56798e-11
5.54191e-11
5.51596e-11
5.49013e-11
5.46442e-11
5.43883e-11
5.41336e-11
5.38801e-11
5.36278e-11
5.33766e-11
5.31267e-11
5.28779e-11
5.26302e-11
5.23838e-11
5.21385e-11
5.18943e-11
5.16513e-11
5.14094e-11
5.11686e-11
5.0929e-11
5.06905e-11
5.04531e-11
5.02168e-11
4.99816e-11
4.97475e-11
4.95145e-11
4.92827e-11
4.90518e-11
4.88221e-11
4.85935e-11
4.83659e-11
4.81394e-11
4.79139e-11
4.76895e-11
4.74661e-11
4.72438e-11
4.70226e-11
4.68023e-11
4.65831e-11
4.63649e-11
4.61478e-11
4.59317e-11
4.57165e-11
4.55024e-11
4.52893e-11
4.50772e-11
4.4866e-11
4.46559e-11
4.44467e-11
4.42385e-11
4.40313e-11
4.38251e-11
4.36198e-11
4.34155e-11
4.32122e-11
4.30098e-11
4.28083e-11
4.26078e-11
4.24082e-11
4.22096e-11
4.20119e-11
4.18151e-11
4.16192e-11
4.14243e-11
4.12302e-11
4.10371e-11
4.08449e-11
4.06535e-11
4.04631e-11
4.02736e-11
4.00849e-11
3.98972e-11
3.97103e-11
3.95242e-11
3.93391e-11
3.91548e-11
3.89714e-11
3.87888e-11
3.86071e-11
3.84263e-11
3.82463e-11
3.80671e-11
3.78888e-11
3.77113e-11
3.75346e-11
3.73588e-11
3.71838e-11
3.70096e-11
3.68362e-11
3.66637e-11
3.64919e-11
3.6321e-11
3.61508e-11
3.59814e-11
3.58129e-11
3.56451e-11
3.54781e-11
3.53119e-11
3.51465e-11
3.49818e-11
3.48179e-11
3.46548e-11
3.44925e-11
3.43309e-11
3.417e-11
3.40099e-11
3.38506e-11
3.3692e-11
3.35342e-11
3.3377e-11
3.32207e-11
3.3065e-11
3.29101e-11
3.27559e-11
3.26025e-11
3.24497e-11
3.22977e-11
3.21464e-11
3.19957e-11
3.18458e-11
3.16966e-11
3.15481e-11
3.14003e-11
3.12532e-11
3.11067e-11
3.0961e-11
3.08159e-11
3.06715e-11
3.05278e-11
3.03848e-11
3.02424e-11
3.01007e-11
2.99597e-11
2.98193e-11
2.96796e-11
2.95405e-11
2.94021e-11
2.92643e-11
2.91272e-11
2.89907e-11
2.88549e-11
2.87197e-11
2.85851e-11
2.84512e-11
2.83179e-11
2.81852e-11
2.80531e-11
2.79216e-11
2.77908e-11
2.76606e-11
2.7531e-11
2.7402e-11
2.72735e-11
2.71457e-11
2.70185e-11
2.68919e-11
2.67659e-11
2.66405e-11
2.65156e-11
2.63914e-11
2.62677e-11
2.61446e-11
2.60221e-11
2.59002e-11
2.57788e-11
2.5658e-11
2.55377e-11
2.54181e-11
2.52989e-11
2.51804e-11
2.50624e-11
2.49449e-11
2.4828e-11
2.47117e-11
2.45959e-11
2.44806e-11
2.43659e-11
2.42517e-11
2.4138e-11
2.40249e-11
2.39123e-11
2.38002e-11
2.36887e-11
2.35777e-11
2.34672e-11
2.33572e-11
2.32477e-11
2.31388e-11
2.30303e-11
2.29224e-11
2.2815e-11
2.2708e-11
2.26016e-11
2.24957e-11
2.23903e-11
2.22853e-11
2.21809e-11
2.20769e-11
2.19734e-11
2.18704e-11
2.17679e-11
2.16659e-11
2.15644e-11
2.14633e-11
2.13627e-11
2.12626e-11
2.11629e-11
2.10637e-11
2.0965e-11
2.08667e-11
2.07689e-11
2.06716e-11
2.05747e-11
2.04782e-11
2.03823e-11
2.02867e-11
2.01916e-11
2.0097e-11
2.00028e-11
1.9909e-11
1.98157e-11
1.97228e-11
1.96304e-11
1.95384e-11
1.94468e-11
1.93556e-11
1.92649e-11
1.91746e-11
1.90847e-11
1.89952e-11
1.89062e-11
1.88176e-11
1.87294e-11
1.86416e-11
1.85542e-11
1.84672e-11
1.83806e-11
1.82945e-11
1.82087e-11
1.81234e-11
1.80384e-11
1.79538e-11
1.78697e-11
1.77859e-11
1.77025e-11
1.76195e-11
1.75369e-11
1.74547e-11
1.73729e-11
1.72915e-11
1.72104e-11
1.71297e-11
1.70494e-11
1.69695e-11
1.68899e-11
1.68107e-11
1.67319e-11
1.66535e-11
1.65754e-11
1.64977e-11
1.64204e-11
1.63434e-11
1.62668e-11
1.61905e-11
1.61146e-11
1.6039e-11
1.59639e-11
1.5889e-11
1.58145e-11
1.57404e-11
1.56666e-11
1.55931e-11
1.552e-11
1.54473e-11
1.53748e-11
1.53027e-11
1.5231e-11
1.51596e-11
1.50885e-11
1.50178e-11
1.49474e-11
1.48773e-11
1.48075e-11
1.47381e-11
1.4669e-11
1.46002e-11
1.45318e-11
1.44636e-11
1.43958e-11
1.43283e-11
1.42611e-11
1.41943e-11
1.41277e-11
1.40615e-11
1.39955e-11
1.39299e-11
1.38646e-11
1.37996e-11
1.37349e-11
1.36705e-11
1.36064e-11
1.35426e-11
1.34791e-11
1.34159e-11
1.3353e-11
1.32903e-11
1.3228e-11
1.3166e-11
1.31043e-11
1.30428e-11
1.29816e-11
1.29208e-11
1.28602e-11
1.27999e-11
1.27399e-11
1.26801e-11
1.26207e-11
1.25615e-11
1.25026e-11
1.24439e-11
1.23856e-11
1.23275e-11
1.22697e-11
1.22122e-11
1.21549e-11
1.20979e-11
1.20412e-11
1.19847e-11
1.19285e-11
1.18725e-11
1.18169e-11
1.17615e-11
1.17063e-11
1.16514e-11
1.15968e-11
1.15424e-11
1.14882e-11
1.14344e-11
1.13807e-11
1.13274e-11
1.12742e-11
1.12214e-11
1.11687e-11
1.11164e-11
1.10642e-11
1.10123e-11
1.09607e-11
1.09093e-11
1.08581e-11
1.08072e-11
1.07565e-11
1.07061e-11
1.06559e-11
1.06059e-11
1.05561e-11
1.05066e-11
1.04573e-11
1.04083e-11
1.03595e-11
1.03109e-11
1.02625e-11
1.02144e-11
1.01665e-11
1.01188e-11
1.00713e-11
1.00241e-11
9.9771e-12
9.9303e-12
9.88372e-12
9.83736e-12
9.79122e-12
9.7453e-12
9.69959e-12
9.65409e-12
9.60881e-12
9.56374e-12
9.51888e-12
9.47423e-12
9.42979e-12
9.38556e-12
9.34154e-12
9.29772e-12
9.25411e-12
9.2107e-12
9.1675e-12
9.12449e-12
9.08169e-12
9.03909e-12
8.99669e-12
8.95449e-12
8.91249e-12
8.87068e-12
8.82907e-12
8.78766e-12
8.74643e-12
8.70541e-12
8.66457e-12
8.62392e-12
8.58347e-12
8.5432e-12
8.50313e-12
8.46324e-12
8.42354e-12
8.38402e-12
8.34469e-12
8.30555e-12
8.26659e-12
8.22781e-12
8.18921e-12
8.15079e-12
8.11255e-12
8.0745e-12
8.03662e-12
7.99891e-12
7.96139e-12
7.92404e-12
7.88687e-12
7.84987e-12
7.81304e-12
7.77639e-12
7.7399e-12
7.70359e-12
7.66745e-12
7.63148e-12
7.59568e-12
7.56004e-12
7.52457e-12
7.48927e-12
7.45414e-12
7.41916e-12
7.38436e-12
7.34971e-12
7.31523e-12
7.28091e-12
7.24675e-12
7.21275e-12
7.17891e-12
7.14523e-12
7.1117e-12
7.07834e-12
7.04513e-12
7.01207e-12
6.97917e-12
6.94643e-12
6.91384e-12
6.8814e-12
6.84911e-12
6.81698e-12
6.78499e-12
6.75316e-12
6.72147e-12
6.68993e-12
6.65854e-12
6.6273e-12
6.59621e-12
6.56526e-12
6.53445e-12
6.50379e-12
6.47327e-12
6.4429e-12
6.41267e-12
6.38258e-12
6.35263e-12
6.32282e-12
6.29315e-12
6.26362e-12
6.23423e-12
6.20498e-12
6.17586e-12
6.14689e-12
6.11804e-12
6.08933e-12
6.06076e-12
6.03232e-12
6.00401e-12
5.97584e-12
5.9478e-12
5.91989e-12
5.89211e-12
5.86446e-12
5.83694e-12
5.80955e-12
5.78229e-12
5.75515e-12
5.72815e-12
5.70127e-12
5.67451e-12
5.64788e-12
5.62138e-12
5.595e-12
5.56874e-12
5.54261e-12
5.5166e-12
5.49071e-12
5.46494e-12
5.4393e-12
5.41377e-12
5.38836e-12
5.36308e-12
5.33791e-12
5.31286e-12
5.28792e-12
5.26311e-12
5.23841e-12
5.21382e-12
5.18936e-12
5.165e-12
5.14076e-12
5.11663e-12
5.09262e-12
5.06872e-12
5.04493e-12
5.02126e-12
4.99769e-12
4.97423e-12
4.95089e-12
4.92765e-12
4.90453e-12
4.88151e-12
4.8586e-12
4.83579e-12
4.8131e-12
4.79051e-12
4.76802e-12
4.74564e-12
4.72337e-12
4.7012e-12
4.67914e-12
4.65717e-12
4.63532e-12
4.61356e-12
4.59191e-12
4.57035e-12
4.5489e-12
4.52755e-12
4.5063e-12
4.48515e-12
4.4641e-12
4.44314e-12
4.42229e-12
4.40153e-12
4.38087e-12
4.36031e-12
4.33984e-12
4.31947e-12
4.2992e-12
4.27902e-12
4.25893e-12
4.23894e-12
4.21904e-12
4.19924e-12
4.17953e-12
4.15991e-12
4.14038e-12
4.12095e-12
4.1016e-12
4.08235e-12
4.06319e-12
4.04411e-12
4.02513e-12
4.00624e-12
3.98743e-12
3.96871e-12
3.95008e-12
3.93154e-12
3.91308e-12
3.89471e-12
3.87643e-12
3.85823e-12
3.84012e-12
3.8221e-12
3.80415e-12
3.78629e-12
3.76852e-12
3.75083e-12
3.73322e-12
3.7157e-12
3.69825e-12
3.68089e-12
3.66361e-12
3.64641e-12
3.62929e-12
3.61226e-12
3.5953e-12
3.57842e-12
3.56162e-12
3.5449e-12
3.52826e-12
3.51169e-12
3.49521e-12
3.4788e-12
3.46246e-12
3.44621e-12
3.43003e-12
3.41393e-12
3.3979e-12
3.38195e-12
3.36607e-12
3.35026e-12
3.33454e-12
3.31888e-12
3.3033e-12
3.28779e-12
3.27235e-12
3.25699e-12
3.2417e-12
3.22648e-12
3.21133e-12
3.19625e-12
3.18124e-12
3.16631e-12
3.15144e-12
3.13665e-12
3.12192e-12
3.10726e-12
3.09267e-12
3.07815e-12
3.0637e-12
3.04931e-12
3.035e-12
3.02074e-12
3.00656e-12
2.99244e-12
2.97839e-12
2.96441e-12
2.95049e-12
2.93664e-12
2.92285e-12
2.90912e-12
2.89546e-12
2.88187e-12
2.86834e-12
2.85487e-12
2.84146e-12
2.82812e-12
2.81484e-12
2.80162e-12
2.78847e-12
2.77537e-12
2.76234e-12
2.74937e-12
2.73646e-12
2.72361e-12
2.71082e-12
2.69809e-12
2.68542e-12
2.67281e-12
2.66026e-12
2.64777e-12
2.63533e-12
2.62296e-12
2.61064e-12
2.59838e-12
2.58618e-12
2.57404e-12
2.56195e-12
2.54992e-12
2.53794e-12
2.52602e-12
2.51416e-12
2.50235e-12
2.4906e-12
2.47891e-12
2.46727e-12
2.45568e-12
2.44415e-12
2.43267e-12
2.42124e-12
2.40987e-12
2.39856e-12
2.38729e-12
2.37608e-12
2.36492e-12
2.35381e-12
2.34276e-12
2.33176e-12
2.32081e-12
2.30991e-12
2.29906e-12
2.28826e-12
2.27751e-12
2.26682e-12
2.25617e-12
2.24558e-12
2.23503e-12
2.22453e-12
2.21408e-12
2.20369e-12
2.19334e-12
2.18303e-12
2.17278e-12
2.16258e-12
2.15242e-12
2.14231e-12
2.13225e-12
2.12223e-12
2.11227e-12
2.10234e-12
2.09247e-12
2.08264e-12
2.07286e-12
2.06312e-12
2.05343e-12
2.04379e-12
2.03419e-12
2.02464e-12
2.01513e-12
2.00566e-12
1.99624e-12
1.98686e-12
1.97753e-12
1.96824e-12
1.959e-12
1.9498e-12
1.94064e-12
1.93152e-12
1.92245e-12
1.91342e-12
1.90443e-12
1.89549e-12
1.88658e-12
1.87772e-12
1.8689e-12
1.86012e-12
1.85138e-12
1.84269e-12
1.83403e-12
1.82542e-12
1.81684e-12
1.80831e-12
1.79981e-12
1.79136e-12
1.78294e-12
1.77457e-12
1.76623e-12
1.75793e-12
1.74968e-12
1.74146e-12
1.73328e-12
1.72513e-12
1.71703e-12
1.70896e-12
1.70094e-12
1.69295e-12
1.68499e-12
1.67708e-12
1.6692e-12
1.66136e-12
1.65355e-12
1.64578e-12
1.63805e-12
1.63036e-12
1.6227e-12
1.61507e-12
1.60749e-12
1.59994e-12
1.59242e-12
1.58494e-12
1.57749e-12
1.57008e-12
1.5627e-12
1.55536e-12
1.54806e-12
1.54078e-12
1.53354e-12
1.52634e-12
1.51917e-12
1.51203e-12
1.50493e-12
1.49786e-12
1.49082e-12
1.48382e-12
1.47684e-12
1.46991e-12
1.463e-12
1.45613e-12
1.44928e-12
1.44248e-12
1.4357e-12
1.42895e-12
1.42224e-12
1.41556e-12
1.40891e-12
1.40229e-12
1.3957e-12
1.38914e-12
1.38261e-12
1.37612e-12
1.36965e-12
1.36322e-12
1.35681e-12
1.35043e-12
1.34409e-12
1.33777e-12
1.33149e-12
1.32523e-12
1.31901e-12
1.31281e-12
1.30664e-12
1.3005e-12
1.29439e-12
1.28831e-12
1.28225e-12
1.27623e-12
1.27023e-12
1.26426e-12
1.25832e-12
1.25241e-12
1.24652e-12
1.24067e-12
1.23484e-12
1.22903e-12
1.22326e-12
1.21751e-12
1.21179e-12
1.2061e-12
1.20043e-12
1.19479e-12
1.18917e-12
1.18358e-12
1.17802e-12
1.17249e-12
1.16698e-12
1.16149e-12
1.15604e-12
1.1506e-12
1.1452e-12
1.13981e-12
1.13446e-12
1.12913e-12
1.12382e-12
1.11854e-12
1.11328e-12
1.10805e-12
1.10284e-12
1.09766e-12
1.0925e-12
1.08737e-12
1.08226e-12
1.07717e-12
1.07211e-12
1.06707e-12
1.06206e-12
1.05707e-12
1.0521e-12
1.04715e-12
1.04223e-12
1.03733e-12
1.03246e-12
1.02761e-12
1.02278e-12
1.01797e-12
1.01319e-12
1.00842e-12
1.00368e-12
9.98968e-13
9.94273e-13
9.896e-13
9.84949e-13
9.8032e-13
9.75712e-13
9.71126e-13
9.66562e-13
9.62019e-13
9.57498e-13
9.52998e-13
9.48518e-13
9.4406e-13
9.39623e-13
9.35207e-13
9.30811e-13
9.26436e-13
9.22082e-13
9.17748e-13
9.13434e-13
9.09141e-13
9.04868e-13
9.00615e-13
8.96382e-13
8.92169e-13
8.87975e-13
8.83801e-13
8.79647e-13
8.75513e-13
8.71397e-13
8.67301e-13
8.63225e-13
8.59167e-13
8.55129e-13
8.51109e-13
8.47109e-13
8.43127e-13
8.39164e-13
8.35219e-13
8.31293e-13
8.27386e-13
8.23496e-13
8.19625e-13
8.15773e-13
8.11938e-13
8.08121e-13
8.04323e-13
8.00542e-13
7.96779e-13
7.93033e-13
7.89305e-13
7.85595e-13
7.81902e-13
7.78226e-13
7.74568e-13
7.70927e-13
7.67303e-13
7.63696e-13
7.60106e-13
7.56533e-13
7.52976e-13
7.49437e-13
7.45913e-13
7.42407e-13
7.38917e-13
7.35443e-13
7.31986e-13
7.28545e-13
7.2512e-13
7.21711e-13
7.18318e-13
7.14941e-13
7.1158e-13
7.08235e-13
7.04905e-13
7.01591e-13
6.98293e-13
6.9501e-13
6.91743e-13
6.8849e-13
6.85254e-13
6.82032e-13
6.78826e-13
6.75634e-13
6.72458e-13
6.69296e-13
6.6615e-13
6.63018e-13
6.59901e-13
6.56798e-13
6.5371e-13
6.50637e-13
6.47578e-13
6.44533e-13
6.41503e-13
6.38487e-13
6.35485e-13
6.32497e-13
6.29523e-13
6.26563e-13
6.23617e-13
6.20685e-13
6.17767e-13
6.14862e-13
6.11971e-13
6.09094e-13
6.0623e-13
6.0338e-13
6.00543e-13
5.97719e-13
5.94909e-13
5.92112e-13
5.89328e-13
5.86557e-13
5.83799e-13
5.81054e-13
5.78321e-13
5.75602e-13
5.72896e-13
5.70202e-13
5.67521e-13
5.64852e-13
5.62196e-13
5.59553e-13
5.56922e-13
5.54303e-13
5.51696e-13
5.49102e-13
5.4652e-13
5.4395e-13
5.41393e-13
5.38847e-13
5.36313e-13
5.33791e-13
5.31281e-13
5.28783e-13
5.26296e-13
5.23821e-13
5.21358e-13
5.18907e-13
5.16466e-13
5.14038e-13
5.11621e-13
5.09215e-13
5.0682e-13
5.04437e-13
5.02065e-13
4.99704e-13
4.97354e-13
4.95015e-13
4.92687e-13
4.9037e-13
4.88064e-13
4.85769e-13
4.83484e-13
4.81211e-13
4.78948e-13
4.76695e-13
4.74454e-13
4.72222e-13
4.70001e-13
4.67791e-13
4.65591e-13
4.63402e-13
4.61222e-13
4.59053e-13
4.56894e-13
4.54746e-13
4.52607e-13
4.50478e-13
4.4836e-13
4.46251e-13
4.44152e-13
4.42063e-13
4.39984e-13
4.37915e-13
4.35856e-13
4.33806e-13
4.31765e-13
4.29735e-13
4.27714e-13
4.25702e-13
4.237e-13
4.21707e-13
4.19724e-13
4.1775e-13
4.15785e-13
4.13829e-13
4.11883e-13
4.09946e-13
4.08018e-13
4.06098e-13
4.04188e-13
4.02287e-13
4.00395e-13
3.98512e-13
3.96638e-13
3.94772e-13
3.92915e-13
3.91067e-13
3.89228e-13
3.87397e-13
3.85575e-13
3.83761e-13
3.81956e-13
3.8016e-13
3.78371e-13
3.76592e-13
3.7482e-13
3.73057e-13
3.71303e-13
3.69556e-13
3.67818e-13
3.66088e-13
3.64366e-13
3.62652e-13
3.60946e-13
3.59248e-13
3.57558e-13
3.55876e-13
3.54202e-13
3.52536e-13
3.50878e-13
3.49227e-13
3.47584e-13
3.45949e-13
3.44322e-13
3.42702e-13
3.4109e-13
3.39486e-13
3.37889e-13
3.36299e-13
3.34717e-13
3.33143e-13
3.31576e-13
3.30016e-13
3.28463e-13
3.26918e-13
3.2538e-13
3.2385e-13
3.22326e-13
3.2081e-13
3.19301e-13
3.17799e-13
3.16303e-13
3.14815e-13
3.13334e-13
3.1186e-13
3.10393e-13
3.08933e-13
3.0748e-13
3.06033e-13
3.04593e-13
3.0316e-13
3.01734e-13
3.00315e-13
2.98902e-13
2.97496e-13
2.96096e-13
2.94703e-13
2.93317e-13
2.91937e-13
2.90563e-13
2.89196e-13
2.87836e-13
2.86481e-13
2.85134e-13
2.83792e-13
2.82457e-13
2.81128e-13
2.79805e-13
2.78489e-13
2.77179e-13
2.75875e-13
2.74577e-13
2.73285e-13
2.71999e-13
2.70719e-13
2.69445e-13
2.68178e-13
2.66916e-13
2.6566e-13
2.6441e-13
2.63166e-13
2.61928e-13
2.60695e-13
2.59469e-13
2.58248e-13
2.57033e-13
2.55824e-13
2.5462e-13
2.53422e-13
2.52229e-13
2.51043e-13
2.49861e-13
2.48686e-13
2.47516e-13
2.46351e-13
2.45192e-13
2.44038e-13
2.4289e-13
2.41747e-13
2.40609e-13
2.39477e-13
2.3835e-13
2.37229e-13
2.36113e-13
2.35001e-13
2.33896e-13
2.32795e-13
2.317e-13
2.30609e-13
2.29524e-13
2.28444e-13
2.27369e-13
2.26299e-13
2.25234e-13
2.24175e-13
2.2312e-13
2.2207e-13
2.21025e-13
2.19985e-13
2.18949e-13
2.17919e-13
2.16894e-13
2.15873e-13
2.14857e-13
2.13846e-13
2.1284e-13
2.11838e-13
2.10841e-13
2.09849e-13
2.08861e-13
2.07878e-13
2.069e-13
2.05927e-13
2.04957e-13
2.03993e-13
2.03033e-13
2.02077e-13
2.01126e-13
2.0018e-13
1.99238e-13
1.983e-13
1.97367e-13
1.96438e-13
1.95514e-13
1.94593e-13
1.93678e-13
1.92766e-13
1.91859e-13
1.90956e-13
1.90057e-13
1.89163e-13
1.88273e-13
1.87387e-13
1.86505e-13
1.85627e-13
1.84753e-13
1.83884e-13
1.83018e-13
1.82157e-13
1.813e-13
1.80446e-13
1.79597e-13
1.78752e-13
1.7791e-13
1.77073e-13
1.7624e-13
1.7541e-13
1.74585e-13
1.73763e-13
1.72945e-13
1.72131e-13
1.71321e-13
1.70514e-13
1.69712e-13
1.68913e-13
1.68118e-13
1.67327e-13
1.66539e-13
1.65755e-13
1.64975e-13
1.64199e-13
1.63426e-13
1.62657e-13
1.61891e-13
1.61129e-13
1.6037e-13
1.59616e-13
1.58864e-13
1.58117e-13
1.57372e-13
1.56632e-13
1.55894e-13
1.5516e-13
1.5443e-13
1.53703e-13
1.5298e-13
1.5226e-13
1.51543e-13
1.50829e-13
1.5012e-13
1.49413e-13
1.4871e-13
1.4801e-13
1.47313e-13
1.46619e-13
1.45929e-13
1.45242e-13
1.44559e-13
1.43878e-13
1.43201e-13
1.42527e-13
1.41856e-13
1.41188e-13
1.40523e-13
1.39862e-13
1.39203e-13
1.38548e-13
1.37896e-13
1.37247e-13
1.36601e-13
1.35958e-13
1.35318e-13
1.34681e-13
1.34046e-13
1.33415e-13
1.32787e-13
1.32162e-13
1.3154e-13
1.30921e-13
1.30304e-13
1.29691e-13
1.2908e-13
1.28473e-13
1.27868e-13
1.27266e-13
1.26667e-13
1.2607e-13
1.25477e-13
1.24886e-13
1.24298e-13
1.23713e-13
1.23131e-13
1.22551e-13
1.21974e-13
1.214e-13
1.20828e-13
1.20259e-13
1.19693e-13
1.1913e-13
1.18569e-13
1.1801e-13
1.17455e-13
1.16902e-13
1.16351e-13
1.15804e-13
1.15258e-13
1.14716e-13
1.14176e-13
1.13638e-13
1.13103e-13
1.12571e-13
1.12041e-13
1.11513e-13
1.10988e-13
1.10465e-13
1.09945e-13
1.09428e-13
1.08912e-13
1.084e-13
1.07889e-13
1.07381e-13
1.06876e-13
1.06372e-13
1.05871e-13
1.05373e-13
1.04877e-13
1.04383e-13
1.03892e-13
1.03402e-13
1.02915e-13
1.02431e-13
1.01949e-13
1.01468e-13
1.00991e-13
1.00515e-13
1.00042e-13
9.95708e-14
9.91019e-14
9.86353e-14
9.81708e-14
9.77086e-14
9.72485e-14
9.67905e-14
9.63348e-14
9.58811e-14
9.54296e-14
9.49803e-14
9.4533e-14
9.40878e-14
9.36448e-14
9.32038e-14
9.27649e-14
9.23281e-14
9.18933e-14
9.14606e-14
9.10299e-14
9.06012e-14
9.01745e-14
8.97499e-14
8.93273e-14
8.89066e-14
8.84879e-14
8.80712e-14
8.76565e-14
8.72437e-14
8.68328e-14
8.64239e-14
8.60169e-14
8.56118e-14
8.52086e-14
8.48074e-14
8.4408e-14
8.40105e-14
8.36148e-14
8.3221e-14
8.28291e-14
8.2439e-14
