Vec Object: Vec_0x55adbf8b99c0_0 1 MPI process
  type: seq
1.
0.999879
0.999758
0.999637
0.999515
0.999394
0.999273
0.999152
0.999031
0.998909
0.998788
0.998667
0.998546
0.998425
0.998303
0.998182
0.998061
0.997939
0.997818
0.997697
0.997576
0.997454
0.997333
0.997212
0.99709
0.996969
0.996847
0.996726
0.996605
0.996483
0.996362
0.99624
0.996119
0.995997
0.995876
0.995754
0.995633
0.995511
0.99539
0.995268
0.995147
0.995025
0.994904
0.994782
0.994661
0.994539
0.994418
0.994296
0.994174
0.994053
0.993931
0.993809
0.993688
0.993566
0.993444
0.993323
0.993201
0.993079
0.992958
0.992836
0.992714
0.992592
0.992471
0.992349
0.992227
0.992105
0.991983
0.991862
0.99174
0.991618
0.991496
0.991374
0.991252
0.99113
0.991009
0.990887
0.990765
0.990643
0.990521
0.990399
0.990277
0.990155
0.990033
0.989911
0.989789
0.989667
0.989545
0.989423
0.989301
0.989179
0.989057
0.988935
0.988813
0.988691
0.988568
0.988446
0.988324
0.988202
0.98808
0.987958
0.987836
0.987713
0.987591
0.987469
0.987347
0.987225
0.987102
0.98698
0.986858
0.986735
0.986613
0.986491
0.986369
0.986246
0.986124
0.986002
0.985879
0.985757
0.985634
0.985512
0.98539
0.985267
0.985145
0.985022
0.9849
0.984777
0.984655
0.984533
0.98441
0.984288
0.984165
0.984042
0.98392
0.983797
0.983675
0.983552
0.98343
0.983307
0.983184
0.983062
0.982939
0.982817
0.982694
0.982571
0.982449
0.982326
0.982203
0.98208
0.981958
0.981835
0.981712
0.981589
0.981467
0.981344
0.981221
0.981098
0.980976
0.980853
0.98073
0.980607
0.980484
0.980361
0.980238
0.980115
0.979993
0.97987
0.979747
0.979624
0.979501
0.979378
0.979255
0.979132
0.979009
0.978886
0.978763
0.97864
0.978517
0.978394
0.978271
0.978147
0.978024
0.977901
0.977778
0.977655
0.977532
0.977409
0.977285
0.977162
0.977039
0.976916
0.976793
0.976669
0.976546
0.976423
0.9763
0.976176
0.976053
0.97593
0.975806
0.975683
0.97556
0.975436
0.975313
0.97519
0.975066
0.974943
0.974819
0.974696
0.974573
0.974449
0.974326
0.974202
0.974079
0.973955
0.973832
0.973708
0.973585
0.973461
0.973337
0.973214
0.97309
0.972967
0.972843
0.972719
0.972596
0.972472
0.972348
0.972225
0.972101
0.971977
0.971854
0.97173
0.971606
0.971482
0.971359
0.971235
0.971111
0.970987
0.970863
0.97074
0.970616
0.970492
0.970368
0.970244
0.97012
0.969996
0.969872
0.969749
0.969625
0.969501
0.969377
0.969253
0.969129
0.969005
0.968881
0.968757
0.968633
0.968508
0.968384
0.96826
0.968136
0.968012
0.967888
0.967764
0.96764
0.967516
0.967391
0.967267
0.967143
0.967019
0.966895
0.96677
0.966646
0.966522
0.966397
0.966273
0.966149
0.966025
0.9659
0.965776
0.965651
0.965527
0.965403
0.965278
0.965154
0.965029
0.964905
0.964781
0.964656
0.964532
0.964407
0.964283
0.964158
0.964034
0.963909
0.963784
0.96366
0.963535
0.963411
0.963286
0.963161
0.963037
0.962912
0.962787
0.962663
0.962538
0.962413
0.962289
0.962164
0.962039
0.961914
0.96179
0.961665
0.96154
0.961415
0.96129
0.961165
0.961041
0.960916
0.960791
0.960666
0.960541
0.960416
0.960291
0.960166
0.960041
0.959916
0.959791
0.959666
0.959541
0.959416
0.959291
0.959166
0.959041
0.958916
0.958791
0.958666
0.95854
0.958415
0.95829
0.958165
0.95804
0.957915
0.957789
0.957664
0.957539
0.957414
0.957288
0.957163
0.957038
0.956912
0.956787
0.956662
0.956536
0.956411
0.956286
0.95616
0.956035
0.955909
0.955784
0.955658
0.955533
0.955407
0.955282
0.955156
0.955031
0.954905
0.95478
0.954654
0.954529
0.954403
0.954277
0.954152
0.954026
0.9539
0.953775
0.953649
0.953523
0.953398
0.953272
0.953146
0.95302
0.952894
0.952769
0.952643
0.952517
0.952391
0.952265
0.952139
0.952014
0.951888
0.951762
0.951636
0.95151
0.951384
0.951258
0.951132
0.951006
0.95088
0.950754
0.950628
0.950502
0.950376
0.95025
0.950123
0.949997
0.949871
0.949745
0.949619
0.949493
0.949366
0.94924
0.949114
0.948988
0.948862
0.948735
0.948609
0.948483
0.948356
0.94823
0.948104
0.947977
0.947851
0.947724
0.947598
0.947472
0.947345
0.947219
0.947092
0.946966
0.946839
0.946713
0.946586
0.94646
0.946333
0.946206
0.94608
0.945953
0.945827
0.9457
0.945573
0.945447
0.94532
0.945193
0.945067
0.94494
0.944813
0.944686
0.944559
0.944433
0.944306
0.944179
0.944052
0.943925
0.943798
0.943672
0.943545
0.943418
0.943291
0.943164
0.943037
0.94291
0.942783
0.942656
0.942529
0.942402
0.942275
0.942148
0.94202
0.941893
0.941766
0.941639
0.941512
0.941385
0.941257
0.94113
0.941003
0.940876
0.940749
0.940621
0.940494
0.940367
0.940239
0.940112
0.939985
0.939857
0.93973
0.939602
0.939475
0.939348
0.93922
0.939093
0.938965
0.938838
0.93871
0.938582
0.938455
0.938327
0.9382
0.938072
0.937945
0.937817
0.937689
0.937562
0.937434
0.937306
0.937178
0.937051
0.936923
0.936795
0.936667
0.93654
0.936412
0.936284
0.936156
0.936028
0.9359
0.935772
0.935644
0.935516
0.935388
0.935261
0.935133
0.935005
0.934876
0.934748
0.93462
0.934492
0.934364
0.934236
0.934108
0.93398
0.933852
0.933723
0.933595
0.933467
0.933339
0.933211
0.933082
0.932954
0.932826
0.932697
0.932569
0.932441
0.932312
0.932184
0.932055
0.931927
0.931799
0.93167
0.931542
0.931413
0.931285
0.931156
0.931028
0.930899
0.93077
0.930642
0.930513
0.930385
0.930256
0.930127
0.929999
0.92987
0.929741
0.929612
0.929484
0.929355
0.929226
0.929097
0.928968
0.92884
0.928711
0.928582
0.928453
0.928324
0.928195
0.928066
0.927937
0.927808
0.927679
0.92755
0.927421
0.927292
0.927163
0.927034
0.926905
0.926775
0.926646
0.926517
0.926388
0.926259
0.92613
0.926
0.925871
0.925742
0.925612
0.925483
0.925354
0.925224
0.925095
0.924966
0.924836
0.924707
0.924577
0.924448
0.924318
0.924189
0.924059
0.92393
0.9238
0.923671
0.923541
0.923411
0.923282
0.923152
0.923022
0.922893
0.922763
0.922633
0.922504
0.922374
0.922244
0.922114
0.921984
0.921854
0.921725
0.921595
0.921465
0.921335
0.921205
0.921075
0.920945
0.920815
0.920685
0.920555
0.920425
0.920295
0.920165
0.920035
0.919904
0.919774
0.919644
0.919514
0.919384
0.919253
0.919123
0.918993
0.918863
0.918732
0.918602
0.918472
0.918341
0.918211
0.918081
0.91795
0.91782
0.917689
0.917559
0.917428
0.917298
0.917167
0.917037
0.916906
0.916775
0.916645
0.916514
0.916383
0.916253
0.916122
0.915991
0.915861
0.91573
0.915599
0.915468
0.915337
0.915207
0.915076
0.914945
0.914814
0.914683
0.914552
0.914421
0.91429
0.914159
0.914028
0.913897
0.913766
0.913635
0.913504
0.913373
0.913241
0.91311
0.912979
0.912848
0.912717
0.912585
0.912454
0.912323
0.912191
0.91206
0.911929
0.911797
0.911666
0.911535
0.911403
0.911272
0.91114
0.911009
0.910877
0.910746
0.910614
0.910483
0.910351
0.910219
0.910088
0.909956
0.909824
0.909693
0.909561
0.909429
0.909297
0.909165
0.909034
0.908902
0.90877
0.908638
0.908506
0.908374
0.908242
0.90811
0.907978
0.907846
0.907714
0.907582
0.90745
0.907318
0.907186
0.907054
0.906922
0.906789
0.906657
0.906525
0.906393
0.906261
0.906128
0.905996
0.905864
0.905731
0.905599
0.905466
0.905334
0.905202
0.905069
0.904937
0.904804
0.904672
0.904539
0.904406
0.904274
0.904141
0.904009
0.903876
0.903743
0.903611
0.903478
0.903345
0.903212
0.903079
0.902947
0.902814
0.902681
0.902548
0.902415
0.902282
0.902149
0.902016
0.901883
0.90175
0.901617
0.901484
0.901351
0.901218
0.901085
0.900952
0.900818
0.900685
0.900552
0.900419
0.900285
0.900152
0.900019
0.899886
0.899752
0.899619
0.899485
0.899352
0.899218
0.899085
0.898951
0.898818
0.898684
0.898551
0.898417
0.898284
0.89815
0.898016
0.897883
0.897749
0.897615
0.897481
0.897348
0.897214
0.89708
0.896946
0.896812
0.896678
0.896544
0.89641
0.896276
0.896142
0.896008
0.895874
0.89574
0.895606
0.895472
0.895338
0.895204
0.89507
0.894935
0.894801
0.894667
0.894533
0.894398
0.894264
0.89413
0.893995
0.893861
0.893726
0.893592
0.893457
0.893323
0.893188
0.893054
0.892919
0.892785
0.89265
0.892515
0.892381
0.892246
0.892111
0.891976
0.891842
0.891707
0.891572
0.891437
0.891302
0.891167
0.891032
0.890898
0.890763
0.890628
0.890493
0.890357
0.890222
0.890087
0.889952
0.889817
0.889682
0.889547
0.889411
0.889276
0.889141
0.889006
0.88887
0.888735
0.8886
0.888464
0.888329
0.888193
0.888058
0.887922
0.887787
0.887651
0.887516
0.88738
0.887244
0.887109
0.886973
0.886837
0.886701
0.886566
0.88643
0.886294
0.886158
0.886022
0.885887
0.885751
0.885615
0.885479
0.885343
0.885207
0.885071
0.884935
0.884798
0.884662
0.884526
0.88439
0.884254
0.884117
0.883981
0.883845
0.883709
0.883572
0.883436
0.883299
0.883163
0.883027
0.88289
0.882754
0.882617
0.882481
0.882344
0.882207
0.882071
0.881934
0.881797
0.881661
0.881524
0.881387
0.88125
0.881113
0.880977
0.88084
0.880703
0.880566
0.880429
0.880292
0.880155
0.880018
0.879881
0.879744
0.879607
0.879469
0.879332
0.879195
0.879058
0.87892
0.878783
0.878646
0.878508
0.878371
0.878234
0.878096
0.877959
0.877821
0.877684
0.877546
0.877409
0.877271
0.877133
0.876996
0.876858
0.87672
0.876583
0.876445
0.876307
0.876169
0.876031
0.875893
0.875755
0.875617
0.875479
0.875341
0.875203
0.875065
0.874927
0.874789
0.874651
0.874513
0.874375
0.874236
0.874098
0.87396
0.873822
0.873683
0.873545
0.873406
0.873268
0.873129
0.872991
0.872852
0.872714
0.872575
0.872437
0.872298
0.872159
0.872021
0.871882
0.871743
0.871604
0.871465
0.871327
0.871188
0.871049
0.87091
0.870771
0.870632
0.870493
0.870354
0.870215
0.870076
0.869936
0.869797
0.869658
0.869519
0.869379
0.86924
0.869101
0.868961
0.868822
0.868683
0.868543
0.868404
0.868264
0.868125
0.867985
0.867845
0.867706
0.867566
0.867426
0.867287
0.867147
0.867007
0.866867
0.866727
0.866587
0.866448
0.866308
0.866168
0.866028
0.865888
0.865747
0.865607
0.865467
0.865327
0.865187
0.865047
0.864906
0.864766
0.864626
0.864485
0.864345
0.864205
0.864064
0.863924
0.863783
0.863642
0.863502
0.863361
0.863221
0.86308
0.862939
0.862798
0.862658
0.862517
0.862376
0.862235
0.862094
0.861953
0.861812
0.861671
0.86153
0.861389
0.861248
0.861107
0.860966
0.860825
0.860683
0.860542
0.860401
0.860259
0.860118
0.859977
0.859835
0.859694
0.859552
0.859411
0.859269
0.859128
0.858986
0.858844
0.858702
0.858561
0.858419
0.858277
0.858135
0.857993
0.857852
0.85771
0.857568
0.857426
0.857284
0.857142
0.856999
0.856857
0.856715
0.856573
0.856431
0.856288
0.856146
0.856004
0.855861
0.855719
0.855576
0.855434
0.855291
0.855149
0.855006
0.854864
0.854721
0.854578
0.854436
0.854293
0.85415
0.854007
0.853864
0.853721
0.853578
0.853435
0.853292
0.853149
0.853006
0.852863
0.85272
0.852577
0.852434
0.85229
0.852147
0.852004
0.85186
0.851717
0.851574
0.85143
0.851287
0.851143
0.850999
0.850856
0.850712
0.850569
0.850425
0.850281
0.850137
0.849993
0.84985
0.849706
0.849562
0.849418
0.849274
0.84913
0.848986
0.848841
0.848697
0.848553
0.848409
0.848265
0.84812
0.847976
0.847832
0.847687
0.847543
0.847398
0.847254
0.847109
0.846964
0.84682
0.846675
0.84653
0.846386
0.846241
0.846096
0.845951
0.845806
0.845661
0.845516
0.845371
0.845226
0.845081
0.844936
0.844791
0.844646
0.8445
0.844355
0.84421
0.844064
0.843919
0.843773
0.843628
0.843482
0.843337
0.843191
0.843046
0.8429
0.842754
0.842609
0.842463
0.842317
0.842171
0.842025
0.841879
0.841733
0.841587
0.841441
0.841295
0.841149
0.841003
0.840856
0.84071
0.840564
0.840418
0.840271
0.840125
0.839978
0.839832
0.839685
0.839539
0.839392
0.839245
0.839099
0.838952
0.838805
0.838658
0.838512
0.838365
0.838218
0.838071
0.837924
0.837777
0.837629
0.837482
0.837335
0.837188
0.837041
0.836893
0.836746
0.836599
0.836451
0.836304
0.836156
0.836009
0.835861
0.835713
0.835566
0.835418
0.83527
0.835122
0.834975
0.834827
0.834679
0.834531
0.834383
0.834235
0.834087
0.833938
0.83379
0.833642
0.833494
0.833345
0.833197
0.833049
0.8329
0.832752
0.832603
0.832455
0.832306
0.832157
0.832009
0.83186
0.831711
0.831562
0.831414
0.831265
0.831116
0.830967
0.830818
0.830669
0.830519
0.83037
0.830221
0.830072
0.829922
0.829773
0.829624
0.829474
0.829325
0.829175
0.829026
0.828876
0.828727
0.828577
0.828427
0.828277
0.828127
0.827978
0.827828
0.827678
0.827528
0.827378
0.827228
0.827077
0.826927
0.826777
0.826627
0.826476
0.826326
0.826176
0.826025
0.825875
0.825724
0.825574
0.825423
0.825272
0.825121
0.824971
0.82482
0.824669
0.824518
0.824367
0.824216
0.824065
0.823914
0.823763
0.823612
0.82346
0.823309
0.823158
0.823006
0.822855
0.822704
0.822552
0.8224
0.822249
0.822097
0.821945
0.821794
0.821642
0.82149
0.821338
0.821186
0.821034
0.820882
0.82073
0.820578
0.820426
0.820274
0.820121
0.819969
0.819817
0.819664
0.819512
0.819359
0.819207
0.819054
0.818902
0.818749
0.818596
0.818443
0.81829
0.818138
0.817985
0.817832
0.817679
0.817525
0.817372
0.817219
0.817066
0.816913
0.816759
0.816606
0.816452
0.816299
0.816145
0.815992
0.815838
0.815685
0.815531
0.815377
0.815223
0.815069
0.814915
0.814761
0.814607
0.814453
0.814299
0.814145
0.813991
0.813837
0.813682
0.813528
0.813373
0.813219
0.813064
0.81291
0.812755
0.8126
0.812446
0.812291
0.812136
0.811981
0.811826
0.811671
0.811516
0.811361
0.811206
0.811051
0.810896
0.81074
0.810585
0.810429
0.810274
0.810119
0.809963
0.809807
0.809652
0.809496
0.80934
0.809184
0.809029
0.808873
0.808717
0.808561
0.808404
0.808248
0.808092
0.807936
0.80778
0.807623
0.807467
0.80731
0.807154
0.806997
0.806841
0.806684
0.806527
0.806371
0.806214
0.806057
0.8059
0.805743
0.805586
0.805429
0.805272
0.805114
0.804957
0.8048
0.804642
0.804485
0.804328
0.80417
0.804012
0.803855
0.803697
0.803539
0.803382
0.803224
0.803066
0.802908
0.80275
0.802592
0.802434
0.802275
0.802117
0.801959
0.8018
0.801642
0.801484
0.801325
0.801166
0.801008
0.800849
0.80069
0.800531
0.800373
0.800214
0.800055
0.799896
0.799737
0.799577
0.799418
0.799259
0.7991
0.79894
0.798781
0.798621
0.798462
0.798302
0.798143
0.797983
0.797823
0.797663
0.797503
0.797343
0.797183
0.797023
0.796863
0.796703
0.796543
0.796382
0.796222
0.796062
0.795901
0.795741
0.79558
0.795419
0.795259
0.795098
0.794937
0.794776
0.794615
0.794454
0.794293
0.794132
0.793971
0.79381
0.793648
0.793487
0.793326
0.793164
0.793003
0.792841
0.792679
0.792518
0.792356
0.792194
0.792032
0.79187
0.791708
0.791546
0.791384
0.791222
0.79106
0.790897
0.790735
0.790572
0.79041
0.790247
0.790085
0.789922
0.789759
0.789596
0.789434
0.789271
0.789108
0.788945
0.788782
0.788618
0.788455
0.788292
0.788128
0.787965
0.787802
0.787638
0.787474
0.787311
0.787147
0.786983
0.786819
0.786655
0.786491
0.786327
0.786163
0.785999
0.785835
0.785671
0.785506
0.785342
0.785177
0.785013
0.784848
0.784683
0.784519
0.784354
0.784189
0.784024
0.783859
0.783694
0.783529
0.783364
0.783199
0.783033
0.782868
0.782702
0.782537
0.782371
0.782206
0.78204
0.781874
0.781708
0.781542
0.781376
0.78121
0.781044
0.780878
0.780712
0.780546
0.780379
0.780213
0.780046
0.77988
0.779713
0.779547
0.77938
0.779213
0.779046
0.778879
0.778712
0.778545
0.778378
0.778211
0.778044
0.777876
0.777709
0.777541
0.777374
0.777206
0.777038
0.776871
0.776703
0.776535
0.776367
0.776199
0.776031
0.775863
0.775695
0.775526
0.775358
0.77519
0.775021
0.774853
0.774684
0.774515
0.774346
0.774178
0.774009
0.77384
0.773671
0.773502
0.773332
0.773163
0.772994
0.772825
0.772655
0.772486
0.772316
0.772146
0.771977
0.771807
0.771637
0.771467
0.771297
0.771127
0.770957
0.770787
0.770616
0.770446
0.770276
0.770105
0.769935
0.769764
0.769593
0.769423
0.769252
0.769081
0.76891
0.768739
0.768568
0.768397
0.768225
0.768054
0.767883
0.767711
0.76754
0.767368
0.767196
0.767024
0.766853
0.766681
0.766509
0.766337
0.766165
0.765992
0.76582
0.765648
0.765475
0.765303
0.76513
0.764958
0.764785
0.764612
0.76444
0.764267
0.764094
0.763921
0.763748
0.763574
0.763401
0.763228
0.763054
0.762881
0.762707
0.762534
0.76236
0.762186
0.762012
0.761838
0.761664
0.76149
0.761316
0.761142
0.760968
0.760793
0.760619
0.760444
0.76027
0.760095
0.75992
0.759745
0.759571
0.759396
0.759221
0.759046
0.75887
0.758695
0.75852
0.758344
0.758169
0.757993
0.757818
0.757642
0.757466
0.75729
0.757114
0.756938
0.756762
0.756586
0.75641
0.756234
0.756057
0.755881
0.755704
0.755528
0.755351
0.755174
0.754997
0.75482
0.754643
0.754466
0.754289
0.754112
0.753935
0.753757
0.75358
0.753402
0.753225
0.753047
0.752869
0.752691
0.752513
0.752335
0.752157
0.751979
0.751801
0.751623
0.751444
0.751266
0.751087
0.750909
0.75073
0.750551
0.750372
0.750193
0.750014
0.749835
0.749656
0.749477
0.749297
0.749118
0.748939
0.748759
0.748579
0.7484
0.74822
0.74804
0.74786
0.74768
0.7475
0.74732
0.747139
0.746959
0.746779
0.746598
0.746418
0.746237
0.746056
0.745875
0.745694
0.745514
0.745332
0.745151
0.74497
0.744789
0.744607
0.744426
0.744244
0.744063
0.743881
0.743699
0.743517
0.743335
0.743153
0.742971
0.742789
0.742607
0.742424
0.742242
0.74206
0.741877
0.741694
0.741512
0.741329
0.741146
0.740963
0.74078
0.740597
0.740413
0.74023
0.740047
0.739863
0.739679
0.739496
0.739312
0.739128
0.738944
0.73876
0.738576
0.738392
0.738208
0.738024
0.737839
0.737655
0.73747
0.737285
0.737101
0.736916
0.736731
0.736546
0.736361
0.736176
0.735991
0.735805
0.73562
0.735434
0.735249
0.735063
0.734878
0.734692
0.734506
0.73432
0.734134
0.733948
0.733761
0.733575
0.733389
0.733202
0.733016
0.732829
0.732642
0.732455
0.732269
0.732082
0.731894
0.731707
0.73152
0.731333
0.731145
0.730958
0.73077
0.730583
0.730395
0.730207
0.730019
0.729831
0.729643
0.729455
0.729267
0.729078
0.72889
0.728701
0.728513
0.728324
0.728135
0.727946
0.727757
0.727568
0.727379
0.72719
0.727001
0.726811
0.726622
0.726432
0.726243
0.726053
0.725863
0.725673
0.725483
0.725293
0.725103
0.724913
0.724722
0.724532
0.724341
0.724151
0.72396
0.723769
0.723579
0.723388
0.723197
0.723005
0.722814
0.722623
0.722432
0.72224
0.722048
0.721857
0.721665
0.721473
0.721281
0.721089
0.720897
0.720705
0.720513
0.720321
0.720128
0.719936
0.719743
0.71955
0.719357
0.719165
0.718972
0.718779
0.718585
0.718392
0.718199
0.718005
0.717812
0.717618
0.717425
0.717231
0.717037
0.716843
0.716649
0.716455
0.716261
0.716066
0.715872
0.715678
0.715483
0.715288
0.715094
0.714899
0.714704
0.714509
0.714314
0.714118
0.713923
0.713728
0.713532
0.713337
0.713141
0.712945
0.712749
0.712554
0.712358
0.712161
0.711965
0.711769
0.711573
0.711376
0.71118
0.710983
0.710786
0.710589
0.710392
0.710195
0.709998
0.709801
0.709604
0.709406
0.709209
0.709011
0.708814
0.708616
0.708418
0.70822
0.708022
0.707824
0.707626
0.707428
0.707229
0.707031
0.706832
0.706633
0.706435
0.706236
0.706037
0.705838
0.705639
0.70544
0.70524
0.705041
0.704841
0.704642
0.704442
0.704242
0.704042
0.703843
0.703642
0.703442
0.703242
0.703042
0.702841
0.702641
0.70244
0.70224
0.702039
0.701838
0.701637
0.701436
0.701235
0.701033
0.700832
0.700631
0.700429
0.700227
0.700026
0.699824
0.699622
0.69942
0.699218
0.699016
0.698813
0.698611
0.698408
0.698206
0.698003
0.6978
0.697598
0.697395
0.697192
0.696988
0.696785
0.696582
0.696378
0.696175
0.695971
0.695768
0.695564
0.69536
0.695156
0.694952
0.694748
0.694543
0.694339
0.694134
0.69393
0.693725
0.693521
0.693316
0.693111
0.692906
0.692701
0.692495
0.69229
0.692085
0.691879
0.691673
0.691468
0.691262
0.691056
0.69085
0.690644
0.690438
0.690231
0.690025
0.689819
0.689612
0.689405
0.689199
0.688992
0.688785
0.688578
0.688371
0.688163
0.687956
0.687749
0.687541
0.687333
0.687126
0.686918
0.68671
0.686502
0.686294
0.686086
0.685877
0.685669
0.68546
0.685252
0.685043
0.684834
0.684625
0.684416
0.684207
0.683998
0.683789
0.683579
0.68337
0.68316
0.682951
0.682741
0.682531
0.682321
0.682111
0.681901
0.681691
0.68148
0.68127
0.681059
0.680848
0.680638
0.680427
0.680216
0.680005
0.679794
0.679583
0.679371
0.67916
0.678948
0.678737
0.678525
0.678313
0.678101
0.677889
0.677677
0.677465
0.677252
0.67704
0.676827
0.676615
0.676402
0.676189
0.675976
0.675763
0.67555
0.675337
0.675124
0.67491
0.674697
0.674483
0.674269
0.674056
0.673842
0.673628
0.673414
0.673199
0.672985
0.672771
0.672556
0.672341
0.672127
0.671912
0.671697
0.671482
0.671267
0.671052
0.670836
0.670621
0.670405
0.67019
0.669974
0.669758
0.669542
0.669326
0.66911
0.668894
0.668678
0.668461
0.668245
0.668028
0.667812
0.667595
0.667378
0.667161
0.666944
0.666726
0.666509
0.666292
0.666074
0.665857
0.665639
0.665421
0.665203
0.664985
0.664767
0.664549
0.66433
0.664112
0.663893
0.663675
0.663456
0.663237
0.663018
0.662799
0.66258
0.662361
0.662142
0.661922
0.661703
0.661483
0.661263
0.661043
0.660823
0.660603
0.660383
0.660163
0.659942
0.659722
0.659501
0.659281
0.65906
0.658839
0.658618
0.658397
0.658176
0.657955
0.657733
0.657512
0.65729
0.657068
0.656847
0.656625
0.656403
0.656181
0.655958
0.655736
0.655514
0.655291
0.655069
0.654846
0.654623
0.6544
0.654177
0.653954
0.653731
0.653507
0.653284
0.65306
0.652837
0.652613
0.652389
0.652165
0.651941
0.651717
0.651493
0.651268
0.651044
0.650819
0.650595
0.65037
0.650145
0.64992
0.649695
0.64947
0.649244
0.649019
0.648794
0.648568
0.648342
0.648116
0.64789
0.647664
0.647438
0.647212
0.646986
0.646759
0.646533
0.646306
0.646079
0.645852
0.645626
0.645398
0.645171
0.644944
0.644717
0.644489
0.644262
0.644034
0.643806
0.643578
0.64335
0.643122
0.642894
0.642665
0.642437
0.642209
0.64198
0.641751
0.641522
0.641293
0.641064
0.640835
0.640606
0.640376
0.640147
0.639917
0.639688
0.639458
0.639228
0.638998
0.638768
0.638538
0.638307
0.638077
0.637846
0.637616
0.637385
0.637154
0.636923
0.636692
0.636461
0.63623
0.635998
0.635767
0.635535
0.635304
0.635072
0.63484
0.634608
0.634376
0.634144
0.633911
0.633679
0.633446
0.633214
0.632981
0.632748
0.632515
0.632282
0.632049
0.631816
0.631582
0.631349
0.631115
0.630881
0.630648
0.630414
0.63018
0.629946
0.629711
0.629477
0.629243
0.629008
0.628773
0.628539
0.628304
0.628069
0.627834
0.627598
0.627363
0.627128
0.626892
0.626657
0.626421
0.626185
0.625949
0.625713
0.625477
0.625241
0.625004
0.624768
0.624531
0.624295
0.624058
0.623821
0.623584
0.623347
0.62311
0.622872
0.622635
0.622397
0.62216
0.621922
0.621684
0.621446
0.621208
0.62097
0.620731
0.620493
0.620254
0.620016
0.619777
0.619538
0.619299
0.61906
0.618821
0.618582
0.618342
0.618103
0.617863
0.617624
0.617384
0.617144
0.616904
0.616664
0.616424
0.616183
0.615943
0.615702
0.615462
0.615221
0.61498
0.614739
0.614498
0.614257
0.614015
0.613774
0.613532
0.613291
0.613049
0.612807
0.612565
0.612323
0.612081
0.611839
0.611596
0.611354
0.611111
0.610868
0.610626
0.610383
0.61014
0.609896
0.609653
0.60941
0.609166
0.608923
0.608679
0.608435
0.608191
0.607947
0.607703
0.607459
0.607214
0.60697
0.606725
0.606481
0.606236
0.605991
0.605746
0.605501
0.605256
0.60501
0.604765
0.604519
0.604274
0.604028
0.603782
0.603536
0.60329
0.603044
0.602797
0.602551
0.602305
0.602058
0.601811
0.601564
0.601317
0.60107
0.600823
0.600576
0.600328
0.600081
0.599833
0.599585
0.599338
0.59909
0.598842
0.598593
0.598345
0.598097
0.597848
0.5976
0.597351
0.597102
0.596853
0.596604
0.596355
0.596106
0.595856
0.595607
0.595357
0.595107
0.594858
0.594608
0.594358
0.594108
0.593857
0.593607
0.593356
0.593106
0.592855
0.592604
0.592353
0.592102
0.591851
0.5916
0.591349
0.591097
0.590846
0.590594
0.590342
0.59009
0.589838
0.589586
0.589334
0.589082
0.588829
0.588577
0.588324
0.588071
0.587818
0.587565
0.587312
0.587059
0.586805
0.586552
0.586298
0.586045
0.585791
0.585537
0.585283
0.585029
0.584775
0.58452
0.584266
0.584012
0.583757
0.583502
0.583247
0.582992
0.582737
0.582482
0.582227
0.581971
0.581716
0.58146
0.581204
0.580948
0.580692
0.580436
0.58018
0.579924
0.579667
0.579411
0.579154
0.578897
0.57864
0.578383
0.578126
0.577869
0.577612
0.577354
0.577097
0.576839
0.576581
0.576324
0.576066
0.575808
0.575549
0.575291
0.575033
0.574774
0.574515
0.574257
0.573998
0.573739
0.57348
0.573221
0.572961
0.572702
0.572442
0.572183
0.571923
0.571663
0.571403
0.571143
0.570883
0.570623
0.570362
0.570102
0.569841
0.56958
0.569319
0.569058
0.568797
0.568536
0.568275
0.568013
0.567752
0.56749
0.567229
0.566967
0.566705
0.566443
0.56618
0.565918
0.565656
0.565393
0.565131
0.564868
0.564605
0.564342
0.564079
0.563816
0.563552
0.563289
0.563025
0.562762
0.562498
0.562234
0.56197
0.561706
0.561442
0.561178
0.560913
0.560649
0.560384
0.560119
0.559855
0.55959
0.559325
0.559059
0.558794
0.558529
0.558263
0.557997
0.557732
0.557466
0.5572
0.556934
0.556668
0.556401
0.556135
0.555868
0.555602
0.555335
0.555068
0.554801
0.554534
0.554267
0.554
0.553732
0.553465
0.553197
0.552929
0.552661
0.552394
0.552125
0.551857
0.551589
0.551321
0.551052
0.550783
0.550515
0.550246
0.549977
0.549708
0.549439
0.549169
0.5489
0.54863
0.548361
0.548091
0.547821
0.547551
0.547281
0.547011
0.546741
0.54647
0.5462
0.545929
0.545658
0.545387
0.545117
0.544845
0.544574
0.544303
0.544032
0.54376
0.543488
0.543217
0.542945
0.542673
0.542401
0.542129
0.541856
0.541584
0.541311
0.541039
0.540766
0.540493
0.54022
0.539947
0.539674
0.539401
0.539127
0.538854
0.53858
0.538306
0.538033
0.537759
0.537484
0.53721
0.536936
0.536662
0.536387
0.536112
0.535838
0.535563
0.535288
0.535013
0.534738
0.534462
0.534187
0.533912
0.533636
0.53336
0.533084
0.532808
0.532532
0.532256
0.53198
0.531703
0.531427
0.53115
0.530874
0.530597
0.53032
0.530043
0.529766
0.529488
0.529211
0.528933
0.528656
0.528378
0.5281
0.527822
0.527544
0.527266
0.526988
0.52671
0.526431
0.526152
0.525874
0.525595
0.525316
0.525037
0.524758
0.524479
0.524199
0.52392
0.52364
0.52336
0.523081
0.522801
0.522521
0.52224
0.52196
0.52168
0.521399
0.521119
0.520838
0.520557
0.520276
0.519995
0.519714
0.519433
0.519152
0.51887
0.518589
0.518307
0.518025
0.517743
0.517461
0.517179
0.516897
0.516615
0.516332
0.51605
0.515767
0.515484
0.515201
0.514918
0.514635
0.514352
0.514069
0.513785
0.513502
0.513218
0.512934
0.51265
0.512366
0.512082
0.511798
0.511514
0.511229
0.510945
0.51066
0.510375
0.510091
0.509806
0.509521
0.509235
0.50895
0.508665
0.508379
0.508094
0.507808
0.507522
0.507236
0.50695
0.506664
0.506378
0.506091
0.505805
0.505518
0.505231
0.504945
0.504658
0.504371
0.504084
0.503796
0.503509
0.503221
0.502934
0.502646
0.502358
0.502071
0.501783
0.501494
0.501206
0.500918
0.500629
0.500341
0.500052
0.499763
0.499475
0.499186
0.498897
0.498607
0.498318
0.498029
0.497739
0.49745
0.49716
0.49687
0.49658
0.49629
0.496
0.49571
0.495419
0.495129
0.494838
0.494547
0.494257
0.493966
0.493675
0.493383
0.493092
0.492801
0.492509
0.492218
0.491926
0.491634
0.491343
0.491051
0.490759
0.490466
0.490174
0.489882
0.489589
0.489296
0.489004
0.488711
0.488418
0.488125
0.487832
0.487539
0.487245
0.486952
0.486658
0.486364
0.486071
0.485777
0.485483
0.485189
0.484894
0.4846
0.484306
0.484011
0.483716
0.483422
0.483127
0.482832
0.482537
0.482242
0.481946
0.481651
0.481356
0.48106
0.480764
0.480468
0.480173
0.479876
0.47958
0.479284
0.478988
0.478691
0.478395
0.478098
0.477801
0.477505
0.477208
0.476911
0.476613
0.476316
0.476019
0.475721
0.475424
0.475126
0.474828
0.47453
0.474232
0.473934
0.473636
0.473338
0.473039
0.472741
0.472442
0.472143
0.471845
0.471546
0.471247
0.470947
0.470648
0.470349
0.470049
0.46975
0.46945
0.46915
0.468851
0.468551
0.46825
0.46795
0.46765
0.46735
0.467049
0.466749
0.466448
0.466147
0.465846
0.465545
0.465244
0.464943
0.464642
0.46434
0.464039
0.463737
0.463435
0.463134
0.462832
0.46253
0.462227
0.461925
0.461623
0.46132
0.461018
0.460715
0.460413
0.46011
0.459807
0.459504
0.459201
0.458897
0.458594
0.458291
0.457987
0.457683
0.45738
0.457076
0.456772
0.456468
0.456164
0.455859
0.455555
0.455251
0.454946
0.454641
0.454337
0.454032
0.453727
0.453422
0.453117
0.452811
0.452506
0.452201
0.451895
0.45159
0.451284
0.450978
0.450672
0.450366
0.45006
0.449754
0.449447
0.449141
0.448834
0.448528
0.448221
0.447914
0.447607
0.4473
0.446993
0.446686
0.446378
0.446071
0.445763
0.445456
0.445148
0.44484
0.444532
0.444224
0.443916
0.443608
0.4433
0.442991
0.442683
0.442374
0.442066
0.441757
0.441448
0.441139
0.44083
0.440521
0.440211
0.439902
0.439593
0.439283
0.438973
0.438664
0.438354
0.438044
0.437734
0.437424
0.437113
0.436803
0.436493
0.436182
0.435872
0.435561
0.43525
0.434939
0.434628
0.434317
0.434006
0.433695
0.433383
0.433072
0.43276
0.432449
0.432137
0.431825
0.431513
0.431201
0.430889
0.430577
0.430264
0.429952
0.42964
0.429327
0.429014
0.428702
0.428389
0.428076
0.427763
0.42745
0.427136
0.426823
0.42651
0.426196
0.425882
0.425569
0.425255
0.424941
0.424627
0.424313
0.423999
0.423685
0.42337
0.423056
0.422741
0.422427
0.422112
0.421797
0.421482
0.421167
0.420852
0.420537
0.420222
0.419907
0.419591
0.419276
0.41896
0.418644
0.418329
0.418013
0.417697
0.417381
0.417064
0.416748
0.416432
0.416116
0.415799
0.415482
0.415166
0.414849
0.414532
0.414215
0.413898
0.413581
0.413264
0.412947
0.412629
0.412312
0.411994
0.411677
0.411359
0.411041
0.410723
0.410405
0.410087
0.409769
0.409451
0.409132
0.408814
0.408495
0.408177
0.407858
0.407539
0.407221
0.406902
0.406583
0.406263
0.405944
0.405625
0.405306
0.404986
0.404667
0.404347
0.404027
0.403708
0.403388
0.403068
0.402748
0.402428
0.402107
0.401787
0.401467
0.401146
0.400826
0.400505
0.400185
0.399864
0.399543
0.399222
0.398901
0.39858
0.398259
0.397937
0.397616
0.397295
0.396973
0.396652
0.39633
0.396008
0.395686
0.395364
0.395042
0.39472
0.394398
0.394076
0.393754
0.393431
0.393109
0.392786
0.392464
0.392141
0.391818
0.391495
0.391172
0.390849
0.390526
0.390203
0.38988
0.389556
0.389233
0.388909
0.388586
0.388262
0.387938
0.387615
0.387291
0.386967
0.386643
0.386319
0.385995
0.38567
0.385346
0.385022
0.384697
0.384372
0.384048
0.383723
0.383398
0.383073
0.382749
0.382424
0.382098
0.381773
0.381448
0.381123
0.380797
0.380472
0.380146
0.379821
0.379495
0.379169
0.378843
0.378518
0.378192
0.377866
0.377539
0.377213
0.376887
0.376561
0.376234
0.375908
0.375581
0.375255
0.374928
0.374601
0.374274
0.373948
0.373621
0.373294
0.372966
0.372639
0.372312
0.371985
0.371657
0.37133
0.371002
0.370675
0.370347
0.370019
0.369692
0.369364
0.369036
0.368708
0.36838
0.368052
0.367724
0.367395
0.367067
0.366739
0.36641
0.366082
0.365753
0.365424
0.365096
0.364767
0.364438
0.364109
0.36378
0.363451
0.363122
0.362793
0.362464
0.362134
0.361805
0.361475
0.361146
0.360816
0.360487
0.360157
0.359827
0.359498
0.359168
0.358838
0.358508
0.358178
0.357848
0.357518
0.357187
0.356857
0.356527
0.356196
0.355866
0.355535
0.355205
0.354874
0.354543
0.354213
0.353882
0.353551
0.35322
0.352889
0.352558
0.352227
0.351896
0.351564
0.351233
0.350902
0.35057
0.350239
0.349907
0.349576
0.349244
0.348913
0.348581
0.348249
0.347917
0.347585
0.347253
0.346921
0.346589
0.346257
0.345925
0.345593
0.34526
0.344928
0.344596
0.344263
0.343931
0.343598
0.343266
0.342933
0.3426
0.342268
0.341935
0.341602
0.341269
0.340936
0.340603
0.34027
0.339937
0.339604
0.339271
0.338937
0.338604
0.338271
0.337937
0.337604
0.337271
0.336937
0.336603
0.33627
0.335936
0.335602
0.335269
0.334935
0.334601
0.334267
0.333933
0.333599
0.333265
0.332931
0.332597
0.332263
0.331929
0.331594
0.33126
0.330926
0.330591
0.330257
0.329923
0.329588
0.329253
0.328919
0.328584
0.32825
0.327915
0.32758
0.327245
0.32691
0.326576
0.326241
0.325906
0.325571
0.325236
0.324901
0.324566
0.32423
0.323895
0.32356
0.323225
0.322889
0.322554
0.322219
0.321883
0.321548
0.321212
0.320877
0.320541
0.320206
0.31987
0.319535
0.319199
0.318863
0.318527
0.318192
0.317856
0.31752
0.317184
0.316848
0.316512
0.316176
0.31584
0.315504
0.315168
0.314832
0.314496
0.31416
0.313824
0.313487
0.313151
0.312815
0.312479
0.312142
0.311806
0.31147
0.311133
0.310797
0.31046
0.310124
0.309787
0.309451
0.309114
0.308778
0.308441
0.308104
0.307768
0.307431
0.307094
0.306758
0.306421
0.306084
0.305747
0.30541
0.305073
0.304737
0.3044
0.304063
0.303726
0.303389
0.303052
0.302715
0.302378
0.302041
0.301704
0.301367
0.30103
0.300693
0.300356
0.300018
0.299681
0.299344
0.299007
0.29867
0.298332
0.297995
0.297658
0.297321
0.296983
0.296646
0.296309
0.295972
0.295634
0.295297
0.294959
0.294622
0.294285
0.293947
0.29361
0.293273
0.292935
0.292598
0.29226
0.291923
0.291585
0.291248
0.29091
0.290573
0.290235
0.289898
0.28956
0.289223
0.288885
0.288548
0.28821
0.287873
0.287535
0.287198
0.28686
0.286522
0.286185
0.285847
0.28551
0.285172
0.284835
0.284497
0.284159
0.283822
0.283484
0.283147
0.282809
0.282472
0.282134
0.281796
0.281459
0.281121
0.280784
0.280446
0.280109
0.279771
0.279433
0.279096
0.278758
0.278421
0.278083
0.277746
0.277408
0.277071
0.276733
0.276396
0.276058
0.275721
0.275383
0.275046
0.274708
0.274371
0.274033
0.273696
0.273358
0.273021
0.272683
0.272346
0.272009
0.271671
0.271334
0.270996
0.270659
0.270322
0.269984
0.269647
0.26931
0.268973
0.268635
0.268298
0.267961
0.267624
0.267286
0.266949
0.266612
0.266275
0.265938
0.265601
0.265264
0.264927
0.26459
0.264253
0.263916
0.263579
0.263242
0.262905
0.262568
0.262231
0.261894
0.261557
0.26122
0.260883
0.260547
0.26021
0.259873
0.259537
0.2592
0.258863
0.258527
0.25819
0.257853
0.257517
0.25718
0.256844
0.256508
0.256171
0.255835
0.255498
0.255162
0.254826
0.25449
0.254153
0.253817
0.253481
0.253145
0.252809
0.252473
0.252137
0.251801
0.251465
0.251129
0.250793
0.250457
0.250121
0.249786
0.24945
0.249114
0.248779
0.248443
0.248107
0.247772
0.247436
0.247101
0.246766
0.24643
0.246095
0.24576
0.245424
0.245089
0.244754
0.244419
0.244084
0.243749
0.243414
0.243079
0.242744
0.24241
0.242075
0.24174
0.241405
0.241071
0.240736
0.240402
0.240067
0.239733
0.239399
0.239064
0.23873
0.238396
0.238062
0.237728
0.237394
0.23706
0.236726
0.236392
0.236058
0.235724
0.235391
0.235057
0.234724
0.23439
0.234057
0.233723
0.23339
0.233057
0.232723
0.23239
0.232057
0.231724
0.231391
0.231058
0.230726
0.230393
0.23006
0.229728
0.229395
0.229062
0.22873
0.228398
0.228065
0.227733
0.227401
0.227069
0.226737
0.226405
0.226073
0.225741
0.22541
0.225078
0.224746
0.224415
0.224084
0.223752
0.223421
0.22309
0.222759
0.222428
0.222097
0.221766
0.221435
0.221104
0.220774
0.220443
0.220113
0.219782
0.219452
0.219122
0.218791
0.218461
0.218131
0.217801
0.217472
0.217142
0.216812
0.216483
0.216153
0.215824
0.215495
0.215165
0.214836
0.214507
0.214178
0.213849
0.213521
0.213192
0.212863
0.212535
0.212206
0.211878
0.21155
0.211222
0.210894
0.210566
0.210238
0.20991
0.209583
0.209255
0.208928
0.2086
0.208273
0.207946
0.207619
0.207292
0.206965
0.206639
0.206312
0.205985
0.205659
0.205333
0.205007
0.20468
0.204354
0.204029
0.203703
0.203377
0.203052
0.202726
0.202401
0.202076
0.20175
0.201425
0.201101
0.200776
0.200451
0.200127
0.199802
0.199478
0.199154
0.198829
0.198505
0.198182
0.197858
0.197534
0.197211
0.196887
0.196564
0.196241
0.195918
0.195595
0.195272
0.19495
0.194627
0.194305
0.193982
0.19366
0.193338
0.193016
0.192694
0.192373
0.192051
0.19173
0.191409
0.191087
0.190766
0.190445
0.190125
0.189804
0.189484
0.189163
0.188843
0.188523
0.188203
0.187883
0.187564
0.187244
0.186925
0.186605
0.186286
0.185967
0.185648
0.18533
0.185011
0.184693
0.184374
0.184056
0.183738
0.18342
0.183103
0.182785
0.182468
0.18215
0.181833
0.181516
0.1812
0.180883
0.180566
0.18025
0.179934
0.179618
0.179302
0.178986
0.17867
0.178355
0.17804
0.177724
0.177409
0.177095
0.17678
0.176465
0.176151
0.175837
0.175523
0.175209
0.174895
0.174581
0.174268
0.173955
0.173642
0.173329
0.173016
0.172703
0.172391
0.172079
0.171767
0.171455
0.171143
0.170831
0.17052
0.170209
0.169898
0.169587
0.169276
0.168965
0.168655
0.168345
0.168035
0.167725
0.167415
0.167106
0.166796
0.166487
0.166178
0.165869
0.165561
0.165252
0.164944
0.164636
0.164328
0.16402
0.163713
0.163405
0.163098
0.162791
0.162484
0.162178
0.161871
0.161565
0.161259
0.160953
0.160648
0.160342
0.160037
0.159732
0.159427
0.159122
0.158817
0.158513
0.158209
0.157905
0.157601
0.157298
0.156994
0.156691
0.156388
0.156086
0.155783
0.155481
0.155178
0.154876
0.154575
0.154273
0.153972
0.153671
0.15337
0.153069
0.152768
0.152468
0.152168
0.151868
0.151568
0.151269
0.15097
0.150671
0.150372
0.150073
0.149775
0.149476
0.149178
0.148881
0.148583
0.148286
0.147989
0.147692
0.147395
0.147098
0.146802
0.146506
0.14621
0.145915
0.145619
0.145324
0.145029
0.144734
0.14444
0.144146
0.143852
0.143558
0.143264
0.142971
0.142678
0.142385
0.142092
0.1418
0.141507
0.141216
0.140924
0.140632
0.140341
0.14005
0.139759
0.139468
0.139178
0.138888
0.138598
0.138308
0.138019
0.13773
0.137441
0.137152
0.136864
0.136576
0.136288
0.136
0.135713
0.135425
0.135138
0.134852
0.134565
0.134279
0.133993
0.133707
0.133422
0.133136
0.132851
0.132567
0.132282
0.131998
0.131714
0.13143
0.131147
0.130863
0.13058
0.130298
0.130015
0.129733
0.129451
0.129169
0.128888
0.128607
0.128326
0.128045
0.127765
0.127485
0.127205
0.126925
0.126646
0.126367
0.126088
0.125809
0.125531
0.125253
0.124975
0.124698
0.124421
0.124144
0.123867
0.123591
0.123315
0.123039
0.122763
0.122488
0.122213
0.121938
0.121664
0.121389
0.121115
0.120842
0.120568
0.120295
0.120023
0.11975
0.119478
0.119206
0.118934
0.118663
0.118391
0.118121
0.11785
0.11758
0.11731
0.11704
0.116771
0.116501
0.116233
0.115964
0.115696
0.115428
0.11516
0.114893
0.114626
0.114359
0.114092
0.113826
0.11356
0.113294
0.113029
0.112764
0.112499
0.112235
0.111971
0.111707
0.111443
0.11118
0.110917
0.110654
0.110392
0.11013
0.109868
0.109606
0.109345
0.109084
0.108824
0.108563
0.108304
0.108044
0.107784
0.107525
0.107267
0.107008
0.10675
0.106492
0.106235
0.105978
0.105721
0.105464
0.105208
0.104952
0.104696
0.104441
0.104186
0.103931
0.103677
0.103423
0.103169
0.102916
0.102663
0.10241
0.102157
0.101905
0.101653
0.101402
0.101151
0.1009
0.100649
0.100399
0.100149
0.0998994
0.0996501
0.0994011
0.0991525
0.0989042
0.0986562
0.0984086
0.0981613
0.0979143
0.0976676
0.0974213
0.0971752
0.0969296
0.0966842
0.0964392
0.0961945
0.0959501
0.0957061
0.0954624
0.095219
0.094976
0.0947333
0.0944909
0.0942489
0.0940072
0.0937658
0.0935248
0.0932841
0.0930437
0.0928037
0.092564
0.0923247
0.0920857
0.091847
0.0916087
0.0913707
0.091133
0.0908957
0.0906588
0.0904221
0.0901859
0.0899499
0.0897143
0.0894791
0.0892442
0.0890096
0.0887754
0.0885415
0.088308
0.0880748
0.0878419
0.0876094
0.0873773
0.0871455
0.086914
0.0866829
0.0864522
0.0862218
0.0859917
0.085762
0.0855327
0.0853037
0.085075
0.0848467
0.0846188
0.0843912
0.0841639
0.083937
0.0837105
0.0834843
0.0832585
0.083033
0.0828079
0.0825831
0.0823587
0.0821347
0.081911
0.0816876
0.0814646
0.081242
0.0810197
0.0807978
0.0805763
0.0803551
0.0801343
0.0799138
0.0796937
0.0794739
0.0792545
0.0790355
0.0788168
0.0785985
0.0783806
0.078163
0.0779458
0.0777289
0.0775124
0.0772963
0.0770805
0.0768651
0.07665
0.0764354
0.0762211
0.0760071
0.0757935
0.0755803
0.0753675
0.075155
0.0749429
0.0747311
0.0745197
0.0743087
0.0740981
0.0738878
0.0736779
0.0734683
0.0732592
0.0730503
0.0728419
0.0726338
0.0724261
0.0722188
0.0720119
0.0718053
0.0715991
0.0713932
0.0711877
0.0709826
0.0707779
0.0705735
0.0703695
0.0701659
0.0699627
0.0697598
0.0695573
0.0693552
0.0691534
0.0689521
0.0687511
0.0685504
0.0683502
0.0681503
0.0679508
0.0677516
0.0675529
0.0673545
0.0671565
0.0669588
0.0667616
0.0665647
0.0663682
0.066172
0.0659763
0.0657809
0.0655859
0.0653913
0.065197
0.0650031
0.0648096
0.0646165
0.0644238
0.0642314
0.0640394
0.0638478
0.0636565
0.0634657
0.0632752
0.0630851
0.0628954
0.062706
0.062517
0.0623285
0.0621402
0.0619524
0.0617649
0.0615779
0.0613912
0.0612048
0.0610189
0.0608333
0.0606481
0.0604633
0.0602789
0.0600948
0.0599112
0.0597279
0.059545
0.0593624
0.0591803
0.0589985
0.0588171
0.0586361
0.0584554
0.0582752
0.0580953
0.0579158
0.0577367
0.0575579
0.0573795
0.0572016
0.057024
0.0568467
0.0566699
0.0564934
0.0563173
0.0561416
0.0559663
0.0557913
0.0556167
0.0554425
0.0552687
0.0550953
0.0549222
0.0547496
0.0545773
0.0544053
0.0542338
0.0540626
0.0538918
0.0537214
0.0535514
0.0533818
0.0532125
0.0530436
0.0528751
0.0527069
0.0525392
0.0523718
0.0522048
0.0520382
0.0518719
0.051706
0.0515405
0.0513754
0.0512107
0.0510463
0.0508823
0.0507187
0.0505555
0.0503926
0.0502302
0.0500681
0.0499063
0.049745
0.049584
0.0494234
0.0492632
0.0491033
0.0489439
0.0487848
0.048626
0.0484677
0.0483097
0.0481521
0.0479949
0.047838
0.0476815
0.0475254
0.0473697
0.0472144
0.0470594
0.0469048
0.0467505
0.0465966
0.0464432
0.04629
0.0461373
0.0459849
0.0458329
0.0456813
0.04553
0.0453791
0.0452286
0.0450784
0.0449286
0.0447792
0.0446302
0.0444815
0.0443332
0.0441853
0.0440377
0.0438905
0.0437437
0.0435972
0.0434511
0.0433054
0.04316
0.043015
0.0428704
0.0427261
0.0425822
0.0424387
0.0422955
0.0421527
0.0420103
0.0418682
0.0417265
0.0415851
0.0414442
0.0413035
0.0411633
0.0410234
0.0408839
0.0407447
0.0406059
0.0404674
0.0403294
0.0401916
0.0400543
0.0399173
0.0397806
0.0396443
0.0395084
0.0393728
0.0392376
0.0391028
0.0389683
0.0388341
0.0387004
0.0385669
0.0384339
0.0383011
0.0381688
0.0380368
0.0379051
0.0377738
0.0376429
0.0375123
0.0373821
0.0372522
0.0371227
0.0369935
0.0368647
0.0367362
0.0366081
0.0364803
0.0363529
0.0362258
0.0360991
0.0359727
0.0358467
0.035721
0.0355957
0.0354707
0.035346
0.0352217
0.0350978
0.0349742
0.0348509
0.034728
0.0346055
0.0344832
0.0343613
0.0342398
0.0341186
0.0339978
0.0338772
0.0337571
0.0336372
0.0335177
0.0333986
0.0332798
0.0331613
0.0330432
0.0329254
0.0328079
0.0326908
0.032574
0.0324575
0.0323414
0.0322256
0.0321102
0.031995
0.0318803
0.0317658
0.0316517
0.0315379
0.0314244
0.0313113
0.0311985
0.0310861
0.0309739
0.0308621
0.0307506
0.0306395
0.0305287
0.0304182
0.030308
0.0301982
0.0300886
0.0299795
0.0298706
0.029762
0.0296538
0.0295459
0.0294383
0.0293311
0.0292241
0.0291175
0.0290112
0.0289053
0.0287996
0.0286943
0.0285892
0.0284845
0.0283802
0.0282761
0.0281723
0.0280689
0.0279658
0.027863
0.0277605
0.0276583
0.0275564
0.0274549
0.0273536
0.0272527
0.0271521
0.0270517
0.0269517
0.026852
0.0267526
0.0266536
0.0265548
0.0264563
0.0263581
0.0262603
0.0261627
0.0260655
0.0259685
0.0258719
0.0257755
0.0256795
0.0255838
0.0254883
0.0253932
0.0252983
0.0252038
0.0251096
0.0250156
0.024922
0.0248286
0.0247356
0.0246428
0.0245503
0.0244582
0.0243663
0.0242747
0.0241834
0.0240924
0.0240017
0.0239113
0.0238212
0.0237313
0.0236418
0.0235525
0.0234635
0.0233748
0.0232864
0.0231983
0.0231105
0.023023
0.0229357
0.0228487
0.022762
0.0226756
0.0225895
0.0225036
0.0224181
0.0223328
0.0222477
0.022163
0.0220786
0.0219944
0.0219105
0.0218269
0.0217435
0.0216604
0.0215776
0.0214951
0.0214128
0.0213309
0.0212492
0.0211677
0.0210865
0.0210057
0.020925
0.0208447
0.0207646
0.0206847
0.0206052
0.0205259
0.0204469
0.0203681
0.0202896
0.0202114
0.0201334
0.0200557
0.0199783
0.0199011
0.0198241
0.0197475
0.0196711
0.0195949
0.019519
0.0194434
0.019368
0.0192929
0.0192181
0.0191435
0.0190691
0.018995
0.0189212
0.0188476
0.0187742
0.0187012
0.0186283
0.0185557
0.0184834
0.0184113
0.0183395
0.0182679
0.0181965
0.0181254
0.0180546
0.017984
0.0179136
0.0178435
0.0177736
0.017704
0.0176346
0.0175654
0.0174965
0.0174278
0.0173594
0.0172912
0.0172232
0.0171555
0.017088
0.0170208
0.0169538
0.016887
0.0168205
0.0167542
0.0166881
0.0166223
0.0165567
0.0164913
0.0164261
0.0163612
0.0162965
0.0162321
0.0161679
0.0161039
0.0160401
0.0159765
0.0159132
0.0158501
0.0157873
0.0157246
0.0156622
0.0156
0.015538
0.0154763
0.0154147
0.0153534
0.0152923
0.0152314
0.0151708
0.0151103
0.0150501
0.0149901
0.0149303
0.0148707
0.0148114
0.0147522
0.0146933
0.0146346
0.0145761
0.0145178
0.0144597
0.0144018
0.0143442
0.0142867
0.0142295
0.0141724
0.0141156
0.014059
0.0140026
0.0139464
0.0138903
0.0138345
0.013779
0.0137236
0.0136684
0.0136134
0.0135586
0.013504
0.0134496
0.0133954
0.0133415
0.0132877
0.0132341
0.0131807
0.0131275
0.0130745
0.0130217
0.0129691
0.0129167
0.0128645
0.0128124
0.0127606
0.012709
0.0126575
0.0126063
0.0125552
0.0125043
0.0124536
0.0124031
0.0123528
0.0123027
0.0122527
0.012203
0.0121534
0.0121041
0.0120549
0.0120058
0.011957
0.0119084
0.0118599
0.0118116
0.0117635
0.0117156
0.0116679
0.0116203
0.0115729
0.0115257
0.0114787
0.0114319
0.0113852
0.0113387
0.0112924
0.0112463
0.0112003
0.0111545
0.0111089
0.0110634
0.0110182
0.0109731
0.0109281
0.0108834
0.0108388
0.0107944
0.0107501
0.010706
0.0106621
0.0106184
0.0105748
0.0105314
0.0104881
0.010445
0.0104021
0.0103594
0.0103168
0.0102744
0.0102321
0.01019
0.0101481
0.0101063
0.0100647
0.0100232
0.0099819
0.00994076
0.00989977
0.00985895
0.00981828
0.00977777
0.00973742
0.00969722
0.00965718
0.00961729
0.00957756
0.00953798
0.00949855
0.00945927
0.00942015
0.00938118
0.00934236
0.00930369
0.00926518
0.00922681
0.00918859
0.00915052
0.00911259
0.00907482
0.00903719
0.00899971
0.00896237
0.00892519
0.00888814
0.00885124
0.00881449
0.00877787
0.00874141
0.00870508
0.0086689
0.00863285
0.00859695
0.00856119
0.00852557
0.00849009
0.00845475
0.00841955
0.00838449
0.00834956
0.00831477
0.00828012
0.0082456
0.00821123
0.00817698
0.00814287
0.0081089
0.00807506
0.00804135
0.00800778
0.00797434
0.00794103
0.00790785
0.00787481
0.00784189
0.00780911
0.00777645
0.00774393
0.00771153
0.00767927
0.00764713
0.00761511
0.00758323
0.00755147
0.00751984
0.00748833
0.00745695
0.0074257
0.00739457
0.00736356
0.00733268
0.00730192
0.00727128
0.00724076
0.00721037
0.0071801
0.00714995
0.00711992
0.00709001
0.00706021
0.00703054
0.00700099
0.00697156
0.00694224
0.00691304
0.00688396
0.00685499
0.00682614
0.00679741
0.00676879
0.00674029
0.0067119
0.00668363
0.00665547
0.00662742
0.00659949
0.00657167
0.00654396
0.00651636
0.00648887
0.0064615
0.00643423
0.00640708
0.00638003
0.0063531
0.00632627
0.00629955
0.00627294
0.00624644
0.00622004
0.00619375
0.00616757
0.00614149
0.00611552
0.00608966
0.0060639
0.00603824
0.00601269
0.00598724
0.00596189
0.00593665
0.00591151
0.00588648
0.00586154
0.00583671
0.00581197
0.00578734
0.00576281
0.00573838
0.00571405
0.00568981
0.00566568
0.00564164
0.0056177
0.00559386
0.00557012
0.00554648
0.00552293
0.00549947
0.00547612
0.00545285
0.00542969
0.00540662
0.00538364
0.00536076
0.00533797
0.00531527
0.00529267
0.00527016
0.00524774
0.00522541
0.00520318
0.00518104
0.00515898
0.00513702
0.00511515
0.00509337
0.00507168
0.00505007
0.00502856
0.00500713
0.0049858
0.00496455
0.00494339
0.00492231
0.00490132
0.00488042
0.00485961
0.00483888
0.00481823
0.00479767
0.0047772
0.00475681
0.00473651
0.00471628
0.00469615
0.00467609
0.00465612
0.00463623
0.00461643
0.0045967
0.00457706
0.0045575
0.00453802
0.00451862
0.0044993
0.00448006
0.0044609
0.00444182
0.00442281
0.00440389
0.00438505
0.00436628
0.0043476
0.00432898
0.00431045
0.004292
0.00427362
0.00425531
0.00423709
0.00421894
0.00420086
0.00418286
0.00416494
0.00414709
0.00412931
0.00411161
0.00409398
0.00407642
0.00405894
0.00404153
0.0040242
0.00400693
0.00398974
0.00397262
0.00395557
0.0039386
0.00392169
0.00390485
0.00388809
0.00387139
0.00385477
0.00383821
0.00382172
0.0038053
0.00378896
0.00377267
0.00375646
0.00374032
0.00372424
0.00370823
0.00369229
0.00367641
0.0036606
0.00364486
0.00362918
0.00361357
0.00359802
0.00358254
0.00356713
0.00355178
0.00353649
0.00352127
0.00350611
0.00349101
0.00347598
0.00346101
0.00344611
0.00343127
0.00341649
0.00340177
0.00338711
0.00337252
0.00335798
0.00334351
0.0033291
0.00331475
0.00330046
0.00328623
0.00327206
0.00325795
0.0032439
0.00322991
0.00321598
0.00320211
0.00318829
0.00317453
0.00316084
0.0031472
0.00313361
0.00312009
0.00310662
0.00309321
0.00307985
0.00306655
0.00305331
0.00304012
0.00302699
0.00301392
0.0030009
0.00298793
0.00297502
0.00296217
0.00294937
0.00293662
0.00292393
0.00291129
0.0028987
0.00288617
0.00287369
0.00286127
0.00284889
0.00283657
0.0028243
0.00281209
0.00279992
0.00278781
0.00277575
0.00276374
0.00275178
0.00273987
0.00272801
0.0027162
0.00270445
0.00269274
0.00268108
0.00266947
0.00265791
0.0026464
0.00263494
0.00262353
0.00261216
0.00260085
0.00258958
0.00257836
0.00256719
0.00255607
0.00254499
0.00253396
0.00252298
0.00251204
0.00250115
0.00249031
0.00247951
0.00246876
0.00245805
0.0024474
0.00243678
0.00242621
0.00241569
0.00240521
0.00239478
0.00238439
0.00237404
0.00236374
0.00235348
0.00234327
0.0023331
0.00232297
0.00231289
0.00230285
0.00229285
0.0022829
0.00227299
0.00226312
0.00225329
0.00224351
0.00223376
0.00222406
0.0022144
0.00220478
0.0021952
0.00218567
0.00217617
0.00216672
0.0021573
0.00214793
0.00213859
0.0021293
0.00212004
0.00211083
0.00210165
0.00209252
0.00208342
0.00207436
0.00206534
0.00205636
0.00204742
0.00203851
0.00202965
0.00202082
0.00201203
0.00200328
0.00199456
0.00198589
0.00197725
0.00196864
0.00196008
0.00195155
0.00194305
0.0019346
0.00192618
0.00191779
0.00190945
0.00190114
0.00189286
0.00188462
0.00187641
0.00186824
0.00186011
0.00185201
0.00184394
0.00183591
0.00182792
0.00181996
0.00181203
0.00180413
0.00179628
0.00178845
0.00178066
0.0017729
0.00176518
0.00175748
0.00174983
0.0017422
0.00173461
0.00172705
0.00171952
0.00171202
0.00170456
0.00169713
0.00168973
0.00168237
0.00167503
0.00166773
0.00166046
0.00165321
0.00164601
0.00163883
0.00163168
0.00162456
0.00161748
0.00161042
0.0016034
0.0015964
0.00158944
0.0015825
0.0015756
0.00156872
0.00156188
0.00155506
0.00154828
0.00154152
0.00153479
0.00152809
0.00152143
0.00151478
0.00150817
0.00150159
0.00149503
0.00148851
0.00148201
0.00147554
0.0014691
0.00146268
0.00145629
0.00144993
0.0014436
0.0014373
0.00143102
0.00142477
0.00141855
0.00141235
0.00140618
0.00140004
0.00139392
0.00138783
0.00138177
0.00137573
0.00136972
0.00136374
0.00135778
0.00135184
0.00134594
0.00134005
0.0013342
0.00132837
0.00132256
0.00131678
0.00131102
0.00130529
0.00129959
0.00129391
0.00128825
0.00128262
0.00127701
0.00127142
0.00126587
0.00126033
0.00125482
0.00124933
0.00124387
0.00123843
0.00123301
0.00122762
0.00122225
0.0012169
0.00121158
0.00120628
0.001201
0.00119575
0.00119052
0.00118531
0.00118012
0.00117496
0.00116982
0.0011647
0.0011596
0.00115453
0.00114948
0.00114445
0.00113944
0.00113445
0.00112949
0.00112454
0.00111962
0.00111472
0.00110984
0.00110498
0.00110014
0.00109533
0.00109053
0.00108576
0.001081
0.00107627
0.00107156
0.00106687
0.0010622
0.00105754
0.00105291
0.0010483
0.00104371
0.00103914
0.00103459
0.00103006
0.00102555
0.00102105
0.00101658
0.00101213
0.00100769
0.00100328
0.000998885
0.000994509
0.000990152
0.000985814
0.000981495
0.000977194
0.000972913
0.00096865
0.000964405
0.000960179
0.000955971
0.000951782
0.000947611
0.000943458
0.000939323
0.000935206
0.000931107
0.000927026
0.000922963
0.000918917
0.000914889
0.000910879
0.000906886
0.00090291
0.000898952
0.000895011
0.000891087
0.00088718
0.00088329
0.000879417
0.000875561
0.000871722
0.0008679
0.000864094
0.000860305
0.000856532
0.000852776
0.000849036
0.000845313
0.000841605
0.000837914
0.000834239
0.00083058
0.000826937
0.00082331
0.000819698
0.000816103
0.000812523
0.000808958
0.000805409
0.000801876
0.000798358
0.000794856
0.000791368
0.000787896
0.000784439
0.000780998
0.000777571
0.000774159
0.000770762
0.00076738
0.000764012
0.00076066
0.000757321
0.000753998
0.000750689
0.000747394
0.000744114
0.000740848
0.000737597
0.000734359
0.000731136
0.000727927
0.000724732
0.00072155
0.000718383
0.00071523
0.00071209
0.000708964
0.000705851
0.000702753
0.000699667
0.000696596
0.000693537
0.000690492
0.000687461
0.000684442
0.000681437
0.000678445
0.000675466
0.0006725
0.000669547
0.000666607
0.000663679
0.000660765
0.000657863
0.000654974
0.000652097
0.000649233
0.000646382
0.000643543
0.000640717
0.000637903
0.000635101
0.000632311
0.000629534
0.000626768
0.000624015
0.000621274
0.000618545
0.000615828
0.000613123
0.000610429
0.000607747
0.000605077
0.000602419
0.000599772
0.000597137
0.000594514
0.000591902
0.000589301
0.000586712
0.000584134
0.000581567
0.000579012
0.000576467
0.000573934
0.000571412
0.000568901
0.000566401
0.000563912
0.000561434
0.000558967
0.00055651
0.000554064
0.000551629
0.000549205
0.000546791
0.000544388
0.000541995
0.000539613
0.000537241
0.000534879
0.000532528
0.000530188
0.000527857
0.000525537
0.000523226
0.000520926
0.000518636
0.000516356
0.000514086
0.000511826
0.000509576
0.000507336
0.000505105
0.000502885
0.000500674
0.000498473
0.000496281
0.000494099
0.000491926
0.000489763
0.00048761
0.000485466
0.000483331
0.000481206
0.00047909
0.000476983
0.000474886
0.000472797
0.000470718
0.000468648
0.000466587
0.000464535
0.000462492
0.000460458
0.000458433
0.000456417
0.00045441
0.000452411
0.000450421
0.00044844
0.000446468
0.000444504
0.000442549
0.000440602
0.000438664
0.000436735
0.000434814
0.000432901
0.000430997
0.000429101
0.000427213
0.000425334
0.000423463
0.0004216
0.000419745
0.000417899
0.00041606
0.00041423
0.000412407
0.000410593
0.000408787
0.000406988
0.000405197
0.000403415
0.00040164
0.000399873
0.000398113
0.000396361
0.000394617
0.000392881
0.000391152
0.000389431
0.000387718
0.000386011
0.000384313
0.000382622
0.000380938
0.000379262
0.000377593
0.000375931
0.000374277
0.00037263
0.00037099
0.000369357
0.000367731
0.000366113
0.000364502
0.000362898
0.0003613
0.00035971
0.000358127
0.000356551
0.000354982
0.000353419
0.000351864
0.000350315
0.000348773
0.000347238
0.000345709
0.000344188
0.000342673
0.000341164
0.000339662
0.000338167
0.000336679
0.000335197
0.000333721
0.000332252
0.000330789
0.000329333
0.000327883
0.00032644
0.000325003
0.000323572
0.000322148
0.000320729
0.000319317
0.000317911
0.000316512
0.000315118
0.000313731
0.00031235
0.000310974
0.000309605
0.000308242
0.000306885
0.000305534
0.000304188
0.000302849
0.000301516
0.000300188
0.000298866
0.00029755
0.00029624
0.000294935
0.000293637
0.000292344
0.000291056
0.000289775
0.000288499
0.000287228
0.000285963
0.000284704
0.00028345
0.000282202
0.000280959
0.000279722
0.00027849
0.000277264
0.000276043
0.000274827
0.000273617
0.000272412
0.000271212
0.000270017
0.000268828
0.000267644
0.000266465
0.000265292
0.000264123
0.00026296
0.000261802
0.000260649
0.000259501
0.000258358
0.00025722
0.000256087
0.000254959
0.000253836
0.000252717
0.000251604
0.000250496
0.000249393
0.000248294
0.0002472
0.000246111
0.000245027
0.000243948
0.000242873
0.000241803
0.000240738
0.000239678
0.000238622
0.000237571
0.000236524
0.000235482
0.000234445
0.000233412
0.000232384
0.00023136
0.00023034
0.000229326
0.000228315
0.000227309
0.000226308
0.000225311
0.000224318
0.00022333
0.000222346
0.000221366
0.000220391
0.00021942
0.000218453
0.000217491
0.000216533
0.000215578
0.000214629
0.000213683
0.000212741
0.000211804
0.000210871
0.000209942
0.000209017
0.000208096
0.000207179
0.000206266
0.000205357
0.000204452
0.000203551
0.000202654
0.000201761
0.000200872
0.000199987
0.000199105
0.000198228
0.000197355
0.000196485
0.000195619
0.000194757
0.000193899
0.000193044
0.000192193
0.000191346
0.000190503
0.000189664
0.000188828
0.000187996
0.000187167
0.000186342
0.000185521
0.000184703
0.000183889
0.000183079
0.000182272
0.000181469
0.000180669
0.000179873
0.00017908
0.000178291
0.000177505
0.000176722
0.000175944
0.000175168
0.000174396
0.000173627
0.000172862
0.0001721
0.000171342
0.000170586
0.000169835
0.000169086
0.000168341
0.000167599
0.00016686
0.000166124
0.000165392
0.000164663
0.000163937
0.000163215
0.000162495
0.000161779
0.000161066
0.000160356
0.000159649
0.000158945
0.000158245
0.000157547
0.000156852
0.000156161
0.000155473
0.000154787
0.000154105
0.000153426
0.000152749
0.000152076
0.000151405
0.000150738
0.000150074
0.000149412
0.000148753
0.000148097
0.000147445
0.000146795
0.000146147
0.000145503
0.000144862
0.000144223
0.000143587
0.000142954
0.000142324
0.000141696
0.000141072
0.00014045
0.000139831
0.000139214
0.0001386
0.000137989
0.000137381
0.000136775
0.000136172
0.000135572
0.000134974
0.000134379
0.000133786
0.000133196
0.000132609
0.000132025
0.000131442
0.000130863
0.000130286
0.000129711
0.000129139
0.00012857
0.000128003
0.000127439
0.000126877
0.000126317
0.00012576
0.000125206
0.000124654
0.000124104
0.000123557
0.000123012
0.00012247
0.00012193
0.000121392
0.000120857
0.000120324
0.000119793
0.000119265
0.000118739
0.000118216
0.000117694
0.000117175
0.000116659
0.000116144
0.000115632
0.000115122
0.000114614
0.000114109
0.000113606
0.000113105
0.000112606
0.000112109
0.000111615
0.000111123
0.000110633
0.000110145
0.000109659
0.000109176
0.000108694
0.000108215
0.000107738
0.000107262
0.000106789
0.000106318
0.00010585
0.000105383
0.000104918
0.000104455
0.000103995
0.000103536
0.000103079
0.000102625
0.000102172
0.000101721
0.000101273
0.000100826
0.000100382
9.99388e-05
9.94981e-05
9.90592e-05
9.86223e-05
9.81874e-05
9.77543e-05
9.73232e-05
9.68939e-05
9.64666e-05
9.60411e-05
9.56175e-05
9.51958e-05
9.47759e-05
9.43579e-05
9.39417e-05
9.35274e-05
9.31149e-05
9.27042e-05
9.22953e-05
9.18882e-05
9.14829e-05
9.10794e-05
9.06777e-05
9.02777e-05
8.98795e-05
8.94831e-05
8.90884e-05
8.86955e-05
8.83042e-05
8.79147e-05
8.7527e-05
8.71409e-05
8.67565e-05
8.63738e-05
8.59929e-05
8.56135e-05
8.52359e-05
8.48599e-05
8.44856e-05
8.4113e-05
8.37419e-05
8.33725e-05
8.30048e-05
8.26386e-05
8.22741e-05
8.19112e-05
8.15499e-05
8.11901e-05
8.0832e-05
8.04754e-05
8.01204e-05
7.9767e-05
7.94152e-05
7.90648e-05
7.87161e-05
7.83688e-05
7.80231e-05
7.76789e-05
7.73363e-05
7.69951e-05
7.66555e-05
7.63173e-05
7.59806e-05
7.56455e-05
7.53118e-05
7.49795e-05
7.46488e-05
7.43195e-05
7.39916e-05
7.36652e-05
7.33402e-05
7.30167e-05
7.26946e-05
7.23739e-05
7.20546e-05
7.17367e-05
7.14203e-05
7.11052e-05
7.07915e-05
7.04792e-05
7.01683e-05
6.98587e-05
6.95505e-05
6.92437e-05
6.89382e-05
6.86341e-05
6.83313e-05
6.80298e-05
6.77297e-05
6.74309e-05
6.71334e-05
6.68372e-05
6.65423e-05
6.62488e-05
6.59565e-05
6.56655e-05
6.53758e-05
6.50874e-05
6.48002e-05
6.45143e-05
6.42297e-05
6.39463e-05
6.36642e-05
6.33833e-05
6.31037e-05
6.28253e-05
6.25481e-05
6.22721e-05
6.19974e-05
6.17238e-05
6.14515e-05
6.11804e-05
6.09105e-05
6.06417e-05
6.03742e-05
6.01078e-05
5.98426e-05
5.95786e-05
5.93157e-05
5.9054e-05
5.87934e-05
5.8534e-05
5.82758e-05
5.80186e-05
5.77626e-05
5.75078e-05
5.72541e-05
5.70014e-05
5.67499e-05
5.64995e-05
5.62502e-05
5.60021e-05
5.5755e-05
5.55089e-05
5.5264e-05
5.50202e-05
5.47774e-05
5.45357e-05
5.42951e-05
5.40555e-05
5.3817e-05
5.35795e-05
5.33431e-05
5.31078e-05
5.28734e-05
5.26401e-05
5.24079e-05
5.21766e-05
5.19464e-05
5.17172e-05
5.1489e-05
5.12618e-05
5.10356e-05
5.08104e-05
5.05862e-05
5.0363e-05
5.01407e-05
4.99195e-05
4.96992e-05
4.94799e-05
4.92616e-05
4.90442e-05
4.88278e-05
4.86123e-05
4.83978e-05
4.81842e-05
4.79716e-05
4.77599e-05
4.75492e-05
4.73394e-05
4.71305e-05
4.69225e-05
4.67154e-05
4.65093e-05
4.63041e-05
4.60997e-05
4.58963e-05
4.56938e-05
4.54921e-05
4.52914e-05
4.50915e-05
4.48926e-05
4.46944e-05
4.44972e-05
4.43009e-05
4.41054e-05
4.39107e-05
4.3717e-05
4.3524e-05
4.3332e-05
4.31408e-05
4.29504e-05
4.27608e-05
4.25721e-05
4.23843e-05
4.21972e-05
4.2011e-05
4.18256e-05
4.1641e-05
4.14573e-05
4.12743e-05
4.10922e-05
4.09108e-05
4.07303e-05
4.05505e-05
4.03716e-05
4.01934e-05
4.00161e-05
3.98395e-05
3.96636e-05
3.94886e-05
3.93143e-05
3.91408e-05
3.89681e-05
3.87961e-05
3.86249e-05
3.84545e-05
3.82847e-05
3.81158e-05
3.79476e-05
3.77801e-05
3.76134e-05
3.74474e-05
3.72821e-05
3.71176e-05
3.69538e-05
3.67907e-05
3.66283e-05
3.64667e-05
3.63057e-05
3.61455e-05
3.5986e-05
3.58271e-05
3.5669e-05
3.55116e-05
3.53549e-05
3.51988e-05
3.50435e-05
3.48888e-05
3.47349e-05
3.45816e-05
3.44289e-05
3.4277e-05
3.41257e-05
3.39751e-05
3.38252e-05
3.36759e-05
3.35272e-05
3.33793e-05
3.32319e-05
3.30853e-05
3.29393e-05
3.27939e-05
3.26491e-05
3.2505e-05
3.23616e-05
3.22187e-05
3.20766e-05
3.1935e-05
3.1794e-05
3.16537e-05
3.1514e-05
3.13749e-05
3.12364e-05
3.10986e-05
3.09613e-05
3.08247e-05
3.06886e-05
3.05532e-05
3.04183e-05
3.0284e-05
3.01504e-05
3.00173e-05
2.98848e-05
2.97529e-05
2.96216e-05
2.94909e-05
2.93607e-05
2.92311e-05
2.91021e-05
2.89736e-05
2.88457e-05
2.87184e-05
2.85917e-05
2.84655e-05
2.83398e-05
2.82147e-05
2.80902e-05
2.79662e-05
2.78428e-05
2.77199e-05
2.75975e-05
2.74757e-05
2.73545e-05
2.72337e-05
2.71135e-05
2.69938e-05
2.68747e-05
2.67561e-05
2.6638e-05
2.65204e-05
2.64033e-05
2.62868e-05
2.61708e-05
2.60552e-05
2.59402e-05
2.58257e-05
2.57117e-05
2.55982e-05
2.54853e-05
2.53728e-05
2.52608e-05
2.51493e-05
2.50383e-05
2.49277e-05
2.48177e-05
2.47082e-05
2.45991e-05
2.44905e-05
2.43824e-05
2.42748e-05
2.41676e-05
2.4061e-05
2.39547e-05
2.3849e-05
2.37437e-05
2.36389e-05
2.35346e-05
2.34307e-05
2.33273e-05
2.32243e-05
2.31218e-05
2.30197e-05
2.29181e-05
2.28169e-05
2.27162e-05
2.26159e-05
2.25161e-05
2.24167e-05
2.23178e-05
2.22193e-05
2.21212e-05
2.20235e-05
2.19263e-05
2.18295e-05
2.17332e-05
2.16372e-05
2.15417e-05
2.14466e-05
2.13519e-05
2.12577e-05
2.11639e-05
2.10704e-05
2.09774e-05
2.08848e-05
2.07926e-05
2.07008e-05
2.06095e-05
2.05185e-05
2.04279e-05
2.03377e-05
2.02479e-05
2.01586e-05
2.00696e-05
1.9981e-05
1.98928e-05
1.9805e-05
1.97175e-05
1.96305e-05
1.95438e-05
1.94576e-05
1.93717e-05
1.92861e-05
1.9201e-05
1.91162e-05
1.90319e-05
1.89478e-05
1.88642e-05
1.87809e-05
1.8698e-05
1.86155e-05
1.85333e-05
1.84515e-05
1.837e-05
1.82889e-05
1.82082e-05
1.81278e-05
1.80478e-05
1.79681e-05
1.78888e-05
1.78098e-05
1.77312e-05
1.76529e-05
1.7575e-05
1.74974e-05
1.74201e-05
1.73432e-05
1.72667e-05
1.71904e-05
1.71146e-05
1.7039e-05
1.69638e-05
1.68889e-05
1.68143e-05
1.67401e-05
1.66662e-05
1.65926e-05
1.65194e-05
1.64464e-05
1.63738e-05
1.63015e-05
1.62296e-05
1.61579e-05
1.60866e-05
1.60156e-05
1.59449e-05
1.58745e-05
1.58044e-05
1.57346e-05
1.56652e-05
1.5596e-05
1.55271e-05
1.54586e-05
1.53903e-05
1.53224e-05
1.52548e-05
1.51874e-05
1.51204e-05
1.50536e-05
1.49871e-05
1.4921e-05
1.48551e-05
1.47895e-05
1.47242e-05
1.46592e-05
1.45945e-05
1.45301e-05
1.44659e-05
1.44021e-05
1.43385e-05
1.42752e-05
1.42121e-05
1.41494e-05
1.40869e-05
1.40247e-05
1.39628e-05
1.39012e-05
1.38398e-05
1.37787e-05
1.37179e-05
1.36573e-05
1.3597e-05
1.3537e-05
1.34772e-05
1.34177e-05
1.33585e-05
1.32995e-05
1.32408e-05
1.31823e-05
1.31241e-05
1.30662e-05
1.30085e-05
1.2951e-05
1.28939e-05
1.28369e-05
1.27803e-05
1.27238e-05
1.26676e-05
1.26117e-05
1.2556e-05
1.25006e-05
1.24454e-05
1.23905e-05
1.23358e-05
1.22813e-05
1.22271e-05
1.21731e-05
1.21193e-05
1.20658e-05
1.20126e-05
1.19595e-05
1.19067e-05
1.18541e-05
1.18018e-05
1.17497e-05
1.16978e-05
1.16462e-05
1.15947e-05
1.15436e-05
1.14926e-05
1.14418e-05
1.13913e-05
1.1341e-05
1.1291e-05
1.12411e-05
1.11915e-05
1.11421e-05
1.10929e-05
1.10439e-05
1.09951e-05
1.09466e-05
1.08982e-05
1.08501e-05
1.08022e-05
1.07545e-05
1.0707e-05
1.06598e-05
1.06127e-05
1.05658e-05
1.05192e-05
1.04727e-05
1.04265e-05
1.03805e-05
1.03346e-05
1.0289e-05
1.02436e-05
1.01983e-05
1.01533e-05
1.01085e-05
1.00638e-05
1.00194e-05
9.97516e-06
9.93111e-06
9.88726e-06
9.84361e-06
9.80014e-06
9.75687e-06
9.71379e-06
9.6709e-06
9.6282e-06
9.58568e-06
9.54336e-06
9.50122e-06
9.45926e-06
9.4175e-06
9.37591e-06
9.33451e-06
9.2933e-06
9.25226e-06
9.21141e-06
9.17073e-06
9.13024e-06
9.08992e-06
9.04979e-06
9.00983e-06
8.97004e-06
8.93044e-06
8.891e-06
8.85174e-06
8.81266e-06
8.77374e-06
8.735e-06
8.69643e-06
8.65803e-06
8.6198e-06
8.58174e-06
8.54384e-06
8.50612e-06
8.46856e-06
8.43116e-06
8.39393e-06
8.35687e-06
8.31997e-06
8.28323e-06
8.24665e-06
8.21024e-06
8.17398e-06
8.13789e-06
8.10195e-06
8.06618e-06
8.03056e-06
7.9951e-06
7.95979e-06
7.92465e-06
7.88965e-06
7.85481e-06
7.82013e-06
7.7856e-06
7.75122e-06
7.71699e-06
7.68291e-06
7.64899e-06
7.61521e-06
7.58158e-06
7.5481e-06
7.51477e-06
7.48159e-06
7.44855e-06
7.41566e-06
7.38291e-06
7.35031e-06
7.31785e-06
7.28554e-06
7.25337e-06
7.22134e-06
7.18945e-06
7.1577e-06
7.12609e-06
7.09462e-06
7.06329e-06
7.0321e-06
7.00105e-06
6.97013e-06
6.93935e-06
6.90871e-06
6.8782e-06
6.84783e-06
6.81759e-06
6.78748e-06
6.75751e-06
6.72767e-06
6.69796e-06
6.66838e-06
6.63893e-06
6.60962e-06
6.58043e-06
6.55137e-06
6.52244e-06
6.49363e-06
6.46496e-06
6.43641e-06
6.40799e-06
6.37969e-06
6.35151e-06
6.32347e-06
6.29554e-06
6.26774e-06
6.24006e-06
6.2125e-06
6.18507e-06
6.15776e-06
6.13056e-06
6.10349e-06
6.07654e-06
6.0497e-06
6.02299e-06
5.99639e-06
5.96991e-06
5.94354e-06
5.91729e-06
5.89116e-06
5.86515e-06
5.83925e-06
5.81346e-06
5.78779e-06
5.76223e-06
5.73678e-06
5.71144e-06
5.68622e-06
5.66111e-06
5.63611e-06
5.61122e-06
5.58644e-06
5.56177e-06
5.53721e-06
5.51275e-06
5.48841e-06
5.46417e-06
5.44004e-06
5.41601e-06
5.39209e-06
5.36828e-06
5.34457e-06
5.32097e-06
5.29747e-06
5.27408e-06
5.25078e-06
5.2276e-06
5.20451e-06
5.18152e-06
5.15864e-06
5.13586e-06
5.11318e-06
5.0906e-06
5.06811e-06
5.04573e-06
5.02345e-06
5.00126e-06
4.97918e-06
4.95719e-06
4.93529e-06
4.9135e-06
4.8918e-06
4.87019e-06
4.84868e-06
4.82727e-06
4.80595e-06
4.78473e-06
4.7636e-06
4.74256e-06
4.72161e-06
4.70076e-06
4.68e-06
4.65933e-06
4.63875e-06
4.61827e-06
4.59787e-06
4.57756e-06
4.55735e-06
4.53722e-06
4.51718e-06
4.49723e-06
4.47737e-06
4.45759e-06
4.43791e-06
4.41831e-06
4.39879e-06
4.37937e-06
4.36003e-06
4.34077e-06
4.3216e-06
4.30251e-06
4.28351e-06
4.26459e-06
4.24576e-06
4.227e-06
4.20834e-06
4.18975e-06
4.17125e-06
4.15282e-06
4.13448e-06
4.11622e-06
4.09804e-06
4.07994e-06
4.06192e-06
4.04398e-06
4.02612e-06
4.00834e-06
3.99064e-06
3.97301e-06
3.95546e-06
3.93799e-06
3.9206e-06
3.90329e-06
3.88605e-06
3.86888e-06
3.8518e-06
3.83478e-06
3.81785e-06
3.80098e-06
3.7842e-06
3.76748e-06
3.75084e-06
3.73428e-06
3.71778e-06
3.70136e-06
3.68501e-06
3.66874e-06
3.65254e-06
3.6364e-06
3.62034e-06
3.60435e-06
3.58843e-06
3.57258e-06
3.5568e-06
3.54109e-06
3.52545e-06
3.50988e-06
3.49438e-06
3.47895e-06
3.46358e-06
3.44828e-06
3.43305e-06
3.41789e-06
3.40279e-06
3.38776e-06
3.3728e-06
3.3579e-06
3.34307e-06
3.32831e-06
3.31361e-06
3.29897e-06
3.2844e-06
3.26989e-06
3.25545e-06
3.24107e-06
3.22676e-06
3.2125e-06
3.19831e-06
3.18419e-06
3.17012e-06
3.15612e-06
3.14218e-06
3.1283e-06
3.11448e-06
3.10073e-06
3.08703e-06
3.0734e-06
3.05982e-06
3.04631e-06
3.03285e-06
3.01946e-06
3.00612e-06
2.99284e-06
2.97962e-06
2.96646e-06
2.95336e-06
2.94031e-06
2.92733e-06
2.9144e-06
2.90152e-06
2.88871e-06
2.87595e-06
2.86324e-06
2.8506e-06
2.83801e-06
2.82547e-06
2.81299e-06
2.80056e-06
2.78819e-06
2.77588e-06
2.76362e-06
2.75141e-06
2.73926e-06
2.72716e-06
2.71511e-06
2.70312e-06
2.69118e-06
2.67929e-06
2.66746e-06
2.65567e-06
2.64394e-06
2.63227e-06
2.62064e-06
2.60906e-06
2.59754e-06
2.58606e-06
2.57464e-06
2.56327e-06
2.55195e-06
2.54067e-06
2.52945e-06
2.51828e-06
2.50715e-06
2.49608e-06
2.48505e-06
2.47408e-06
2.46315e-06
2.45227e-06
2.44144e-06
2.43065e-06
2.41992e-06
2.40923e-06
2.39858e-06
2.38799e-06
2.37744e-06
2.36694e-06
2.35648e-06
2.34607e-06
2.33571e-06
2.32539e-06
2.31512e-06
2.3049e-06
2.29471e-06
2.28458e-06
2.27449e-06
2.26444e-06
2.25444e-06
2.24448e-06
2.23456e-06
2.22469e-06
2.21486e-06
2.20508e-06
2.19534e-06
2.18564e-06
2.17599e-06
2.16638e-06
2.15681e-06
2.14728e-06
2.13779e-06
2.12835e-06
2.11895e-06
2.10959e-06
2.10027e-06
2.09099e-06
2.08175e-06
2.07256e-06
2.0634e-06
2.05429e-06
2.04521e-06
2.03618e-06
2.02718e-06
2.01823e-06
2.00931e-06
2.00044e-06
1.9916e-06
1.9828e-06
1.97404e-06
1.96532e-06
1.95664e-06
1.948e-06
1.93939e-06
1.93083e-06
1.9223e-06
1.91381e-06
1.90535e-06
1.89693e-06
1.88855e-06
1.88021e-06
1.87191e-06
1.86364e-06
1.8554e-06
1.84721e-06
1.83905e-06
1.83092e-06
1.82284e-06
1.81478e-06
1.80677e-06
1.79878e-06
1.79084e-06
1.78293e-06
1.77505e-06
1.76721e-06
1.7594e-06
1.75163e-06
1.74389e-06
1.73619e-06
1.72852e-06
1.72088e-06
1.71328e-06
1.70571e-06
1.69818e-06
1.69067e-06
1.68321e-06
1.67577e-06
1.66837e-06
1.661e-06
1.65366e-06
1.64635e-06
1.63908e-06
1.63184e-06
1.62463e-06
1.61745e-06
1.61031e-06
1.60319e-06
1.59611e-06
1.58906e-06
1.58204e-06
1.57505e-06
1.56809e-06
1.56117e-06
1.55427e-06
1.5474e-06
1.54057e-06
1.53376e-06
1.52699e-06
1.52024e-06
1.51352e-06
1.50684e-06
1.50018e-06
1.49355e-06
1.48695e-06
1.48039e-06
1.47385e-06
1.46733e-06
1.46085e-06
1.4544e-06
1.44797e-06
1.44158e-06
1.43521e-06
1.42887e-06
1.42255e-06
1.41627e-06
1.41001e-06
1.40378e-06
1.39758e-06
1.39141e-06
1.38526e-06
1.37914e-06
1.37305e-06
1.36698e-06
1.36094e-06
1.35493e-06
1.34894e-06
1.34298e-06
1.33705e-06
1.33114e-06
1.32526e-06
1.31941e-06
1.31358e-06
1.30778e-06
1.302e-06
1.29625e-06
1.29052e-06
1.28482e-06
1.27914e-06
1.27349e-06
1.26786e-06
1.26226e-06
1.25669e-06
1.25113e-06
1.24561e-06
1.2401e-06
1.23462e-06
1.22917e-06
1.22374e-06
1.21833e-06
1.21295e-06
1.20759e-06
1.20226e-06
1.19694e-06
1.19166e-06
1.18639e-06
1.18115e-06
1.17593e-06
1.17074e-06
1.16556e-06
1.16041e-06
1.15529e-06
1.15018e-06
1.1451e-06
1.14004e-06
1.13501e-06
1.12999e-06
1.125e-06
1.12003e-06
1.11508e-06
1.11015e-06
1.10525e-06
1.10036e-06
1.0955e-06
1.09066e-06
1.08584e-06
1.08105e-06
1.07627e-06
1.07152e-06
1.06678e-06
1.06207e-06
1.05738e-06
1.0527e-06
1.04805e-06
1.04342e-06
1.03881e-06
1.03422e-06
1.02965e-06
1.0251e-06
1.02057e-06
1.01607e-06
1.01158e-06
1.00711e-06
1.00266e-06
9.98227e-07
9.93817e-07
9.89426e-07
9.85054e-07
9.80702e-07
9.76369e-07
9.72055e-07
9.6776e-07
9.63485e-07
9.59228e-07
9.54989e-07
9.5077e-07
9.46569e-07
9.42387e-07
9.38223e-07
9.34078e-07
9.29951e-07
9.25842e-07
9.21751e-07
9.17679e-07
9.13624e-07
9.09587e-07
9.05568e-07
9.01567e-07
8.97584e-07
8.93618e-07
8.89669e-07
8.85738e-07
8.81825e-07
8.77929e-07
8.7405e-07
8.70188e-07
8.66343e-07
8.62515e-07
8.58704e-07
8.5491e-07
8.51132e-07
8.47372e-07
8.43628e-07
8.399e-07
8.36189e-07
8.32494e-07
8.28816e-07
8.25154e-07
8.21508e-07
8.17878e-07
8.14264e-07
8.10666e-07
8.07085e-07
8.03518e-07
7.99968e-07
7.96433e-07
7.92914e-07
7.89411e-07
7.85923e-07
7.8245e-07
7.78993e-07
7.75551e-07
7.72124e-07
7.68712e-07
7.65316e-07
7.61934e-07
7.58567e-07
7.55216e-07
7.51879e-07
7.48556e-07
7.45249e-07
7.41956e-07
7.38677e-07
7.35413e-07
7.32164e-07
7.28929e-07
7.25708e-07
7.22501e-07
7.19309e-07
7.1613e-07
7.12966e-07
7.09816e-07
7.06679e-07
7.03557e-07
7.00448e-07
6.97353e-07
6.94271e-07
6.91204e-07
6.88149e-07
6.85109e-07
6.82081e-07
6.79067e-07
6.76067e-07
6.73079e-07
6.70105e-07
6.67144e-07
6.64196e-07
6.61261e-07
6.58339e-07
6.5543e-07
6.52534e-07
6.49651e-07
6.4678e-07
6.43922e-07
6.41077e-07
6.38244e-07
6.35424e-07
6.32616e-07
6.29821e-07
6.27037e-07
6.24267e-07
6.21508e-07
6.18762e-07
6.16028e-07
6.13305e-07
6.10595e-07
6.07897e-07
6.05211e-07
6.02537e-07
5.99874e-07
5.97223e-07
5.94584e-07
5.91957e-07
5.89341e-07
5.86737e-07
5.84144e-07
5.81563e-07
5.78993e-07
5.76435e-07
5.73887e-07
5.71351e-07
5.68827e-07
5.66313e-07
5.6381e-07
5.61319e-07
5.58839e-07
5.56369e-07
5.53911e-07
5.51463e-07
5.49026e-07
5.466e-07
5.44184e-07
5.4178e-07
5.39386e-07
5.37002e-07
5.34629e-07
5.32266e-07
5.29914e-07
5.27573e-07
5.25241e-07
5.2292e-07
5.20609e-07
5.18309e-07
5.16018e-07
5.13738e-07
5.11468e-07
5.09208e-07
5.06957e-07
5.04717e-07
5.02487e-07
5.00266e-07
4.98056e-07
4.95855e-07
4.93663e-07
4.91482e-07
4.8931e-07
4.87148e-07
4.84995e-07
4.82852e-07
4.80718e-07
4.78593e-07
4.76478e-07
4.74373e-07
4.72276e-07
4.70189e-07
4.68112e-07
4.66043e-07
4.63983e-07
4.61933e-07
4.59892e-07
4.57859e-07
4.55836e-07
4.53821e-07
4.51816e-07
4.49819e-07
4.47831e-07
4.45852e-07
4.43882e-07
4.4192e-07
4.39967e-07
4.38023e-07
4.36087e-07
4.3416e-07
4.32242e-07
4.30331e-07
4.2843e-07
4.26536e-07
4.24651e-07
4.22775e-07
4.20906e-07
4.19046e-07
4.17194e-07
4.15351e-07
4.13515e-07
4.11688e-07
4.09868e-07
4.08057e-07
4.06254e-07
4.04458e-07
4.02671e-07
4.00891e-07
3.99119e-07
3.97356e-07
3.956e-07
3.93851e-07
3.92111e-07
3.90378e-07
3.88653e-07
3.86935e-07
3.85225e-07
3.83523e-07
3.81828e-07
3.8014e-07
3.7846e-07
3.76788e-07
3.75122e-07
3.73465e-07
3.71814e-07
3.70171e-07
3.68535e-07
3.66906e-07
3.65285e-07
3.6367e-07
3.62063e-07
3.60463e-07
3.5887e-07
3.57284e-07
3.55705e-07
3.54133e-07
3.52568e-07
3.5101e-07
3.49458e-07
3.47914e-07
3.46376e-07
3.44845e-07
3.43321e-07
3.41804e-07
3.40293e-07
3.38789e-07
3.37292e-07
3.35801e-07
3.34317e-07
3.3284e-07
3.31369e-07
3.29904e-07
3.28446e-07
3.26995e-07
3.25549e-07
3.24111e-07
3.22678e-07
3.21252e-07
3.19832e-07
3.18419e-07
3.17011e-07
3.1561e-07
3.14216e-07
3.12827e-07
3.11444e-07
3.10068e-07
3.08697e-07
3.07333e-07
3.05975e-07
3.04622e-07
3.03276e-07
3.01936e-07
3.00601e-07
2.99273e-07
2.9795e-07
2.96633e-07
2.95322e-07
2.94017e-07
2.92717e-07
2.91424e-07
2.90136e-07
2.88853e-07
2.87577e-07
2.86306e-07
2.8504e-07
2.8378e-07
2.82526e-07
2.81277e-07
2.80034e-07
2.78797e-07
2.77564e-07
2.76338e-07
2.75116e-07
2.739e-07
2.7269e-07
2.71484e-07
2.70285e-07
2.6909e-07
2.67901e-07
2.66717e-07
2.65538e-07
2.64364e-07
2.63196e-07
2.62032e-07
2.60874e-07
2.59721e-07
2.58573e-07
2.5743e-07
2.56293e-07
2.5516e-07
2.54032e-07
2.52909e-07
2.51791e-07
2.50678e-07
2.4957e-07
2.48467e-07
2.47369e-07
2.46276e-07
2.45187e-07
2.44104e-07
2.43025e-07
2.41951e-07
2.40881e-07
2.39816e-07
2.38756e-07
2.37701e-07
2.36651e-07
2.35605e-07
2.34563e-07
2.33526e-07
2.32494e-07
2.31467e-07
2.30443e-07
2.29425e-07
2.28411e-07
2.27401e-07
2.26396e-07
2.25395e-07
2.24399e-07
2.23407e-07
2.2242e-07
2.21437e-07
2.20458e-07
2.19484e-07
2.18513e-07
2.17548e-07
2.16586e-07
2.15629e-07
2.14676e-07
2.13727e-07
2.12782e-07
2.11841e-07
2.10905e-07
2.09973e-07
2.09045e-07
2.08121e-07
2.07201e-07
2.06285e-07
2.05373e-07
2.04465e-07
2.03562e-07
2.02662e-07
2.01766e-07
2.00874e-07
1.99986e-07
1.99102e-07
1.98222e-07
1.97346e-07
1.96474e-07
1.95605e-07
1.94741e-07
1.9388e-07
1.93023e-07
1.9217e-07
1.9132e-07
1.90475e-07
1.89633e-07
1.88794e-07
1.8796e-07
1.87129e-07
1.86302e-07
1.85478e-07
1.84659e-07
1.83842e-07
1.8303e-07
1.82221e-07
1.81415e-07
1.80613e-07
1.79815e-07
1.7902e-07
1.78229e-07
1.77441e-07
1.76657e-07
1.75876e-07
1.75098e-07
1.74324e-07
1.73554e-07
1.72786e-07
1.72023e-07
1.71262e-07
1.70505e-07
1.69752e-07
1.69001e-07
1.68254e-07
1.6751e-07
1.6677e-07
1.66033e-07
1.65299e-07
1.64568e-07
1.63841e-07
1.63116e-07
1.62395e-07
1.61678e-07
1.60963e-07
1.60251e-07
1.59543e-07
1.58838e-07
1.58136e-07
1.57436e-07
1.56741e-07
1.56048e-07
1.55358e-07
1.54671e-07
1.53987e-07
1.53307e-07
1.52629e-07
1.51954e-07
1.51283e-07
1.50614e-07
1.49948e-07
1.49285e-07
1.48625e-07
1.47968e-07
1.47314e-07
1.46663e-07
1.46015e-07
1.45369e-07
1.44727e-07
1.44087e-07
1.4345e-07
1.42816e-07
1.42184e-07
1.41556e-07
1.4093e-07
1.40307e-07
1.39687e-07
1.39069e-07
1.38455e-07
1.37842e-07
1.37233e-07
1.36626e-07
1.36022e-07
1.35421e-07
1.34823e-07
1.34227e-07
1.33633e-07
1.33042e-07
1.32454e-07
1.31869e-07
1.31286e-07
1.30705e-07
1.30128e-07
1.29552e-07
1.2898e-07
1.28409e-07
1.27842e-07
1.27277e-07
1.26714e-07
1.26154e-07
1.25596e-07
1.25041e-07
1.24488e-07
1.23938e-07
1.2339e-07
1.22844e-07
1.22301e-07
1.21761e-07
1.21222e-07
1.20686e-07
1.20153e-07
1.19622e-07
1.19093e-07
1.18566e-07
1.18042e-07
1.1752e-07
1.17001e-07
1.16484e-07
1.15969e-07
1.15456e-07
1.14946e-07
1.14437e-07
1.13932e-07
1.13428e-07
1.12926e-07
1.12427e-07
1.1193e-07
1.11435e-07
1.10943e-07
1.10452e-07
1.09964e-07
1.09478e-07
1.08994e-07
1.08512e-07
1.08032e-07
1.07555e-07
1.07079e-07
1.06606e-07
1.06134e-07
1.05665e-07
1.05198e-07
1.04733e-07
1.0427e-07
1.03809e-07
1.0335e-07
1.02893e-07
1.02438e-07
1.01985e-07
1.01534e-07
1.01086e-07
1.00639e-07
1.00194e-07
9.97508e-08
9.93098e-08
9.88707e-08
9.84336e-08
9.79984e-08
9.75652e-08
9.71338e-08
9.67044e-08
9.62769e-08
9.58512e-08
9.54274e-08
9.50056e-08
9.45855e-08
9.41674e-08
9.3751e-08
9.33365e-08
9.29239e-08
9.25131e-08
9.21041e-08
9.16968e-08
9.12914e-08
9.08878e-08
9.0486e-08
9.00859e-08
8.96877e-08
8.92911e-08
8.88964e-08
8.85033e-08
8.8112e-08
8.77225e-08
8.73346e-08
8.69485e-08
8.65641e-08
8.61814e-08
8.58004e-08
8.5421e-08
8.50434e-08
8.46674e-08
8.4293e-08
8.39203e-08
8.35493e-08
8.31799e-08
8.28122e-08
8.2446e-08
8.20815e-08
8.17186e-08
8.13573e-08
8.09976e-08
8.06395e-08
8.02829e-08
7.9928e-08
7.95746e-08
7.92228e-08
7.88725e-08
7.85238e-08
7.81766e-08
7.7831e-08
7.74868e-08
7.71442e-08
7.68032e-08
7.64636e-08
7.61255e-08
7.57889e-08
7.54538e-08
7.51202e-08
7.47881e-08
7.44574e-08
7.41282e-08
7.38005e-08
7.34742e-08
7.31493e-08
7.28259e-08
7.25039e-08
7.21833e-08
7.18642e-08
7.15464e-08
7.12301e-08
7.09151e-08
7.06016e-08
7.02894e-08
6.99787e-08
6.96692e-08
6.93612e-08
6.90545e-08
6.87492e-08
6.84452e-08
6.81426e-08
6.78413e-08
6.75413e-08
6.72427e-08
6.69454e-08
6.66494e-08
6.63547e-08
6.60613e-08
6.57692e-08
6.54784e-08
6.51889e-08
6.49006e-08
6.46137e-08
6.4328e-08
6.40436e-08
6.37604e-08
6.34785e-08
6.31978e-08
6.29184e-08
6.26402e-08
6.23632e-08
6.20874e-08
6.18129e-08
6.15396e-08
6.12675e-08
6.09966e-08
6.07269e-08
6.04584e-08
6.0191e-08
5.99249e-08
5.96599e-08
5.93961e-08
5.91335e-08
5.8872e-08
5.86117e-08
5.83525e-08
5.80945e-08
5.78377e-08
5.75819e-08
5.73273e-08
5.70738e-08
5.68214e-08
5.65702e-08
5.63201e-08
5.6071e-08
5.58231e-08
5.55763e-08
5.53305e-08
5.50859e-08
5.48423e-08
5.45998e-08
5.43583e-08
5.4118e-08
5.38787e-08
5.36404e-08
5.34033e-08
5.31671e-08
5.2932e-08
5.2698e-08
5.24649e-08
5.2233e-08
5.2002e-08
5.1772e-08
5.15431e-08
5.13152e-08
5.10883e-08
5.08624e-08
5.06375e-08
5.04136e-08
5.01906e-08
4.99687e-08
4.97477e-08
4.95278e-08
4.93088e-08
4.90907e-08
4.88736e-08
4.86575e-08
4.84424e-08
4.82282e-08
4.80149e-08
4.78026e-08
4.75912e-08
4.73807e-08
4.71712e-08
4.69626e-08
4.6755e-08
4.65482e-08
4.63424e-08
4.61375e-08
4.59334e-08
4.57303e-08
4.55281e-08
4.53268e-08
4.51263e-08
4.49268e-08
4.47281e-08
4.45303e-08
4.43334e-08
4.41374e-08
4.39422e-08
4.37479e-08
4.35544e-08
4.33618e-08
4.31701e-08
4.29792e-08
4.27891e-08
4.25999e-08
4.24115e-08
4.2224e-08
4.20372e-08
4.18514e-08
4.16663e-08
4.1482e-08
4.12986e-08
4.1116e-08
4.09341e-08
4.07531e-08
4.05729e-08
4.03935e-08
4.02149e-08
4.0037e-08
3.986e-08
3.96837e-08
3.95082e-08
3.93335e-08
3.91596e-08
3.89864e-08
3.8814e-08
3.86423e-08
3.84714e-08
3.83013e-08
3.81319e-08
3.79633e-08
3.77954e-08
3.76283e-08
3.74619e-08
3.72962e-08
3.71313e-08
3.69671e-08
3.68036e-08
3.66408e-08
3.64788e-08
3.63175e-08
3.61569e-08
3.5997e-08
3.58378e-08
3.56793e-08
3.55215e-08
3.53644e-08
3.5208e-08
3.50523e-08
3.48973e-08
3.4743e-08
3.45894e-08
3.44364e-08
3.42841e-08
3.41325e-08
3.39815e-08
3.38312e-08
3.36816e-08
3.35327e-08
3.33844e-08
3.32367e-08
3.30898e-08
3.29434e-08
3.27977e-08
3.26527e-08
3.25083e-08
3.23645e-08
3.22214e-08
3.20789e-08
3.1937e-08
3.17958e-08
3.16552e-08
3.15152e-08
3.13758e-08
3.1237e-08
3.10989e-08
3.09614e-08
3.08244e-08
3.06881e-08
3.05524e-08
3.04173e-08
3.02827e-08
3.01488e-08
3.00155e-08
2.98827e-08
2.97506e-08
2.9619e-08
2.9488e-08
2.93576e-08
2.92278e-08
2.90985e-08
2.89698e-08
2.88417e-08
2.87141e-08
2.85871e-08
2.84607e-08
2.83348e-08
2.82095e-08
2.80848e-08
2.79606e-08
2.78369e-08
2.77138e-08
2.75912e-08
2.74692e-08
2.73477e-08
2.72268e-08
2.71063e-08
2.69865e-08
2.68671e-08
2.67483e-08
2.663e-08
2.65122e-08
2.63949e-08
2.62782e-08
2.6162e-08
2.60463e-08
2.59311e-08
2.58164e-08
2.57022e-08
2.55885e-08
2.54754e-08
2.53627e-08
2.52505e-08
2.51389e-08
2.50277e-08
2.4917e-08
2.48068e-08
2.46971e-08
2.45878e-08
2.44791e-08
2.43708e-08
2.4263e-08
2.41557e-08
2.40489e-08
2.39425e-08
2.38366e-08
2.37312e-08
2.36262e-08
2.35217e-08
2.34177e-08
2.33141e-08
2.3211e-08
2.31084e-08
2.30062e-08
2.29044e-08
2.28031e-08
2.27022e-08
2.26018e-08
2.25019e-08
2.24023e-08
2.23033e-08
2.22046e-08
2.21064e-08
2.20086e-08
2.19113e-08
2.18144e-08
2.17179e-08
2.16218e-08
2.15262e-08
2.1431e-08
2.13362e-08
2.12418e-08
2.11479e-08
2.10543e-08
2.09612e-08
2.08685e-08
2.07762e-08
2.06843e-08
2.05928e-08
2.05017e-08
2.04111e-08
2.03208e-08
2.02309e-08
2.01414e-08
2.00523e-08
1.99636e-08
1.98753e-08
1.97874e-08
1.96999e-08
1.96128e-08
1.9526e-08
1.94397e-08
1.93537e-08
1.92681e-08
1.91828e-08
1.9098e-08
1.90135e-08
1.89294e-08
1.88457e-08
1.87623e-08
1.86793e-08
1.85967e-08
1.85145e-08
1.84326e-08
1.8351e-08
1.82699e-08
1.81891e-08
1.81086e-08
1.80285e-08
1.79488e-08
1.78694e-08
1.77903e-08
1.77116e-08
1.76333e-08
1.75553e-08
1.74777e-08
1.74003e-08
1.73234e-08
1.72468e-08
1.71705e-08
1.70945e-08
1.70189e-08
1.69436e-08
1.68687e-08
1.67941e-08
1.67198e-08
1.66458e-08
1.65722e-08
1.64989e-08
1.64259e-08
1.63533e-08
1.62809e-08
1.62089e-08
1.61372e-08
1.60658e-08
1.59948e-08
1.5924e-08
1.58536e-08
1.57834e-08
1.57136e-08
1.56441e-08
1.55749e-08
1.5506e-08
1.54374e-08
1.53692e-08
1.53012e-08
1.52335e-08
1.51661e-08
1.5099e-08
1.50322e-08
1.49657e-08
1.48995e-08
1.48336e-08
1.4768e-08
1.47027e-08
1.46376e-08
1.45729e-08
1.45084e-08
1.44443e-08
1.43804e-08
1.43167e-08
1.42534e-08
1.41904e-08
1.41276e-08
1.40651e-08
1.40029e-08
1.39409e-08
1.38793e-08
1.38179e-08
1.37568e-08
1.36959e-08
1.36353e-08
1.3575e-08
1.35149e-08
1.34552e-08
1.33956e-08
1.33364e-08
1.32774e-08
1.32187e-08
1.31602e-08
1.3102e-08
1.3044e-08
1.29863e-08
1.29289e-08
1.28717e-08
1.28147e-08
1.2758e-08
1.27016e-08
1.26454e-08
1.25895e-08
1.25338e-08
1.24783e-08
1.24231e-08
1.23682e-08
1.23135e-08
1.2259e-08
1.22048e-08
1.21508e-08
1.2097e-08
1.20435e-08
1.19902e-08
1.19372e-08
1.18844e-08
1.18318e-08
1.17795e-08
1.17274e-08
1.16755e-08
1.16238e-08
1.15724e-08
1.15212e-08
1.14703e-08
1.14195e-08
1.1369e-08
1.13187e-08
1.12686e-08
1.12188e-08
1.11691e-08
1.11197e-08
1.10705e-08
1.10216e-08
1.09728e-08
1.09243e-08
1.08759e-08
1.08278e-08
1.07799e-08
1.07322e-08
1.06848e-08
1.06375e-08
1.05904e-08
1.05436e-08
1.04969e-08
1.04505e-08
1.04043e-08
1.03582e-08
1.03124e-08
1.02668e-08
1.02214e-08
1.01762e-08
1.01311e-08
1.00863e-08
1.00417e-08
9.99727e-09
9.95304e-09
9.90901e-09
9.86517e-09
9.82153e-09
9.77808e-09
9.73482e-09
9.69175e-09
9.64888e-09
9.60619e-09
9.56369e-09
9.52138e-09
9.47926e-09
9.43732e-09
9.39557e-09
9.354e-09
9.31262e-09
9.27142e-09
9.2304e-09
9.18957e-09
9.14891e-09
9.10844e-09
9.06814e-09
9.02802e-09
8.98808e-09
8.94832e-09
8.90873e-09
8.86931e-09
8.83008e-09
8.79101e-09
8.75212e-09
8.7134e-09
8.67485e-09
8.63647e-09
8.59826e-09
8.56022e-09
8.52235e-09
8.48464e-09
8.4471e-09
8.40973e-09
8.37253e-09
8.33548e-09
8.29861e-09
8.26189e-09
8.22534e-09
8.18895e-09
8.15272e-09
8.11665e-09
8.08074e-09
8.04499e-09
8.00939e-09
7.97396e-09
7.93868e-09
7.90356e-09
7.86859e-09
7.83378e-09
7.79912e-09
7.76461e-09
7.73026e-09
7.69606e-09
7.66201e-09
7.62811e-09
7.59436e-09
7.56076e-09
7.52731e-09
7.494e-09
7.46085e-09
7.42784e-09
7.39497e-09
7.36226e-09
7.32968e-09
7.29725e-09
7.26497e-09
7.23282e-09
7.20082e-09
7.16896e-09
7.13724e-09
7.10567e-09
7.07423e-09
7.04293e-09
7.01177e-09
6.98074e-09
6.94986e-09
6.91911e-09
6.8885e-09
6.85802e-09
6.82767e-09
6.79747e-09
6.76739e-09
6.73745e-09
6.70764e-09
6.67796e-09
6.64841e-09
6.619e-09
6.58971e-09
6.56055e-09
6.53153e-09
6.50263e-09
6.47386e-09
6.44521e-09
6.4167e-09
6.3883e-09
6.36004e-09
6.3319e-09
6.30388e-09
6.27599e-09
6.24822e-09
6.22058e-09
6.19305e-09
6.16565e-09
6.13837e-09
6.11121e-09
6.08417e-09
6.05725e-09
6.03045e-09
6.00377e-09
5.9772e-09
5.95075e-09
5.92442e-09
5.89821e-09
5.87211e-09
5.84613e-09
5.82026e-09
5.79451e-09
5.76887e-09
5.74335e-09
5.71793e-09
5.69263e-09
5.66744e-09
5.64237e-09
5.6174e-09
5.59255e-09
5.5678e-09
5.54316e-09
5.51864e-09
5.49422e-09
5.46991e-09
5.4457e-09
5.42161e-09
5.39762e-09
5.37374e-09
5.34996e-09
5.32628e-09
5.30272e-09
5.27925e-09
5.25589e-09
5.23264e-09
5.20948e-09
5.18643e-09
5.16348e-09
5.14064e-09
5.11789e-09
5.09524e-09
5.0727e-09
5.05025e-09
5.0279e-09
5.00566e-09
4.98351e-09
4.96145e-09
4.9395e-09
4.91764e-09
4.89588e-09
4.87422e-09
4.85265e-09
4.83118e-09
4.8098e-09
4.78852e-09
4.76733e-09
4.74623e-09
4.72523e-09
4.70432e-09
4.68351e-09
4.66278e-09
4.64215e-09
4.62161e-09
4.60116e-09
4.5808e-09
4.56053e-09
4.54035e-09
4.52025e-09
4.50025e-09
4.48034e-09
4.46051e-09
4.44077e-09
4.42112e-09
4.40156e-09
4.38208e-09
4.36269e-09
4.34339e-09
4.32417e-09
4.30503e-09
4.28598e-09
4.26702e-09
4.24813e-09
4.22934e-09
4.21062e-09
4.19199e-09
4.17344e-09
4.15497e-09
4.13658e-09
4.11828e-09
4.10005e-09
4.08191e-09
4.06385e-09
4.04586e-09
4.02796e-09
4.01014e-09
3.99239e-09
3.97472e-09
3.95713e-09
3.93962e-09
3.92219e-09
3.90483e-09
3.88755e-09
3.87035e-09
3.85322e-09
3.83617e-09
3.81919e-09
3.80229e-09
3.78547e-09
3.76872e-09
3.75204e-09
3.73543e-09
3.7189e-09
3.70245e-09
3.68606e-09
3.66975e-09
3.65351e-09
3.63734e-09
3.62125e-09
3.60522e-09
3.58927e-09
3.57338e-09
3.55757e-09
3.54183e-09
3.52615e-09
3.51055e-09
3.49501e-09
3.47954e-09
3.46415e-09
3.44882e-09
3.43355e-09
3.41836e-09
3.40323e-09
3.38817e-09
3.37318e-09
3.35825e-09
3.34339e-09
3.32859e-09
3.31386e-09
3.29919e-09
