Vec Object: Vec_0x55bb03d9c0c0_0 1 MPI process
  type: seq
1.
0.999971
0.999943
0.999914
0.999885
0.999856
0.999828
0.999799
0.99977
0.999741
0.999713
0.999684
0.999655
0.999626
0.999597
0.999569
0.99954
0.999511
0.999482
0.999453
0.999425
0.999396
0.999367
0.999338
0.999309
0.99928
0.999251
0.999222
0.999194
0.999165
0.999136
0.999107
0.999078
0.999049
0.99902
0.998991
0.998962
0.998933
0.998904
0.998875
0.998846
0.998817
0.998788
0.998759
0.99873
0.998701
0.998672
0.998643
0.998614
0.998585
0.998556
0.998527
0.998498
0.998469
0.99844
0.998411
0.998382
0.998353
0.998324
0.998294
0.998265
0.998236
0.998207
0.998178
0.998149
0.99812
0.998091
0.998061
0.998032
0.998003
0.997974
0.997945
0.997915
0.997886
0.997857
0.997828
0.997799
0.997769
0.99774
0.997711
0.997682
0.997652
0.997623
0.997594
0.997565
0.997535
0.997506
0.997477
0.997447
0.997418
0.997389
0.997359
0.99733
0.997301
0.997271
0.997242
0.997213
0.997183
0.997154
0.997124
0.997095
0.997066
0.997036
0.997007
0.996977
0.996948
0.996919
0.996889
0.99686
0.99683
0.996801
0.996771
0.996742
0.996712
0.996683
0.996653
0.996624
0.996594
0.996565
0.996535
0.996506
0.996476
0.996447
0.996417
0.996387
0.996358
0.996328
0.996299
0.996269
0.99624
0.99621
0.99618
0.996151
0.996121
0.996091
0.996062
0.996032
0.996002
0.995973
0.995943
0.995913
0.995884
0.995854
0.995824
0.995795
0.995765
0.995735
0.995706
0.995676
0.995646
0.995616
0.995587
0.995557
0.995527
0.995497
0.995467
0.995438
0.995408
0.995378
0.995348
0.995318
0.995289
0.995259
0.995229
0.995199
0.995169
0.995139
0.995109
0.995079
0.99505
0.99502
0.99499
0.99496
0.99493
0.9949
0.99487
0.99484
0.99481
0.99478
0.99475
0.99472
0.99469
0.99466
0.99463
0.9946
0.99457
0.99454
0.99451
0.99448
0.99445
0.99442
0.99439
0.99436
0.99433
0.9943
0.99427
0.99424
0.99421
0.99418
0.994149
0.994119
0.994089
0.994059
0.994029
0.993999
0.993969
0.993938
0.993908
0.993878
0.993848
0.993818
0.993787
0.993757
0.993727
0.993697
0.993667
0.993636
0.993606
0.993576
0.993546
0.993515
0.993485
0.993455
0.993424
0.993394
0.993364
0.993333
0.993303
0.993273
0.993242
0.993212
0.993182
0.993151
0.993121
0.993091
0.99306
0.99303
0.992999
0.992969
0.992939
0.992908
0.992878
0.992847
0.992817
0.992786
0.992756
0.992726
0.992695
0.992665
0.992634
0.992604
0.992573
0.992543
0.992512
0.992481
0.992451
0.99242
0.99239
0.992359
0.992329
0.992298
0.992268
0.992237
0.992206
0.992176
0.992145
0.992115
0.992084
0.992053
0.992023
0.991992
0.991961
0.991931
0.9919
0.991869
0.991839
0.991808
0.991777
0.991746
0.991716
0.991685
0.991654
0.991623
0.991593
0.991562
0.991531
0.9915
0.99147
0.991439
0.991408
0.991377
0.991346
0.991316
0.991285
0.991254
0.991223
0.991192
0.991161
0.99113
0.9911
0.991069
0.991038
0.991007
0.990976
0.990945
0.990914
0.990883
0.990852
0.990821
0.99079
0.990759
0.990728
0.990697
0.990666
0.990635
0.990604
0.990573
0.990542
0.990511
0.99048
0.990449
0.990418
0.990387
0.990356
0.990325
0.990294
0.990263
0.990232
0.9902
0.990169
0.990138
0.990107
0.990076
0.990045
0.990014
0.989982
0.989951
0.98992
0.989889
0.989858
0.989826
0.989795
0.989764
0.989733
0.989701
0.98967
0.989639
0.989608
0.989576
0.989545
0.989514
0.989483
0.989451
0.98942
0.989389
0.989357
0.989326
0.989295
0.989263
0.989232
0.9892
0.989169
0.989138
0.989106
0.989075
0.989043
0.989012
0.988981
0.988949
0.988918
0.988886
0.988855
0.988823
0.988792
0.98876
0.988729
0.988697
0.988666
0.988634
0.988603
0.988571
0.98854
0.988508
0.988477
0.988445
0.988413
0.988382
0.98835
0.988319
0.988287
0.988255
0.988224
0.988192
0.98816
0.988129
0.988097
0.988065
0.988034
0.988002
0.98797
0.987939
0.987907
0.987875
0.987843
0.987812
0.98778
0.987748
0.987716
0.987685
0.987653
0.987621
0.987589
0.987558
0.987526
0.987494
0.987462
0.98743
0.987398
0.987366
0.987335
0.987303
0.987271
0.987239
0.987207
0.987175
0.987143
0.987111
0.987079
0.987047
0.987015
0.986983
0.986952
0.98692
0.986888
0.986856
0.986824
0.986792
0.98676
0.986727
0.986695
0.986663
0.986631
0.986599
0.986567
0.986535
0.986503
0.986471
0.986439
0.986407
0.986375
0.986342
0.98631
0.986278
0.986246
0.986214
0.986182
0.986149
0.986117
0.986085
0.986053
0.986021
0.985988
0.985956
0.985924
0.985892
0.985859
0.985827
0.985795
0.985762
0.98573
0.985698
0.985666
0.985633
0.985601
0.985569
0.985536
0.985504
0.985471
0.985439
0.985407
0.985374
0.985342
0.985309
0.985277
0.985245
0.985212
0.98518
0.985147
0.985115
0.985082
0.98505
0.985017
0.984985
0.984952
0.98492
0.984887
0.984855
0.984822
0.98479
0.984757
0.984724
0.984692
0.984659
0.984627
0.984594
0.984561
0.984529
0.984496
0.984464
0.984431
0.984398
0.984366
0.984333
0.9843
0.984267
0.984235
0.984202
0.984169
0.984137
0.984104
0.984071
0.984038
0.984005
0.983973
0.98394
0.983907
0.983874
0.983841
0.983809
0.983776
0.983743
0.98371
0.983677
0.983644
0.983611
0.983579
0.983546
0.983513
0.98348
0.983447
0.983414
0.983381
0.983348
0.983315
0.983282
0.983249
0.983216
0.983183
0.98315
0.983117
0.983084
0.983051
0.983018
0.982985
0.982952
0.982919
0.982886
0.982853
0.982819
0.982786
0.982753
0.98272
0.982687
0.982654
0.982621
0.982587
0.982554
0.982521
0.982488
0.982455
0.982421
0.982388
0.982355
0.982322
0.982288
0.982255
0.982222
0.982189
0.982155
0.982122
0.982089
0.982055
0.982022
0.981989
0.981955
0.981922
0.981889
0.981855
0.981822
0.981788
0.981755
0.981722
0.981688
0.981655
0.981621
0.981588
0.981554
0.981521
0.981487
0.981454
0.98142
0.981387
0.981353
0.98132
0.981286
0.981253
0.981219
0.981186
0.981152
0.981118
0.981085
0.981051
0.981018
0.980984
0.98095
0.980917
0.980883
0.980849
0.980816
0.980782
0.980748
0.980714
0.980681
0.980647
0.980613
0.98058
0.980546
0.980512
0.980478
0.980444
0.980411
0.980377
0.980343
0.980309
0.980275
0.980242
0.980208
0.980174
0.98014
0.980106
0.980072
0.980038
0.980004
0.97997
0.979936
0.979903
0.979869
0.979835
0.979801
0.979767
0.979733
0.979699
0.979665
0.979631
0.979597
0.979563
0.979528
0.979494
0.97946
0.979426
0.979392
0.979358
0.979324
0.97929
0.979256
0.979222
0.979187
0.979153
0.979119
0.979085
0.979051
0.979016
0.978982
0.978948
0.978914
0.978879
0.978845
0.978811
0.978777
0.978742
0.978708
0.978674
0.978639
0.978605
0.978571
0.978536
0.978502
0.978468
0.978433
0.978399
0.978365
0.97833
0.978296
0.978261
0.978227
0.978192
0.978158
0.978123
0.978089
0.978055
0.97802
0.977985
0.977951
0.977916
0.977882
0.977847
0.977813
0.977778
0.977744
0.977709
0.977674
0.97764
0.977605
0.977571
0.977536
0.977501
0.977467
0.977432
0.977397
0.977362
0.977328
0.977293
0.977258
0.977224
0.977189
0.977154
0.977119
0.977084
0.97705
0.977015
0.97698
0.976945
0.97691
0.976876
0.976841
0.976806
0.976771
0.976736
0.976701
0.976666
0.976631
0.976596
0.976561
0.976526
0.976492
0.976457
0.976422
0.976387
0.976352
0.976317
0.976282
0.976246
0.976211
0.976176
0.976141
0.976106
0.976071
0.976036
0.976001
0.975966
0.975931
0.975895
0.97586
0.975825
0.97579
0.975755
0.97572
0.975684
0.975649
0.975614
0.975579
0.975543
0.975508
0.975473
0.975438
0.975402
0.975367
0.975332
0.975296
0.975261
0.975226
0.97519
0.975155
0.975119
0.975084
0.975049
0.975013
0.974978
0.974942
0.974907
0.974871
0.974836
0.9748
0.974765
0.974729
0.974694
0.974658
0.974623
0.974587
0.974552
0.974516
0.974481
0.974445
0.974409
0.974374
0.974338
0.974302
0.974267
0.974231
0.974195
0.97416
0.974124
0.974088
0.974053
0.974017
0.973981
0.973945
0.97391
0.973874
0.973838
0.973802
0.973766
0.973731
0.973695
0.973659
0.973623
0.973587
0.973551
0.973515
0.97348
0.973444
0.973408
0.973372
0.973336
0.9733
0.973264
0.973228
0.973192
0.973156
0.97312
0.973084
0.973048
0.973012
0.972976
0.97294
0.972903
0.972867
0.972831
0.972795
0.972759
0.972723
0.972687
0.972651
0.972614
0.972578
0.972542
0.972506
0.972469
0.972433
0.972397
0.972361
0.972324
0.972288
0.972252
0.972216
0.972179
0.972143
0.972107
0.97207
0.972034
0.971997
0.971961
0.971925
0.971888
0.971852
0.971815
0.971779
0.971742
0.971706
0.971669
0.971633
0.971596
0.97156
0.971523
0.971487
0.97145
0.971414
0.971377
0.971341
0.971304
0.971267
0.971231
0.971194
0.971157
0.971121
0.971084
0.971047
0.971011
0.970974
0.970937
0.9709
0.970864
0.970827
0.97079
0.970753
0.970717
0.97068
0.970643
0.970606
0.970569
0.970532
0.970495
0.970459
0.970422
0.970385
0.970348
0.970311
0.970274
0.970237
0.9702
0.970163
0.970126
0.970089
0.970052
0.970015
0.969978
0.969941
0.969904
0.969867
0.96983
0.969793
0.969755
0.969718
0.969681
0.969644
0.969607
0.96957
0.969532
0.969495
0.969458
0.969421
0.969383
0.969346
0.969309
0.969272
0.969234
0.969197
0.96916
0.969122
0.969085
0.969048
0.96901
0.968973
0.968936
0.968898
0.968861
0.968823
0.968786
0.968748
0.968711
0.968673
0.968636
0.968598
0.968561
0.968523
0.968486
0.968448
0.968411
0.968373
0.968335
0.968298
0.96826
0.968223
0.968185
0.968147
0.96811
0.968072
0.968034
0.967996
0.967959
0.967921
0.967883
0.967845
0.967808
0.96777
0.967732
0.967694
0.967656
0.967619
0.967581
0.967543
0.967505
0.967467
0.967429
0.967391
0.967353
0.967315
0.967277
0.967239
0.967201
0.967163
0.967125
0.967087
0.967049
0.967011
0.966973
0.966935
0.966897
0.966859
0.966821
0.966782
0.966744
0.966706
0.966668
0.96663
0.966592
0.966553
0.966515
0.966477
0.966439
0.9664
0.966362
0.966324
0.966285
0.966247
0.966209
0.96617
0.966132
0.966094
0.966055
0.966017
0.965978
0.96594
0.965902
0.965863
0.965825
0.965786
0.965748
0.965709
0.965671
0.965632
0.965593
0.965555
0.965516
0.965478
0.965439
0.9654
0.965362
0.965323
0.965284
0.965246
0.965207
0.965168
0.96513
0.965091
0.965052
0.965013
0.964975
0.964936
0.964897
0.964858
0.964819
0.96478
0.964742
0.964703
0.964664
0.964625
0.964586
0.964547
0.964508
0.964469
0.96443
0.964391
0.964352
0.964313
0.964274
0.964235
0.964196
0.964157
0.964118
0.964079
0.96404
0.964
0.963961
0.963922
0.963883
0.963844
0.963805
0.963765
0.963726
0.963687
0.963648
0.963608
0.963569
0.96353
0.96349
0.963451
0.963412
0.963372
0.963333
0.963294
0.963254
0.963215
0.963175
0.963136
0.963096
0.963057
0.963017
0.962978
0.962938
0.962899
0.962859
0.96282
0.96278
0.96274
0.962701
0.962661
0.962622
0.962582
0.962542
0.962503
0.962463
0.962423
0.962383
0.962344
0.962304
0.962264
0.962224
0.962185
0.962145
0.962105
0.962065
0.962025
0.961985
0.961945
0.961905
0.961866
0.961826
0.961786
0.961746
0.961706
0.961666
0.961626
0.961586
0.961546
0.961506
0.961465
0.961425
0.961385
0.961345
0.961305
0.961265
0.961225
0.961184
0.961144
0.961104
0.961064
0.961024
0.960983
0.960943
0.960903
0.960862
0.960822
0.960782
0.960741
0.960701
0.960661
0.96062
0.96058
0.960539
0.960499
0.960458
0.960418
0.960378
0.960337
0.960296
0.960256
0.960215
0.960175
0.960134
0.960094
0.960053
0.960012
0.959972
0.959931
0.95989
0.95985
0.959809
0.959768
0.959727
0.959687
0.959646
0.959605
0.959564
0.959524
0.959483
0.959442
0.959401
0.95936
0.959319
0.959278
0.959237
0.959196
0.959155
0.959114
0.959073
0.959032
0.958991
0.95895
0.958909
0.958868
0.958827
0.958786
0.958745
0.958704
0.958662
0.958621
0.95858
0.958539
0.958498
0.958456
0.958415
0.958374
0.958333
0.958291
0.95825
0.958209
0.958167
0.958126
0.958084
0.958043
0.958002
0.95796
0.957919
0.957877
0.957836
0.957794
0.957753
0.957711
0.95767
0.957628
0.957586
0.957545
0.957503
0.957462
0.95742
0.957378
0.957337
0.957295
0.957253
0.957211
0.95717
0.957128
0.957086
0.957044
0.957002
0.956961
0.956919
0.956877
0.956835
0.956793
0.956751
0.956709
0.956667
0.956625
0.956583
0.956541
0.956499
0.956457
0.956415
0.956373
0.956331
0.956289
0.956247
0.956204
0.956162
0.95612
0.956078
0.956036
0.955993
0.955951
0.955909
0.955867
0.955824
0.955782
0.95574
0.955697
0.955655
0.955613
0.95557
0.955528
0.955485
0.955443
0.9554
0.955358
0.955315
0.955273
0.95523
0.955188
0.955145
0.955102
0.95506
0.955017
0.954974
0.954932
0.954889
0.954846
0.954804
0.954761
0.954718
0.954675
0.954633
0.95459
0.954547
0.954504
0.954461
0.954418
0.954375
0.954332
0.954289
0.954246
0.954203
0.95416
0.954117
0.954074
0.954031
0.953988
0.953945
0.953902
0.953859
0.953816
0.953773
0.953729
0.953686
0.953643
0.9536
0.953557
0.953513
0.95347
0.953427
0.953383
0.95334
0.953297
0.953253
0.95321
0.953166
0.953123
0.953079
0.953036
0.952992
0.952949
0.952905
0.952862
0.952818
0.952775
0.952731
0.952687
0.952644
0.9526
0.952556
0.952513
0.952469
0.952425
0.952381
0.952338
0.952294
0.95225
0.952206
0.952162
0.952118
0.952075
0.952031
0.951987
0.951943
0.951899
0.951855
0.951811
0.951767
0.951723
0.951679
0.951635
0.95159
0.951546
0.951502
0.951458
0.951414
0.95137
0.951325
0.951281
0.951237
0.951193
0.951148
0.951104
0.95106
0.951015
0.950971
0.950926
0.950882
0.950838
0.950793
0.950749
0.950704
0.95066
0.950615
0.950571
0.950526
0.950481
0.950437
0.950392
0.950347
0.950303
0.950258
0.950213
0.950169
0.950124
0.950079
0.950034
0.949989
0.949945
0.9499
0.949855
0.94981
0.949765
0.94972
0.949675
0.94963
0.949585
0.94954
0.949495
0.94945
0.949405
0.94936
0.949315
0.94927
0.949224
0.949179
0.949134
0.949089
0.949044
0.948998
0.948953
0.948908
0.948862
0.948817
0.948772
0.948726
0.948681
0.948635
0.94859
0.948545
0.948499
0.948454
0.948408
0.948362
0.948317
0.948271
0.948226
0.94818
0.948134
0.948089
0.948043
0.947997
0.947951
0.947906
0.94786
0.947814
0.947768
0.947722
0.947677
0.947631
0.947585
0.947539
0.947493
0.947447
0.947401
0.947355
0.947309
0.947263
0.947217
0.947171
0.947124
0.947078
0.947032
0.946986
0.94694
0.946893
0.946847
0.946801
0.946755
0.946708
0.946662
0.946616
0.946569
0.946523
0.946476
0.94643
0.946383
0.946337
0.94629
0.946244
0.946197
0.946151
0.946104
0.946058
0.946011
0.945964
0.945918
0.945871
0.945824
0.945777
0.945731
0.945684
0.945637
0.94559
0.945543
0.945496
0.945449
0.945402
0.945355
0.945308
0.945261
0.945214
0.945167
0.94512
0.945073
0.945026
0.944979
0.944932
0.944885
0.944837
0.94479
0.944743
0.944696
0.944648
0.944601
0.944554
0.944506
0.944459
0.944412
0.944364
0.944317
0.944269
0.944222
0.944174
0.944127
0.944079
0.944031
0.943984
0.943936
0.943889
0.943841
0.943793
0.943745
0.943698
0.94365
0.943602
0.943554
0.943506
0.943458
0.943411
0.943363
0.943315
0.943267
0.943219
0.943171
0.943123
0.943075
0.943027
0.942978
0.94293
0.942882
0.942834
0.942786
0.942738
0.942689
0.942641
0.942593
0.942544
0.942496
0.942448
0.942399
0.942351
0.942303
0.942254
0.942206
0.942157
0.942109
0.94206
0.942011
0.941963
0.941914
0.941865
0.941817
0.941768
0.941719
0.941671
0.941622
0.941573
0.941524
0.941475
0.941427
0.941378
0.941329
0.94128
0.941231
0.941182
0.941133
0.941084
0.941035
0.940986
0.940936
0.940887
0.940838
0.940789
0.94074
0.940691
0.940641
0.940592
0.940543
0.940493
0.940444
0.940395
0.940345
0.940296
0.940246
0.940197
0.940147
0.940098
0.940048
0.939999
0.939949
0.939899
0.93985
0.9398
0.93975
0.939701
0.939651
0.939601
0.939551
0.939501
0.939451
0.939402
0.939352
0.939302
0.939252
0.939202
0.939152
0.939102
0.939052
0.939002
0.938951
0.938901
0.938851
0.938801
0.938751
0.9387
0.93865
0.9386
0.93855
0.938499
0.938449
0.938398
0.938348
0.938298
0.938247
0.938197
0.938146
0.938095
0.938045
0.937994
0.937944
0.937893
0.937842
0.937792
0.937741
0.93769
0.937639
0.937589
0.937538
0.937487
0.937436
0.937385
0.937334
0.937283
0.937232
0.937181
0.93713
0.937079
0.937028
0.936977
0.936926
0.936874
0.936823
0.936772
0.936721
0.936669
0.936618
0.936567
0.936515
0.936464
0.936412
0.936361
0.93631
0.936258
0.936207
0.936155
0.936103
0.936052
0.936
0.935948
0.935897
0.935845
0.935793
0.935742
0.93569
0.935638
0.935586
0.935534
0.935482
0.93543
0.935378
0.935326
0.935274
0.935222
0.93517
0.935118
0.935066
0.935014
0.934962
0.934909
0.934857
0.934805
0.934753
0.9347
0.934648
0.934596
0.934543
0.934491
0.934438
0.934386
0.934333
0.934281
0.934228
0.934176
0.934123
0.93407
0.934018
0.933965
0.933912
0.933859
0.933807
0.933754
0.933701
0.933648
0.933595
0.933542
0.933489
0.933436
0.933383
0.93333
0.933277
0.933224
0.933171
0.933118
0.933065
0.933011
0.932958
0.932905
0.932851
0.932798
0.932745
0.932691
0.932638
0.932585
0.932531
0.932478
0.932424
0.93237
0.932317
0.932263
0.93221
0.932156
0.932102
0.932049
0.931995
0.931941
0.931887
0.931833
0.931779
0.931726
0.931672
0.931618
0.931564
0.93151
0.931456
0.931401
0.931347
0.931293
0.931239
0.931185
0.931131
0.931076
0.931022
0.930968
0.930913
0.930859
0.930805
0.93075
0.930696
0.930641
0.930587
0.930532
0.930478
0.930423
0.930368
0.930314
0.930259
0.930204
0.93015
0.930095
0.93004
0.929985
0.92993
0.929875
0.92982
0.929765
0.92971
0.929655
0.9296
0.929545
0.92949
0.929435
0.92938
0.929325
0.929269
0.929214
0.929159
0.929103
0.929048
0.928993
0.928937
0.928882
0.928826
0.928771
0.928715
0.92866
0.928604
0.928549
0.928493
0.928437
0.928382
0.928326
0.92827
0.928214
0.928158
0.928102
0.928047
0.927991
0.927935
0.927879
0.927823
0.927767
0.92771
0.927654
0.927598
0.927542
0.927486
0.92743
0.927373
0.927317
0.927261
0.927204
0.927148
0.927091
0.927035
0.926979
0.926922
0.926865
0.926809
0.926752
0.926696
0.926639
0.926582
0.926526
0.926469
0.926412
0.926355
0.926298
0.926241
0.926184
0.926127
0.92607
0.926013
0.925956
0.925899
0.925842
0.925785
0.925728
0.925671
0.925613
0.925556
0.925499
0.925442
0.925384
0.925327
0.925269
0.925212
0.925154
0.925097
0.925039
0.924982
0.924924
0.924866
0.924809
0.924751
0.924693
0.924635
0.924578
0.92452
0.924462
0.924404
0.924346
0.924288
0.92423
0.924172
0.924114
0.924056
0.923998
0.92394
0.923881
0.923823
0.923765
0.923706
0.923648
0.92359
0.923531
0.923473
0.923415
0.923356
0.923297
0.923239
0.92318
0.923122
0.923063
0.923004
0.922946
0.922887
0.922828
0.922769
0.92271
0.922651
0.922593
0.922534
0.922475
0.922416
0.922357
0.922297
0.922238
0.922179
0.92212
0.922061
0.922002
0.921942
0.921883
0.921824
0.921764
0.921705
0.921645
0.921586
0.921526
0.921467
0.921407
0.921348
0.921288
0.921228
0.921168
0.921109
0.921049
0.920989
0.920929
0.920869
0.920809
0.92075
0.92069
0.920629
0.920569
0.920509
0.920449
0.920389
0.920329
0.920269
0.920208
0.920148
0.920088
0.920027
0.919967
0.919907
0.919846
0.919786
0.919725
0.919665
0.919604
0.919543
0.919483
0.919422
0.919361
0.9193
0.91924
0.919179
0.919118
0.919057
0.918996
0.918935
0.918874
0.918813
0.918752
0.918691
0.91863
0.918568
0.918507
0.918446
0.918385
0.918323
0.918262
0.918201
0.918139
0.918078
0.918016
0.917955
0.917893
0.917832
0.91777
0.917708
0.917647
0.917585
0.917523
0.917461
0.917399
0.917338
0.917276
0.917214
0.917152
0.91709
0.917028
0.916966
0.916903
0.916841
0.916779
0.916717
0.916655
0.916592
0.91653
0.916468
0.916405
0.916343
0.91628
0.916218
0.916155
0.916093
0.91603
0.915967
0.915905
0.915842
0.915779
0.915716
0.915653
0.915591
0.915528
0.915465
0.915402
0.915339
0.915276
0.915213
0.915149
0.915086
0.915023
0.91496
0.914897
0.914833
0.91477
0.914707
0.914643
0.91458
0.914516
0.914453
0.914389
0.914326
0.914262
0.914198
0.914135
0.914071
0.914007
0.913943
0.91388
0.913816
0.913752
0.913688
0.913624
0.91356
0.913496
0.913432
0.913367
0.913303
0.913239
0.913175
0.913111
0.913046
0.912982
0.912918
0.912853
0.912789
0.912724
0.91266
0.912595
0.91253
0.912466
0.912401
0.912336
0.912272
0.912207
0.912142
0.912077
0.912012
0.911947
0.911882
0.911817
0.911752
0.911687
0.911622
0.911557
0.911492
0.911426
0.911361
0.911296
0.91123
0.911165
0.9111
0.911034
0.910969
0.910903
0.910838
0.910772
0.910706
0.910641
0.910575
0.910509
0.910443
0.910377
0.910312
0.910246
0.91018
0.910114
0.910048
0.909982
0.909915
0.909849
0.909783
0.909717
0.909651
0.909584
0.909518
0.909452
0.909385
0.909319
0.909252
0.909186
0.909119
0.909053
0.908986
0.908919
0.908853
0.908786
0.908719
0.908652
0.908585
0.908519
0.908452
0.908385
0.908318
0.908251
0.908183
0.908116
0.908049
0.907982
0.907915
0.907847
0.90778
0.907713
0.907645
0.907578
0.90751
0.907443
0.907375
0.907308
0.90724
0.907172
0.907105
0.907037
0.906969
0.906901
0.906833
0.906766
0.906698
0.90663
0.906562
0.906493
0.906425
0.906357
0.906289
0.906221
0.906153
0.906084
0.906016
0.905948
0.905879
0.905811
0.905742
0.905674
0.905605
0.905536
0.905468
0.905399
0.90533
0.905262
0.905193
0.905124
0.905055
0.904986
0.904917
0.904848
0.904779
0.90471
0.904641
0.904572
0.904503
0.904433
0.904364
0.904295
0.904225
0.904156
0.904086
0.904017
0.903947
0.903878
0.903808
0.903739
0.903669
0.903599
0.903529
0.90346
0.90339
0.90332
0.90325
0.90318
0.90311
0.90304
0.90297
0.9029
0.90283
0.902759
0.902689
0.902619
0.902549
0.902478
0.902408
0.902337
0.902267
0.902196
0.902126
0.902055
0.901984
0.901914
0.901843
0.901772
0.901701
0.901631
0.90156
0.901489
0.901418
0.901347
0.901276
0.901205
0.901133
0.901062
0.900991
0.90092
0.900848
0.900777
0.900706
0.900634
0.900563
0.900491
0.90042
0.900348
0.900276
0.900205
0.900133
0.900061
0.89999
0.899918
0.899846
0.899774
0.899702
0.89963
0.899558
0.899486
0.899414
0.899341
0.899269
0.899197
0.899125
0.899052
0.89898
0.898907
0.898835
0.898763
0.89869
0.898617
0.898545
0.898472
0.898399
0.898327
0.898254
0.898181
0.898108
0.898035
0.897962
0.897889
0.897816
0.897743
0.89767
0.897597
0.897523
0.89745
0.897377
0.897304
0.89723
0.897157
0.897083
0.89701
0.896936
0.896863
0.896789
0.896715
0.896641
0.896568
0.896494
0.89642
0.896346
0.896272
0.896198
0.896124
0.89605
0.895976
0.895902
0.895828
0.895753
0.895679
0.895605
0.89553
0.895456
0.895382
0.895307
0.895233
0.895158
0.895083
0.895009
0.894934
0.894859
0.894784
0.89471
0.894635
0.89456
0.894485
0.89441
0.894335
0.89426
0.894184
0.894109
0.894034
0.893959
0.893883
0.893808
0.893733
0.893657
0.893582
0.893506
0.893431
0.893355
0.893279
0.893204
0.893128
0.893052
0.892976
0.8929
0.892824
0.892748
0.892672
0.892596
0.89252
0.892444
0.892368
0.892292
0.892215
0.892139
0.892063
0.891986
0.89191
0.891833
0.891757
0.89168
0.891603
0.891527
0.89145
0.891373
0.891296
0.89122
0.891143
0.891066
0.890989
0.890912
0.890835
0.890758
0.89068
0.890603
0.890526
0.890449
0.890371
0.890294
0.890216
0.890139
0.890061
0.889984
0.889906
0.889829
0.889751
0.889673
0.889595
0.889517
0.88944
0.889362
0.889284
0.889206
0.889128
0.889049
0.888971
0.888893
0.888815
0.888737
0.888658
0.88858
0.888501
0.888423
0.888344
0.888266
0.888187
0.888109
0.88803
0.887951
0.887872
0.887794
0.887715
0.887636
0.887557
0.887478
0.887399
0.88732
0.88724
0.887161
0.887082
0.887003
0.886923
0.886844
0.886765
0.886685
0.886606
0.886526
0.886446
0.886367
0.886287
0.886207
0.886128
0.886048
0.885968
0.885888
0.885808
0.885728
0.885648
0.885568
0.885487
0.885407
0.885327
0.885247
0.885166
0.885086
0.885006
0.884925
0.884845
0.884764
0.884683
0.884603
0.884522
0.884441
0.88436
0.884279
0.884199
0.884118
0.884037
0.883956
0.883874
0.883793
0.883712
0.883631
0.88355
0.883468
0.883387
0.883305
0.883224
0.883142
0.883061
0.882979
0.882898
0.882816
0.882734
0.882652
0.882571
0.882489
0.882407
0.882325
0.882243
0.882161
0.882078
0.881996
0.881914
0.881832
0.881749
0.881667
0.881585
0.881502
0.88142
0.881337
0.881254
0.881172
0.881089
0.881006
0.880924
0.880841
0.880758
0.880675
0.880592
0.880509
0.880426
0.880343
0.880259
0.880176
0.880093
0.88001
0.879926
0.879843
0.879759
0.879676
0.879592
0.879509
0.879425
0.879341
0.879258
0.879174
0.87909
0.879006
0.878922
0.878838
0.878754
0.87867
0.878586
0.878502
0.878417
0.878333
0.878249
0.878164
0.87808
0.877995
0.877911
0.877826
0.877742
0.877657
0.877572
0.877487
0.877403
0.877318
0.877233
0.877148
0.877063
0.876978
0.876892
0.876807
0.876722
0.876637
0.876552
0.876466
0.876381
0.876295
0.87621
0.876124
0.876039
0.875953
0.875867
0.875781
0.875696
0.87561
0.875524
0.875438
0.875352
0.875266
0.87518
0.875093
0.875007
0.874921
0.874835
0.874748
0.874662
0.874575
0.874489
0.874402
0.874316
0.874229
0.874142
0.874056
0.873969
0.873882
0.873795
0.873708
0.873621
0.873534
0.873447
0.87336
0.873273
0.873185
0.873098
0.873011
0.872923
0.872836
0.872748
0.872661
0.872573
0.872485
0.872398
0.87231
0.872222
0.872134
0.872046
0.871958
0.87187
0.871782
0.871694
0.871606
0.871518
0.871429
0.871341
0.871253
0.871164
0.871076
0.870987
0.870899
0.87081
0.870721
0.870633
0.870544
0.870455
0.870366
0.870277
0.870188
0.870099
0.87001
0.869921
0.869832
0.869742
0.869653
0.869564
0.869474
0.869385
0.869295
0.869206
0.869116
0.869027
0.868937
0.868847
0.868757
0.868667
0.868577
0.868488
0.868397
0.868307
0.868217
0.868127
0.868037
0.867947
0.867856
0.867766
0.867675
0.867585
0.867494
0.867404
0.867313
0.867222
0.867132
0.867041
0.86695
0.866859
0.866768
0.866677
0.866586
0.866495
0.866404
0.866313
0.866221
0.86613
0.866039
0.865947
0.865856
0.865764
0.865673
0.865581
0.865489
0.865397
0.865306
0.865214
0.865122
0.86503
0.864938
0.864846
0.864754
0.864661
0.864569
0.864477
0.864385
0.864292
0.8642
0.864107
0.864015
0.863922
0.86383
0.863737
0.863644
0.863551
0.863458
0.863365
0.863272
0.863179
0.863086
0.862993
0.8629
0.862807
0.862713
0.86262
0.862527
0.862433
0.86234
0.862246
0.862153
0.862059
0.861965
0.861871
0.861778
0.861684
0.86159
0.861496
0.861402
0.861308
0.861213
0.861119
0.861025
0.860931
0.860836
0.860742
0.860647
0.860553
0.860458
0.860364
0.860269
0.860174
0.860079
0.859984
0.859889
0.859794
0.859699
0.859604
0.859509
0.859414
0.859319
0.859223
0.859128
0.859033
0.858937
0.858842
0.858746
0.85865
0.858555
0.858459
0.858363
0.858267
0.858171
0.858075
0.857979
0.857883
0.857787
0.857691
0.857595
0.857499
0.857402
0.857306
0.857209
0.857113
0.857016
0.85692
0.856823
0.856726
0.856629
0.856533
0.856436
0.856339
0.856242
0.856145
0.856047
0.85595
0.855853
0.855756
0.855658
0.855561
0.855463
0.855366
0.855268
0.855171
0.855073
0.854975
0.854877
0.85478
0.854682
0.854584
0.854486
0.854388
0.854289
0.854191
0.854093
0.853995
0.853896
0.853798
0.853699
0.853601
0.853502
0.853404
0.853305
0.853206
0.853107
0.853008
0.85291
0.852811
0.852711
0.852612
0.852513
0.852414
0.852315
0.852215
0.852116
0.852017
0.851917
0.851818
0.851718
0.851618
0.851518
0.851419
0.851319
0.851219
0.851119
0.851019
0.850919
0.850819
0.850719
0.850618
0.850518
0.850418
0.850317
0.850217
0.850116
0.850016
0.849915
0.849814
0.849713
0.849613
0.849512
0.849411
0.84931
0.849209
0.849108
0.849006
0.848905
0.848804
0.848703
0.848601
0.8485
0.848398
0.848297
0.848195
0.848093
0.847992
0.84789
0.847788
0.847686
0.847584
0.847482
0.84738
0.847278
0.847175
0.847073
0.846971
0.846868
0.846766
0.846663
0.846561
0.846458
0.846355
0.846253
0.84615
0.846047
0.845944
0.845841
0.845738
0.845635
0.845532
0.845429
0.845325
0.845222
0.845119
0.845015
0.844912
0.844808
0.844704
0.844601
0.844497
0.844393
0.844289
0.844185
0.844081
0.843977
0.843873
0.843769
0.843665
0.84356
0.843456
0.843352
0.843247
0.843143
0.843038
0.842933
0.842829
0.842724
0.842619
0.842514
0.842409
0.842304
0.842199
0.842094
0.841989
0.841883
0.841778
0.841673
0.841567
0.841462
0.841356
0.841251
0.841145
0.841039
0.840933
0.840828
0.840722
0.840616
0.84051
0.840404
0.840297
0.840191
0.840085
0.839979
0.839872
0.839766
0.839659
0.839553
0.839446
0.839339
0.839232
0.839126
0.839019
0.838912
0.838805
0.838698
0.83859
0.838483
0.838376
0.838269
0.838161
0.838054
0.837946
0.837839
0.837731
0.837623
0.837516
0.837408
0.8373
0.837192
0.837084
0.836976
0.836868
0.83676
0.836651
0.836543
0.836435
0.836326
0.836218
0.836109
0.836001
0.835892
0.835783
0.835674
0.835566
0.835457
0.835348
0.835239
0.835129
0.83502
0.834911
0.834802
0.834692
0.834583
0.834473
0.834364
0.834254
0.834145
0.834035
0.833925
0.833815
0.833705
0.833595
0.833485
0.833375
0.833265
0.833155
0.833044
0.832934
0.832824
0.832713
0.832603
0.832492
0.832381
0.83227
0.83216
0.832049
0.831938
0.831827
0.831716
0.831605
0.831493
0.831382
0.831271
0.831159
0.831048
0.830937
0.830825
0.830713
0.830602
0.83049
0.830378
0.830266
0.830154
0.830042
0.82993
0.829818
0.829706
0.829593
0.829481
0.829369
0.829256
0.829144
0.829031
0.828918
0.828806
0.828693
0.82858
0.828467
0.828354
0.828241
0.828128
0.828015
0.827902
0.827788
0.827675
0.827562
0.827448
0.827334
0.827221
0.827107
0.826993
0.82688
0.826766
0.826652
0.826538
0.826424
0.826309
0.826195
0.826081
0.825967
0.825852
0.825738
0.825623
0.825509
0.825394
0.825279
0.825164
0.82505
0.824935
0.82482
0.824705
0.82459
0.824474
0.824359
0.824244
0.824128
0.824013
0.823897
0.823782
0.823666
0.82355
0.823435
0.823319
0.823203
0.823087
0.822971
0.822855
0.822739
0.822622
0.822506
0.82239
0.822273
0.822157
0.82204
0.821924
0.821807
0.82169
0.821573
0.821456
0.821339
0.821222
0.821105
0.820988
0.820871
0.820753
0.820636
0.820519
0.820401
0.820284
0.820166
0.820048
0.81993
0.819813
0.819695
0.819577
0.819459
0.819341
0.819222
0.819104
0.818986
0.818867
0.818749
0.818631
0.818512
0.818393
0.818275
0.818156
0.818037
0.817918
0.817799
0.81768
0.817561
0.817442
0.817322
0.817203
0.817084
0.816964
0.816845
0.816725
0.816606
0.816486
0.816366
0.816246
0.816126
0.816006
0.815886
0.815766
0.815646
0.815526
0.815405
0.815285
0.815164
0.815044
0.814923
0.814803
0.814682
0.814561
0.81444
0.814319
0.814198
0.814077
0.813956
0.813835
0.813713
0.813592
0.813471
0.813349
0.813227
0.813106
0.812984
0.812862
0.81274
0.812619
0.812497
0.812375
0.812252
0.81213
0.812008
0.811886
0.811763
0.811641
0.811518
0.811396
0.811273
0.81115
0.811027
0.810904
0.810782
0.810658
0.810535
0.810412
0.810289
0.810166
0.810042
0.809919
0.809795
0.809672
0.809548
0.809424
0.809301
0.809177
0.809053
0.808929
0.808805
0.808681
0.808556
0.808432
0.808308
0.808183
0.808059
0.807934
0.80781
0.807685
0.80756
0.807435
0.80731
0.807185
0.80706
0.806935
0.80681
0.806685
0.806559
0.806434
0.806308
0.806183
0.806057
0.805932
0.805806
0.80568
0.805554
0.805428
0.805302
0.805176
0.80505
0.804923
0.804797
0.804671
0.804544
0.804418
0.804291
0.804164
0.804038
0.803911
0.803784
0.803657
0.80353
0.803403
0.803276
0.803148
0.803021
0.802894
0.802766
0.802638
0.802511
0.802383
0.802255
0.802128
0.802
0.801872
0.801744
0.801615
0.801487
0.801359
0.801231
0.801102
0.800974
0.800845
0.800717
0.800588
0.800459
0.80033
0.800201
0.800072
0.799943
0.799814
0.799685
0.799556
0.799426
0.799297
0.799167
0.799038
0.798908
0.798778
0.798648
0.798519
0.798389
0.798259
0.798129
0.797998
0.797868
0.797738
0.797607
0.797477
0.797346
0.797216
0.797085
0.796954
0.796824
0.796693
0.796562
0.796431
0.7963
0.796168
0.796037
0.795906
0.795774
0.795643
0.795511
0.79538
0.795248
0.795116
0.794984
0.794852
0.79472
0.794588
0.794456
0.794324
0.794192
0.794059
0.793927
0.793794
0.793662
0.793529
0.793396
0.793263
0.79313
0.792997
0.792864
0.792731
0.792598
0.792465
0.792331
0.792198
0.792065
0.791931
0.791797
0.791664
0.79153
0.791396
0.791262
0.791128
0.790994
0.79086
0.790725
0.790591
0.790457
0.790322
0.790188
0.790053
0.789918
0.789784
0.789649
0.789514
0.789379
0.789244
0.789109
0.788973
0.788838
0.788703
0.788567
0.788432
0.788296
0.78816
0.788025
0.787889
0.787753
0.787617
0.787481
0.787345
0.787208
0.787072
0.786936
0.786799
0.786663
0.786526
0.78639
0.786253
0.786116
0.785979
0.785842
0.785705
0.785568
0.785431
0.785293
0.785156
0.785019
0.784881
0.784743
0.784606
0.784468
0.78433
0.784192
0.784054
0.783916
0.783778
0.78364
0.783502
0.783363
0.783225
0.783086
0.782948
0.782809
0.78267
0.782531
0.782393
0.782254
0.782115
0.781975
0.781836
0.781697
0.781557
0.781418
0.781279
0.781139
0.780999
0.780859
0.78072
0.78058
0.78044
0.7803
0.780159
0.780019
0.779879
0.779739
0.779598
0.779458
0.779317
0.779176
0.779035
0.778895
0.778754
0.778613
0.778472
0.77833
0.778189
0.778048
0.777906
0.777765
0.777623
0.777482
0.77734
0.777198
0.777056
0.776914
0.776772
0.77663
0.776488
0.776346
0.776203
0.776061
0.775918
0.775776
0.775633
0.77549
0.775347
0.775205
0.775062
0.774919
0.774775
0.774632
0.774489
0.774345
0.774202
0.774058
0.773915
0.773771
0.773627
0.773483
0.773339
0.773195
0.773051
0.772907
0.772763
0.772619
0.772474
0.77233
0.772185
0.77204
0.771896
0.771751
0.771606
0.771461
0.771316
0.771171
0.771025
0.77088
0.770735
0.770589
0.770444
0.770298
0.770152
0.770007
0.769861
0.769715
0.769569
0.769423
0.769276
0.76913
0.768984
0.768837
0.768691
0.768544
0.768397
0.768251
0.768104
0.767957
0.76781
0.767663
0.767516
0.767368
0.767221
0.767074
0.766926
0.766778
0.766631
0.766483
0.766335
0.766187
0.766039
0.765891
0.765743
0.765595
0.765446
0.765298
0.76515
0.765001
0.764852
0.764704
0.764555
0.764406
0.764257
0.764108
0.763959
0.76381
0.76366
0.763511
0.763361
0.763212
0.763062
0.762912
0.762763
0.762613
0.762463
0.762313
0.762163
0.762012
0.761862
0.761712
0.761561
0.761411
0.76126
0.761109
0.760958
0.760808
0.760657
0.760506
0.760354
0.760203
0.760052
0.759901
0.759749
0.759598
0.759446
0.759294
0.759142
0.758991
0.758839
0.758686
0.758534
0.758382
0.75823
0.758077
0.757925
0.757772
0.75762
0.757467
0.757314
0.757161
0.757008
0.756855
0.756702
0.756549
0.756396
0.756242
0.756089
0.755935
0.755782
0.755628
0.755474
0.75532
0.755166
0.755012
0.754858
0.754704
0.754549
0.754395
0.75424
0.754086
0.753931
0.753776
0.753621
0.753467
0.753312
0.753156
0.753001
0.752846
0.752691
0.752535
0.75238
0.752224
0.752068
0.751913
0.751757
0.751601
0.751445
0.751289
0.751132
0.750976
0.75082
0.750663
0.750507
0.75035
0.750193
0.750037
0.74988
0.749723
0.749566
0.749409
0.749251
0.749094
0.748937
0.748779
0.748622
0.748464
0.748306
0.748148
0.74799
0.747832
0.747674
0.747516
0.747358
0.747199
0.747041
0.746882
0.746724
0.746565
0.746406
0.746247
0.746088
0.745929
0.74577
0.745611
0.745452
0.745292
0.745133
0.744973
0.744814
0.744654
0.744494
0.744334
0.744174
0.744014
0.743854
0.743694
0.743533
0.743373
0.743212
0.743052
0.742891
0.74273
0.742569
0.742408
0.742247
0.742086
0.741925
0.741763
0.741602
0.74144
0.741279
0.741117
0.740955
0.740794
0.740632
0.74047
0.740307
0.740145
0.739983
0.739821
0.739658
0.739496
0.739333
0.73917
0.739007
0.738844
0.738681
0.738518
0.738355
0.738192
0.738029
0.737865
0.737702
0.737538
0.737374
0.73721
0.737046
0.736882
0.736718
0.736554
0.73639
0.736226
0.736061
0.735897
0.735732
0.735567
0.735403
0.735238
0.735073
0.734908
0.734743
0.734577
0.734412
0.734247
0.734081
0.733915
0.73375
0.733584
0.733418
0.733252
0.733086
0.73292
0.732754
0.732587
0.732421
0.732255
0.732088
0.731921
0.731755
0.731588
0.731421
0.731254
0.731087
0.730919
0.730752
0.730585
0.730417
0.73025
0.730082
0.729914
0.729746
0.729578
0.72941
0.729242
0.729074
0.728906
0.728737
0.728569
0.7284
0.728232
0.728063
0.727894
0.727725
0.727556
0.727387
0.727218
0.727048
0.726879
0.726709
0.72654
0.72637
0.7262
0.72603
0.725861
0.725691
0.72552
0.72535
0.72518
0.725009
0.724839
0.724668
0.724498
0.724327
0.724156
0.723985
0.723814
0.723643
0.723472
0.7233
0.723129
0.722957
0.722786
0.722614
0.722442
0.72227
0.722098
0.721926
0.721754
0.721582
0.721409
0.721237
0.721065
0.720892
0.720719
0.720546
0.720373
0.7202
0.720027
0.719854
0.719681
0.719508
0.719334
0.71916
0.718987
0.718813
0.718639
0.718465
0.718291
0.718117
0.717943
0.717769
0.717594
0.71742
0.717245
0.71707
0.716896
0.716721
0.716546
0.716371
0.716196
0.71602
0.715845
0.71567
0.715494
0.715319
0.715143
0.714967
0.714791
0.714615
0.714439
0.714263
0.714087
0.71391
0.713734
0.713557
0.713381
0.713204
0.713027
0.71285
0.712673
0.712496
0.712319
0.712141
0.711964
0.711786
0.711609
0.711431
0.711253
0.711075
0.710897
0.710719
0.710541
0.710363
0.710185
0.710006
0.709828
0.709649
0.70947
0.709291
0.709112
0.708933
0.708754
0.708575
0.708396
0.708216
0.708037
0.707857
0.707677
0.707498
0.707318
0.707138
0.706958
0.706778
0.706597
0.706417
0.706236
0.706056
0.705875
0.705694
0.705514
0.705333
0.705152
0.70497
0.704789
0.704608
0.704426
0.704245
0.704063
0.703882
0.7037
0.703518
0.703336
0.703154
0.702972
0.702789
0.702607
0.702424
0.702242
0.702059
0.701876
0.701693
0.70151
0.701327
0.701144
0.700961
0.700778
0.700594
0.700411
0.700227
0.700043
0.699859
0.699675
0.699491
0.699307
0.699123
0.698939
0.698754
0.69857
0.698385
0.6982
0.698015
0.697831
0.697646
0.69746
0.697275
0.69709
0.696904
0.696719
0.696533
0.696348
0.696162
0.695976
0.69579
0.695604
0.695418
0.695231
0.695045
0.694858
0.694672
0.694485
0.694298
0.694112
0.693925
0.693737
0.69355
0.693363
0.693176
0.692988
0.692801
0.692613
0.692425
0.692237
0.692049
0.691861
0.691673
0.691485
0.691296
0.691108
0.690919
0.690731
0.690542
0.690353
0.690164
0.689975
0.689786
0.689597
0.689407
0.689218
0.689028
0.688839
0.688649
0.688459
0.688269
0.688079
0.687889
0.687699
0.687508
0.687318
0.687127
0.686937
0.686746
0.686555
0.686364
0.686173
0.685982
0.685791
0.685599
0.685408
0.685216
0.685025
0.684833
0.684641
0.684449
0.684257
0.684065
0.683872
0.68368
0.683488
0.683295
0.683102
0.68291
0.682717
0.682524
0.682331
0.682138
0.681944
0.681751
0.681558
0.681364
0.68117
0.680977
0.680783
0.680589
0.680395
0.6802
0.680006
0.679812
0.679617
0.679423
0.679228
0.679033
0.678838
0.678643
0.678448
0.678253
0.678058
0.677862
0.677667
0.677471
0.677276
0.67708
0.676884
0.676688
0.676492
0.676296
0.676099
0.675903
0.675706
0.67551
0.675313
0.675116
0.674919
0.674722
0.674525
0.674328
0.674131
0.673933
0.673736
0.673538
0.67334
0.673143
0.672945
0.672747
0.672548
0.67235
0.672152
0.671953
0.671755
0.671556
0.671357
0.671159
0.67096
0.67076
0.670561
0.670362
0.670163
0.669963
0.669764
0.669564
0.669364
0.669164
0.668964
0.668764
0.668564
0.668364
0.668163
0.667963
0.667762
0.667561
0.667361
0.66716
0.666959
0.666757
0.666556
0.666355
0.666153
0.665952
0.66575
0.665548
0.665347
0.665145
0.664943
0.66474
0.664538
0.664336
0.664133
0.663931
0.663728
0.663525
0.663322
0.663119
0.662916
0.662713
0.66251
0.662306
0.662103
0.661899
0.661695
0.661491
0.661287
0.661083
0.660879
0.660675
0.660471
0.660266
0.660062
0.659857
0.659652
0.659447
0.659242
0.659037
0.658832
0.658627
0.658421
0.658216
0.65801
0.657804
0.657599
0.657393
0.657187
0.65698
0.656774
0.656568
0.656361
0.656155
0.655948
0.655741
0.655535
0.655328
0.65512
0.654913
0.654706
0.654499
0.654291
0.654083
0.653876
0.653668
0.65346
0.653252
0.653044
0.652835
0.652627
0.652419
0.65221
0.652001
0.651793
0.651584
0.651375
0.651166
0.650956
0.650747
0.650538
0.650328
0.650119
0.649909
0.649699
0.649489
0.649279
0.649069
0.648858
0.648648
0.648438
0.648227
0.648016
0.647806
0.647595
0.647384
0.647172
0.646961
0.64675
0.646538
0.646327
0.646115
0.645903
0.645692
0.64548
0.645268
0.645055
0.644843
0.644631
0.644418
0.644206
0.643993
0.64378
0.643567
0.643354
0.643141
0.642928
0.642714
0.642501
0.642287
0.642073
0.64186
0.641646
0.641432
0.641218
0.641003
0.640789
0.640575
0.64036
0.640145
0.639931
0.639716
0.639501
0.639286
0.63907
0.638855
0.63864
0.638424
0.638209
0.637993
0.637777
0.637561
0.637345
0.637129
0.636912
0.636696
0.63648
0.636263
0.636046
0.635829
0.635613
0.635396
0.635178
0.634961
0.634744
0.634526
0.634309
0.634091
0.633873
0.633655
0.633437
0.633219
0.633001
0.632783
0.632564
0.632346
0.632127
0.631908
0.631689
0.63147
0.631251
0.631032
0.630813
0.630593
0.630374
0.630154
0.629934
0.629714
0.629494
0.629274
0.629054
0.628834
0.628613
0.628393
0.628172
0.627952
0.627731
0.62751
0.627289
0.627068
0.626846
0.626625
0.626403
0.626182
0.62596
0.625738
0.625516
0.625294
0.625072
0.62485
0.624627
0.624405
0.624182
0.62396
0.623737
0.623514
0.623291
0.623068
0.622844
0.622621
0.622398
0.622174
0.62195
0.621726
0.621503
0.621279
0.621054
0.62083
0.620606
0.620381
0.620157
0.619932
0.619707
0.619482
0.619257
0.619032
0.618807
0.618582
0.618356
0.618131
0.617905
0.617679
0.617453
0.617227
0.617001
0.616775
0.616548
0.616322
0.616095
0.615869
0.615642
0.615415
0.615188
0.614961
0.614734
0.614506
0.614279
0.614051
0.613824
0.613596
0.613368
0.61314
0.612912
0.612684
0.612455
0.612227
0.611998
0.61177
0.611541
0.611312
0.611083
0.610854
0.610625
0.610395
0.610166
0.609936
0.609706
0.609477
0.609247
0.609017
0.608787
0.608556
0.608326
0.608096
0.607865
0.607634
0.607404
0.607173
0.606942
0.606711
0.606479
0.606248
0.606017
0.605785
0.605553
0.605321
0.60509
0.604858
0.604625
0.604393
0.604161
0.603928
0.603696
0.603463
0.60323
0.602997
0.602764
0.602531
0.602298
0.602065
0.601831
0.601598
0.601364
0.60113
0.600896
0.600662
0.600428
0.600194
0.599959
0.599725
0.59949
0.599256
0.599021
0.598786
0.598551
0.598316
0.59808
0.597845
0.597609
0.597374
0.597138
0.596902
0.596666
0.59643
0.596194
0.595958
0.595721
0.595485
0.595248
0.595012
0.594775
0.594538
0.594301
0.594063
0.593826
0.593589
0.593351
0.593114
0.592876
0.592638
0.5924
0.592162
0.591924
0.591685
0.591447
0.591209
0.59097
0.590731
0.590492
0.590253
0.590014
0.589775
0.589536
0.589296
0.589057
0.588817
0.588577
0.588337
0.588097
0.587857
0.587617
0.587377
0.587136
0.586896
0.586655
0.586414
0.586173
0.585932
0.585691
0.58545
0.585208
0.584967
0.584725
0.584484
0.584242
0.584
0.583758
0.583516
0.583273
0.583031
0.582788
0.582546
0.582303
0.58206
0.581817
0.581574
0.581331
0.581088
0.580844
0.580601
0.580357
0.580113
0.57987
0.579626
0.579382
0.579137
0.578893
0.578649
0.578404
0.578159
0.577915
0.57767
0.577425
0.57718
0.576934
0.576689
0.576444
0.576198
0.575952
0.575707
0.575461
0.575215
0.574969
0.574722
0.574476
0.574229
0.573983
0.573736
0.573489
0.573242
0.572995
0.572748
0.572501
0.572254
0.572006
0.571758
0.571511
0.571263
0.571015
0.570767
0.570519
0.57027
0.570022
0.569773
0.569525
0.569276
0.569027
0.568778
0.568529
0.56828
0.56803
0.567781
0.567531
0.567282
0.567032
0.566782
0.566532
0.566282
0.566032
0.565781
0.565531
0.56528
0.56503
0.564779
0.564528
0.564277
0.564026
0.563774
0.563523
0.563271
0.56302
0.562768
0.562516
0.562264
0.562012
0.56176
0.561508
0.561255
0.561003
0.56075
0.560497
0.560245
0.559992
0.559738
0.559485
0.559232
0.558978
0.558725
0.558471
0.558217
0.557964
0.55771
0.557455
0.557201
0.556947
0.556692
0.556438
0.556183
0.555928
0.555673
0.555418
0.555163
0.554908
0.554652
0.554397
0.554141
0.553886
0.55363
0.553374
0.553118
0.552862
0.552605
0.552349
0.552092
0.551836
0.551579
0.551322
0.551065
0.550808
0.550551
0.550293
0.550036
0.549778
0.549521
0.549263
0.549005
0.548747
0.548489
0.548231
0.547972
0.547714
0.547455
0.547196
0.546938
0.546679
0.54642
0.54616
0.545901
0.545642
0.545382
0.545123
0.544863
0.544603
0.544343
0.544083
0.543823
0.543562
0.543302
0.543041
0.542781
0.54252
0.542259
0.541998
0.541737
0.541476
0.541214
0.540953
0.540691
0.54043
0.540168
0.539906
0.539644
0.539382
0.53912
0.538857
0.538595
0.538332
0.538069
0.537807
0.537544
0.537281
0.537017
0.536754
0.536491
0.536227
0.535964
0.5357
0.535436
0.535172
0.534908
0.534644
0.534379
0.534115
0.53385
0.533586
0.533321
0.533056
0.532791
0.532526
0.532261
0.531995
0.53173
0.531464
0.531199
0.530933
0.530667
0.530401
0.530135
0.529869
0.529602
0.529336
0.529069
0.528802
0.528536
0.528269
0.528002
0.527734
0.527467
0.5272
0.526932
0.526665
0.526397
0.526129
0.525861
0.525593
0.525325
0.525057
0.524788
0.52452
0.524251
0.523982
0.523713
0.523444
0.523175
0.522906
0.522637
0.522367
0.522098
0.521828
0.521558
0.521288
0.521018
0.520748
0.520478
0.520207
0.519937
0.519666
0.519396
0.519125
0.518854
0.518583
0.518312
0.518041
0.517769
0.517498
0.517226
0.516954
0.516682
0.516411
0.516138
0.515866
0.515594
0.515322
0.515049
0.514776
0.514504
0.514231
0.513958
0.513685
0.513412
0.513138
0.512865
0.512591
0.512318
0.512044
0.51177
0.511496
0.511222
0.510948
0.510673
0.510399
0.510124
0.50985
0.509575
0.5093
0.509025
0.50875
0.508475
0.508199
0.507924
0.507648
0.507373
0.507097
0.506821
0.506545
0.506269
0.505993
0.505716
0.50544
0.505163
0.504887
0.50461
0.504333
0.504056
0.503779
0.503501
0.503224
0.502947
0.502669
0.502391
0.502113
0.501835
0.501557
0.501279
0.501001
0.500723
0.500444
0.500166
0.499887
0.499608
0.499329
0.49905
0.498771
0.498492
0.498212
0.497933
0.497653
0.497373
0.497094
0.496814
0.496534
0.496253
0.495973
0.495693
0.495412
0.495132
0.494851
0.49457
0.494289
0.494008
0.493727
0.493445
0.493164
0.492883
0.492601
0.492319
0.492037
0.491755
0.491473
0.491191
0.490909
0.490627
0.490344
0.490061
0.489779
0.489496
0.489213
0.48893
0.488647
0.488363
0.48808
0.487796
0.487513
0.487229
0.486945
0.486661
0.486377
0.486093
0.485809
0.485524
0.48524
0.484955
0.484671
0.484386
0.484101
0.483816
0.483531
0.483245
0.48296
0.482674
0.482389
0.482103
0.481817
0.481531
0.481245
0.480959
0.480673
0.480387
0.4801
0.479814
0.479527
0.47924
0.478953
0.478666
0.478379
0.478092
0.477804
0.477517
0.477229
0.476942
0.476654
0.476366
0.476078
0.47579
0.475502
0.475213
0.474925
0.474636
0.474348
0.474059
0.47377
0.473481
0.473192
0.472903
0.472613
0.472324
0.472034
0.471745
0.471455
0.471165
0.470875
0.470585
0.470295
0.470005
0.469714
0.469424
0.469133
0.468842
0.468552
0.468261
0.46797
0.467679
0.467387
0.467096
0.466804
0.466513
0.466221
0.465929
0.465638
0.465346
0.465053
0.464761
0.464469
0.464176
0.463884
0.463591
0.463299
0.463006
0.462713
0.46242
0.462126
0.461833
0.46154
0.461246
0.460953
0.460659
0.460365
0.460071
0.459777
0.459483
0.459189
0.458894
0.4586
0.458305
0.458011
0.457716
0.457421
0.457126
0.456831
0.456536
0.456241
0.455945
0.45565
0.455354
0.455058
0.454763
0.454467
0.454171
0.453875
0.453578
0.453282
0.452986
0.452689
0.452392
0.452096
0.451799
0.451502
0.451205
0.450907
0.45061
0.450313
0.450015
0.449718
0.44942
0.449122
0.448824
0.448526
0.448228
0.44793
0.447632
0.447333
0.447035
0.446736
0.446437
0.446139
0.44584
0.445541
0.445242
0.444942
0.444643
0.444343
0.444044
0.443744
0.443445
0.443145
0.442845
0.442545
0.442245
0.441944
0.441644
0.441343
0.441043
0.440742
0.440441
0.440141
0.43984
0.439539
0.439237
0.438936
0.438635
0.438333
0.438032
0.43773
0.437428
0.437126
0.436824
0.436522
0.43622
0.435918
0.435615
0.435313
0.43501
0.434708
0.434405
0.434102
0.433799
0.433496
0.433193
0.43289
0.432586
0.432283
0.431979
0.431675
0.431372
0.431068
0.430764
0.43046
0.430156
0.429851
0.429547
0.429243
0.428938
0.428633
0.428329
0.428024
0.427719
0.427414
0.427109
0.426803
0.426498
0.426193
0.425887
0.425581
0.425276
0.42497
0.424664
0.424358
0.424052
0.423746
0.423439
0.423133
0.422826
0.42252
0.422213
0.421906
0.421599
0.421292
0.420985
0.420678
0.420371
0.420064
0.419756
0.419449
0.419141
0.418833
0.418525
0.418217
0.417909
0.417601
0.417293
0.416985
0.416676
0.416368
0.416059
0.415751
0.415442
0.415133
0.414824
0.414515
0.414206
0.413897
0.413587
0.413278
0.412968
0.412659
0.412349
0.412039
0.411729
0.411419
0.411109
0.410799
0.410489
0.410178
0.409868
0.409557
0.409247
0.408936
0.408625
0.408314
0.408003
0.407692
0.407381
0.40707
0.406759
0.406447
0.406136
0.405824
0.405512
0.4052
0.404889
0.404577
0.404264
0.403952
0.40364
0.403328
0.403015
0.402703
0.40239
0.402077
0.401765
0.401452
0.401139
0.400826
0.400513
0.400199
0.399886
0.399573
0.399259
0.398946
0.398632
0.398318
0.398004
0.39769
0.397376
0.397062
0.396748
0.396434
0.39612
0.395805
0.395491
0.395176
0.394861
0.394546
0.394232
0.393917
0.393602
0.393286
0.392971
0.392656
0.392341
0.392025
0.39171
0.391394
0.391078
0.390762
0.390447
0.390131
0.389814
0.389498
0.389182
0.388866
0.388549
0.388233
0.387916
0.3876
0.387283
0.386966
0.386649
0.386332
0.386015
0.385698
0.385381
0.385064
0.384746
0.384429
0.384111
0.383794
0.383476
0.383158
0.38284
0.382523
0.382205
0.381886
0.381568
0.38125
0.380932
0.380613
0.380295
0.379976
0.379658
0.379339
0.37902
0.378701
0.378382
0.378063
0.377744
0.377425
0.377106
0.376786
0.376467
0.376147
0.375828
0.375508
0.375188
0.374869
0.374549
0.374229
0.373909
0.373589
0.373268
0.372948
0.372628
0.372307
0.371987
0.371666
0.371346
0.371025
0.370704
0.370383
0.370062
0.369741
0.36942
0.369099
0.368778
0.368457
0.368135
0.367814
0.367492
0.367171
0.366849
0.366527
0.366205
0.365884
0.365562
0.36524
0.364918
0.364595
0.364273
0.363951
0.363628
0.363306
0.362984
0.362661
0.362338
0.362016
0.361693
0.36137
0.361047
0.360724
0.360401
0.360078
0.359755
0.359431
0.359108
0.358785
0.358461
0.358138
0.357814
0.35749
0.357167
0.356843
0.356519
0.356195
0.355871
0.355547
0.355223
0.354899
0.354574
0.35425
0.353926
0.353601
0.353277
0.352952
0.352627
0.352303
0.351978
0.351653
0.351328
0.351003
0.350678
0.350353
0.350028
0.349703
0.349377
0.349052
0.348727
0.348401
0.348076
0.34775
0.347425
0.347099
0.346773
0.346447
0.346121
0.345795
0.345469
0.345143
0.344817
0.344491
0.344165
0.343839
0.343512
0.343186
0.342859
0.342533
0.342206
0.34188
0.341553
0.341226
0.340899
0.340572
0.340246
0.339919
0.339592
0.339264
0.338937
0.33861
0.338283
0.337956
0.337628
0.337301
0.336973
0.336646
0.336318
0.335991
0.335663
0.335335
0.335008
0.33468
0.334352
0.334024
0.333696
0.333368
0.33304
0.332712
0.332383
0.332055
0.331727
0.331399
0.33107
0.330742
0.330413
0.330085
0.329756
0.329428
0.329099
0.32877
0.328441
0.328113
0.327784
0.327455
0.327126
0.326797
0.326468
0.326139
0.32581
0.32548
0.325151
0.324822
0.324493
0.324163
0.323834
0.323504
0.323175
0.322845
0.322516
0.322186
0.321857
0.321527
0.321197
0.320867
0.320537
0.320208
0.319878
0.319548
0.319218
0.318888
0.318558
0.318228
0.317897
0.317567
0.317237
0.316907
0.316576
0.316246
0.315916
0.315585
0.315255
0.314924
0.314594
0.314263
0.313933
0.313602
0.313271
0.312941
0.31261
0.312279
0.311948
0.311618
0.311287
0.310956
0.310625
0.310294
0.309963
0.309632
0.309301
0.30897
0.308639
0.308307
0.307976
0.307645
0.307314
0.306982
0.306651
0.30632
0.305988
0.305657
0.305326
0.304994
0.304663
0.304331
0.304
0.303668
0.303336
0.303005
0.302673
0.302342
0.30201
0.301678
0.301346
0.301015
0.300683
0.300351
0.300019
0.299687
0.299355
0.299023
0.298692
0.29836
0.298028
0.297696
0.297364
0.297032
0.2967
0.296367
0.296035
0.295703
0.295371
0.295039
0.294707
0.294375
0.294042
0.29371
0.293378
0.293046
0.292713
0.292381
0.292049
0.291716
0.291384
0.291052
0.290719
0.290387
0.290054
0.289722
0.28939
0.289057
0.288725
0.288392
0.28806
0.287727
0.287395
0.287062
0.28673
0.286397
0.286065
0.285732
0.2854
0.285067
0.284734
0.284402
0.284069
0.283737
0.283404
0.283071
0.282739
0.282406
0.282073
0.281741
0.281408
0.281075
0.280743
0.28041
0.280077
0.279745
0.279412
0.279079
0.278747
0.278414
0.278081
0.277749
0.277416
0.277083
0.276751
0.276418
0.276085
0.275753
0.27542
0.275087
0.274754
0.274422
0.274089
0.273756
0.273424
0.273091
0.272758
0.272426
0.272093
0.27176
0.271428
0.271095
0.270763
0.27043
0.270097
0.269765
0.269432
0.269099
0.268767
0.268434
0.268102
0.267769
0.267437
0.267104
0.266772
0.266439
0.266106
0.265774
0.265442
0.265109
0.264777
0.264444
0.264112
0.263779
0.263447
0.263115
0.262782
0.26245
0.262117
0.261785
0.261453
0.261121
0.260788
0.260456
0.260124
0.259792
0.259459
0.259127
0.258795
0.258463
0.258131
0.257799
0.257467
0.257135
0.256803
0.256471
0.256139
0.255807
0.255475
0.255143
0.254811
0.254479
0.254147
0.253815
0.253484
0.253152
0.25282
0.252489
0.252157
0.251825
0.251494
0.251162
0.250831
0.250499
0.250168
0.249836
0.249505
0.249173
0.248842
0.248511
0.248179
0.247848
0.247517
0.247186
0.246855
0.246523
0.246192
0.245861
0.24553
0.245199
0.244868
0.244538
0.244207
0.243876
0.243545
0.243214
0.242884
0.242553
0.242222
0.241892
0.241561
0.241231
0.2409
0.24057
0.24024
0.239909
0.239579
0.239249
0.238919
0.238589
0.238259
0.237929
0.237599
0.237269
0.236939
0.236609
0.236279
0.235949
0.23562
0.23529
0.234961
0.234631
0.234302
0.233972
0.233643
0.233314
0.232984
0.232655
0.232326
0.231997
0.231668
0.231339
0.23101
0.230681
0.230352
0.230024
0.229695
0.229366
0.229038
0.228709
0.228381
0.228052
0.227724
0.227396
0.227068
0.226739
0.226411
0.226083
0.225756
0.225428
0.2251
0.224772
0.224444
0.224117
0.223789
0.223462
0.223134
0.222807
0.22248
0.222153
0.221826
0.221499
0.221172
0.220845
0.220518
0.220191
0.219864
0.219538
0.219211
0.218885
0.218559
0.218232
0.217906
0.21758
0.217254
0.216928
0.216602
0.216276
0.21595
0.215625
0.215299
0.214974
0.214648
0.214323
0.213998
0.213672
0.213347
0.213022
0.212697
0.212373
0.212048
0.211723
0.211399
0.211074
0.21075
0.210425
0.210101
0.209777
0.209453
0.209129
0.208805
0.208482
0.208158
0.207834
0.207511
0.207188
0.206864
0.206541
0.206218
0.205895
0.205572
0.205249
0.204927
0.204604
0.204281
0.203959
0.203637
0.203315
0.202992
0.20267
0.202349
0.202027
0.201705
0.201384
0.201062
0.200741
0.200419
0.200098
0.199777
0.199456
0.199135
0.198815
0.198494
0.198174
0.197853
0.197533
0.197213
0.196893
0.196573
0.196253
0.195933
0.195614
0.195294
0.194975
0.194655
0.194336
0.194017
0.193698
0.19338
0.193061
0.192742
0.192424
0.192106
0.191787
0.191469
0.191151
0.190834
0.190516
0.190198
0.189881
0.189564
0.189246
0.188929
0.188612
0.188296
0.187979
0.187662
0.187346
0.18703
0.186714
0.186397
0.186082
0.185766
0.18545
0.185135
0.184819
0.184504
0.184189
0.183874
0.183559
0.183245
0.18293
0.182616
0.182301
0.181987
0.181673
0.181359
0.181046
0.180732
0.180419
0.180105
0.179792
0.179479
0.179166
0.178854
0.178541
0.178229
0.177916
0.177604
0.177292
0.176981
0.176669
0.176357
0.176046
0.175735
0.175424
0.175113
0.174802
0.174492
0.174181
0.173871
0.173561
0.173251
0.172941
0.172631
0.172322
0.172012
0.171703
0.171394
0.171085
0.170777
0.170468
0.17016
0.169852
0.169543
0.169236
0.168928
0.16862
0.168313
0.168006
0.167699
0.167392
0.167085
0.166779
0.166472
0.166166
0.16586
0.165554
0.165248
0.164943
0.164638
0.164332
0.164027
0.163723
0.163418
0.163114
0.162809
0.162505
0.162201
0.161898
0.161594
0.161291
0.160987
0.160684
0.160382
0.160079
0.159776
0.159474
0.159172
0.15887
0.158569
0.158267
0.157966
0.157664
0.157364
0.157063
0.156762
0.156462
0.156162
0.155862
0.155562
0.155262
0.154963
0.154663
0.154364
0.154066
0.153767
0.153469
0.15317
0.152872
0.152574
0.152277
0.151979
0.151682
0.151385
0.151088
0.150792
0.150495
0.150199
0.149903
0.149607
0.149311
0.149016
0.148721
0.148426
0.148131
0.147837
0.147542
0.147248
0.146954
0.14666
0.146367
0.146074
0.14578
0.145488
0.145195
0.144903
0.14461
0.144318
0.144027
0.143735
0.143444
0.143153
0.142862
0.142571
0.14228
0.14199
0.1417
0.14141
0.141121
0.140832
0.140542
0.140254
0.139965
0.139676
0.139388
0.1391
0.138813
0.138525
0.138238
0.137951
0.137664
0.137377
0.137091
0.136805
0.136519
0.136233
0.135948
0.135663
0.135378
0.135093
0.134809
0.134524
0.13424
0.133957
0.133673
0.13339
0.133107
0.132824
0.132542
0.132259
0.131977
0.131696
0.131414
0.131133
0.130852
0.130571
0.13029
0.13001
0.12973
0.12945
0.129171
0.128891
0.128612
0.128333
0.128055
0.127777
0.127499
0.127221
0.126943
0.126666
0.126389
0.126112
0.125836
0.12556
0.125284
0.125008
0.124733
0.124457
0.124182
0.123908
0.123633
0.123359
0.123085
0.122812
0.122539
0.122265
0.121993
0.12172
0.121448
0.121176
0.120904
0.120633
0.120362
0.120091
0.11982
0.11955
0.11928
0.11901
0.11874
0.118471
0.118202
0.117933
0.117665
0.117397
0.117129
0.116861
0.116594
0.116327
0.11606
0.115794
0.115528
0.115262
0.114996
0.114731
0.114466
0.114201
0.113936
0.113672
0.113408
0.113145
0.112881
0.112618
0.112356
0.112093
0.111831
0.111569
0.111308
0.111046
0.110785
0.110525
0.110264
0.110004
0.109744
0.109485
0.109225
0.108967
0.108708
0.10845
0.108191
0.107934
0.107676
0.107419
0.107162
0.106906
0.10665
0.106394
0.106138
0.105883
0.105628
0.105373
0.105119
0.104864
0.104611
0.104357
0.104104
0.103851
0.103598
0.103346
0.103094
0.102843
0.102591
0.10234
0.10209
0.101839
0.101589
0.101339
0.10109
0.100841
0.100592
0.100343
0.100095
0.0998473
0.0995997
0.0993525
0.0991056
0.098859
0.0986127
0.0983667
0.0981211
0.0978757
0.0976307
0.0973861
0.0971417
0.0968977
0.0966539
0.0964105
0.0961675
0.0959247
0.0956823
0.0954402
0.0951985
0.094957
0.0947159
0.0944751
0.0942347
0.0939945
0.0937547
0.0935153
0.0932761
0.0930373
0.0927988
0.0925607
0.0923229
0.0920854
0.0918482
0.0916114
0.0913749
0.0911388
0.090903
0.0906675
0.0904323
0.0901975
0.089963
0.0897289
0.0894951
0.0892616
0.0890285
0.0887957
0.0885633
0.0883312
0.0880994
0.087868
0.0876369
0.0874062
0.0871758
0.0869457
0.086716
0.0864866
0.0862576
0.0860289
0.0858005
0.0855725
0.0853449
0.0851176
0.0848906
0.084664
0.0844377
0.0842118
0.0839862
0.083761
0.0835361
0.0833115
0.0830873
0.0828635
0.08264
0.0824169
0.0821941
0.0819716
0.0817496
0.0815278
0.0813064
0.0810854
0.0808647
0.0806444
0.0804244
0.0802048
0.0799855
0.0797666
0.079548
0.0793298
0.079112
0.0788945
0.0786773
0.0784606
0.0782441
0.0780281
0.0778123
0.077597
0.077382
0.0771673
0.0769531
0.0767391
0.0765256
0.0763124
0.0760995
0.075887
0.0756749
0.0754631
0.0752517
0.0750407
0.07483
0.0746197
0.0744097
0.0742001
0.0739909
0.073782
0.0735735
0.0733653
0.0731575
0.0729501
0.0727431
0.0725364
0.07233
0.0721241
0.0719185
0.0717132
0.0715084
0.0713038
0.0710997
0.0708959
0.0706925
0.0704895
0.0702868
0.0700845
0.0698825
0.069681
0.0694798
0.0692789
0.0690785
0.0688783
0.0686786
0.0684792
0.0682802
0.0680816
0.0678834
0.0676855
0.0674879
0.0672908
0.067094
0.0668976
0.0667015
0.0665059
0.0663106
0.0661156
0.0659211
0.0657269
0.0655331
0.0653396
0.0651465
0.0649538
0.0647615
0.0645695
0.0643779
0.0641867
0.0639959
0.0638054
0.0636153
0.0634255
0.0632362
0.0630472
0.0628586
0.0626703
0.0624825
0.062295
0.0621078
0.0619211
0.0617347
0.0615487
0.0613631
0.0611778
0.0609929
0.0608084
0.0606243
0.0604405
0.0602571
0.0600741
0.0598915
0.0597092
0.0595273
0.0593458
0.0591647
0.0589839
0.0588035
0.0586235
0.0584438
0.0582645
0.0580856
0.0579071
0.057729
0.0575512
0.0573738
0.0571967
0.0570201
0.0568438
0.0566679
0.0564924
0.0563172
0.0561424
0.055968
0.055794
0.0556203
0.055447
0.0552741
0.0551016
0.0549294
0.0547576
0.0545862
0.0544152
0.0542445
0.0540742
0.0539043
0.0537347
0.0535656
0.0533968
0.0532283
0.0530603
0.0528926
0.0527253
0.0525584
0.0523918
0.0522256
0.0520598
0.0518944
0.0517293
0.0515646
0.0514003
0.0512363
0.0510728
0.0509096
0.0507467
0.0505843
0.0504222
0.0502605
0.0500991
0.0499381
0.0497775
0.0496173
0.0494574
0.049298
0.0491388
0.0489801
0.0488217
0.0486637
0.0485061
0.0483488
0.0481919
0.0480354
0.0478792
0.0477234
0.047568
0.047413
0.0472583
0.047104
0.04695
0.0467965
0.0466433
0.0464904
0.046338
0.0461859
0.0460341
0.0458828
0.0457318
0.0455811
0.0454309
0.045281
0.0451314
0.0449822
0.0448334
0.044685
0.0445369
0.0443892
0.0442419
0.0440949
0.0439483
0.043802
0.0436561
0.0435106
0.0433655
0.0432207
0.0430762
0.0429322
0.0427884
0.0426451
0.0425021
0.0423595
0.0422172
0.0420753
0.0419338
0.0417926
0.0416518
0.0415113
0.0413712
0.0412314
0.0410921
0.040953
0.0408144
0.040676
0.0405381
0.0404005
0.0402632
0.0401264
0.0399898
0.0398537
0.0397178
0.0395824
0.0394473
0.0393125
0.0391781
0.0390441
0.0389104
0.038777
0.038644
0.0385114
0.0383791
0.0382472
0.0381156
0.0379844
0.0378535
0.037723
0.0375928
0.037463
0.0373335
0.0372044
0.0370756
0.0369471
0.0368191
0.0366913
0.0365639
0.0364369
0.0363102
0.0361838
0.0360578
0.0359321
0.0358068
0.0356819
0.0355572
0.0354329
0.035309
0.0351854
0.0350621
0.0349392
0.0348166
0.0346944
0.0345725
0.0344509
0.0343297
0.0342088
0.0340883
0.0339681
0.0338482
0.0337287
0.0336095
0.0334906
0.0333721
0.0332539
0.0331361
0.0330185
0.0329014
0.0327845
0.032668
0.0325518
0.032436
0.0323204
0.0322053
0.0320904
0.0319759
0.0318617
0.0317478
0.0316343
0.0315211
0.0314082
0.0312956
0.0311834
0.0310715
0.0309599
0.0308487
0.0307377
0.0306271
0.0305169
0.0304069
0.0302973
0.030188
0.030079
0.0299703
0.029862
0.029754
0.0296463
0.0295389
0.0294318
0.0293251
0.0292186
0.0291125
0.0290067
0.0289012
0.0287961
0.0286912
0.0285867
0.0284825
0.0283786
0.028275
0.0281717
0.0280687
0.0279661
0.0278637
0.0277617
0.02766
0.0275586
0.0274575
0.0273567
0.0272562
0.027156
0.0270561
0.0269566
0.0268573
0.0267583
0.0266597
0.0265613
0.0264633
0.0263655
0.0262681
0.0261709
0.0260741
0.0259776
0.0258813
0.0257854
0.0256898
0.0255944
0.0254994
0.0254046
0.0253102
0.025216
0.0251222
0.0250286
0.0249353
0.0248423
0.0247497
0.0246573
0.0245652
0.0244734
0.0243818
0.0242906
0.0241997
0.024109
0.0240187
0.0239286
0.0238388
0.0237493
0.0236601
0.0235712
0.0234825
0.0233942
0.0233061
0.0232183
0.0231308
0.0230436
0.0229567
0.02287
0.0227836
0.0226975
0.0226117
0.0225261
0.0224409
0.0223559
0.0222712
0.0221867
0.0221026
0.0220187
0.0219351
0.0218517
0.0217687
0.0216859
0.0216034
0.0215211
0.0214391
0.0213574
0.021276
0.0211948
0.0211139
0.0210333
0.0209529
0.0208728
0.020793
0.0207134
0.0206341
0.020555
0.0204763
0.0203978
0.0203195
0.0202415
0.0201638
0.0200863
0.0200091
0.0199321
0.0198554
0.019779
0.0197028
0.0196269
0.0195512
0.0194758
0.0194007
0.0193258
0.0192511
0.0191767
0.0191026
0.0190287
0.0189551
0.0188817
0.0188085
0.0187357
0.018663
0.0185906
0.0185185
0.0184466
0.0183749
0.0183035
0.0182324
0.0181614
0.0180908
0.0180203
0.0179501
0.0178802
0.0178105
0.017741
0.0176718
0.0176028
0.0175341
0.0174656
0.0173973
0.0173293
0.0172615
0.0171939
0.0171266
0.0170595
0.0169927
0.016926
0.0168596
0.0167935
0.0167276
0.0166619
0.0165964
0.0165312
0.0164662
0.0164014
0.0163368
0.0162725
0.0162084
0.0161445
0.0160809
0.0160175
0.0159543
0.0158913
0.0158286
0.015766
0.0157037
0.0156417
0.0155798
0.0155181
0.0154567
0.0153955
0.0153345
0.0152738
0.0152132
0.0151529
0.0150928
0.0150329
0.0149732
0.0149137
0.0148544
0.0147954
0.0147365
0.0146779
0.0146195
0.0145613
0.0145033
0.0144455
0.0143879
0.0143306
0.0142734
0.0142165
0.0141597
0.0141032
0.0140468
0.0139907
0.0139348
0.013879
0.0138235
0.0137682
0.0137131
0.0136582
0.0136034
0.0135489
0.0134946
0.0134405
0.0133866
0.0133328
0.0132793
0.013226
0.0131728
0.0131199
0.0130672
0.0130146
0.0129622
0.0129101
0.0128581
0.0128063
0.0127547
0.0127033
0.0126521
0.0126011
0.0125503
0.0124996
0.0124492
0.0123989
0.0123488
0.0122989
0.0122492
0.0121997
0.0121503
0.0121012
0.0120522
0.0120034
0.0119548
0.0119063
0.0118581
0.01181
0.0117621
0.0117144
0.0116669
0.0116195
0.0115724
0.0115254
0.0114785
0.0114319
0.0113854
0.0113391
0.011293
0.011247
0.0112013
0.0111557
0.0111102
0.011065
0.0110199
0.010975
0.0109302
0.0108856
0.0108412
0.010797
0.0107529
0.010709
0.0106652
0.0106217
0.0105783
0.010535
0.0104919
0.010449
0.0104063
0.0103637
0.0103212
0.010279
0.0102369
0.0101949
0.0101531
0.0101115
0.01007
0.0100287
0.00998759
0.0099466
0.00990576
0.00986508
0.00982456
0.0097842
0.00974399
0.00970393
0.00966403
0.00962428
0.00958468
0.00954524
0.00950595
0.00946681
0.00942782
0.00938898
0.0093503
0.00931176
0.00927337
0.00923513
0.00919703
0.00915909
0.00912129
0.00908364
0.00904613
0.00900877
0.00897156
0.00893449
0.00889756
0.00886078
0.00882414
0.00878764
0.00875128
0.00871507
0.008679
0.00864306
0.00860727
0.00857162
0.00853611
0.00850073
0.0084655
0.0084304
0.00839544
0.00836061
0.00832593
0.00829137
0.00825696
0.00822268
0.00818853
0.00815452
0.00812064
0.00808689
0.00805328
0.0080198
0.00798645
0.00795323
0.00792014
0.00788718
0.00785436
0.00782166
0.00778909
0.00775665
0.00772434
0.00769215
0.00766009
0.00762816
0.00759636
0.00756468
0.00753313
0.0075017
0.0074704
0.00743922
0.00740816
0.00737723
0.00734642
0.00731573
0.00728516
0.00725472
0.0072244
0.00719419
0.00716411
0.00713415
0.0071043
0.00707458
0.00704497
0.00701548
0.00698611
0.00695686
0.00692772
0.0068987
0.0068698
0.00684101
0.00681233
0.00678378
0.00675533
0.006727
0.00669878
0.00667068
0.00664268
0.00661481
0.00658704
0.00655938
0.00653183
0.0065044
0.00647707
0.00644986
0.00642275
0.00639576
0.00636887
0.00634209
0.00631542
0.00628885
0.00626239
0.00623604
0.0062098
0.00618366
0.00615762
0.00613169
0.00610587
0.00608015
0.00605453
0.00602902
0.00600361
0.00597831
0.0059531
0.005928
0.005903
0.0058781
0.0058533
0.0058286
0.005804
0.00577951
0.00575511
0.00573081
0.00570661
0.0056825
0.0056585
0.00563459
0.00561078
0.00558707
0.00556345
0.00553993
0.0055165
0.00549317
0.00546994
0.0054468
0.00542375
0.0054008
0.00537794
0.00535517
0.0053325
0.00530992
0.00528743
0.00526504
0.00524273
0.00522052
0.00519839
0.00517636
0.00515442
0.00513257
0.0051108
0.00508913
0.00506754
0.00504605
0.00502464
0.00500332
0.00498208
0.00496094
0.00493988
0.0049189
0.00489802
0.00487721
0.0048565
0.00483587
0.00481532
0.00479486
0.00477448
0.00475419
0.00473398
0.00471385
0.0046938
0.00467384
0.00465396
0.00463416
0.00461445
0.00459481
0.00457526
0.00455578
0.00453639
0.00451708
0.00449784
0.00447869
0.00445961
0.00444062
0.0044217
0.00440286
0.0043841
0.00436541
0.00434681
0.00432828
0.00430982
0.00429145
0.00427314
0.00425492
0.00423677
0.00421869
0.00420069
0.00418277
0.00416492
0.00414714
0.00412944
0.00411181
0.00409425
0.00407677
0.00405936
0.00404202
0.00402475
0.00400756
0.00399043
0.00397338
0.0039564
0.00393949
0.00392265
0.00390588
0.00388918
0.00387255
0.00385598
0.00383949
0.00382307
0.00380671
0.00379042
0.0037742
0.00375805
0.00374197
0.00372595
0.00371
0.00369411
0.00367829
0.00366254
0.00364686
0.00363123
0.00361568
0.00360019
0.00358476
0.0035694
0.0035541
0.00353887
0.0035237
0.0035086
0.00349355
0.00347857
0.00346366
0.0034488
0.00343401
0.00341928
0.00340461
0.00339
0.00337545
0.00336097
0.00334654
0.00333218
0.00331788
0.00330363
0.00328945
0.00327532
0.00326126
0.00324725
0.00323331
0.00321942
0.00320559
0.00319181
0.0031781
0.00316444
0.00315084
0.0031373
0.00312382
0.00311039
0.00309702
0.0030837
0.00307044
0.00305724
0.00304409
0.00303099
0.00301796
0.00300497
0.00299205
0.00297917
0.00296635
0.00295359
0.00294088
0.00292822
0.00291561
0.00290306
0.00289056
0.00287812
0.00286572
0.00285338
0.00284109
0.00282886
0.00281667
0.00280454
0.00279246
0.00278042
0.00276844
0.00275651
0.00274463
0.0027328
0.00272103
0.0027093
0.00269762
0.00268599
0.0026744
0.00266287
0.00265139
0.00263995
0.00262857
0.00261723
0.00260594
0.0025947
0.0025835
0.00257236
0.00256126
0.0025502
0.0025392
0.00252824
0.00251732
0.00250646
0.00249564
0.00248486
0.00247413
0.00246345
0.00245281
0.00244222
0.00243167
0.00242117
0.00241071
0.0024003
0.00238993
0.0023796
0.00236932
0.00235908
0.00234889
0.00233873
0.00232863
0.00231856
0.00230854
0.00229856
0.00228862
0.00227873
0.00226887
0.00225906
0.00224929
0.00223957
0.00222988
0.00222024
0.00221063
0.00220107
0.00219155
0.00218206
0.00217262
0.00216322
0.00215386
0.00214454
0.00213526
0.00212602
0.00211682
0.00210765
0.00209853
0.00208944
0.0020804
0.00207139
0.00206242
0.00205349
0.0020446
0.00203574
0.00202693
0.00201815
0.0020094
0.0020007
0.00199203
0.0019834
0.00197481
0.00196625
0.00195773
0.00194925
0.0019408
0.00193239
0.00192401
0.00191567
0.00190737
0.0018991
0.00189087
0.00188267
0.00187451
0.00186638
0.00185829
0.00185023
0.00184221
0.00183422
0.00182626
0.00181834
0.00181045
0.0018026
0.00179478
0.00178699
0.00177924
0.00177152
0.00176383
0.00175618
0.00174856
0.00174097
0.00173342
0.00172589
0.0017184
0.00171094
0.00170352
0.00169612
0.00168876
0.00168143
0.00167413
0.00166686
0.00165962
0.00165241
0.00164524
0.00163809
0.00163098
0.00162389
0.00161684
0.00160982
0.00160282
0.00159586
0.00158893
0.00158202
0.00157515
0.00156831
0.00156149
0.00155471
0.00154795
0.00154122
0.00153453
0.00152786
0.00152122
0.0015146
0.00150802
0.00150147
0.00149494
0.00148844
0.00148197
0.00147553
0.00146911
0.00146272
0.00145636
0.00145003
0.00144372
0.00143744
0.00143119
0.00142497
0.00141877
0.0014126
0.00140646
0.00140034
0.00139425
0.00138818
0.00138214
0.00137613
0.00137014
0.00136418
0.00135824
0.00135233
0.00134645
0.00134059
0.00133475
0.00132894
0.00132316
0.0013174
0.00131167
0.00130596
0.00130027
0.00129461
0.00128898
0.00128336
0.00127778
0.00127221
0.00126667
0.00126116
0.00125567
0.0012502
0.00124476
0.00123933
0.00123394
0.00122856
0.00122321
0.00121788
0.00121258
0.0012073
0.00120204
0.0011968
0.00119159
0.0011864
0.00118123
0.00117608
0.00117096
0.00116586
0.00116078
0.00115572
0.00115068
0.00114567
0.00114068
0.0011357
0.00113075
0.00112583
0.00112092
0.00111603
0.00111117
0.00110633
0.0011015
0.0010967
0.00109192
0.00108716
0.00108242
0.0010777
0.001073
0.00106832
0.00106367
0.00105903
0.00105441
0.00104981
0.00104523
0.00104068
0.00103614
0.00103162
0.00102712
0.00102264
0.00101818
0.00101374
0.00100932
0.00100491
0.00100053
0.000996165
0.00099182
0.000987493
0.000983185
0.000978895
0.000974624
0.000970372
0.000966138
0.000961922
0.000957725
0.000953546
0.000949385
0.000945242
0.000941117
0.00093701
0.00093292
0.000928849
0.000924795
0.000920759
0.00091674
0.000912738
0.000908754
0.000904787
0.000900838
0.000896905
0.00089299
0.000889092
0.00088521
0.000881345
0.000877498
0.000873666
0.000869852
0.000866054
0.000862272
0.000858507
0.000854758
0.000851026
0.00084731
0.000843609
0.000839925
0.000836257
0.000832605
0.000828969
0.000825348
0.000821743
0.000818154
0.000814581
0.000811022
0.00080748
0.000803953
0.000800441
0.000796944
0.000793463
0.000789996
0.000786545
0.000783109
0.000779687
0.000776281
0.000772889
0.000769512
0.00076615
0.000762802
0.000759469
0.000756151
0.000752847
0.000749557
0.000746281
0.00074302
0.000739773
0.00073654
0.000733321
0.000730116
0.000726925
0.000723748
0.000720585
0.000717435
0.000714299
0.000711177
0.000708068
0.000704973
0.000701892
0.000698823
0.000695768
0.000692727
0.000689698
0.000686683
0.000683681
0.000680692
0.000677716
0.000674753
0.000671803
0.000668865
0.000665941
0.000663029
0.00066013
0.000657243
0.000654369
0.000651508
0.000648659
0.000645822
0.000642998
0.000640186
0.000637386
0.000634599
0.000631823
0.00062906
0.000626309
0.00062357
0.000620842
0.000618127
0.000615423
0.000612731
0.000610051
0.000607382
0.000604726
0.00060208
0.000599447
0.000596824
0.000594213
0.000591614
0.000589026
0.000586449
0.000583883
0.000581329
0.000578785
0.000576253
0.000573732
0.000571221
0.000568722
0.000566234
0.000563756
0.000561289
0.000558833
0.000556388
0.000553953
0.000551529
0.000549116
0.000546713
0.00054432
0.000541938
0.000539566
0.000537205
0.000534854
0.000532513
0.000530183
0.000527862
0.000525552
0.000523252
0.000520961
0.000518681
0.000516411
0.000514151
0.0005119
0.000509659
0.000507428
0.000505207
0.000502996
0.000500794
0.000498602
0.000496419
0.000494246
0.000492082
0.000489928
0.000487783
0.000485647
0.000483521
0.000481404
0.000479297
0.000477198
0.000475109
0.000473029
0.000470958
0.000468895
0.000466842
0.000464798
0.000462763
0.000460737
0.000458719
0.000456711
0.000454711
0.00045272
0.000450737
0.000448763
0.000446798
0.000444841
0.000442893
0.000440954
0.000439023
0.0004371
0.000435186
0.00043328
0.000431382
0.000429493
0.000427612
0.000425739
0.000423874
0.000422018
0.000420169
0.000418329
0.000416496
0.000414672
0.000412856
0.000411047
0.000409247
0.000407454
0.000405669
0.000403892
0.000402123
0.000400361
0.000398608
0.000396861
0.000395123
0.000393392
0.000391668
0.000389953
0.000388244
0.000386543
0.00038485
0.000383164
0.000381485
0.000379814
0.00037815
0.000376493
0.000374843
0.000373201
0.000371566
0.000369938
0.000368317
0.000366703
0.000365096
0.000363496
0.000361904
0.000360318
0.000358739
0.000357167
0.000355602
0.000354043
0.000352492
0.000350947
0.000349409
0.000347878
0.000346354
0.000344836
0.000343325
0.00034182
0.000340322
0.000338831
0.000337346
0.000335867
0.000334395
0.00033293
0.00033147
0.000330018
0.000328571
0.000327131
0.000325697
0.00032427
0.000322849
0.000321434
0.000320025
0.000318622
0.000317225
0.000315835
0.00031445
0.000313072
0.0003117
0.000310334
0.000308973
0.000307619
0.00030627
0.000304928
0.000303591
0.00030226
0.000300935
0.000299616
0.000298303
0.000296995
0.000295693
0.000294397
0.000293106
0.000291821
0.000290542
0.000289268
0.000288
0.000286737
0.00028548
0.000284228
0.000282982
0.000281742
0.000280506
0.000279276
0.000278052
0.000276833
0.000275619
0.000274411
0.000273207
0.00027201
0.000270817
0.000269629
0.000268447
0.00026727
0.000266098
0.000264931
0.00026377
0.000262613
0.000261462
0.000260315
0.000259174
0.000258037
0.000256906
0.000255779
0.000254657
0.000253541
0.000252429
0.000251322
0.00025022
0.000249122
0.00024803
0.000246942
0.000245859
0.000244781
0.000243708
0.000242639
0.000241575
0.000240515
0.00023946
0.00023841
0.000237365
0.000236324
0.000235287
0.000234255
0.000233228
0.000232205
0.000231186
0.000230173
0.000229163
0.000228158
0.000227157
0.000226161
0.000225169
0.000224181
0.000223198
0.000222219
0.000221244
0.000220274
0.000219308
0.000218346
0.000217388
0.000216434
0.000215485
0.00021454
0.000213599
0.000212662
0.000211729
0.0002108
0.000209876
0.000208955
0.000208038
0.000207126
0.000206217
0.000205313
0.000204412
0.000203515
0.000202622
0.000201734
0.000200849
0.000199967
0.00019909
0.000198217
0.000197347
0.000196481
0.00019562
0.000194761
0.000193907
0.000193056
0.000192209
0.000191366
0.000190526
0.000189691
0.000188858
0.00018803
0.000187205
0.000186383
0.000185566
0.000184752
0.000183941
0.000183134
0.000182331
0.000181531
0.000180734
0.000179941
0.000179152
0.000178366
0.000177583
0.000176804
0.000176028
0.000175256
0.000174487
0.000173721
0.000172959
0.0001722
0.000171444
0.000170692
0.000169943
0.000169198
0.000168455
0.000167716
0.00016698
0.000166247
0.000165518
0.000164792
0.000164068
0.000163348
0.000162632
0.000161918
0.000161208
0.0001605
0.000159796
0.000159095
0.000158396
0.000157701
0.000157009
0.00015632
0.000155634
0.000154951
0.000154271
0.000153594
0.00015292
0.000152249
0.000151581
0.000150916
0.000150254
0.000149594
0.000148938
0.000148284
0.000147633
0.000146986
0.000146341
0.000145698
0.000145059
0.000144422
0.000143788
0.000143157
0.000142529
0.000141904
0.000141281
0.000140661
0.000140043
0.000139429
0.000138817
0.000138208
0.000137601
0.000136997
0.000136396
0.000135797
0.000135201
0.000134608
0.000134017
0.000133429
0.000132843
0.00013226
0.00013168
0.000131102
0.000130526
0.000129953
0.000129383
0.000128815
0.00012825
0.000127687
0.000127126
0.000126568
0.000126013
0.00012546
0.000124909
0.000124361
0.000123815
0.000123272
0.00012273
0.000122192
0.000121655
0.000121121
0.00012059
0.00012006
0.000119533
0.000119009
0.000118486
0.000117966
0.000117448
0.000116933
0.00011642
0.000115909
0.0001154
0.000114893
0.000114389
0.000113887
0.000113387
0.000112889
0.000112394
0.0001119
0.000111409
0.00011092
0.000110433
0.000109948
0.000109466
0.000108985
0.000108507
0.00010803
0.000107556
0.000107084
0.000106614
0.000106146
0.00010568
0.000105216
0.000104754
0.000104294
0.000103836
0.00010338
0.000102927
0.000102475
0.000102025
0.000101577
0.000101131
0.000100687
0.000100245
9.9805e-05
9.93669e-05
9.89306e-05
9.84963e-05
9.80639e-05
9.76334e-05
9.72047e-05
9.6778e-05
9.63531e-05
9.59301e-05
9.5509e-05
9.50896e-05
9.46722e-05
9.42565e-05
9.38427e-05
9.34307e-05
9.30205e-05
9.26122e-05
9.22056e-05
9.18007e-05
9.13977e-05
9.09964e-05
9.05969e-05
9.01992e-05
8.98031e-05
8.94089e-05
8.90163e-05
8.86255e-05
8.82364e-05
8.7849e-05
8.74633e-05
8.70793e-05
8.6697e-05
8.63163e-05
8.59373e-05
8.556e-05
8.51844e-05
8.48104e-05
8.4438e-05
8.40673e-05
8.36982e-05
8.33307e-05
8.29648e-05
8.26005e-05
8.22378e-05
8.18768e-05
8.15173e-05
8.11594e-05
8.0803e-05
8.04482e-05
8.0095e-05
7.97433e-05
7.93932e-05
7.90446e-05
7.86975e-05
7.8352e-05
7.80079e-05
7.76654e-05
7.73244e-05
7.69849e-05
7.66469e-05
7.63103e-05
7.59752e-05
7.56416e-05
7.53095e-05
7.49788e-05
7.46496e-05
7.43218e-05
7.39955e-05
7.36706e-05
7.33471e-05
7.3025e-05
7.27044e-05
7.23851e-05
7.20673e-05
7.17508e-05
7.14358e-05
7.11221e-05
7.08098e-05
7.04989e-05
7.01893e-05
6.98811e-05
6.95742e-05
6.92687e-05
6.89646e-05
6.86617e-05
6.83602e-05
6.806e-05
6.77612e-05
6.74636e-05
6.71674e-05
6.68724e-05
6.65788e-05
6.62864e-05
6.59954e-05
6.57056e-05
6.5417e-05
6.51298e-05
6.48438e-05
6.4559e-05
6.42755e-05
6.39933e-05
6.37123e-05
6.34325e-05
6.31539e-05
6.28766e-05
6.26005e-05
6.23256e-05
6.20519e-05
6.17794e-05
6.15081e-05
6.1238e-05
6.09691e-05
6.07013e-05
6.04348e-05
6.01694e-05
5.99051e-05
5.96421e-05
5.93802e-05
5.91194e-05
5.88598e-05
5.86013e-05
5.8344e-05
5.80877e-05
5.78326e-05
5.75787e-05
5.73258e-05
5.70741e-05
5.68234e-05
5.65739e-05
5.63254e-05
5.60781e-05
5.58318e-05
5.55866e-05
5.53425e-05
5.50995e-05
5.48575e-05
5.46166e-05
5.43767e-05
5.41379e-05
5.39002e-05
5.36635e-05
5.34278e-05
5.31932e-05
5.29595e-05
5.2727e-05
5.24954e-05
5.22649e-05
5.20353e-05
5.18068e-05
5.15793e-05
5.13528e-05
5.11272e-05
5.09027e-05
5.06791e-05
5.04566e-05
5.0235e-05
5.00144e-05
4.97947e-05
4.9576e-05
4.93583e-05
4.91415e-05
4.89257e-05
4.87108e-05
4.84969e-05
4.82839e-05
4.80719e-05
4.78607e-05
4.76505e-05
4.74413e-05
4.72329e-05
4.70255e-05
4.68189e-05
4.66133e-05
4.64086e-05
4.62048e-05
4.60018e-05
4.57998e-05
4.55987e-05
4.53984e-05
4.5199e-05
4.50005e-05
4.48029e-05
4.46061e-05
4.44102e-05
4.42151e-05
4.40209e-05
4.38276e-05
4.36351e-05
4.34435e-05
4.32527e-05
4.30627e-05
4.28736e-05
4.26853e-05
4.24978e-05
4.23111e-05
4.21253e-05
4.19403e-05
4.17561e-05
4.15727e-05
4.13901e-05
4.12083e-05
4.10273e-05
4.08471e-05
4.06677e-05
4.04891e-05
4.03113e-05
4.01342e-05
3.99579e-05
3.97824e-05
3.96077e-05
3.94337e-05
3.92606e-05
3.90881e-05
3.89164e-05
3.87455e-05
3.85753e-05
3.84059e-05
3.82372e-05
3.80693e-05
3.79021e-05
3.77356e-05
3.75698e-05
3.74048e-05
3.72405e-05
3.7077e-05
3.69141e-05
3.6752e-05
3.65906e-05
3.64298e-05
3.62698e-05
3.61105e-05
3.59519e-05
3.5794e-05
3.56368e-05
3.54803e-05
3.53244e-05
3.51693e-05
3.50148e-05
3.4861e-05
3.47079e-05
3.45554e-05
3.44037e-05
3.42525e-05
3.41021e-05
3.39523e-05
3.38032e-05
3.36547e-05
3.35069e-05
3.33597e-05
3.32132e-05
3.30673e-05
3.2922e-05
3.27774e-05
3.26335e-05
3.24901e-05
3.23474e-05
3.22053e-05
3.20639e-05
3.1923e-05
3.17828e-05
3.16432e-05
3.15042e-05
3.13658e-05
3.12281e-05
3.10909e-05
3.09543e-05
3.08184e-05
3.0683e-05
3.05482e-05
3.04141e-05
3.02805e-05
3.01475e-05
3.0015e-05
2.98832e-05
2.97519e-05
2.96212e-05
2.94911e-05
2.93616e-05
2.92326e-05
2.91042e-05
2.89764e-05
2.88491e-05
2.87224e-05
2.85962e-05
2.84706e-05
2.83455e-05
2.8221e-05
2.80971e-05
2.79737e-05
2.78508e-05
2.77284e-05
2.76066e-05
2.74854e-05
2.73646e-05
2.72444e-05
2.71248e-05
2.70056e-05
2.6887e-05
2.67689e-05
2.66513e-05
2.65342e-05
2.64177e-05
2.63016e-05
2.61861e-05
2.60711e-05
2.59566e-05
2.58425e-05
2.5729e-05
2.5616e-05
2.55035e-05
2.53915e-05
2.52799e-05
2.51689e-05
2.50583e-05
2.49482e-05
2.48386e-05
2.47295e-05
2.46209e-05
2.45128e-05
2.44051e-05
2.42979e-05
2.41911e-05
2.40849e-05
2.39791e-05
2.38737e-05
2.37689e-05
2.36645e-05
2.35605e-05
