Vec Object: Vec_0x55adbf8b99c0_0 1 MPI process
  type: seq
1.
0.999751
0.999502
0.999254
0.999005
0.998756
0.998507
0.998258
0.99801
0.997761
0.997512
0.997263
0.997014
0.996766
0.996517
0.996268
0.996019
0.99577
0.995521
0.995273
0.995024
0.994775
0.994526
0.994277
0.994028
0.99378
0.993531
0.993282
0.993033
0.992784
0.992535
0.992286
0.992038
0.991789
0.99154
0.991291
0.991042
0.990793
0.990544
0.990295
0.990047
0.989798
0.989549
0.9893
0.989051
0.988802
0.988553
0.988304
0.988055
0.987806
0.987558
0.987309
0.98706
0.986811
0.986562
0.986313
0.986064
0.985815
0.985566
0.985317
0.985068
0.984819
0.98457
0.984322
0.984073
0.983824
0.983575
0.983326
0.983077
0.982828
0.982579
0.98233
0.982081
0.981832
0.981583
0.981334
0.981085
0.980836
0.980587
0.980338
0.980089
0.97984
0.979591
0.979342
0.979093
0.978844
0.978595
0.978346
0.978097
0.977848
0.977599
0.97735
0.977101
0.976852
0.976603
0.976354
0.976105
0.975856
0.975607
0.975358
0.975109
0.97486
0.974611
0.974362
0.974113
0.973864
0.973614
0.973365
0.973116
0.972867
0.972618
0.972369
0.97212
0.971871
0.971622
0.971373
0.971124
0.970875
0.970625
0.970376
0.970127
0.969878
0.969629
0.96938
0.969131
0.968882
0.968633
0.968383
0.968134
0.967885
0.967636
0.967387
0.967138
0.966889
0.966639
0.96639
0.966141
0.965892
0.965643
0.965394
0.965144
0.964895
0.964646
0.964397
0.964148
0.963898
0.963649
0.9634
0.963151
0.962902
0.962652
0.962403
0.962154
0.961905
0.961656
0.961406
0.961157
0.960908
0.960659
0.960409
0.96016
0.959911
0.959662
0.959412
0.959163
0.958914
0.958665
0.958415
0.958166
0.957917
0.957667
0.957418
0.957169
0.95692
0.95667
0.956421
0.956172
0.955922
0.955673
0.955424
0.955174
0.954925
0.954676
0.954426
0.954177
0.953928
0.953678
0.953429
0.95318
0.95293
0.952681
0.952432
0.952182
0.951933
0.951683
0.951434
0.951185
0.950935
0.950686
0.950436
0.950187
0.949938
0.949688
0.949439
0.949189
0.94894
0.948691
0.948441
0.948192
0.947942
0.947693
0.947443
0.947194
0.946944
0.946695
0.946445
0.946196
0.945946
0.945697
0.945448
0.945198
0.944949
0.944699
0.94445
0.9442
0.943951
0.943701
0.943451
0.943202
0.942952
0.942703
0.942453
0.942204
0.941954
0.941705
0.941455
0.941206
0.940956
0.940706
0.940457
0.940207
0.939958
0.939708
0.939458
0.939209
0.938959
0.93871
0.93846
0.93821
0.937961
0.937711
0.937462
0.937212
0.936962
0.936713
0.936463
0.936213
0.935964
0.935714
0.935464
0.935215
0.934965
0.934715
0.934466
0.934216
0.933966
0.933716
0.933467
0.933217
0.932967
0.932718
0.932468
0.932218
0.931968
0.931719
0.931469
0.931219
0.930969
0.93072
0.93047
0.93022
0.92997
0.92972
0.929471
0.929221
0.928971
0.928721
0.928471
0.928222
0.927972
0.927722
0.927472
0.927222
0.926972
0.926723
0.926473
0.926223
0.925973
0.925723
0.925473
0.925223
0.924973
0.924723
0.924474
0.924224
0.923974
0.923724
0.923474
0.923224
0.922974
0.922724
0.922474
0.922224
0.921974
0.921724
0.921474
0.921224
0.920974
0.920724
0.920474
0.920224
0.919974
0.919724
0.919474
0.919224
0.918974
0.918724
0.918474
0.918224
0.917974
0.917724
0.917474
0.917224
0.916974
0.916724
0.916474
0.916224
0.915973
0.915723
0.915473
0.915223
0.914973
0.914723
0.914473
0.914223
0.913972
0.913722
0.913472
0.913222
0.912972
0.912722
0.912471
0.912221
0.911971
0.911721
0.911471
0.91122
0.91097
0.91072
0.91047
0.910219
0.909969
0.909719
0.909469
0.909218
0.908968
0.908718
0.908467
0.908217
0.907967
0.907717
0.907466
0.907216
0.906966
0.906715
0.906465
0.906215
0.905964
0.905714
0.905463
0.905213
0.904963
0.904712
0.904462
0.904211
0.903961
0.903711
0.90346
0.90321
0.902959
0.902709
0.902458
0.902208
0.901957
0.901707
0.901457
0.901206
0.900956
0.900705
0.900455
0.900204
0.899954
0.899703
0.899452
0.899202
0.898951
0.898701
0.89845
0.8982
0.897949
0.897698
0.897448
0.897197
0.896947
0.896696
0.896445
0.896195
0.895944
0.895693
0.895443
0.895192
0.894941
0.894691
0.89444
0.894189
0.893939
0.893688
0.893437
0.893187
0.892936
0.892685
0.892434
0.892184
0.891933
0.891682
0.891431
0.891181
0.89093
0.890679
0.890428
0.890177
0.889926
0.889676
0.889425
0.889174
0.888923
0.888672
0.888421
0.888171
0.88792
0.887669
0.887418
0.887167
0.886916
0.886665
0.886414
0.886163
0.885912
0.885661
0.88541
0.885159
0.884908
0.884657
0.884406
0.884155
0.883904
0.883653
0.883402
0.883151
0.8829
0.882649
0.882398
0.882147
0.881896
0.881645
0.881394
0.881143
0.880891
0.88064
0.880389
0.880138
0.879887
0.879636
0.879385
0.879133
0.878882
0.878631
0.87838
0.878129
0.877877
0.877626
0.877375
0.877124
0.876872
0.876621
0.87637
0.876119
0.875867
0.875616
0.875365
0.875113
0.874862
0.874611
0.874359
0.874108
0.873857
0.873605
0.873354
0.873102
0.872851
0.8726
0.872348
0.872097
0.871845
0.871594
0.871342
0.871091
0.87084
0.870588
0.870337
0.870085
0.869834
0.869582
0.86933
0.869079
0.868827
0.868576
0.868324
0.868073
0.867821
0.867569
0.867318
0.867066
0.866815
0.866563
0.866311
0.86606
0.865808
0.865556
0.865305
0.865053
0.864801
0.86455
0.864298
0.864046
0.863794
0.863543
0.863291
0.863039
0.862787
0.862535
0.862284
0.862032
0.86178
0.861528
0.861276
0.861024
0.860773
0.860521
0.860269
0.860017
0.859765
0.859513
0.859261
0.859009
0.858757
0.858505
0.858253
0.858001
0.857749
0.857497
0.857245
0.856993
0.856741
0.856489
0.856237
0.855985
0.855733
0.855481
0.855229
0.854977
0.854725
0.854473
0.85422
0.853968
0.853716
0.853464
0.853212
0.852959
0.852707
0.852455
0.852203
0.851951
0.851698
0.851446
0.851194
0.850942
0.850689
0.850437
0.850185
0.849932
0.84968
0.849428
0.849175
0.848923
0.84867
0.848418
0.848166
0.847913
0.847661
0.847408
0.847156
0.846903
0.846651
0.846398
0.846146
0.845893
0.845641
0.845388
0.845136
0.844883
0.844631
0.844378
0.844126
0.843873
0.84362
0.843368
0.843115
0.842862
0.84261
0.842357
0.842104
0.841852
0.841599
0.841346
0.841093
0.840841
0.840588
0.840335
0.840082
0.83983
0.839577
0.839324
0.839071
0.838818
0.838565
0.838313
0.83806
0.837807
0.837554
0.837301
0.837048
0.836795
0.836542
0.836289
0.836036
0.835783
0.83553
0.835277
0.835024
0.834771
0.834518
0.834265
0.834012
0.833759
0.833506
0.833252
0.832999
0.832746
0.832493
0.83224
0.831987
0.831733
0.83148
0.831227
0.830974
0.83072
0.830467
0.830214
0.829961
0.829707
0.829454
0.829201
0.828947
0.828694
0.828441
0.828187
0.827934
0.82768
0.827427
0.827173
0.82692
0.826666
0.826413
0.826159
0.825906
0.825652
0.825399
0.825145
0.824892
0.824638
0.824385
0.824131
0.823877
0.823624
0.82337
0.823116
0.822863
0.822609
0.822355
0.822102
0.821848
0.821594
0.82134
0.821087
0.820833
0.820579
0.820325
0.820071
0.819817
0.819564
0.81931
0.819056
0.818802
0.818548
0.818294
0.81804
0.817786
0.817532
0.817278
0.817024
0.81677
0.816516
0.816262
0.816008
0.815754
0.8155
0.815245
0.814991
0.814737
0.814483
0.814229
0.813975
0.81372
0.813466
0.813212
0.812958
0.812703
0.812449
0.812195
0.811941
0.811686
0.811432
0.811177
0.810923
0.810669
0.810414
0.81016
0.809905
0.809651
0.809396
0.809142
0.808887
0.808633
0.808378
0.808124
0.807869
0.807615
0.80736
0.807105
0.806851
0.806596
0.806342
0.806087
0.805832
0.805577
0.805323
0.805068
0.804813
0.804558
0.804304
0.804049
0.803794
0.803539
0.803284
0.803029
0.802774
0.80252
0.802265
0.80201
0.801755
0.8015
0.801245
0.80099
0.800735
0.80048
0.800225
0.799969
0.799714
0.799459
0.799204
0.798949
0.798694
0.798439
0.798183
0.797928
0.797673
0.797418
0.797162
0.796907
0.796652
0.796396
0.796141
0.795886
0.79563
0.795375
0.79512
0.794864
0.794609
0.794353
0.794098
0.793842
0.793587
0.793331
0.793076
0.79282
0.792564
0.792309
0.792053
0.791798
0.791542
0.791286
0.791031
0.790775
0.790519
0.790263
0.790008
0.789752
0.789496
0.78924
0.788984
0.788728
0.788472
0.788217
0.787961
0.787705
0.787449
0.787193
0.786937
0.786681
0.786425
0.786169
0.785913
0.785656
0.7854
0.785144
0.784888
0.784632
0.784376
0.784119
0.783863
0.783607
0.783351
0.783094
0.782838
0.782582
0.782325
0.782069
0.781813
0.781556
0.7813
0.781043
0.780787
0.78053
0.780274
0.780017
0.779761
0.779504
0.779248
0.778991
0.778734
0.778478
0.778221
0.777964
0.777708
0.777451
0.777194
0.776938
0.776681
0.776424
0.776167
0.77591
0.775653
0.775396
0.77514
0.774883
0.774626
0.774369
0.774112
0.773855
0.773598
0.773341
0.773084
0.772826
0.772569
0.772312
0.772055
0.771798
0.771541
0.771283
0.771026
0.770769
0.770512
0.770254
0.769997
0.76974
0.769482
0.769225
0.768967
0.76871
0.768452
0.768195
0.767937
0.76768
0.767422
0.767165
0.766907
0.766649
0.766392
0.766134
0.765876
0.765619
0.765361
0.765103
0.764846
0.764588
0.76433
0.764072
0.763814
0.763556
0.763298
0.76304
0.762782
0.762524
0.762266
0.762008
0.76175
0.761492
0.761234
0.760976
0.760718
0.76046
0.760202
0.759943
0.759685
0.759427
0.759169
0.75891
0.758652
0.758394
0.758135
0.757877
0.757618
0.75736
0.757101
0.756843
0.756584
0.756326
0.756067
0.755809
0.75555
0.755291
0.755033
0.754774
0.754515
0.754257
0.753998
0.753739
0.75348
0.753221
0.752963
0.752704
0.752445
0.752186
0.751927
0.751668
0.751409
0.75115
0.750891
0.750632
0.750373
0.750113
0.749854
0.749595
0.749336
0.749077
0.748817
0.748558
0.748299
0.748039
0.74778
0.747521
0.747261
0.747002
0.746742
0.746483
0.746223
0.745964
0.745704
0.745445
0.745185
0.744925
0.744666
0.744406
0.744146
0.743886
0.743627
0.743367
0.743107
0.742847
0.742587
0.742327
0.742067
0.741807
0.741547
0.741287
0.741027
0.740767
0.740507
0.740247
0.739987
0.739727
0.739466
0.739206
0.738946
0.738686
0.738425
0.738165
0.737905
0.737644
0.737384
0.737123
0.736863
0.736602
0.736342
0.736081
0.735821
0.73556
0.735299
0.735039
0.734778
0.734517
0.734256
0.733996
0.733735
0.733474
0.733213
0.732952
0.732691
0.73243
0.732169
0.731908
0.731647
0.731386
0.731125
0.730864
0.730603
0.730341
0.73008
0.729819
0.729558
0.729296
0.729035
0.728773
0.728512
0.728251
0.727989
0.727728
0.727466
0.727205
0.726943
0.726681
0.72642
0.726158
0.725896
0.725635
0.725373
0.725111
0.724849
0.724587
0.724325
0.724064
0.723802
0.72354
0.723278
0.723016
0.722753
0.722491
0.722229
0.721967
0.721705
0.721443
0.72118
0.720918
0.720656
0.720393
0.720131
0.719869
0.719606
0.719344
0.719081
0.718819
0.718556
0.718293
0.718031
0.717768
0.717505
0.717243
0.71698
0.716717
0.716454
0.716191
0.715928
0.715665
0.715402
0.715139
0.714876
0.714613
0.71435
0.714087
0.713824
0.713561
0.713298
0.713034
0.712771
0.712508
0.712244
0.711981
0.711717
0.711454
0.711191
0.710927
0.710663
0.7104
0.710136
0.709873
0.709609
0.709345
0.709081
0.708818
0.708554
0.70829
0.708026
0.707762
0.707498
0.707234
0.70697
0.706706
0.706442
0.706178
0.705913
0.705649
0.705385
0.705121
0.704856
0.704592
0.704328
0.704063
0.703799
0.703534
0.70327
0.703005
0.70274
0.702476
0.702211
0.701946
0.701682
0.701417
0.701152
0.700887
0.700622
0.700357
0.700092
0.699827
0.699562
0.699297
0.699032
0.698767
0.698502
0.698237
0.697971
0.697706
0.697441
0.697175
0.69691
0.696644
0.696379
0.696113
0.695848
0.695582
0.695317
0.695051
0.694785
0.694519
0.694254
0.693988
0.693722
0.693456
0.69319
0.692924
0.692658
0.692392
0.692126
0.69186
0.691594
0.691328
0.691061
0.690795
0.690529
0.690262
0.689996
0.689729
0.689463
0.689196
0.68893
0.688663
0.688397
0.68813
0.687863
0.687596
0.68733
0.687063
0.686796
0.686529
0.686262
0.685995
0.685728
0.685461
0.685194
0.684927
0.684659
0.684392
0.684125
0.683858
0.68359
0.683323
0.683055
0.682788
0.68252
0.682253
0.681985
0.681718
0.68145
0.681182
0.680914
0.680647
0.680379
0.680111
0.679843
0.679575
0.679307
0.679039
0.678771
0.678502
0.678234
0.677966
0.677698
0.677429
0.677161
0.676893
0.676624
0.676356
0.676087
0.675819
0.67555
0.675281
0.675013
0.674744
0.674475
0.674206
0.673937
0.673668
0.673399
0.67313
0.672861
0.672592
0.672323
0.672054
0.671785
0.671515
0.671246
0.670977
0.670707
0.670438
0.670168
0.669899
0.669629
0.669359
0.66909
0.66882
0.66855
0.66828
0.668011
0.667741
0.667471
0.667201
0.666931
0.666661
0.66639
0.66612
0.66585
0.66558
0.665309
0.665039
0.664769
0.664498
0.664228
0.663957
0.663686
0.663416
0.663145
0.662874
0.662604
0.662333
0.662062
0.661791
0.66152
0.661249
0.660978
0.660707
0.660436
0.660164
0.659893
0.659622
0.65935
0.659079
0.658808
0.658536
0.658264
0.657993
0.657721
0.65745
0.657178
0.656906
0.656634
0.656362
0.65609
0.655818
0.655546
0.655274
0.655002
0.65473
0.654458
0.654185
0.653913
0.653641
0.653368
0.653096
0.652823
0.652551
0.652278
0.652005
0.651732
0.65146
0.651187
0.650914
0.650641
0.650368
0.650095
0.649822
0.649549
0.649276
0.649002
0.648729
0.648456
0.648182
0.647909
0.647635
0.647362
0.647088
0.646814
0.646541
0.646267
0.645993
0.645719
0.645445
0.645171
0.644897
0.644623
0.644349
0.644075
0.643801
0.643526
0.643252
0.642978
0.642703
0.642429
0.642154
0.64188
0.641605
0.64133
0.641055
0.640781
0.640506
0.640231
0.639956
0.639681
0.639406
0.639131
0.638855
0.63858
0.638305
0.638029
0.637754
0.637479
0.637203
0.636927
0.636652
0.636376
0.6361
0.635825
0.635549
0.635273
0.634997
0.634721
0.634445
0.634169
0.633892
0.633616
0.63334
0.633063
0.632787
0.632511
0.632234
0.631957
0.631681
0.631404
0.631127
0.63085
0.630574
0.630297
0.63002
0.629743
0.629466
0.629188
0.628911
0.628634
0.628357
0.628079
0.627802
0.627524
0.627247
0.626969
0.626691
0.626414
0.626136
0.625858
0.62558
0.625302
0.625024
0.624746
0.624468
0.62419
0.623911
0.623633
0.623355
0.623076
0.622798
0.622519
0.62224
0.621962
0.621683
0.621404
0.621125
0.620846
0.620567
0.620288
0.620009
0.61973
0.619451
0.619171
0.618892
0.618613
0.618333
0.618054
0.617774
0.617494
0.617215
0.616935
0.616655
0.616375
0.616095
0.615815
0.615535
0.615255
0.614975
0.614694
0.614414
0.614134
0.613853
0.613573
0.613292
0.613011
0.612731
0.61245
0.612169
0.611888
0.611607
0.611326
0.611045
0.610764
0.610483
0.610201
0.60992
0.609639
0.609357
0.609076
0.608794
0.608512
0.608231
0.607949
0.607667
0.607385
0.607103
0.606821
0.606539
0.606257
0.605975
0.605692
0.60541
0.605127
0.604845
0.604562
0.60428
0.603997
0.603714
0.603431
0.603148
0.602865
0.602582
0.602299
0.602016
0.601733
0.60145
0.601166
0.600883
0.600599
0.600316
0.600032
0.599748
0.599465
0.599181
0.598897
0.598613
0.598329
0.598045
0.597761
0.597476
0.597192
0.596908
0.596623
0.596339
0.596054
0.59577
0.595485
0.5952
0.594915
0.59463
0.594345
0.59406
0.593775
0.59349
0.593205
0.592919
0.592634
0.592348
0.592063
0.591777
0.591492
0.591206
0.59092
0.590634
0.590348
0.590062
0.589776
0.58949
0.589204
0.588917
0.588631
0.588345
0.588058
0.587771
0.587485
0.587198
0.586911
0.586624
0.586337
0.58605
0.585763
0.585476
0.585189
0.584902
0.584614
0.584327
0.584039
0.583752
0.583464
0.583176
0.582889
0.582601
0.582313
0.582025
0.581737
0.581449
0.58116
0.580872
0.580584
0.580295
0.580007
0.579718
0.579429
0.579141
0.578852
0.578563
0.578274
0.577985
0.577696
0.577407
0.577117
0.576828
0.576539
0.576249
0.57596
0.57567
0.57538
0.575091
0.574801
0.574511
0.574221
0.573931
0.573641
0.57335
0.57306
0.57277
0.572479
0.572189
0.571898
0.571608
0.571317
0.571026
0.570735
0.570444
0.570153
0.569862
0.569571
0.56928
0.568988
0.568697
0.568405
0.568114
0.567822
0.56753
0.567239
0.566947
0.566655
0.566363
0.566071
0.565778
0.565486
0.565194
0.564901
0.564609
0.564316
0.564024
0.563731
0.563438
0.563145
0.562852
0.562559
0.562266
0.561973
0.56168
0.561387
0.561093
0.5608
0.560506
0.560212
0.559919
0.559625
0.559331
0.559037
0.558743
0.558449
0.558155
0.55786
0.557566
0.557272
0.556977
0.556683
0.556388
0.556093
0.555798
0.555504
0.555209
0.554913
0.554618
0.554323
0.554028
0.553732
0.553437
0.553142
0.552846
0.55255
0.552254
0.551959
0.551663
0.551367
0.551071
0.550774
0.550478
0.550182
0.549885
0.549589
0.549292
0.548996
0.548699
0.548402
0.548105
0.547808
0.547511
0.547214
0.546917
0.54662
0.546322
0.546025
0.545727
0.54543
0.545132
0.544834
0.544536
0.544239
0.543941
0.543642
0.543344
0.543046
0.542748
0.542449
0.542151
0.541852
0.541553
0.541255
0.540956
0.540657
0.540358
0.540059
0.53976
0.539461
0.539161
0.538862
0.538562
0.538263
0.537963
0.537663
0.537364
0.537064
0.536764
0.536464
0.536164
0.535863
0.535563
0.535263
0.534962
0.534662
0.534361
0.53406
0.533759
0.533459
0.533158
0.532857
0.532555
0.532254
0.531953
0.531651
0.53135
0.531048
0.530747
0.530445
0.530143
0.529841
0.529539
0.529237
0.528935
0.528633
0.528331
0.528028
0.527726
0.527423
0.527121
0.526818
0.526515
0.526212
0.525909
0.525606
0.525303
0.525
0.524697
0.524393
0.52409
0.523786
0.523483
0.523179
0.522875
0.522571
0.522267
0.521963
0.521659
0.521355
0.521051
0.520746
0.520442
0.520137
0.519832
0.519528
0.519223
0.518918
0.518613
0.518308
0.518003
0.517698
0.517392
0.517087
0.516781
0.516476
0.51617
0.515864
0.515559
0.515253
0.514947
0.514641
0.514334
0.514028
0.513722
0.513415
0.513109
0.512802
0.512496
0.512189
0.511882
0.511575
0.511268
0.510961
0.510654
0.510346
0.510039
0.509732
0.509424
0.509116
0.508809
0.508501
0.508193
0.507885
0.507577
0.507269
0.506961
0.506652
0.506344
0.506036
0.505727
0.505418
0.50511
0.504801
0.504492
0.504183
0.503874
0.503565
0.503255
0.502946
0.502637
0.502327
0.502018
0.501708
0.501398
0.501088
0.500778
0.500468
0.500158
0.499848
0.499538
0.499228
0.498917
0.498607
0.498296
0.497985
0.497675
0.497364
0.497053
0.496742
0.496431
0.496119
0.495808
0.495497
0.495185
0.494874
0.494562
0.49425
0.493939
0.493627
0.493315
0.493003
0.49269
0.492378
0.492066
0.491754
0.491441
0.491128
0.490816
0.490503
0.49019
0.489877
0.489564
0.489251
0.488938
0.488625
0.488311
0.487998
0.487684
0.487371
0.487057
0.486743
0.48643
0.486116
0.485802
0.485487
0.485173
0.484859
0.484545
0.48423
0.483916
0.483601
0.483286
0.482971
0.482657
0.482342
0.482027
0.481711
0.481396
0.481081
0.480766
0.48045
0.480134
0.479819
0.479503
0.479187
0.478871
0.478555
0.478239
0.477923
0.477607
0.477291
0.476974
0.476658
0.476341
0.476024
0.475708
0.475391
0.475074
0.474757
0.47444
0.474123
0.473805
0.473488
0.473171
0.472853
0.472535
0.472218
0.4719
0.471582
0.471264
0.470946
0.470628
0.47031
0.469992
0.469673
0.469355
0.469036
0.468718
0.468399
0.46808
0.467761
0.467442
0.467123
0.466804
0.466485
0.466166
0.465846
0.465527
0.465207
0.464888
0.464568
0.464248
0.463928
0.463608
0.463288
0.462968
0.462648
0.462328
0.462007
0.461687
0.461366
0.461046
0.460725
0.460404
0.460083
0.459762
0.459441
0.45912
0.458799
0.458478
0.458156
0.457835
0.457513
0.457192
0.45687
0.456548
0.456226
0.455905
0.455583
0.45526
0.454938
0.454616
0.454294
0.453971
0.453649
0.453326
0.453003
0.452681
0.452358
0.452035
0.451712
0.451389
0.451065
0.450742
0.450419
0.450095
0.449772
0.449448
0.449125
0.448801
0.448477
0.448153
0.447829
0.447505
0.447181
0.446857
0.446532
0.446208
0.445883
0.445559
0.445234
0.44491
0.444585
0.44426
0.443935
0.44361
0.443285
0.44296
0.442634
0.442309
0.441983
0.441658
0.441332
0.441007
0.440681
0.440355
0.440029
0.439703
0.439377
0.439051
0.438725
0.438398
0.438072
0.437745
0.437419
0.437092
0.436765
0.436439
0.436112
0.435785
0.435458
0.435131
0.434804
0.434476
0.434149
0.433821
0.433494
0.433166
0.432839
0.432511
0.432183
0.431855
0.431527
0.431199
0.430871
0.430543
0.430215
0.429886
0.429558
0.429229
0.428901
0.428572
0.428243
0.427915
0.427586
0.427257
0.426928
0.426599
0.426269
0.42594
0.425611
0.425281
0.424952
0.424622
0.424293
0.423963
0.423633
0.423303
0.422973
0.422643
0.422313
0.421983
0.421653
0.421322
0.420992
0.420662
0.420331
0.42
0.41967
0.419339
0.419008
0.418677
0.418346
0.418015
0.417684
0.417353
0.417021
0.41669
0.416359
0.416027
0.415696
0.415364
0.415032
0.4147
0.414369
0.414037
0.413705
0.413372
0.41304
0.412708
0.412376
0.412043
0.411711
0.411378
0.411046
0.410713
0.41038
0.410048
0.409715
0.409382
0.409049
0.408716
0.408383
0.408049
0.407716
0.407383
0.407049
0.406716
0.406382
0.406048
0.405715
0.405381
0.405047
0.404713
0.404379
0.404045
0.403711
0.403377
0.403042
0.402708
0.402374
0.402039
0.401705
0.40137
0.401035
0.400701
0.400366
0.400031
0.399696
0.399361
0.399026
0.398691
0.398356
0.39802
0.397685
0.39735
0.397014
0.396678
0.396343
0.396007
0.395671
0.395336
0.395
0.394664
0.394328
0.393992
0.393656
0.393319
0.392983
0.392647
0.39231
0.391974
0.391637
0.391301
0.390964
0.390627
0.390291
0.389954
0.389617
0.38928
0.388943
0.388606
0.388269
0.387931
0.387594
0.387257
0.386919
0.386582
0.386244
0.385907
0.385569
0.385231
0.384894
0.384556
0.384218
0.38388
0.383542
0.383204
0.382866
0.382528
0.382189
0.381851
0.381513
0.381174
0.380836
0.380497
0.380158
0.37982
0.379481
0.379142
0.378803
0.378465
0.378126
0.377787
0.377447
0.377108
0.376769
0.37643
0.376091
0.375751
0.375412
0.375072
0.374733
0.374393
0.374054
0.373714
0.373374
0.373034
0.372694
0.372354
0.372014
0.371674
0.371334
0.370994
0.370654
0.370314
0.369973
0.369633
0.369293
0.368952
0.368612
0.368271
0.367931
0.36759
0.367249
0.366908
0.366568
0.366227
0.365886
0.365545
0.365204
0.364863
0.364522
0.36418
0.363839
0.363498
0.363156
0.362815
0.362474
0.362132
0.361791
0.361449
0.361107
0.360766
0.360424
0.360082
0.35974
0.359398
0.359057
0.358715
0.358373
0.358031
0.357688
0.357346
0.357004
0.356662
0.356319
0.355977
0.355635
0.355292
0.35495
0.354607
0.354265
0.353922
0.353579
0.353237
0.352894
0.352551
0.352208
0.351866
0.351523
0.35118
0.350837
0.350494
0.35015
0.349807
0.349464
0.349121
0.348778
0.348434
0.348091
0.347748
0.347404
0.347061
0.346717
0.346374
0.34603
0.345687
0.345343
0.344999
0.344655
0.344312
0.343968
0.343624
0.34328
0.342936
0.342592
0.342248
0.341904
0.34156
0.341216
0.340872
0.340528
0.340183
0.339839
0.339495
0.339151
0.338806
0.338462
0.338117
0.337773
0.337428
0.337084
0.336739
0.336395
0.33605
0.335705
0.335361
0.335016
0.334671
0.334326
0.333982
0.333637
0.333292
0.332947
0.332602
0.332257
0.331912
0.331567
0.331222
0.330877
0.330532
0.330186
0.329841
0.329496
0.329151
0.328806
0.32846
0.328115
0.32777
0.327424
0.327079
0.326733
0.326388
0.326042
0.325697
0.325351
0.325006
0.32466
0.324315
0.323969
0.323623
0.323278
0.322932
0.322586
0.322241
0.321895
0.321549
0.321203
0.320857
0.320511
0.320166
0.31982
0.319474
0.319128
0.318782
0.318436
0.31809
0.317744
0.317398
0.317052
0.316706
0.31636
0.316014
0.315667
0.315321
0.314975
0.314629
0.314283
0.313937
0.31359
0.313244
0.312898
0.312552
0.312205
0.311859
0.311513
0.311166
0.31082
0.310474
0.310127
0.309781
0.309435
0.309088
0.308742
0.308395
0.308049
0.307703
0.307356
0.30701
0.306663
0.306317
0.30597
0.305624
0.305277
0.304931
0.304584
0.304238
0.303891
0.303544
0.303198
0.302851
0.302505
0.302158
0.301812
0.301465
0.301118
0.300772
0.300425
0.300079
0.299732
0.299385
0.299039
0.298692
0.298346
0.297999
0.297652
0.297306
0.296959
0.296613
0.296266
0.295919
0.295573
0.295226
0.294879
0.294533
0.294186
0.29384
0.293493
0.293146
0.2928
0.292453
0.292107
0.29176
0.291413
0.291067
0.29072
0.290374
0.290027
0.289681
0.289334
0.288988
0.288641
0.288294
0.287948
0.287601
0.287255
0.286908
0.286562
0.286215
0.285869
0.285522
0.285176
0.28483
0.284483
0.284137
0.28379
0.283444
0.283098
0.282751
0.282405
0.282059
0.281712
0.281366
0.28102
0.280673
0.280327
0.279981
0.279635
0.279288
0.278942
0.278596
0.27825
0.277904
0.277558
0.277212
0.276865
0.276519
0.276173
0.275827
0.275481
0.275135
0.274789
0.274443
0.274098
0.273752
0.273406
0.27306
0.272714
0.272368
0.272023
0.271677
0.271331
0.270985
0.27064
0.270294
0.269948
0.269603
0.269257
0.268912
0.268566
0.268221
0.267875
0.26753
0.267185
0.266839
0.266494
0.266149
0.265803
0.265458
0.265113
0.264768
0.264423
0.264078
0.263733
0.263388
0.263043
0.262698
0.262353
0.262008
0.261663
0.261318
0.260973
0.260629
0.260284
0.259939
0.259595
0.25925
0.258906
0.258561
0.258217
0.257872
0.257528
0.257184
0.256839
0.256495
0.256151
0.255807
0.255463
0.255118
0.254774
0.25443
0.254087
0.253743
0.253399
0.253055
0.252711
0.252368
0.252024
0.25168
0.251337
0.250993
0.25065
0.250307
0.249963
0.24962
0.249277
0.248934
0.24859
0.248247
0.247904
0.247561
0.247218
0.246876
0.246533
0.24619
0.245847
0.245505
0.245162
0.24482
0.244477
0.244135
0.243792
0.24345
0.243108
0.242766
0.242424
0.242082
0.24174
0.241398
0.241056
0.240714
0.240372
0.240031
0.239689
0.239348
0.239006
0.238665
0.238323
0.237982
0.237641
0.2373
0.236959
0.236618
0.236277
0.235936
0.235595
0.235255
0.234914
0.234574
0.234233
0.233893
0.233552
0.233212
0.232872
0.232532
0.232192
0.231852
0.231512
0.231172
0.230832
0.230493
0.230153
0.229814
0.229474
0.229135
0.228796
0.228456
0.228117
0.227778
0.227439
0.227101
0.226762
0.226423
0.226085
0.225746
0.225408
0.225069
0.224731
0.224393
0.224055
0.223717
0.223379
0.223041
0.222704
0.222366
0.222028
0.221691
0.221354
0.221016
0.220679
0.220342
0.220005
0.219668
0.219331
0.218995
0.218658
0.218322
0.217985
0.217649
0.217313
0.216977
0.216641
0.216305
0.215969
0.215633
0.215298
0.214962
0.214627
0.214291
0.213956
0.213621
0.213286
0.212951
0.212616
0.212282
0.211947
0.211613
0.211278
0.210944
0.21061
0.210276
0.209942
0.209608
0.209275
0.208941
0.208608
0.208274
0.207941
0.207608
0.207275
0.206942
0.206609
0.206276
0.205944
0.205612
0.205279
0.204947
0.204615
0.204283
0.203951
0.203619
0.203288
0.202956
0.202625
0.202294
0.201963
0.201632
0.201301
0.20097
0.200639
0.200309
0.199979
0.199648
0.199318
0.198988
0.198658
0.198329
0.197999
0.19767
0.19734
0.197011
0.196682
0.196353
0.196024
0.195696
0.195367
0.195039
0.194711
0.194383
0.194055
0.193727
0.193399
0.193071
0.192744
0.192417
0.19209
0.191763
0.191436
0.191109
0.190783
0.190456
0.19013
0.189804
0.189478
0.189152
0.188826
0.188501
0.188175
0.18785
0.187525
0.1872
0.186875
0.18655
0.186226
0.185902
0.185577
0.185253
0.184929
0.184606
0.184282
0.183959
0.183635
0.183312
0.182989
0.182667
0.182344
0.182021
0.181699
0.181377
0.181055
0.180733
0.180411
0.18009
0.179769
0.179447
0.179126
0.178805
0.178485
0.178164
0.177844
0.177524
0.177204
0.176884
0.176564
0.176245
0.175925
0.175606
0.175287
0.174968
0.17465
0.174331
0.174013
0.173695
0.173377
0.173059
0.172742
0.172424
0.172107
0.17179
0.171473
0.171156
0.17084
0.170523
0.170207
0.169891
0.169576
0.16926
0.168944
0.168629
0.168314
0.167999
0.167685
0.16737
0.167056
0.166742
0.166428
0.166114
0.165801
0.165487
0.165174
0.164861
0.164548
0.164236
0.163924
0.163611
0.163299
0.162988
0.162676
0.162365
0.162053
0.161742
0.161432
0.161121
0.160811
0.1605
0.160191
0.159881
0.159571
0.159262
0.158953
0.158644
0.158335
0.158026
0.157718
0.15741
0.157102
0.156794
0.156487
0.15618
0.155872
0.155566
0.155259
0.154953
0.154646
0.15434
0.154034
0.153729
0.153424
0.153118
0.152814
0.152509
0.152204
0.1519
0.151596
0.151292
0.150989
0.150685
0.150382
0.150079
0.149776
0.149474
0.149172
0.14887
0.148568
0.148266
0.147965
0.147664
0.147363
0.147062
0.146762
0.146462
0.146162
0.145862
0.145563
0.145263
0.144964
0.144666
0.144367
0.144069
0.143771
0.143473
0.143175
0.142878
0.142581
0.142284
0.141987
0.141691
0.141395
0.141099
0.140803
0.140508
0.140213
0.139918
0.139623
0.139329
0.139034
0.13874
0.138447
0.138153
0.13786
0.137567
0.137275
0.136982
0.13669
0.136398
0.136106
0.135815
0.135524
0.135233
0.134942
0.134652
0.134362
0.134072
0.133782
0.133493
0.133204
0.132915
0.132626
0.132338
0.13205
0.131762
0.131475
0.131188
0.130901
0.130614
0.130328
0.130041
0.129755
0.12947
0.129184
0.128899
0.128615
0.12833
0.128046
0.127762
0.127478
0.127195
0.126911
0.126629
0.126346
0.126064
0.125781
0.1255
0.125218
0.124937
0.124656
0.124375
0.124095
0.123815
0.123535
0.123255
0.122976
0.122697
0.122418
0.12214
0.121862
0.121584
0.121307
0.121029
0.120752
0.120476
0.120199
0.119923
0.119647
0.119372
0.119097
0.118822
0.118547
0.118273
0.117999
0.117725
0.117451
0.117178
0.116905
0.116633
0.116361
0.116089
0.115817
0.115546
0.115275
0.115004
0.114733
0.114463
0.114193
0.113924
0.113654
0.113386
0.113117
0.112849
0.11258
0.112313
0.112045
0.111778
0.111511
0.111245
0.110979
0.110713
0.110447
0.110182
0.109917
0.109653
0.109388
0.109124
0.108861
0.108597
0.108334
0.108072
0.107809
0.107547
0.107285
0.107024
0.106763
0.106502
0.106241
0.105981
0.105721
0.105462
0.105203
0.104944
0.104685
0.104427
0.104169
0.103911
0.103654
0.103397
0.103141
0.102884
0.102628
0.102373
0.102117
0.101862
0.101608
0.101353
0.1011
0.100846
0.100593
0.10034
0.100087
0.0998346
0.0995826
0.099331
0.0990797
0.0988287
0.0985781
0.0983278
0.0980778
0.0978282
0.0975789
0.09733
0.0970814
0.0968331
0.0965852
0.0963376
0.0960903
0.0958434
0.0955969
0.0953506
0.0951048
0.0948592
0.094614
0.0943692
0.0941247
0.0938805
0.0936367
0.0933933
0.0931501
0.0929074
0.092665
0.0924229
0.0921812
0.0919398
0.0916988
0.0914581
0.0912178
0.0909778
0.0907382
0.0904989
0.09026
0.0900214
0.0897832
0.0895453
0.0893078
0.0890707
0.0888339
0.0885974
0.0883614
0.0881256
0.0878903
0.0876552
0.0874206
0.0871863
0.0869523
0.0867188
0.0864855
0.0862527
0.0860202
0.085788
0.0855562
0.0853248
0.0850937
0.084863
0.0846327
0.0844027
0.0841731
0.0839438
0.083715
0.0834864
0.0832583
0.0830305
0.0828031
0.082576
0.0823493
0.082123
0.081897
0.0816714
0.0814462
0.0812213
0.0809968
0.0807727
0.0805489
0.0803255
0.0801025
0.0798798
0.0796576
0.0794356
0.0792141
0.0789929
0.0787721
0.0785517
0.0783316
0.078112
0.0778926
0.0776737
0.0774551
0.0772369
0.0770191
0.0768017
0.0765846
0.0763679
0.0761516
0.0759356
0.07572
0.0755048
0.07529
0.0750756
0.0748615
0.0746478
0.0744345
0.0742216
0.074009
0.0737968
0.073585
0.0733736
0.0731625
0.0729518
0.0727415
0.0725316
0.0723221
0.0721129
0.0719042
0.0716958
0.0714877
0.0712801
0.0710729
0.070866
0.0706595
0.0704534
0.0702476
0.0700423
0.0698373
0.0696327
0.0694285
0.0692247
0.0690213
0.0688182
0.0686155
0.0684132
0.0682113
0.0680098
0.0678087
0.0676079
0.0674075
0.0672076
0.0670079
0.0668087
0.0666099
0.0664114
0.0662134
0.0660157
0.0658184
0.0656215
0.065425
0.0652288
0.0650331
0.0648377
0.0646427
0.0644481
0.0642539
0.0640601
0.0638666
0.0636736
0.0634809
0.0632886
0.0630967
0.0629052
0.0627141
0.0625233
0.062333
0.062143
0.0619535
0.0617643
0.0615755
0.0613871
0.061199
0.0610114
0.0608241
0.0606373
0.0604508
0.0602647
0.060079
0.0598937
0.0597088
0.0595242
0.0593401
0.0591563
0.0589729
0.0587899
0.0586073
0.0584251
0.0582433
0.0580619
0.0578808
0.0577001
0.0575199
0.05734
0.0571605
0.0569814
0.0568026
0.0566243
0.0564463
0.0562688
0.0560916
0.0559148
0.0557384
0.0555624
0.0553868
0.0552115
0.0550367
0.0548622
0.0546881
0.0545144
0.0543411
0.0541682
0.0539957
0.0538235
0.0536518
0.0534804
0.0533094
0.0531388
0.0529686
0.0527988
0.0526293
0.0524603
0.0522916
0.0521233
0.0519554
0.0517879
0.0516208
0.0514541
0.0512877
0.0511217
0.0509561
0.0507909
0.0506261
0.0504617
0.0502976
0.050134
0.0499707
0.0498078
0.0496453
0.0494831
0.0493214
0.04916
0.0489991
0.0488385
0.0486782
0.0485184
0.048359
0.0481999
0.0480412
0.0478829
0.047725
0.0475674
0.0474103
0.0472535
0.0470971
0.0469411
0.0467854
0.0466302
0.0464753
0.0463208
0.0461667
0.0460129
0.0458595
0.0457066
0.045554
0.0454017
0.0452499
0.0450984
0.0449473
0.0447966
0.0446462
0.0444963
0.0443467
0.0441975
0.0440486
0.0439002
0.0437521
0.0436044
0.043457
0.0433101
0.0431635
0.0430173
0.0428714
0.042726
0.0425809
0.0424361
0.0422918
0.0421478
0.0420042
0.041861
0.0417181
0.0415756
0.0414335
0.0412917
0.0411504
0.0410093
0.0408687
0.0407284
0.0405885
0.040449
0.0403098
0.040171
0.0400325
0.0398945
0.0397568
0.0396194
0.0394825
0.0393458
0.0392096
0.0390737
0.0389382
0.0388031
0.0386683
0.0385338
0.0383998
0.0382661
0.0381327
0.0379998
0.0378671
0.0377349
0.037603
0.0374715
0.0373403
0.0372095
0.037079
0.0369489
0.0368192
0.0366898
0.0365607
0.0364321
0.0363038
0.0361758
0.0360482
0.0359209
0.035794
0.0356675
0.0355413
0.0354155
0.03529
0.0351649
0.0350401
0.0349157
0.0347916
0.0346679
0.0345445
0.0344214
0.0342988
0.0341764
0.0340545
0.0339328
0.0338115
0.0336906
0.03357
0.0334497
0.0333298
0.0332103
0.0330911
0.0329722
0.0328537
0.0327355
0.0326176
0.0325001
0.032383
0.0322662
0.0321497
0.0320335
0.0319177
0.0318023
0.0316872
0.0315724
0.0314579
0.0313438
0.03123
0.0311166
0.0310035
0.0308907
0.0307783
0.0306662
0.0305544
0.030443
0.0303319
0.0302211
0.0301107
0.0300006
0.0298908
0.0297813
0.0296722
0.0295634
0.0294549
0.0293468
0.029239
0.0291315
0.0290243
0.0289175
0.028811
0.0287048
0.0285989
0.0284934
0.0283882
0.0282833
0.0281787
0.0280744
0.0279705
0.0278669
0.0277636
0.0276606
0.0275579
0.0274556
0.0273536
0.0272519
0.0271505
0.0270494
0.0269486
0.0268482
0.026748
0.0266482
0.0265487
0.0264495
0.0263506
0.026252
0.0261537
0.0260557
0.0259581
0.0258607
0.0257637
0.025667
0.0255705
0.0254744
0.0253786
0.0252831
0.0251879
0.0250929
0.0249983
0.024904
0.02481
0.0247163
0.0246229
0.0245298
0.024437
0.0243445
0.0242523
0.0241604
0.0240688
0.0239775
0.0238864
0.0237957
0.0237053
0.0236151
0.0235253
0.0234357
0.0233465
0.0232575
0.0231688
0.0230804
0.0229923
0.0229045
0.0228169
0.0227297
0.0226427
0.0225561
0.0224697
0.0223836
0.0222978
0.0222122
0.022127
0.022042
0.0219573
0.0218729
0.0217888
0.0217049
0.0216214
0.0215381
0.0214551
0.0213723
0.0212899
0.0212077
0.0211258
0.0210441
0.0209628
0.0208817
0.0208009
0.0207203
0.0206401
0.0205601
0.0204803
0.0204009
0.0203217
0.0202428
0.0201641
0.0200857
0.0200076
0.0199297
0.0198521
0.0197748
0.0196978
0.0196209
0.0195444
0.0194681
0.0193921
0.0193164
0.0192409
0.0191656
0.0190907
0.0190159
0.0189415
0.0188673
0.0187933
0.0187196
0.0186462
0.018573
0.0185001
0.0184274
0.018355
0.0182828
0.0182109
0.0181392
0.0180678
0.0179966
0.0179257
0.017855
0.0177845
0.0177144
0.0176444
0.0175747
0.0175053
0.0174361
0.0173671
0.0172984
0.0172299
0.0171617
0.0170937
0.0170259
0.0169584
0.0168911
0.0168241
0.0167573
0.0166907
0.0166244
0.0165583
0.0164924
0.0164268
0.0163614
0.0162962
0.0162313
0.0161666
0.0161022
0.0160379
0.0159739
0.0159102
0.0158466
0.0157833
0.0157202
0.0156573
0.0155947
0.0155323
0.0154701
0.0154081
0.0153464
0.0152849
0.0152236
0.0151625
0.0151017
0.015041
0.0149806
0.0149204
0.0148605
0.0148007
0.0147412
0.0146819
0.0146228
0.0145639
0.0145052
0.0144467
0.0143885
0.0143305
0.0142726
0.014215
0.0141576
0.0141004
0.0140435
0.0139867
0.0139301
0.0138738
0.0138176
0.0137617
0.013706
0.0136505
0.0135951
0.01354
0.0134851
0.0134304
0.0133759
0.0133216
0.0132675
0.0132136
0.0131599
0.0131064
0.0130531
0.013
0.0129471
0.0128944
0.0128418
0.0127895
0.0127374
0.0126855
0.0126337
0.0125822
0.0125309
0.0124797
0.0124287
0.012378
0.0123274
0.012277
0.0122268
0.0121768
0.012127
0.0120773
0.0120279
0.0119786
0.0119296
0.0118807
0.011832
0.0117834
0.0117351
0.0116869
0.011639
0.0115912
0.0115436
0.0114961
0.0114489
0.0114018
0.0113549
0.0113082
0.0112617
0.0112153
0.0111692
0.0111232
0.0110773
0.0110317
0.0109862
0.0109409
0.0108958
0.0108508
0.010806
0.0107614
0.010717
0.0106727
0.0106286
0.0105847
0.0105409
0.0104973
0.0104539
0.0104106
0.0103675
0.0103246
0.0102818
0.0102392
0.0101968
0.0101545
0.0101124
0.0100705
0.0100287
0.0099871
0.00994565
0.00990435
0.00986322
0.00982224
0.00978143
0.00974077
0.00970027
0.00965993
0.00961974
0.00957972
0.00953984
0.00950013
0.00946057
0.00942116
0.00938191
0.00934281
0.00930386
0.00926506
0.00922642
0.00918793
0.00914959
0.0091114
0.00907336
0.00903547
0.00899772
0.00896013
0.00892268
0.00888538
0.00884823
0.00881123
0.00877436
0.00873765
0.00870108
0.00866465
0.00862837
0.00859223
0.00855623
0.00852038
0.00848466
0.00844909
0.00841366
0.00837837
0.00834322
0.00830821
0.00827333
0.0082386
0.008204
0.00816954
0.00813522
0.00810103
0.00806698
0.00803307
0.00799929
0.00796564
0.00793213
0.00789875
0.00786551
0.00783239
0.00779941
0.00776656
0.00773385
0.00770126
0.0076688
0.00763647
0.00760428
0.00757221
0.00754027
0.00750845
0.00747677
0.00744521
0.00741378
0.00738247
0.00735129
0.00732024
0.00728931
0.0072585
0.00722782
0.00719726
0.00716683
0.00713651
0.00710632
0.00707625
0.00704631
0.00701648
0.00698677
0.00695719
0.00692772
0.00689837
0.00686914
0.00684003
0.00681103
0.00678216
0.0067534
0.00672475
0.00669622
0.00666781
0.00663951
0.00661133
0.00658326
0.00655531
0.00652747
0.00649974
0.00647213
0.00644462
0.00641723
0.00638995
0.00636278
0.00633573
0.00630878
0.00628194
0.00625521
0.00622859
0.00620208
0.00617567
0.00614938
0.00612319
0.00609711
0.00607113
0.00604527
0.0060195
0.00599384
0.00596829
0.00594284
0.0059175
0.00589226
0.00586712
0.00584209
0.00581716
0.00579233
0.0057676
0.00574297
0.00571845
0.00569402
0.0056697
0.00564548
0.00562135
0.00559733
0.0055734
0.00554957
0.00552584
0.00550221
0.00547867
0.00545523
0.00543189
0.00540865
0.0053855
0.00536244
0.00533948
0.00531662
0.00529385
0.00527117
0.00524859
0.0052261
0.0052037
0.0051814
0.00515919
0.00513707
0.00511504
0.0050931
0.00507126
0.0050495
0.00502784
0.00500626
0.00498478
0.00496338
0.00494207
0.00492085
0.00489972
0.00487867
0.00485772
0.00483685
0.00481606
0.00479537
0.00477476
0.00475423
0.00473379
0.00471344
0.00469317
0.00467298
0.00465288
0.00463286
0.00461293
0.00459308
0.00457331
0.00455362
0.00453402
0.00451449
0.00449505
0.00447569
0.00445642
0.00443722
0.0044181
0.00439906
0.0043801
0.00436122
0.00434242
0.0043237
0.00430506
0.00428649
0.004268
0.00424959
0.00423126
0.004213
0.00419482
0.00417672
0.00415869
0.00414074
0.00412286
0.00410506
0.00408733
0.00406968
0.0040521
0.00403459
0.00401716
0.0039998
0.00398252
0.00396531
0.00394817
0.0039311
0.0039141
0.00389718
0.00388032
0.00386354
0.00384683
0.00383019
0.00381361
0.00379711
0.00378068
0.00376432
0.00374802
0.0037318
0.00371564
0.00369955
0.00368353
0.00366758
0.00365169
0.00363587
0.00362012
0.00360443
0.00358882
0.00357326
0.00355777
0.00354235
0.003527
0.0035117
0.00349648
0.00348131
0.00346622
0.00345118
0.00343621
0.0034213
0.00340646
0.00339168
0.00337696
0.0033623
0.00334771
0.00333317
0.0033187
0.00330429
0.00328995
0.00327566
0.00326143
0.00324726
0.00323316
0.00321911
0.00320512
0.0031912
0.00317733
0.00316352
0.00314977
0.00313608
0.00312244
0.00310887
0.00309535
0.00308189
0.00306849
0.00305514
0.00304185
0.00302862
0.00301544
0.00300232
0.00298926
0.00297625
0.00296329
0.0029504
0.00293755
0.00292476
0.00291203
0.00289935
0.00288673
0.00287415
0.00286164
0.00284917
0.00283676
0.0028244
0.0028121
0.00279984
0.00278764
0.00277549
0.0027634
0.00275135
0.00273936
0.00272742
0.00271553
0.00270369
0.0026919
0.00268016
0.00266847
0.00265683
0.00264524
0.0026337
0.00262221
0.00261077
0.00259938
0.00258804
0.00257674
0.0025655
0.0025543
0.00254315
0.00253205
0.00252099
0.00250999
0.00249903
0.00248811
0.00247725
0.00246643
0.00245565
0.00244493
0.00243425
0.00242361
0.00241302
0.00240248
0.00239198
0.00238153
0.00237112
0.00236076
0.00235044
0.00234016
0.00232993
0.00231975
0.00230961
0.00229951
0.00228945
0.00227944
0.00226947
0.00225954
0.00224966
0.00223982
0.00223002
0.00222026
0.00221055
0.00220088
0.00219125
0.00218166
0.00217211
0.0021626
0.00215314
0.00214371
0.00213433
0.00212498
0.00211568
0.00210641
0.00209719
0.00208801
0.00207886
0.00206976
0.00206069
0.00205167
0.00204268
0.00203373
0.00202482
0.00201595
0.00200711
0.00199832
0.00198956
0.00198084
0.00197216
0.00196352
0.00195491
0.00194634
0.00193781
0.00192931
0.00192086
0.00191243
0.00190405
0.0018957
0.00188738
0.00187911
0.00187087
0.00186266
0.00185449
0.00184635
0.00183825
0.00183019
0.00182216
0.00181416
0.0018062
0.00179828
0.00179039
0.00178253
0.00177471
0.00176692
0.00175916
0.00175144
0.00174375
0.00173609
0.00172847
0.00172088
0.00171333
0.0017058
0.00169831
0.00169085
0.00168343
0.00167604
0.00166867
0.00166134
0.00165405
0.00164678
0.00163955
0.00163234
0.00162517
0.00161803
0.00161092
0.00160384
0.00159679
0.00158978
0.00158279
0.00157583
0.00156891
0.00156201
0.00155514
0.00154831
0.0015415
0.00153472
0.00152797
0.00152126
0.00151457
0.00150791
0.00150128
0.00149467
0.0014881
0.00148155
0.00147504
0.00146855
0.00146209
0.00145566
0.00144925
0.00144288
0.00143653
0.00143021
0.00142392
0.00141765
0.00141141
0.0014052
0.00139902
0.00139286
0.00138673
0.00138063
0.00137455
0.0013685
0.00136248
0.00135648
0.00135051
0.00134456
0.00133864
0.00133275
0.00132688
0.00132104
0.00131522
0.00130943
0.00130366
0.00129792
0.0012922
0.00128651
0.00128085
0.0012752
0.00126959
0.00126399
0.00125843
0.00125288
0.00124736
0.00124187
0.00123639
0.00123095
0.00122552
0.00122012
0.00121475
0.00120939
0.00120406
0.00119876
0.00119347
0.00118821
0.00118297
0.00117776
0.00117257
0.0011674
0.00116225
0.00115713
0.00115203
0.00114695
0.00114189
0.00113686
0.00113184
0.00112685
0.00112188
0.00111694
0.00111201
0.00110711
0.00110222
0.00109736
0.00109252
0.0010877
0.00108291
0.00107813
0.00107337
0.00106864
0.00106392
0.00105923
0.00105456
0.0010499
0.00104527
0.00104066
0.00103607
0.00103149
0.00102694
0.00102241
0.0010179
0.00101341
0.00100893
0.00100448
0.00100005
0.000995634
0.000991239
0.000986863
0.000982507
0.00097817
0.000973852
0.000969553
0.000965272
0.00096101
0.000956767
0.000952543
0.000948337
0.00094415
0.000939981
0.00093583
0.000931697
0.000927583
0.000923487
0.000919408
0.000915348
0.000911305
0.00090728
0.000903272
0.000899283
0.00089531
0.000891356
0.000887418
0.000883498
0.000879595
0.000875709
0.00087184
0.000867988
0.000864153
0.000860335
0.000856534
0.000852749
0.000848981
0.00084523
0.000841495
0.000837776
0.000834074
0.000830388
0.000826718
0.000823064
0.000819427
0.000815805
0.000812199
0.000808609
0.000805035
0.000801476
0.000797934
0.000794406
0.000790894
0.000787398
0.000783917
0.000780451
0.000777001
0.000773566
0.000770146
0.00076674
0.00076335
0.000759975
0.000756614
0.000753269
0.000749938
0.000746622
0.00074332
0.000740033
0.00073676
0.000733501
0.000730257
0.000727028
0.000723812
0.000720611
0.000717423
0.00071425
0.000711091
0.000707945
0.000704814
0.000701696
0.000698592
0.000695501
0.000692424
0.000689361
0.000686311
0.000683275
0.000680252
0.000677242
0.000674245
0.000671262
0.000668292
0.000665335
0.000662391
0.000659459
0.000656541
0.000653636
0.000650743
0.000647863
0.000644996
0.000642142
0.0006393
0.00063647
0.000633653
0.000630849
0.000628056
0.000625276
0.000622509
0.000619753
0.00061701
0.000614279
0.000611559
0.000608852
0.000606157
0.000603473
0.000600802
0.000598142
0.000595494
0.000592857
0.000590232
0.000587619
0.000585017
0.000582427
0.000579848
0.00057728
0.000574724
0.000572179
0.000569646
0.000567123
0.000564612
0.000562111
0.000559622
0.000557144
0.000554676
0.00055222
0.000549774
0.000547339
0.000544915
0.000542501
0.000540098
0.000537706
0.000535324
0.000532953
0.000530592
0.000528242
0.000525902
0.000523573
0.000521253
0.000518944
0.000516645
0.000514356
0.000512078
0.000509809
0.00050755
0.000505302
0.000503063
0.000500834
0.000498615
0.000496406
0.000494206
0.000492016
0.000489836
0.000487666
0.000485505
0.000483353
0.000481212
0.000479079
0.000476956
0.000474842
0.000472738
0.000470643
0.000468557
0.000466481
0.000464413
0.000462355
0.000460306
0.000458266
0.000456235
0.000454212
0.000452199
0.000450195
0.000448199
0.000446213
0.000444235
0.000442266
0.000440305
0.000438353
0.00043641
0.000434476
0.00043255
0.000430632
0.000428723
0.000426822
0.00042493
0.000423046
0.000421171
0.000419303
0.000417444
0.000415593
0.000413751
0.000411916
0.00041009
0.000408272
0.000406461
0.000404659
0.000402865
0.000401078
0.0003993
0.000397529
0.000395766
0.000394011
0.000392264
0.000390524
0.000388793
0.000387068
0.000385352
0.000383643
0.000381941
0.000380248
0.000378561
0.000376882
0.000375211
0.000373546
0.00037189
0.00037024
0.000368598
0.000366963
0.000365335
0.000363715
0.000362102
0.000360495
0.000358896
0.000357304
0.000355719
0.000354141
0.00035257
0.000351006
0.000349449
0.000347899
0.000346356
0.000344819
0.000343289
0.000341766
0.00034025
0.000338741
0.000337238
0.000335742
0.000334252
0.000332769
0.000331292
0.000329823
0.000328359
0.000326902
0.000325452
0.000324008
0.00032257
0.000321139
0.000319714
0.000318295
0.000316883
0.000315476
0.000314077
0.000312683
0.000311295
0.000309914
0.000308538
0.000307169
0.000305806
0.000304449
0.000303098
0.000301753
0.000300414
0.00029908
0.000297753
0.000296431
0.000295116
0.000293806
0.000292502
0.000291204
0.000289911
0.000288624
0.000287343
0.000286068
0.000284798
0.000283534
0.000282276
0.000281023
0.000279775
0.000278533
0.000277297
0.000276066
0.00027484
0.00027362
0.000272406
0.000271197
0.000269993
0.000268794
0.000267601
0.000266413
0.00026523
0.000264053
0.00026288
0.000261713
0.000260551
0.000259395
0.000258243
0.000257096
0.000255955
0.000254819
0.000253687
0.000252561
0.000251439
0.000250323
0.000249212
0.000248105
0.000247003
0.000245907
0.000244815
0.000243728
0.000242645
0.000241568
0.000240495
0.000239427
0.000238364
0.000237306
0.000236252
0.000235203
0.000234158
0.000233119
0.000232083
0.000231053
0.000230027
0.000229005
0.000227988
0.000226976
0.000225968
0.000224964
0.000223965
0.00022297
0.00022198
0.000220994
0.000220013
0.000219035
0.000218063
0.000217094
0.00021613
0.00021517
0.000214214
0.000213263
0.000212316
0.000211373
0.000210434
0.000209499
0.000208568
0.000207642
0.00020672
0.000205802
0.000204887
0.000203977
0.000203071
0.000202169
0.000201271
0.000200377
0.000199487
0.000198601
0.000197718
0.00019684
0.000195966
0.000195095
0.000194228
0.000193366
0.000192507
0.000191651
0.0001908
0.000189952
0.000189108
0.000188268
0.000187432
0.000186599
0.00018577
0.000184945
0.000184123
0.000183305
0.000182491
0.00018168
0.000180873
0.000180069
0.000179269
0.000178472
0.000177679
0.00017689
0.000176104
0.000175322
0.000174543
0.000173767
0.000172995
0.000172226
0.000171461
0.000170699
0.000169941
0.000169185
0.000168434
0.000167685
0.00016694
0.000166198
0.00016546
0.000164724
0.000163992
0.000163264
0.000162538
0.000161816
0.000161097
0.000160381
0.000159668
0.000158958
0.000158252
0.000157549
0.000156849
0.000156152
0.000155458
0.000154767
0.000154079
0.000153394
0.000152712
0.000152034
0.000151358
0.000150685
0.000150016
0.000149349
0.000148685
0.000148024
0.000147366
0.000146711
0.000146059
0.00014541
0.000144764
0.00014412
0.00014348
0.000142842
0.000142207
0.000141575
0.000140946
0.000140319
0.000139696
0.000139075
0.000138456
0.000137841
0.000137228
0.000136618
0.000136011
0.000135406
0.000134804
0.000134205
0.000133609
0.000133015
0.000132423
0.000131835
0.000131249
0.000130665
0.000130084
0.000129506
0.00012893
0.000128357
0.000127787
0.000127219
0.000126653
0.00012609
0.000125529
0.000124971
0.000124416
0.000123863
0.000123312
0.000122764
0.000122218
0.000121675
0.000121134
0.000120595
0.000120059
0.000119525
0.000118994
0.000118465
0.000117938
0.000117414
0.000116892
0.000116372
0.000115854
0.000115339
0.000114826
0.000114316
0.000113808
0.000113302
0.000112798
0.000112296
0.000111797
0.0001113
0.000110805
0.000110312
0.000109822
0.000109333
0.000108847
0.000108363
0.000107881
0.000107402
0.000106924
0.000106449
0.000105975
0.000105504
0.000105035
0.000104568
0.000104103
0.00010364
0.000103179
0.00010272
0.000102263
0.000101809
0.000101356
0.000100905
0.000100457
0.00010001
9.95651e-05
9.91223e-05
9.86815e-05
9.82426e-05
9.78057e-05
9.73708e-05
9.69377e-05
9.65066e-05
9.60774e-05
9.56501e-05
9.52248e-05
9.48013e-05
9.43796e-05
9.39599e-05
9.3542e-05
9.3126e-05
9.27118e-05
9.22995e-05
9.1889e-05
9.14803e-05
9.10734e-05
9.06684e-05
9.02651e-05
8.98636e-05
8.9464e-05
8.90661e-05
8.86699e-05
8.82755e-05
8.78829e-05
8.7492e-05
8.71029e-05
8.67155e-05
8.63298e-05
8.59458e-05
8.55635e-05
8.51829e-05
8.4804e-05
8.44268e-05
8.40513e-05
8.36774e-05
8.33052e-05
8.29347e-05
8.25658e-05
8.21985e-05
8.18329e-05
8.14689e-05
8.11065e-05
8.07457e-05
8.03865e-05
8.0029e-05
7.9673e-05
7.93186e-05
7.89657e-05
7.86145e-05
7.82647e-05
7.79166e-05
7.757e-05
7.72249e-05
7.68814e-05
7.65394e-05
7.61989e-05
7.58599e-05
7.55225e-05
7.51865e-05
7.4852e-05
7.4519e-05
7.41875e-05
7.38575e-05
7.35289e-05
7.32018e-05
7.28762e-05
7.2552e-05
7.22292e-05
7.19079e-05
7.1588e-05
7.12695e-05
7.09524e-05
7.06367e-05
7.03225e-05
7.00096e-05
6.96982e-05
6.93881e-05
6.90794e-05
6.8772e-05
6.84661e-05
6.81615e-05
6.78582e-05
6.75563e-05
6.72557e-05
6.69565e-05
6.66586e-05
6.6362e-05
6.60668e-05
6.57728e-05
6.54802e-05
6.51888e-05
6.48988e-05
6.461e-05
6.43226e-05
6.40364e-05
6.37515e-05
6.34678e-05
6.31854e-05
6.29043e-05
6.26244e-05
6.23457e-05
6.20683e-05
6.17922e-05
6.15172e-05
6.12435e-05
6.0971e-05
6.06997e-05
6.04296e-05
6.01607e-05
5.9893e-05
5.96265e-05
5.93612e-05
5.90971e-05
5.88341e-05
5.85723e-05
5.83117e-05
5.80522e-05
5.77939e-05
5.75367e-05
5.72807e-05
5.70258e-05
5.6772e-05
5.65194e-05
5.62679e-05
5.60175e-05
5.57682e-05
5.552e-05
5.5273e-05
5.5027e-05
5.47821e-05
5.45384e-05
5.42957e-05
5.4054e-05
5.38135e-05
5.3574e-05
5.33356e-05
5.30982e-05
5.28619e-05
5.26267e-05
5.23925e-05
5.21593e-05
5.19272e-05
5.16961e-05
5.14661e-05
5.1237e-05
5.1009e-05
5.0782e-05
5.0556e-05
5.0331e-05
5.0107e-05
4.9884e-05
4.9662e-05
4.9441e-05
4.92209e-05
4.90019e-05
4.87838e-05
4.85667e-05
4.83505e-05
4.81353e-05
4.79211e-05
4.77078e-05
4.74955e-05
4.72841e-05
4.70737e-05
4.68642e-05
4.66556e-05
4.64479e-05
4.62412e-05
4.60354e-05
4.58305e-05
4.56265e-05
4.54234e-05
4.52213e-05
4.502e-05
4.48196e-05
4.46201e-05
4.44215e-05
4.42238e-05
4.4027e-05
4.3831e-05
4.36359e-05
4.34417e-05
4.32483e-05
4.30558e-05
4.28642e-05
4.26734e-05
4.24834e-05
4.22943e-05
4.21061e-05
4.19187e-05
4.17321e-05
4.15463e-05
4.13614e-05
4.11773e-05
4.0994e-05
4.08115e-05
4.06298e-05
4.0449e-05
4.02689e-05
4.00897e-05
3.99112e-05
3.97336e-05
3.95567e-05
3.93806e-05
3.92053e-05
3.90308e-05
3.88571e-05
3.86841e-05
3.85119e-05
3.83404e-05
3.81698e-05
3.79999e-05
3.78307e-05
3.76623e-05
3.74946e-05
3.73277e-05
3.71616e-05
3.69961e-05
3.68314e-05
3.66675e-05
3.65042e-05
3.63417e-05
3.61799e-05
3.60189e-05
3.58585e-05
3.56989e-05
3.554e-05
3.53818e-05
3.52242e-05
3.50674e-05
3.49113e-05
3.47559e-05
3.46012e-05
3.44471e-05
3.42938e-05
3.41411e-05
3.39891e-05
3.38378e-05
3.36871e-05
3.35372e-05
3.33878e-05
3.32392e-05
3.30912e-05
3.29439e-05
3.27972e-05
3.26512e-05
3.25058e-05
3.23611e-05
3.2217e-05
3.20736e-05
3.19308e-05
3.17886e-05
3.16471e-05
3.15062e-05
3.13659e-05
3.12263e-05
3.10873e-05
3.09488e-05
3.08111e-05
3.06739e-05
3.05373e-05
3.04013e-05
3.0266e-05
3.01312e-05
2.99971e-05
2.98635e-05
2.97305e-05
2.95982e-05
2.94664e-05
2.93352e-05
2.92046e-05
2.90745e-05
2.89451e-05
2.88162e-05
2.86879e-05
2.85601e-05
2.8433e-05
2.83064e-05
2.81803e-05
2.80549e-05
2.79299e-05
2.78056e-05
2.76818e-05
2.75585e-05
2.74358e-05
2.73136e-05
2.7192e-05
2.70709e-05
2.69504e-05
2.68304e-05
2.67109e-05
2.6592e-05
2.64736e-05
2.63557e-05
2.62383e-05
2.61215e-05
2.60052e-05
2.58894e-05
2.57741e-05
2.56593e-05
2.5545e-05
2.54313e-05
2.5318e-05
2.52053e-05
2.50931e-05
2.49813e-05
2.48701e-05
2.47593e-05
2.46491e-05
2.45393e-05
2.443e-05
2.43212e-05
2.42129e-05
2.41051e-05
2.39977e-05
2.38909e-05
2.37845e-05
2.36786e-05
2.35731e-05
2.34681e-05
2.33636e-05
2.32596e-05
2.3156e-05
2.30529e-05
2.29502e-05
2.2848e-05
2.27463e-05
2.2645e-05
2.25441e-05
2.24437e-05
2.23438e-05
2.22443e-05
2.21452e-05
2.20466e-05
2.19484e-05
2.18506e-05
2.17533e-05
2.16564e-05
2.156e-05
2.1464e-05
2.13684e-05
2.12732e-05
2.11785e-05
2.10841e-05
2.09902e-05
2.08968e-05
2.08037e-05
2.0711e-05
2.06188e-05
2.0527e-05
2.04355e-05
2.03445e-05
2.02539e-05
2.01637e-05
2.00739e-05
1.99845e-05
1.98955e-05
1.98069e-05
1.97187e-05
1.96308e-05
1.95434e-05
1.94563e-05
1.93697e-05
1.92834e-05
1.91975e-05
1.9112e-05
1.90269e-05
1.89422e-05
1.88578e-05
1.87738e-05
1.86902e-05
1.86069e-05
1.8524e-05
1.84415e-05
1.83594e-05
1.82776e-05
1.81962e-05
1.81152e-05
1.80345e-05
1.79541e-05
1.78742e-05
1.77946e-05
1.77153e-05
1.76364e-05
1.75578e-05
1.74796e-05
1.74018e-05
1.73242e-05
1.72471e-05
1.71703e-05
1.70938e-05
1.70176e-05
1.69418e-05
1.68664e-05
1.67912e-05
1.67164e-05
1.6642e-05
1.65678e-05
1.6494e-05
1.64206e-05
1.63474e-05
1.62746e-05
1.62021e-05
1.61299e-05
1.60581e-05
1.59865e-05
1.59153e-05
1.58444e-05
1.57739e-05
1.57036e-05
1.56336e-05
1.5564e-05
1.54947e-05
1.54256e-05
1.53569e-05
1.52885e-05
1.52204e-05
1.51526e-05
1.50851e-05
1.50179e-05
1.4951e-05
1.48844e-05
1.48181e-05
1.47521e-05
1.46863e-05
1.46209e-05
1.45558e-05
1.44909e-05
1.44264e-05
1.43621e-05
1.42981e-05
1.42344e-05
1.4171e-05
1.41079e-05
1.4045e-05
1.39825e-05
1.39202e-05
1.38582e-05
1.37964e-05
1.3735e-05
1.36738e-05
1.36128e-05
1.35522e-05
1.34918e-05
1.34317e-05
1.33719e-05
1.33123e-05
1.3253e-05
1.31939e-05
1.31352e-05
1.30766e-05
1.30184e-05
1.29604e-05
1.29026e-05
1.28452e-05
1.27879e-05
1.2731e-05
1.26742e-05
1.26178e-05
1.25615e-05
1.25056e-05
1.24499e-05
1.23944e-05
1.23392e-05
1.22842e-05
1.22295e-05
1.2175e-05
1.21207e-05
1.20667e-05
1.2013e-05
1.19594e-05
1.19062e-05
1.18531e-05
1.18003e-05
1.17477e-05
1.16954e-05
1.16433e-05
1.15914e-05
1.15397e-05
1.14883e-05
1.14371e-05
1.13862e-05
1.13354e-05
1.12849e-05
1.12346e-05
1.11846e-05
1.11348e-05
1.10851e-05
1.10357e-05
1.09866e-05
1.09376e-05
1.08889e-05
1.08404e-05
1.07921e-05
1.0744e-05
1.06961e-05
1.06484e-05
1.0601e-05
1.05538e-05
1.05067e-05
1.04599e-05
1.04133e-05
1.03669e-05
1.03207e-05
1.02747e-05
1.02289e-05
1.01834e-05
1.0138e-05
1.00928e-05
1.00478e-05
1.00031e-05
9.95848e-06
9.9141e-06
9.86992e-06
9.82594e-06
9.78215e-06
9.73856e-06
9.69517e-06
9.65196e-06
9.60895e-06
9.56613e-06
9.5235e-06
9.48106e-06
9.43881e-06
9.39675e-06
9.35488e-06
9.31319e-06
9.27169e-06
9.23037e-06
9.18924e-06
9.14829e-06
9.10752e-06
9.06693e-06
9.02652e-06
8.9863e-06
8.94625e-06
8.90638e-06
8.86669e-06
8.82718e-06
8.78784e-06
8.74868e-06
8.70969e-06
8.67087e-06
8.63223e-06
8.59376e-06
8.55546e-06
8.51733e-06
8.47938e-06
8.44159e-06
8.40397e-06
8.36651e-06
8.32923e-06
8.29211e-06
8.25515e-06
8.21836e-06
8.18173e-06
8.14527e-06
8.10897e-06
8.07283e-06
8.03685e-06
8.00103e-06
7.96537e-06
7.92987e-06
7.89453e-06
7.85935e-06
7.82432e-06
7.78945e-06
7.75473e-06
7.72017e-06
7.68576e-06
7.65151e-06
7.6174e-06
7.58345e-06
7.54965e-06
7.51601e-06
7.48251e-06
7.44916e-06
7.41596e-06
7.3829e-06
7.35e-06
7.31724e-06
7.28463e-06
7.25216e-06
7.21983e-06
7.18765e-06
7.15562e-06
7.12373e-06
7.09197e-06
7.06036e-06
7.02889e-06
6.99757e-06
6.96638e-06
6.93533e-06
6.90441e-06
6.87364e-06
6.843e-06
6.8125e-06
6.78214e-06
6.75191e-06
6.72181e-06
6.69185e-06
6.66202e-06
6.63233e-06
6.60276e-06
6.57333e-06
6.54403e-06
6.51486e-06
6.48582e-06
6.45691e-06
6.42813e-06
6.39948e-06
6.37095e-06
6.34256e-06
6.31428e-06
6.28614e-06
6.25812e-06
6.23022e-06
6.20245e-06
6.1748e-06
6.14728e-06
6.11988e-06
6.0926e-06
6.06544e-06
6.0384e-06
6.01148e-06
5.98469e-06
5.95801e-06
5.93145e-06
5.90501e-06
5.87869e-06
5.85248e-06
5.82639e-06
5.80042e-06
5.77456e-06
5.74882e-06
5.72319e-06
5.69768e-06
5.67228e-06
5.647e-06
5.62182e-06
5.59676e-06
5.57181e-06
5.54697e-06
5.52225e-06
5.49763e-06
5.47312e-06
5.44872e-06
5.42443e-06
5.40025e-06
5.37618e-06
5.35221e-06
5.32835e-06
5.30459e-06
5.28095e-06
5.2574e-06
5.23397e-06
5.21063e-06
5.1874e-06
5.16428e-06
5.14126e-06
5.11833e-06
5.09552e-06
5.0728e-06
5.05018e-06
5.02767e-06
5.00526e-06
4.98294e-06
4.96073e-06
4.93861e-06
4.91659e-06
4.89467e-06
4.87285e-06
4.85113e-06
4.8295e-06
4.80797e-06
4.78653e-06
4.76519e-06
4.74395e-06
4.7228e-06
4.70174e-06
4.68078e-06
4.65991e-06
4.63914e-06
4.61845e-06
4.59786e-06
4.57736e-06
4.55695e-06
4.53664e-06
4.51641e-06
4.49627e-06
4.47623e-06
4.45627e-06
4.4364e-06
4.41662e-06
4.39693e-06
4.37733e-06
4.35781e-06
4.33838e-06
4.31904e-06
4.29978e-06
4.28061e-06
4.26152e-06
4.24252e-06
4.2236e-06
4.20477e-06
4.18603e-06
4.16736e-06
4.14878e-06
4.13028e-06
4.11187e-06
4.09353e-06
4.07528e-06
4.05711e-06
4.03902e-06
4.02101e-06
4.00308e-06
3.98523e-06
3.96746e-06
3.94977e-06
3.93216e-06
3.91463e-06
3.89717e-06
3.87979e-06
3.86249e-06
3.84527e-06
3.82813e-06
3.81106e-06
3.79406e-06
3.77714e-06
3.7603e-06
3.74353e-06
3.72684e-06
3.71022e-06
3.69368e-06
3.67721e-06
3.66081e-06
3.64449e-06
3.62824e-06
3.61206e-06
3.59595e-06
3.57992e-06
3.56395e-06
3.54806e-06
3.53224e-06
3.51649e-06
3.50081e-06
3.4852e-06
3.46965e-06
3.45418e-06
3.43878e-06
3.42344e-06
3.40818e-06
3.39298e-06
3.37785e-06
3.36279e-06
3.34779e-06
3.33286e-06
3.318e-06
3.3032e-06
3.28847e-06
3.27381e-06
3.25921e-06
3.24467e-06
3.2302e-06
3.2158e-06
3.20146e-06
3.18718e-06
3.17297e-06
3.15882e-06
3.14473e-06
3.13071e-06
3.11675e-06
3.10285e-06
3.08901e-06
3.07523e-06
3.06152e-06
3.04786e-06
3.03427e-06
3.02074e-06
3.00727e-06
2.99386e-06
2.98051e-06
2.96721e-06
2.95398e-06
2.94081e-06
2.92769e-06
2.91463e-06
2.90164e-06
2.88869e-06
2.87581e-06
2.86299e-06
2.85022e-06
2.83751e-06
2.82485e-06
2.81225e-06
2.79971e-06
2.78722e-06
2.77479e-06
2.76242e-06
2.7501e-06
2.73783e-06
2.72562e-06
2.71347e-06
2.70136e-06
2.68931e-06
2.67732e-06
2.66538e-06
2.65349e-06
2.64166e-06
2.62988e-06
2.61815e-06
2.60647e-06
2.59484e-06
2.58327e-06
2.57175e-06
2.56028e-06
2.54886e-06
2.53749e-06
2.52617e-06
2.5149e-06
2.50369e-06
2.49252e-06
2.4814e-06
2.47034e-06
2.45932e-06
2.44835e-06
2.43743e-06
2.42656e-06
2.41573e-06
2.40496e-06
2.39423e-06
2.38355e-06
2.37292e-06
2.36234e-06
2.3518e-06
2.34131e-06
2.33087e-06
2.32047e-06
2.31012e-06
2.29981e-06
2.28956e-06
2.27934e-06
2.26918e-06
2.25905e-06
2.24898e-06
2.23895e-06
2.22896e-06
2.21902e-06
2.20912e-06
2.19926e-06
2.18945e-06
2.17969e-06
2.16997e-06
2.16029e-06
2.15065e-06
2.14106e-06
2.13151e-06
2.122e-06
2.11253e-06
2.10311e-06
2.09373e-06
2.08439e-06
2.07509e-06
2.06583e-06
2.05662e-06
2.04744e-06
2.03831e-06
2.02922e-06
2.02017e-06
2.01115e-06
2.00218e-06
1.99325e-06
1.98436e-06
1.97551e-06
1.96669e-06
1.95792e-06
1.94919e-06
1.94049e-06
1.93184e-06
1.92322e-06
1.91464e-06
1.9061e-06
1.89759e-06
1.88913e-06
1.8807e-06
1.87231e-06
1.86396e-06
1.85564e-06
1.84736e-06
1.83912e-06
1.83092e-06
1.82275e-06
1.81462e-06
1.80652e-06
1.79846e-06
1.79044e-06
1.78245e-06
1.7745e-06
1.76658e-06
1.7587e-06
1.75086e-06
1.74305e-06
1.73527e-06
1.72753e-06
1.71982e-06
1.71215e-06
1.70451e-06
1.69691e-06
1.68934e-06
1.6818e-06
1.6743e-06
1.66683e-06
1.65939e-06
1.65199e-06
1.64462e-06
1.63728e-06
1.62997e-06
1.6227e-06
1.61546e-06
1.60825e-06
1.60108e-06
1.59394e-06
1.58682e-06
1.57974e-06
1.5727e-06
1.56568e-06
1.55869e-06
1.55174e-06
1.54482e-06
1.53792e-06
1.53106e-06
1.52423e-06
1.51743e-06
1.51066e-06
1.50392e-06
1.49721e-06
1.49053e-06
1.48388e-06
1.47726e-06
1.47067e-06
1.46411e-06
1.45757e-06
1.45107e-06
1.4446e-06
1.43815e-06
1.43173e-06
1.42534e-06
1.41898e-06
1.41265e-06
1.40635e-06
1.40008e-06
1.39383e-06
1.38761e-06
1.38142e-06
1.37525e-06
1.36912e-06
1.36301e-06
1.35693e-06
1.35087e-06
1.34484e-06
1.33884e-06
1.33287e-06
1.32692e-06
1.321e-06
1.31511e-06
1.30924e-06
1.3034e-06
1.29758e-06
1.29179e-06
1.28603e-06
1.28029e-06
1.27457e-06
1.26889e-06
1.26323e-06
1.25759e-06
1.25198e-06
1.24639e-06
1.24083e-06
1.23529e-06
1.22978e-06
1.22429e-06
1.21883e-06
1.21339e-06
1.20797e-06
1.20258e-06
1.19722e-06
1.19188e-06
1.18656e-06
1.18126e-06
1.17599e-06
1.17074e-06
1.16552e-06
1.16032e-06
1.15514e-06
1.14998e-06
1.14485e-06
1.13974e-06
1.13466e-06
1.12959e-06
1.12455e-06
1.11953e-06
1.11454e-06
1.10957e-06
1.10461e-06
1.09968e-06
1.09478e-06
1.08989e-06
1.08503e-06
1.08018e-06
1.07536e-06
1.07057e-06
1.06579e-06
1.06103e-06
1.0563e-06
1.05158e-06
1.04689e-06
1.04222e-06
1.03757e-06
1.03294e-06
1.02833e-06
1.02374e-06
1.01917e-06
1.01462e-06
1.01009e-06
1.00558e-06
1.0011e-06
9.96627e-07
9.9218e-07
9.87752e-07
9.83343e-07
9.78955e-07
9.74585e-07
9.70236e-07
9.65906e-07
9.61595e-07
9.57303e-07
9.53031e-07
9.48777e-07
9.44543e-07
9.40327e-07
9.3613e-07
9.31952e-07
9.27793e-07
9.23652e-07
9.1953e-07
9.15426e-07
9.1134e-07
9.07272e-07
9.03223e-07
8.99192e-07
8.95178e-07
8.91183e-07
8.87205e-07
8.83246e-07
8.79303e-07
8.75379e-07
8.71472e-07
8.67582e-07
8.6371e-07
8.59855e-07
8.56017e-07
8.52196e-07
8.48392e-07
8.44606e-07
8.40836e-07
8.37083e-07
8.33346e-07
8.29627e-07
8.25924e-07
8.22237e-07
8.18567e-07
8.14914e-07
8.11276e-07
8.07655e-07
8.0405e-07
8.00461e-07
7.96888e-07
7.93331e-07
7.8979e-07
7.86265e-07
7.82755e-07
7.79261e-07
7.75783e-07
7.7232e-07
7.68873e-07
7.65441e-07
7.62024e-07
7.58622e-07
7.55236e-07
7.51865e-07
7.48509e-07
7.45168e-07
7.41841e-07
7.3853e-07
7.35233e-07
7.31951e-07
7.28684e-07
7.25431e-07
7.22193e-07
7.18969e-07
7.1576e-07
7.12565e-07
7.09384e-07
7.06217e-07
7.03065e-07
6.99926e-07
6.96802e-07
6.93691e-07
6.90595e-07
6.87512e-07
6.84443e-07
6.81387e-07
6.78345e-07
6.75317e-07
6.72303e-07
6.69301e-07
6.66314e-07
6.63339e-07
6.60378e-07
6.5743e-07
6.54495e-07
6.51573e-07
6.48664e-07
6.45769e-07
6.42886e-07
6.40016e-07
6.37159e-07
6.34314e-07
6.31482e-07
6.28663e-07
6.25857e-07
6.23063e-07
6.20281e-07
6.17512e-07
6.14755e-07
6.12011e-07
6.09278e-07
6.06558e-07
6.03851e-07
6.01155e-07
5.98471e-07
5.95799e-07
5.93139e-07
5.90491e-07
5.87855e-07
5.8523e-07
5.82618e-07
5.80016e-07
5.77427e-07
5.74849e-07
5.72283e-07
5.69728e-07
5.67184e-07
5.64652e-07
5.62131e-07
5.59621e-07
5.57123e-07
5.54635e-07
5.52159e-07
5.49694e-07
5.4724e-07
5.44796e-07
5.42364e-07
5.39942e-07
5.37532e-07
5.35132e-07
5.32742e-07
5.30364e-07
5.27996e-07
5.25639e-07
5.23292e-07
5.20955e-07
5.18629e-07
5.16314e-07
5.14008e-07
5.11713e-07
5.09429e-07
5.07154e-07
5.0489e-07
5.02635e-07
5.00391e-07
4.98157e-07
4.95933e-07
4.93718e-07
4.91514e-07
4.89319e-07
4.87134e-07
4.84959e-07
4.82794e-07
4.80638e-07
4.78492e-07
4.76356e-07
4.74229e-07
4.72111e-07
4.70003e-07
4.67904e-07
4.65815e-07
4.63735e-07
4.61665e-07
4.59603e-07
4.57551e-07
4.55508e-07
4.53474e-07
4.51449e-07
4.49433e-07
4.47426e-07
4.45428e-07
4.43439e-07
4.41459e-07
4.39488e-07
4.37526e-07
4.35572e-07
4.33627e-07
4.31691e-07
4.29763e-07
4.27844e-07
4.25933e-07
4.24031e-07
4.22138e-07
4.20253e-07
4.18376e-07
4.16508e-07
4.14648e-07
4.12796e-07
4.10953e-07
4.09118e-07
4.07291e-07
4.05472e-07
4.03662e-07
4.01859e-07
4.00064e-07
3.98278e-07
3.96499e-07
3.94729e-07
3.92966e-07
3.91211e-07
3.89464e-07
3.87725e-07
3.85993e-07
3.8427e-07
3.82554e-07
3.80845e-07
3.79144e-07
3.77451e-07
3.75766e-07
3.74087e-07
3.72417e-07
3.70754e-07
3.69098e-07
3.6745e-07
3.65809e-07
3.64175e-07
3.62549e-07
3.6093e-07
3.59318e-07
3.57713e-07
3.56115e-07
3.54525e-07
3.52942e-07
3.51365e-07
3.49796e-07
3.48234e-07
3.46679e-07
3.45131e-07
3.43589e-07
3.42055e-07
3.40527e-07
3.39006e-07
3.37492e-07
3.35985e-07
3.34484e-07
3.3299e-07
3.31503e-07
3.30023e-07
3.28549e-07
3.27081e-07
3.25621e-07
3.24166e-07
3.22718e-07
3.21277e-07
3.19842e-07
3.18414e-07
3.16992e-07
3.15576e-07
3.14166e-07
3.12763e-07
3.11366e-07
3.09976e-07
3.08591e-07
3.07213e-07
3.05841e-07
3.04475e-07
3.03115e-07
3.01761e-07
3.00413e-07
2.99071e-07
2.97735e-07
2.96406e-07
2.95082e-07
2.93764e-07
2.92452e-07
2.91145e-07
2.89845e-07
2.8855e-07
2.87262e-07
2.85978e-07
2.84701e-07
2.83429e-07
2.82163e-07
2.80903e-07
2.79648e-07
2.78399e-07
2.77156e-07
2.75918e-07
2.74685e-07
2.73458e-07
2.72237e-07
2.71021e-07
2.6981e-07
2.68605e-07
2.67405e-07
2.66211e-07
2.65022e-07
2.63838e-07
2.62659e-07
2.61486e-07
2.60318e-07
2.59155e-07
2.57998e-07
2.56845e-07
2.55698e-07
2.54556e-07
2.53419e-07
2.52287e-07
2.5116e-07
2.50038e-07
2.48921e-07
2.47809e-07
2.46702e-07
2.456e-07
2.44503e-07
2.43411e-07
2.42323e-07
2.41241e-07
2.40163e-07
2.3909e-07
2.38022e-07
2.36959e-07
2.359e-07
2.34847e-07
2.33797e-07
2.32753e-07
2.31713e-07
2.30678e-07
2.29648e-07
2.28622e-07
2.276e-07
2.26584e-07
2.25571e-07
2.24564e-07
2.23561e-07
2.22562e-07
2.21568e-07
2.20578e-07
2.19592e-07
2.18611e-07
2.17635e-07
2.16662e-07
2.15694e-07
2.14731e-07
2.13772e-07
2.12817e-07
2.11866e-07
2.10919e-07
2.09977e-07
2.09039e-07
2.08105e-07
2.07175e-07
2.0625e-07
2.05328e-07
2.04411e-07
2.03498e-07
2.02589e-07
2.01683e-07
2.00782e-07
1.99885e-07
1.98992e-07
1.98103e-07
1.97218e-07
1.96337e-07
1.9546e-07
1.94587e-07
1.93717e-07
1.92852e-07
1.9199e-07
1.91132e-07
1.90279e-07
1.89428e-07
1.88582e-07
1.87739e-07
1.86901e-07
1.86066e-07
1.85234e-07
1.84407e-07
1.83583e-07
1.82763e-07
1.81946e-07
1.81133e-07
1.80324e-07
1.79518e-07
1.78716e-07
1.77917e-07
1.77123e-07
1.76331e-07
1.75543e-07
1.74759e-07
1.73978e-07
1.73201e-07
1.72427e-07
1.71656e-07
1.70889e-07
1.70126e-07
1.69366e-07
1.68609e-07
1.67856e-07
1.67106e-07
1.66359e-07
1.65616e-07
1.64876e-07
1.64139e-07
1.63405e-07
1.62675e-07
1.61948e-07
1.61225e-07
1.60504e-07
1.59787e-07
1.59073e-07
1.58362e-07
1.57655e-07
1.5695e-07
1.56249e-07
1.55551e-07
1.54856e-07
1.54164e-07
1.53475e-07
1.52789e-07
1.52106e-07
1.51427e-07
1.5075e-07
1.50076e-07
1.49406e-07
1.48738e-07
1.48074e-07
1.47412e-07
1.46753e-07
1.46097e-07
1.45445e-07
1.44795e-07
1.44148e-07
1.43503e-07
1.42862e-07
1.42224e-07
1.41588e-07
1.40955e-07
1.40326e-07
1.39698e-07
1.39074e-07
1.38453e-07
1.37834e-07
1.37218e-07
1.36605e-07
1.35994e-07
1.35387e-07
1.34782e-07
1.34179e-07
1.3358e-07
1.32983e-07
1.32388e-07
1.31797e-07
1.31208e-07
1.30621e-07
1.30038e-07
1.29457e-07
1.28878e-07
1.28302e-07
1.27729e-07
1.27158e-07
1.2659e-07
1.26024e-07
1.25461e-07
1.249e-07
1.24342e-07
1.23786e-07
1.23233e-07
1.22682e-07
1.22134e-07
1.21588e-07
1.21045e-07
1.20504e-07
1.19965e-07
1.19429e-07
1.18895e-07
1.18364e-07
1.17835e-07
1.17308e-07
1.16784e-07
1.16262e-07
1.15742e-07
1.15225e-07
1.1471e-07
1.14197e-07
1.13687e-07
1.13179e-07
1.12673e-07
1.12169e-07
1.11668e-07
1.11169e-07
1.10672e-07
1.10178e-07
1.09685e-07
1.09195e-07
1.08707e-07
1.08221e-07
1.07737e-07
1.07256e-07
1.06776e-07
1.06299e-07
1.05824e-07
1.05351e-07
1.0488e-07
1.04411e-07
1.03945e-07
1.0348e-07
1.03018e-07
1.02557e-07
1.02099e-07
1.01642e-07
1.01188e-07
1.00736e-07
1.00286e-07
9.98373e-08
9.9391e-08
9.89468e-08
9.85045e-08
9.80642e-08
9.76259e-08
9.71895e-08
9.67551e-08
9.63226e-08
9.58921e-08
9.54634e-08
9.50367e-08
9.46119e-08
9.4189e-08
9.3768e-08
9.33489e-08
9.29316e-08
9.25162e-08
9.21027e-08
9.1691e-08
9.12811e-08
9.08731e-08
9.04669e-08
9.00625e-08
8.96599e-08
8.92591e-08
8.88601e-08
8.84629e-08
8.80674e-08
8.76738e-08
8.72819e-08
8.68917e-08
8.65033e-08
8.61166e-08
8.57316e-08
8.53484e-08
8.49669e-08
8.4587e-08
8.42089e-08
8.38325e-08
8.34577e-08
8.30847e-08
8.27132e-08
8.23435e-08
8.19754e-08
8.16089e-08
8.12441e-08
8.08809e-08
8.05193e-08
8.01594e-08
7.9801e-08
7.94443e-08
7.90891e-08
7.87356e-08
7.83836e-08
7.80332e-08
7.76843e-08
7.73371e-08
7.69913e-08
7.66471e-08
7.63045e-08
7.59633e-08
7.56237e-08
7.52857e-08
7.49491e-08
7.4614e-08
7.42804e-08
7.39484e-08
7.36178e-08
7.32887e-08
7.2961e-08
7.26348e-08
7.23101e-08
7.19868e-08
7.1665e-08
7.13446e-08
7.10256e-08
7.07081e-08
7.0392e-08
7.00772e-08
6.97639e-08
6.9452e-08
6.91415e-08
6.88324e-08
6.85247e-08
6.82183e-08
6.79133e-08
6.76097e-08
6.73074e-08
6.70065e-08
6.67069e-08
6.64086e-08
6.61117e-08
6.58161e-08
6.55219e-08
6.52289e-08
6.49373e-08
6.4647e-08
6.43579e-08
6.40702e-08
6.37837e-08
6.34985e-08
6.32146e-08
6.2932e-08
6.26506e-08
6.23705e-08
6.20916e-08
6.1814e-08
6.15376e-08
6.12624e-08
6.09885e-08
6.07158e-08
6.04444e-08
6.01741e-08
5.9905e-08
5.96372e-08
5.93705e-08
5.91051e-08
5.88408e-08
5.85777e-08
5.83158e-08
5.8055e-08
5.77954e-08
5.7537e-08
5.72797e-08
5.70236e-08
5.67686e-08
5.65148e-08
5.62621e-08
5.60105e-08
5.57601e-08
5.55107e-08
5.52625e-08
5.50154e-08
5.47694e-08
5.45245e-08
5.42807e-08
5.4038e-08
5.37963e-08
5.35558e-08
5.33163e-08
5.30779e-08
5.28405e-08
5.26043e-08
5.2369e-08
5.21349e-08
5.19017e-08
5.16696e-08
5.14386e-08
5.12086e-08
5.09796e-08
5.07516e-08
5.05246e-08
5.02987e-08
5.00738e-08
4.98499e-08
4.96269e-08
4.9405e-08
4.91841e-08
4.89641e-08
4.87452e-08
4.85272e-08
4.83102e-08
4.80941e-08
4.78791e-08
4.7665e-08
4.74518e-08
4.72396e-08
4.70283e-08
4.6818e-08
4.66087e-08
4.64002e-08
4.61927e-08
4.59861e-08
4.57805e-08
4.55758e-08
4.53719e-08
4.5169e-08
4.4967e-08
4.47659e-08
4.45657e-08
4.43664e-08
4.4168e-08
4.39705e-08
4.37738e-08
4.35781e-08
4.33832e-08
4.31891e-08
4.2996e-08
4.28037e-08
4.26123e-08
4.24217e-08
4.2232e-08
4.20431e-08
4.18551e-08
4.16679e-08
4.14815e-08
4.1296e-08
4.11113e-08
4.09274e-08
4.07444e-08
4.05622e-08
4.03808e-08
4.02002e-08
4.00204e-08
3.98414e-08
3.96632e-08
3.94858e-08
3.93092e-08
3.91334e-08
3.89583e-08
3.87841e-08
3.86106e-08
3.84379e-08
3.8266e-08
3.80949e-08
3.79245e-08
3.77549e-08
3.7586e-08
3.74179e-08
3.72505e-08
3.70839e-08
3.69181e-08
3.67529e-08
3.65885e-08
3.64249e-08
3.6262e-08
3.60998e-08
3.59383e-08
3.57776e-08
3.56175e-08
3.54582e-08
3.52996e-08
3.51417e-08
3.49845e-08
3.48281e-08
3.46723e-08
3.45172e-08
3.43628e-08
3.42091e-08
3.40561e-08
3.39037e-08
3.37521e-08
3.36011e-08
3.34508e-08
3.33012e-08
3.31522e-08
3.30039e-08
3.28563e-08
3.27093e-08
3.2563e-08
3.24174e-08
3.22724e-08
3.2128e-08
3.19843e-08
3.18412e-08
3.16988e-08
3.1557e-08
3.14158e-08
3.12753e-08
3.11354e-08
3.09961e-08
3.08575e-08
3.07194e-08
3.0582e-08
3.04452e-08
3.0309e-08
3.01734e-08
3.00385e-08
2.99041e-08
2.97703e-08
2.96371e-08
2.95046e-08
2.93726e-08
2.92412e-08
2.91104e-08
2.89802e-08
2.88505e-08
2.87214e-08
2.8593e-08
2.84651e-08
2.83377e-08
2.82109e-08
2.80847e-08
2.79591e-08
2.7834e-08
2.77095e-08
2.75855e-08
2.74621e-08
2.73393e-08
2.7217e-08
2.70952e-08
2.6974e-08
2.68533e-08
2.67332e-08
2.66136e-08
2.64945e-08
2.6376e-08
2.6258e-08
2.61405e-08
2.60236e-08
2.59072e-08
2.57913e-08
2.56759e-08
2.5561e-08
2.54466e-08
2.53328e-08
2.52195e-08
2.51066e-08
2.49943e-08
2.48825e-08
2.47712e-08
2.46603e-08
2.455e-08
2.44402e-08
2.43308e-08
2.4222e-08
2.41136e-08
2.40057e-08
2.38983e-08
2.37914e-08
2.36849e-08
2.3579e-08
2.34735e-08
2.33685e-08
2.32639e-08
2.31598e-08
2.30562e-08
2.2953e-08
2.28503e-08
2.27481e-08
2.26463e-08
2.2545e-08
2.24441e-08
2.23437e-08
2.22437e-08
2.21442e-08
2.20451e-08
2.19465e-08
2.18483e-08
2.17505e-08
2.16532e-08
2.15563e-08
2.14599e-08
2.13639e-08
2.12683e-08
2.11731e-08
2.10784e-08
2.09841e-08
2.08902e-08
2.07967e-08
2.07036e-08
2.0611e-08
2.05188e-08
2.0427e-08
2.03356e-08
2.02446e-08
2.0154e-08
2.00638e-08
1.9974e-08
1.98847e-08
1.97957e-08
1.97071e-08
1.96189e-08
1.95311e-08
1.94437e-08
1.93567e-08
1.92701e-08
1.91839e-08
1.9098e-08
1.90126e-08
1.89275e-08
1.88428e-08
1.87585e-08
1.86746e-08
1.8591e-08
1.85078e-08
1.8425e-08
1.83425e-08
1.82605e-08
1.81787e-08
1.80974e-08
1.80164e-08
1.79358e-08
1.78555e-08
1.77756e-08
1.76961e-08
1.76169e-08
1.75381e-08
1.74596e-08
1.73814e-08
1.73037e-08
1.72262e-08
1.71491e-08
1.70724e-08
1.6996e-08
1.69199e-08
1.68442e-08
1.67688e-08
1.66938e-08
1.66191e-08
1.65447e-08
1.64707e-08
1.6397e-08
1.63236e-08
1.62505e-08
1.61778e-08
1.61054e-08
1.60333e-08
1.59616e-08
1.58901e-08
1.5819e-08
1.57482e-08
1.56778e-08
1.56076e-08
1.55377e-08
1.54682e-08
1.5399e-08
1.53301e-08
1.52615e-08
1.51932e-08
1.51252e-08
1.50575e-08
1.49901e-08
1.4923e-08
1.48562e-08
1.47897e-08
1.47235e-08
1.46576e-08
1.4592e-08
1.45267e-08
1.44617e-08
1.4397e-08
1.43325e-08
1.42684e-08
1.42045e-08
1.4141e-08
1.40777e-08
1.40147e-08
1.39519e-08
1.38895e-08
1.38273e-08
1.37654e-08
1.37038e-08
1.36425e-08
1.35814e-08
1.35206e-08
1.34601e-08
1.33999e-08
1.33399e-08
1.32802e-08
1.32208e-08
1.31616e-08
1.31027e-08
1.3044e-08
1.29856e-08
1.29275e-08
1.28697e-08
1.28121e-08
1.27547e-08
1.26976e-08
1.26408e-08
1.25842e-08
1.25279e-08
1.24718e-08
1.2416e-08
1.23604e-08
1.23051e-08
1.225e-08
1.21952e-08
1.21406e-08
1.20862e-08
1.20321e-08
1.19783e-08
1.19247e-08
1.18713e-08
1.18182e-08
1.17653e-08
1.17126e-08
1.16602e-08
1.1608e-08
1.1556e-08
1.15043e-08
1.14528e-08
1.14015e-08
1.13505e-08
1.12997e-08
1.12491e-08
1.11987e-08
1.11486e-08
1.10987e-08
1.1049e-08
1.09996e-08
1.09503e-08
1.09013e-08
1.08525e-08
1.08039e-08
1.07556e-08
1.07074e-08
1.06595e-08
1.06118e-08
1.05643e-08
1.0517e-08
1.04699e-08
1.0423e-08
1.03764e-08
1.03299e-08
1.02837e-08
1.02376e-08
1.01918e-08
1.01462e-08
1.01008e-08
1.00555e-08
1.00105e-08
9.9657e-09
9.92109e-09
9.87667e-09
9.83246e-09
9.78844e-09
9.74462e-09
9.701e-09
9.65757e-09
9.61433e-09
9.57129e-09
9.52844e-09
9.48578e-09
9.44332e-09
9.40104e-09
9.35895e-09
9.31705e-09
9.27534e-09
9.23382e-09
9.19248e-09
9.15132e-09
9.11035e-09
9.06957e-09
9.02896e-09
8.98854e-09
8.9483e-09
8.90823e-09
8.86835e-09
8.82865e-09
8.78912e-09
8.74977e-09
8.7106e-09
8.6716e-09
8.63277e-09
8.59412e-09
8.55565e-09
8.51734e-09
8.47921e-09
8.44124e-09
8.40345e-09
8.36583e-09
8.32837e-09
8.29108e-09
8.25396e-09
8.21701e-09
8.18022e-09
8.14359e-09
8.10713e-09
8.07083e-09
8.03469e-09
7.99872e-09
7.96291e-09
7.92725e-09
7.89176e-09
7.85642e-09
7.82125e-09
7.78623e-09
7.75137e-09
7.71666e-09
7.68211e-09
7.64771e-09
7.61347e-09
7.57938e-09
7.54544e-09
7.51166e-09
7.47802e-09
7.44454e-09
7.4112e-09
7.37802e-09
7.34498e-09
7.3121e-09
7.27935e-09
7.24676e-09
7.21431e-09
7.18201e-09
7.14985e-09
7.11783e-09
7.08596e-09
7.05423e-09
7.02264e-09
6.9912e-09
6.95989e-09
6.92873e-09
6.8977e-09
6.86682e-09
6.83607e-09
6.80546e-09
6.77498e-09
6.74464e-09
6.71444e-09
6.68438e-09
6.65444e-09
6.62464e-09
6.59498e-09
6.56545e-09
6.53605e-09
6.50678e-09
6.47764e-09
6.44863e-09
6.41976e-09
6.39101e-09
6.36239e-09
6.3339e-09
6.30553e-09
6.2773e-09
6.24919e-09
6.2212e-09
6.19334e-09
6.16561e-09
6.138e-09
6.11051e-09
6.08315e-09
6.0559e-09
6.02878e-09
6.00179e-09
5.97491e-09
5.94815e-09
5.92151e-09
5.89499e-09
5.86859e-09
5.84231e-09
5.81615e-09
5.7901e-09
5.76417e-09
5.73836e-09
5.71266e-09
5.68708e-09
5.66161e-09
5.63625e-09
5.61101e-09
5.58588e-09
5.56086e-09
5.53596e-09
5.51117e-09
5.48649e-09
5.46191e-09
5.43745e-09
5.4131e-09
5.38886e-09
5.36472e-09
5.3407e-09
5.31678e-09
5.29296e-09
5.26926e-09
5.24566e-09
5.22217e-09
5.19878e-09
5.17549e-09
5.15231e-09
5.12924e-09
5.10627e-09
5.0834e-09
5.06063e-09
5.03796e-09
5.0154e-09
4.99294e-09
4.97057e-09
4.94831e-09
4.92615e-09
4.90408e-09
4.88212e-09
4.86025e-09
4.83848e-09
4.81681e-09
4.79524e-09
4.77376e-09
4.75238e-09
4.73109e-09
4.7099e-09
4.68881e-09
4.66781e-09
4.6469e-09
4.62609e-09
4.60536e-09
4.58474e-09
4.5642e-09
4.54376e-09
4.52341e-09
4.50315e-09
4.48297e-09
4.46289e-09
4.4429e-09
4.423e-09
4.40319e-09
4.38347e-09
4.36383e-09
4.34429e-09
4.32483e-09
4.30546e-09
4.28617e-09
4.26697e-09
4.24786e-09
4.22883e-09
4.20989e-09
4.19103e-09
4.17226e-09
4.15357e-09
4.13496e-09
4.11644e-09
4.098e-09
4.07965e-09
4.06137e-09
4.04318e-09
4.02507e-09
4.00704e-09
3.98909e-09
3.97122e-09
3.95343e-09
3.93572e-09
3.91809e-09
3.90054e-09
3.88306e-09
3.86567e-09
3.84835e-09
3.83111e-09
3.81395e-09
3.79687e-09
3.77986e-09
3.76293e-09
3.74607e-09
3.72929e-09
3.71258e-09
3.69595e-09
3.67939e-09
3.66291e-09
3.6465e-09
3.63017e-09
3.6139e-09
3.59771e-09
3.5816e-09
3.56555e-09
3.54958e-09
3.53368e-09
3.51785e-09
3.50209e-09
3.4864e-09
3.47078e-09
3.45523e-09
3.43975e-09
3.42434e-09
3.409e-09
3.39373e-09
3.37852e-09
3.36339e-09
3.34832e-09
3.33332e-09
3.31838e-09
3.30352e-09
3.28872e-09
3.27398e-09
3.25932e-09
3.24471e-09
3.23018e-09
3.2157e-09
3.2013e-09
3.18696e-09
3.17268e-09
3.15846e-09
3.14431e-09
3.13022e-09
3.1162e-09
3.10224e-09
3.08834e-09
3.0745e-09
3.06073e-09
3.04702e-09
3.03336e-09
3.01977e-09
3.00624e-09
2.99277e-09
2.97937e-09
2.96602e-09
2.95273e-09
2.9395e-09
2.92633e-09
2.91322e-09
2.90016e-09
2.88717e-09
2.87423e-09
2.86136e-09
2.84853e-09
2.83577e-09
2.82307e-09
2.81042e-09
2.79782e-09
2.78529e-09
2.77281e-09
2.76038e-09
2.74802e-09
2.7357e-09
2.72345e-09
2.71124e-09
2.69909e-09
2.687e-09
2.67496e-09
2.66298e-09
2.65104e-09
2.63916e-09
2.62734e-09
2.61557e-09
2.60385e-09
2.59218e-09
2.58056e-09
2.569e-09
2.55749e-09
2.54603e-09
2.53462e-09
2.52326e-09
2.51196e-09
2.5007e-09
2.4895e-09
2.47834e-09
2.46723e-09
2.45618e-09
2.44517e-09
2.43422e-09
2.42331e-09
2.41245e-09
2.40164e-09
2.39088e-09
2.38016e-09
2.3695e-09
2.35888e-09
2.34831e-09
2.33779e-09
2.32731e-09
2.31688e-09
2.3065e-09
2.29616e-09
2.28587e-09
2.27563e-09
2.26543e-09
2.25528e-09
2.24517e-09
2.23511e-09
2.2251e-09
2.21512e-09
2.2052e-09
2.19531e-09
2.18548e-09
2.17568e-09
2.16593e-09
2.15623e-09
2.14656e-09
2.13694e-09
2.12737e-09
2.11783e-09
2.10834e-09
2.09889e-09
2.08949e-09
2.08012e-09
2.0708e-09
2.06152e-09
2.05228e-09
2.04308e-09
2.03393e-09
2.02481e-09
2.01574e-09
2.00671e-09
1.99771e-09
1.98876e-09
1.97985e-09
1.97097e-09
1.96214e-09
1.95335e-09
1.94459e-09
1.93588e-09
1.9272e-09
1.91856e-09
1.90996e-09
1.9014e-09
1.89288e-09
1.8844e-09
1.87595e-09
1.86755e-09
1.85918e-09
1.85084e-09
1.84255e-09
1.83429e-09
1.82607e-09
1.81788e-09
1.80974e-09
1.80163e-09
1.79355e-09
1.78551e-09
1.77751e-09
1.76954e-09
1.76161e-09
1.75372e-09
1.74586e-09
1.73803e-09
1.73024e-09
1.72249e-09
1.71476e-09
1.70708e-09
1.69943e-09
1.69181e-09
1.68423e-09
1.67668e-09
1.66916e-09
1.66168e-09
1.65423e-09
1.64682e-09
1.63944e-09
1.63209e-09
1.62477e-09
1.61749e-09
1.61024e-09
1.60302e-09
1.59584e-09
1.58868e-09
1.58156e-09
1.57447e-09
1.56742e-09
1.56039e-09
1.5534e-09
1.54643e-09
1.5395e-09
1.5326e-09
1.52573e-09
1.51889e-09
1.51208e-09
1.50531e-09
1.49856e-09
1.49184e-09
1.48515e-09
1.4785e-09
1.47187e-09
1.46527e-09
1.4587e-09
1.45216e-09
1.44566e-09
1.43917e-09
1.43272e-09
1.4263e-09
1.41991e-09
1.41354e-09
1.40721e-09
1.4009e-09
1.39462e-09
1.38837e-09
1.38214e-09
1.37595e-09
1.36978e-09
1.36364e-09
1.35752e-09
1.35144e-09
1.34538e-09
1.33935e-09
1.33335e-09
1.32737e-09
1.32142e-09
1.31549e-09
1.3096e-09
1.30373e-09
1.29788e-09
1.29206e-09
1.28627e-09
1.2805e-09
1.27476e-09
1.26905e-09
1.26336e-09
1.2577e-09
1.25206e-09
1.24644e-09
1.24086e-09
1.23529e-09
1.22976e-09
1.22424e-09
1.21875e-09
1.21329e-09
1.20785e-09
1.20244e-09
1.19704e-09
1.19168e-09
1.18634e-09
1.18102e-09
1.17572e-09
1.17045e-09
1.1652e-09
1.15998e-09
1.15478e-09
1.1496e-09
1.14445e-09
1.13932e-09
1.13421e-09
1.12912e-09
1.12406e-09
1.11902e-09
1.114e-09
1.10901e-09
1.10404e-09
1.09909e-09
1.09416e-09
1.08925e-09
1.08437e-09
1.07951e-09
1.07467e-09
1.06985e-09
1.06505e-09
1.06028e-09
1.05552e-09
1.05079e-09
1.04608e-09
1.04139e-09
1.03672e-09
1.03207e-09
1.02745e-09
1.02284e-09
1.01825e-09
1.01369e-09
1.00914e-09
1.00462e-09
1.00011e-09
9.95628e-10
9.91164e-10
9.8672e-10
9.82296e-10
9.77891e-10
9.73506e-10
9.69141e-10
9.64796e-10
9.6047e-10
9.56163e-10
9.51876e-10
9.47607e-10
9.43358e-10
9.39128e-10
9.34917e-10
9.30725e-10
9.26552e-10
9.22397e-10
9.18261e-10
9.14144e-10
9.10045e-10
9.05964e-10
9.01901e-10
8.97857e-10
8.93831e-10
8.89823e-10
8.85833e-10
8.81861e-10
8.77906e-10
8.7397e-10
8.7005e-10
8.66149e-10
8.62265e-10
8.58398e-10
8.54549e-10
8.50717e-10
8.46902e-10
8.43104e-10
8.39324e-10
8.3556e-10
8.31813e-10
8.28083e-10
8.24369e-10
8.20673e-10
8.16992e-10
8.13329e-10
8.09681e-10
8.0605e-10
8.02436e-10
7.98837e-10
7.95255e-10
7.91688e-10
7.88138e-10
7.84604e-10
7.81085e-10
7.77582e-10
7.74095e-10
7.70624e-10
7.67168e-10
7.63727e-10
7.60302e-10
7.56893e-10
7.53498e-10
7.50119e-10
7.46755e-10
7.43406e-10
7.40072e-10
7.36753e-10
7.33449e-10
7.30159e-10
7.26885e-10
7.23625e-10
7.2038e-10
7.17149e-10
7.13933e-10
7.10731e-10
7.07543e-10
7.0437e-10
7.01211e-10
6.98066e-10
6.94935e-10
6.91819e-10
6.88716e-10
6.85627e-10
6.82552e-10
6.79491e-10
6.76443e-10
6.73409e-10
6.70389e-10
6.67382e-10
6.64389e-10
6.61409e-10
6.58443e-10
6.5549e-10
6.5255e-10
6.49623e-10
6.46709e-10
6.43809e-10
6.40921e-10
6.38047e-10
6.35185e-10
6.32336e-10
6.295e-10
6.26676e-10
6.23866e-10
6.21067e-10
6.18282e-10
6.15509e-10
6.12748e-10
6.09999e-10
6.07263e-10
6.0454e-10
6.01828e-10
5.99129e-10
5.96441e-10
5.93766e-10
5.91103e-10
5.88451e-10
5.85812e-10
5.83184e-10
5.80568e-10
5.77964e-10
5.75372e-10
5.72791e-10
5.70222e-10
5.67664e-10
5.65118e-10
5.62583e-10
5.60059e-10
5.57547e-10
5.55046e-10
5.52557e-10
5.50078e-10
5.47611e-10
5.45154e-10
5.42709e-10
5.40274e-10
5.37851e-10
5.35438e-10
5.33036e-10
5.30645e-10
5.28265e-10
5.25895e-10
5.23536e-10
5.21188e-10
5.1885e-10
5.16522e-10
5.14205e-10
5.11899e-10
5.09602e-10
5.07316e-10
5.05041e-10
5.02775e-10
5.0052e-10
4.98274e-10
4.96039e-10
4.93814e-10
4.91599e-10
4.89393e-10
4.87198e-10
4.85012e-10
4.82837e-10
4.8067e-10
4.78514e-10
4.76368e-10
4.7423e-10
4.72103e-10
4.69985e-10
4.67877e-10
4.65778e-10
4.63688e-10
4.61608e-10
4.59537e-10
4.57476e-10
4.55423e-10
4.5338e-10
4.51346e-10
4.49321e-10
4.47306e-10
4.45299e-10
4.43301e-10
4.41312e-10
4.39332e-10
4.37361e-10
4.35399e-10
4.33446e-10
4.31501e-10
4.29565e-10
4.27638e-10
4.2572e-10
4.2381e-10
4.21908e-10
4.20015e-10
4.18131e-10
4.16255e-10
4.14388e-10
4.12528e-10
4.10678e-10
4.08835e-10
4.07001e-10
4.05175e-10
4.03357e-10
4.01547e-10
3.99746e-10
3.97952e-10
3.96167e-10
3.94389e-10
3.9262e-10
3.90858e-10
3.89104e-10
3.87359e-10
3.85621e-10
3.8389e-10
3.82168e-10
3.80453e-10
3.78746e-10
3.77047e-10
3.75355e-10
3.73671e-10
3.71994e-10
3.70325e-10
3.68664e-10
3.6701e-10
3.65363e-10
3.63724e-10
3.62092e-10
3.60467e-10
3.58849e-10
3.57239e-10
3.55636e-10
3.54041e-10
3.52452e-10
3.50871e-10
3.49296e-10
3.47729e-10
3.46169e-10
3.44615e-10
3.43069e-10
3.4153e-10
3.39997e-10
3.38472e-10
3.36953e-10
3.35441e-10
3.33936e-10
3.32437e-10
3.30945e-10
3.2946e-10
3.27982e-10
3.2651e-10
3.25045e-10
3.23587e-10
3.22135e-10
3.20689e-10
3.1925e-10
3.17817e-10
3.16391e-10
3.14972e-10
3.13558e-10
3.12151e-10
3.1075e-10
3.09356e-10
3.07968e-10
3.06586e-10
3.0521e-10
3.0384e-10
3.02477e-10
3.01119e-10
2.99768e-10
2.98423e-10
2.97084e-10
2.95751e-10
2.94423e-10
2.93102e-10
2.91787e-10
2.90477e-10
2.89174e-10
2.87876e-10
2.86584e-10
2.85298e-10
2.84018e-10
2.82743e-10
2.81474e-10
2.80211e-10
2.78954e-10
2.77702e-10
2.76456e-10
2.75215e-10
2.7398e-10
2.7275e-10
2.71526e-10
2.70308e-10
2.69094e-10
2.67887e-10
2.66685e-10
2.65488e-10
2.64296e-10
2.6311e-10
2.61929e-10
2.60754e-10
2.59584e-10
2.58418e-10
2.57259e-10
2.56104e-10
2.54955e-10
2.5381e-10
2.52671e-10
2.51537e-10
2.50408e-10
2.49285e-10
2.48166e-10
2.47052e-10
2.45943e-10
2.44839e-10
2.4374e-10
2.42647e-10
2.41558e-10
2.40473e-10
2.39394e-10
2.3832e-10
2.3725e-10
2.36185e-10
2.35125e-10
2.3407e-10
2.33019e-10
2.31973e-10
2.30932e-10
2.29896e-10
2.28864e-10
2.27837e-10
2.26814e-10
2.25796e-10
2.24782e-10
2.23774e-10
2.22769e-10
2.21769e-10
2.20774e-10
2.19783e-10
2.18796e-10
2.17814e-10
2.16837e-10
2.15863e-10
2.14894e-10
2.1393e-10
2.1297e-10
2.12014e-10
2.11062e-10
2.10115e-10
2.09172e-10
2.08233e-10
2.07298e-10
2.06368e-10
2.05441e-10
2.04519e-10
2.03601e-10
2.02687e-10
2.01777e-10
2.00872e-10
1.9997e-10
1.99072e-10
1.98179e-10
1.97289e-10
1.96404e-10
1.95522e-10
1.94644e-10
1.9377e-10
1.92901e-10
1.92035e-10
1.91173e-10
1.90315e-10
1.8946e-10
1.8861e-10
1.87763e-10
1.8692e-10
1.86081e-10
1.85246e-10
1.84414e-10
1.83586e-10
1.82762e-10
1.81942e-10
1.81125e-10
1.80312e-10
1.79503e-10
1.78697e-10
1.77895e-10
1.77096e-10
1.76301e-10
1.7551e-10
1.74722e-10
1.73937e-10
1.73156e-10
1.72379e-10
1.71605e-10
1.70835e-10
1.70068e-10
1.69304e-10
1.68544e-10
1.67788e-10
1.67034e-10
1.66285e-10
1.65538e-10
1.64795e-10
1.64055e-10
1.63319e-10
1.62585e-10
1.61855e-10
1.61129e-10
1.60405e-10
1.59685e-10
1.58968e-10
1.58255e-10
1.57544e-10
1.56837e-10
1.56133e-10
1.55432e-10
1.54734e-10
1.54039e-10
1.53348e-10
1.52659e-10
1.51974e-10
1.51292e-10
1.50612e-10
1.49936e-10
1.49263e-10
1.48593e-10
1.47926e-10
1.47262e-10
1.466e-10
1.45942e-10
1.45287e-10
1.44635e-10
1.43985e-10
1.43339e-10
1.42695e-10
1.42055e-10
1.41417e-10
1.40782e-10
1.4015e-10
1.3952e-10
1.38894e-10
1.3827e-10
1.3765e-10
1.37032e-10
1.36416e-10
1.35804e-10
1.35194e-10
1.34587e-10
1.33983e-10
1.33381e-10
1.32782e-10
1.32186e-10
1.31592e-10
1.31002e-10
1.30413e-10
1.29828e-10
1.29245e-10
1.28665e-10
1.28087e-10
1.27512e-10
1.26939e-10
1.26369e-10
1.25802e-10
1.25237e-10
1.24675e-10
1.24115e-10
1.23557e-10
1.23003e-10
1.2245e-10
1.219e-10
1.21353e-10
1.20808e-10
1.20266e-10
1.19726e-10
1.19188e-10
1.18653e-10
1.1812e-10
1.1759e-10
1.17062e-10
1.16536e-10
1.16013e-10
1.15492e-10
1.14973e-10
1.14457e-10
1.13943e-10
1.13431e-10
1.12922e-10
1.12415e-10
1.1191e-10
1.11407e-10
1.10907e-10
1.10409e-10
1.09913e-10
1.0942e-10
1.08928e-10
1.08439e-10
1.07952e-10
1.07467e-10
1.06985e-10
1.06504e-10
1.06026e-10
1.0555e-10
1.05076e-10
1.04604e-10
1.04134e-10
1.03667e-10
1.03201e-10
1.02738e-10
1.02276e-10
1.01817e-10
1.0136e-10
1.00904e-10
1.00451e-10
1e-10
9.95511e-11
9.9104e-11
9.86589e-11
9.82159e-11
9.77748e-11
9.73357e-11
9.68985e-11
9.64634e-11
9.60301e-11
9.55989e-11
9.51695e-11
9.47421e-11
9.43166e-11
9.3893e-11
9.34713e-11
9.30515e-11
9.26336e-11
9.22176e-11
9.18034e-11
9.13911e-11
9.09807e-11
9.0572e-11
9.01653e-11
8.97603e-11
8.93572e-11
8.89558e-11
8.85563e-11
8.81586e-11
8.77626e-11
8.73685e-11
8.69761e-11
8.65854e-11
8.61965e-11
8.58094e-11
8.5424e-11
8.50403e-11
8.46583e-11
8.42781e-11
8.38996e-11
8.35227e-11
8.31476e-11
8.27741e-11
8.24024e-11
8.20322e-11
8.16638e-11
8.1297e-11
8.09318e-11
8.05683e-11
8.02064e-11
7.98462e-11
7.94875e-11
7.91305e-11
7.87751e-11
7.84212e-11
7.8069e-11
7.77183e-11
7.73692e-11
7.70217e-11
7.66758e-11
7.63314e-11
7.59885e-11
7.56472e-11
7.53074e-11
7.49691e-11
7.46324e-11
7.42971e-11
7.39634e-11
7.36311e-11
7.33004e-11
7.29711e-11
7.26434e-11
7.23171e-11
7.19922e-11
7.16688e-11
7.13469e-11
7.10264e-11
7.07073e-11
7.03897e-11
7.00735e-11
6.97588e-11
6.94454e-11
6.91334e-11
6.88229e-11
6.85137e-11
6.8206e-11
6.78996e-11
6.75946e-11
6.72909e-11
6.69886e-11
6.66877e-11
6.63881e-11
6.60899e-11
6.5793e-11
6.54974e-11
6.52032e-11
6.49103e-11
6.46187e-11
6.43284e-11
6.40394e-11
6.37518e-11
6.34654e-11
6.31802e-11
6.28964e-11
6.26139e-11
6.23326e-11
6.20526e-11
6.17738e-11
6.14963e-11
6.122e-11
6.0945e-11
6.06712e-11
6.03986e-11
6.01273e-11
5.98571e-11
5.95882e-11
5.93205e-11
5.9054e-11
5.87887e-11
5.85246e-11
5.82617e-11
5.79999e-11
5.77394e-11
5.748e-11
5.72217e-11
5.69646e-11
5.67087e-11
5.64539e-11
5.62003e-11
5.59478e-11
5.56965e-11
5.54462e-11
5.51971e-11
5.49491e-11
5.47023e-11
5.44565e-11
5.42118e-11
5.39683e-11
5.37258e-11
5.34844e-11
5.32441e-11
5.30049e-11
5.27667e-11
5.25297e-11
5.22936e-11
5.20587e-11
5.18248e-11
5.15919e-11
5.13601e-11
5.11294e-11
5.08997e-11
5.0671e-11
5.04433e-11
5.02166e-11
4.9991e-11
4.97664e-11
4.95428e-11
4.93202e-11
4.90986e-11
4.8878e-11
4.86584e-11
4.84397e-11
4.82221e-11
4.80054e-11
4.77897e-11
4.7575e-11
4.73612e-11
4.71484e-11
4.69366e-11
4.67257e-11
4.65157e-11
4.63067e-11
4.60986e-11
4.58915e-11
4.56853e-11
4.548e-11
4.52756e-11
4.50722e-11
4.48697e-11
4.4668e-11
4.44673e-11
4.42675e-11
4.40686e-11
4.38706e-11
4.36734e-11
4.34772e-11
4.32818e-11
4.30873e-11
4.28937e-11
4.2701e-11
4.25091e-11
4.23181e-11
4.21279e-11
4.19386e-11
4.17502e-11
4.15625e-11
4.13758e-11
4.11898e-11
4.10047e-11
4.08205e-11
4.0637e-11
4.04544e-11
4.02726e-11
4.00917e-11
3.99115e-11
3.97321e-11
3.95536e-11
3.93759e-11
3.91989e-11
3.90227e-11
3.88474e-11
3.86728e-11
3.8499e-11
3.8326e-11
3.81538e-11
3.79823e-11
3.78116e-11
3.76417e-11
3.74725e-11
3.73041e-11
3.71365e-11
3.69696e-11
3.68035e-11
3.66381e-11
3.64734e-11
3.63095e-11
3.61463e-11
3.59839e-11
3.58221e-11
3.56612e-11
3.55009e-11
3.53413e-11
3.51825e-11
3.50244e-11
3.4867e-11
3.47103e-11
3.45543e-11
3.4399e-11
3.42444e-11
3.40905e-11
3.39373e-11
3.37848e-11
3.36329e-11
3.34818e-11
3.33313e-11
3.31815e-11
3.30323e-11
3.28839e-11
3.27361e-11
3.2589e-11
3.24425e-11
3.22967e-11
3.21515e-11
3.2007e-11
3.18632e-11
3.172e-11
3.15774e-11
3.14355e-11
3.12942e-11
3.11535e-11
3.10135e-11
3.08741e-11
3.07353e-11
3.05972e-11
3.04597e-11
3.03228e-11
3.01865e-11
3.00508e-11
2.99157e-11
2.97813e-11
2.96474e-11
2.95141e-11
2.93815e-11
2.92494e-11
2.9118e-11
2.89871e-11
2.88568e-11
2.87271e-11
