Vec Object: Vec_0x564e6ef080c0_0 1 MPI process
  type: seq
1.
0.999959
0.999918
0.999876
0.999835
0.999794
0.999753
0.999711
0.99967
0.999629
0.999587
0.999546
0.999504
0.999463
0.999421
0.99938
0.999338
0.999296
0.999255
0.999213
0.999171
0.99913
0.999088
0.999046
0.999004
0.998963
0.998921
0.998879
0.998837
0.998795
0.998753
0.998711
0.998669
0.998627
0.998585
0.998543
0.9985
0.998458
0.998416
0.998374
0.998332
0.998289
0.998247
0.998205
0.998162
0.99812
0.998077
0.998035
0.997992
0.99795
0.997907
0.997865
0.997822
0.997779
0.997737
0.997694
0.997651
0.997609
0.997566
0.997523
0.99748
0.997437
0.997394
0.997352
0.997309
0.997266
0.997223
0.99718
0.997136
0.997093
0.99705
0.997007
0.996964
0.996921
0.996877
0.996834
0.996791
0.996748
0.996704
0.996661
0.996617
0.996574
0.99653
0.996487
0.996443
0.9964
0.996356
0.996313
0.996269
0.996225
0.996182
0.996138
0.996094
0.99605
0.996007
0.995963
0.995919
0.995875
0.995831
0.995787
0.995743
0.995699
0.995655
0.995611
0.995567
0.995523
0.995478
0.995434
0.99539
0.995346
0.995302
0.995257
0.995213
0.995168
0.995124
0.99508
0.995035
0.994991
0.994946
0.994902
0.994857
0.994812
0.994768
0.994723
0.994678
0.994634
0.994589
0.994544
0.994499
0.994455
0.99441
0.994365
0.99432
0.994275
0.99423
0.994185
0.99414
0.994095
0.99405
0.994005
0.993959
0.993914
0.993869
0.993824
0.993779
0.993733
0.993688
0.993643
0.993597
0.993552
0.993506
0.993461
0.993415
0.99337
0.993324
0.993279
0.993233
0.993187
0.993142
0.993096
0.99305
0.993004
0.992959
0.992913
0.992867
0.992821
0.992775
0.992729
0.992683
0.992637
0.992591
0.992545
0.992499
0.992453
0.992407
0.992361
0.992314
0.992268
0.992222
0.992176
0.992129
0.992083
0.992036
0.99199
0.991944
0.991897
0.991851
0.991804
0.991758
0.991711
0.991664
0.991618
0.991571
0.991524
0.991477
0.991431
0.991384
0.991337
0.99129
0.991243
0.991196
0.991149
0.991102
0.991055
0.991008
0.990961
0.990914
0.990867
0.99082
0.990773
0.990726
0.990678
0.990631
0.990584
0.990536
0.990489
0.990442
0.990394
0.990347
0.990299
0.990252
0.990204
0.990157
0.990109
0.990061
0.990014
0.989966
0.989918
0.989871
0.989823
0.989775
0.989727
0.989679
0.989631
0.989583
0.989535
0.989487
0.989439
0.989391
0.989343
0.989295
0.989247
0.989199
0.989151
0.989102
0.989054
0.989006
0.988958
0.988909
0.988861
0.988812
0.988764
0.988715
0.988667
0.988618
0.98857
0.988521
0.988473
0.988424
0.988375
0.988327
0.988278
0.988229
0.98818
0.988132
0.988083
0.988034
0.987985
0.987936
0.987887
0.987838
0.987789
0.98774
0.987691
0.987642
0.987592
0.987543
0.987494
0.987445
0.987395
0.987346
0.987297
0.987247
0.987198
0.987149
0.987099
0.98705
0.987
0.986951
0.986901
0.986851
0.986802
0.986752
0.986702
0.986653
0.986603
0.986553
0.986503
0.986453
0.986403
0.986354
0.986304
0.986254
0.986204
0.986154
0.986103
0.986053
0.986003
0.985953
0.985903
0.985853
0.985802
0.985752
0.985702
0.985651
0.985601
0.985551
0.9855
0.98545
0.985399
0.985349
0.985298
0.985248
0.985197
0.985146
0.985096
0.985045
0.984994
0.984944
0.984893
0.984842
0.984791
0.98474
0.984689
0.984638
0.984587
0.984536
0.984485
0.984434
0.984383
0.984332
0.984281
0.98423
0.984178
0.984127
0.984076
0.984024
0.983973
0.983922
0.98387
0.983819
0.983767
0.983716
0.983664
0.983613
0.983561
0.98351
0.983458
0.983406
0.983355
0.983303
0.983251
0.983199
0.983147
0.983095
0.983044
0.982992
0.98294
0.982888
0.982836
0.982784
0.982732
0.982679
0.982627
0.982575
0.982523
0.982471
0.982418
0.982366
0.982314
0.982261
0.982209
0.982157
0.982104
0.982052
0.981999
0.981947
0.981894
0.981841
0.981789
0.981736
0.981683
0.981631
0.981578
0.981525
0.981472
0.981419
0.981367
0.981314
0.981261
0.981208
0.981155
0.981102
0.981049
0.980995
0.980942
0.980889
0.980836
0.980783
0.980729
0.980676
0.980623
0.980569
0.980516
0.980463
0.980409
0.980356
0.980302
0.980249
0.980195
0.980142
0.980088
0.980034
0.979981
0.979927
0.979873
0.979819
0.979765
0.979712
0.979658
0.979604
0.97955
0.979496
0.979442
0.979388
0.979334
0.97928
0.979226
0.979171
0.979117
0.979063
0.979009
0.978954
0.9789
0.978846
0.978791
0.978737
0.978683
0.978628
0.978574
0.978519
0.978464
0.97841
0.978355
0.978301
0.978246
0.978191
0.978136
0.978082
0.978027
0.977972
0.977917
0.977862
0.977807
0.977752
0.977697
0.977642
0.977587
0.977532
0.977477
0.977422
0.977366
0.977311
0.977256
0.977201
0.977145
0.97709
0.977035
0.976979
0.976924
0.976868
0.976813
0.976757
0.976702
0.976646
0.97659
0.976535
0.976479
0.976423
0.976368
0.976312
0.976256
0.9762
0.976144
0.976088
0.976032
0.975976
0.97592
0.975864
0.975808
0.975752
0.975696
0.97564
0.975584
0.975527
0.975471
0.975415
0.975358
0.975302
0.975246
0.975189
0.975133
0.975076
0.97502
0.974963
0.974907
0.97485
0.974793
0.974737
0.97468
0.974623
0.974566
0.97451
0.974453
0.974396
0.974339
0.974282
0.974225
0.974168
0.974111
0.974054
0.973997
0.97394
0.973883
0.973825
0.973768
0.973711
0.973654
0.973596
0.973539
0.973482
0.973424
0.973367
0.973309
0.973252
0.973194
0.973137
0.973079
0.973021
0.972964
0.972906
0.972848
0.97279
0.972733
0.972675
0.972617
0.972559
0.972501
0.972443
0.972385
0.972327
0.972269
0.972211
0.972153
0.972095
0.972037
0.971978
0.97192
0.971862
0.971804
0.971745
0.971687
0.971628
0.97157
0.971512
0.971453
0.971394
0.971336
0.971277
0.971219
0.97116
0.971101
0.971043
0.970984
0.970925
0.970866
0.970807
0.970748
0.97069
0.970631
0.970572
0.970513
0.970453
0.970394
0.970335
0.970276
0.970217
0.970158
0.970099
0.970039
0.96998
0.969921
0.969861
0.969802
0.969742
0.969683
0.969623
0.969564
0.969504
0.969445
0.969385
0.969325
0.969266
0.969206
0.969146
0.969086
0.969027
0.968967
0.968907
0.968847
0.968787
0.968727
0.968667
0.968607
0.968547
0.968487
0.968426
0.968366
0.968306
0.968246
0.968186
0.968125
0.968065
0.968004
0.967944
0.967884
0.967823
0.967763
0.967702
0.967642
0.967581
0.96752
0.96746
0.967399
0.967338
0.967277
0.967217
0.967156
0.967095
0.967034
0.966973
0.966912
0.966851
0.96679
0.966729
0.966668
0.966607
0.966546
0.966484
0.966423
0.966362
0.966301
0.966239
0.966178
0.966116
0.966055
0.965994
0.965932
0.965871
0.965809
0.965747
0.965686
0.965624
0.965562
0.965501
0.965439
0.965377
0.965315
0.965254
0.965192
0.96513
0.965068
0.965006
0.964944
0.964882
0.96482
0.964758
0.964695
0.964633
0.964571
0.964509
0.964446
0.964384
0.964322
0.964259
0.964197
0.964135
0.964072
0.96401
0.963947
0.963884
0.963822
0.963759
0.963697
0.963634
0.963571
0.963508
0.963445
0.963383
0.96332
0.963257
0.963194
0.963131
0.963068
0.963005
0.962942
0.962879
0.962816
0.962752
0.962689
0.962626
0.962563
0.962499
0.962436
0.962373
0.962309
0.962246
0.962182
0.962119
0.962055
0.961992
0.961928
0.961865
0.961801
0.961737
0.961673
0.96161
0.961546
0.961482
0.961418
0.961354
0.96129
0.961226
0.961162
0.961098
0.961034
0.96097
0.960906
0.960842
0.960778
0.960713
0.960649
0.960585
0.96052
0.960456
0.960392
0.960327
0.960263
0.960198
0.960134
0.960069
0.960005
0.95994
0.959875
0.959811
0.959746
0.959681
0.959616
0.959551
0.959487
0.959422
0.959357
0.959292
0.959227
0.959162
0.959097
0.959032
0.958966
0.958901
0.958836
0.958771
0.958705
0.95864
0.958575
0.958509
0.958444
0.958379
0.958313
0.958248
0.958182
0.958117
0.958051
0.957985
0.95792
0.957854
0.957788
0.957722
0.957657
0.957591
0.957525
0.957459
0.957393
0.957327
0.957261
0.957195
0.957129
0.957063
0.956997
0.95693
0.956864
0.956798
0.956732
0.956665
0.956599
0.956533
0.956466
0.9564
0.956333
0.956267
0.9562
0.956134
0.956067
0.956
0.955934
0.955867
0.9558
0.955733
0.955667
0.9556
0.955533
0.955466
0.955399
0.955332
0.955265
0.955198
0.955131
0.955064
0.954997
0.954929
0.954862
0.954795
0.954728
0.95466
0.954593
0.954525
0.954458
0.954391
0.954323
0.954256
0.954188
0.95412
0.954053
0.953985
0.953917
0.95385
0.953782
0.953714
0.953646
0.953578
0.95351
0.953442
0.953374
0.953306
0.953238
0.95317
0.953102
0.953034
0.952966
0.952898
0.952829
0.952761
0.952693
0.952624
0.952556
0.952488
0.952419
0.952351
0.952282
0.952214
0.952145
0.952076
0.952008
0.951939
0.95187
0.951802
0.951733
0.951664
0.951595
0.951526
0.951457
0.951388
0.951319
0.95125
0.951181
0.951112
0.951043
0.950974
0.950905
0.950835
0.950766
0.950697
0.950627
0.950558
0.950489
0.950419
0.95035
0.95028
0.950211
0.950141
0.950071
0.950002
0.949932
0.949862
0.949793
0.949723
0.949653
0.949583
0.949513
0.949443
0.949373
0.949303
0.949233
0.949163
0.949093
0.949023
0.948953
0.948883
0.948812
0.948742
0.948672
0.948602
0.948531
0.948461
0.94839
0.94832
0.948249
0.948179
0.948108
0.948038
0.947967
0.947896
0.947825
0.947755
0.947684
0.947613
0.947542
0.947471
0.9474
0.947329
0.947258
0.947187
0.947116
0.947045
0.946974
0.946903
0.946832
0.946761
0.946689
0.946618
0.946547
0.946475
0.946404
0.946332
0.946261
0.946189
0.946118
0.946046
0.945975
0.945903
0.945831
0.94576
0.945688
0.945616
0.945544
0.945472
0.9454
0.945328
0.945256
0.945184
0.945112
0.94504
0.944968
0.944896
0.944824
0.944752
0.944679
0.944607
0.944535
0.944463
0.94439
0.944318
0.944245
0.944173
0.9441
0.944028
0.943955
0.943882
0.94381
0.943737
0.943664
0.943592
0.943519
0.943446
0.943373
0.9433
0.943227
0.943154
0.943081
0.943008
0.942935
0.942862
0.942789
0.942716
0.942642
0.942569
0.942496
0.942423
0.942349
0.942276
0.942202
0.942129
0.942055
0.941982
0.941908
0.941835
0.941761
0.941687
0.941614
0.94154
0.941466
0.941392
0.941318
0.941244
0.941171
0.941097
0.941023
0.940949
0.940874
0.9408
0.940726
0.940652
0.940578
0.940504
0.940429
0.940355
0.940281
0.940206
0.940132
0.940057
0.939983
0.939908
0.939834
0.939759
0.939685
0.93961
0.939535
0.939461
0.939386
0.939311
0.939236
0.939161
0.939086
0.939011
0.938936
0.938861
0.938786
0.938711
0.938636
0.938561
0.938486
0.938411
0.938335
0.93826
0.938185
0.938109
0.938034
0.937958
0.937883
0.937807
0.937732
0.937656
0.937581
0.937505
0.937429
0.937354
0.937278
0.937202
0.937126
0.93705
0.936974
0.936898
0.936823
0.936747
0.93667
0.936594
0.936518
0.936442
0.936366
0.93629
0.936213
0.936137
0.936061
0.935984
0.935908
0.935832
0.935755
0.935679
0.935602
0.935526
0.935449
0.935372
0.935296
0.935219
0.935142
0.935065
0.934989
0.934912
0.934835
0.934758
0.934681
0.934604
0.934527
0.93445
0.934373
0.934295
0.934218
0.934141
0.934064
0.933987
0.933909
0.933832
0.933754
0.933677
0.9336
0.933522
0.933445
0.933367
0.933289
0.933212
0.933134
0.933056
0.932979
0.932901
0.932823
0.932745
0.932667
0.932589
0.932511
0.932433
0.932355
0.932277
0.932199
0.932121
0.932043
0.931965
0.931886
0.931808
0.93173
0.931651
0.931573
0.931494
0.931416
0.931337
0.931259
0.93118
0.931102
0.931023
0.930944
0.930866
0.930787
0.930708
0.930629
0.93055
0.930472
0.930393
0.930314
0.930235
0.930156
0.930077
0.929997
0.929918
0.929839
0.92976
0.929681
0.929601
0.929522
0.929443
0.929363
0.929284
0.929204
0.929125
0.929045
0.928966
0.928886
0.928806
0.928727
0.928647
0.928567
0.928487
0.928408
0.928328
0.928248
0.928168
0.928088
0.928008
0.927928
0.927848
0.927768
0.927687
0.927607
0.927527
0.927447
0.927366
0.927286
0.927206
0.927125
0.927045
0.926964
0.926884
0.926803
0.926723
0.926642
0.926561
0.926481
0.9264
0.926319
0.926238
0.926157
0.926077
0.925996
0.925915
0.925834
0.925753
0.925672
0.925591
0.925509
0.925428
0.925347
0.925266
0.925185
0.925103
0.925022
0.92494
0.924859
0.924778
0.924696
0.924615
0.924533
0.924451
0.92437
0.924288
0.924206
0.924125
0.924043
0.923961
0.923879
0.923797
0.923715
0.923633
0.923551
0.923469
0.923387
0.923305
0.923223
0.923141
0.923058
0.922976
0.922894
0.922812
0.922729
0.922647
0.922564
0.922482
0.922399
0.922317
0.922234
0.922152
0.922069
0.921986
0.921903
0.921821
0.921738
0.921655
0.921572
0.921489
0.921406
0.921323
0.92124
0.921157
0.921074
0.920991
0.920908
0.920825
0.920741
0.920658
0.920575
0.920491
0.920408
0.920325
0.920241
0.920158
0.920074
0.91999
0.919907
0.919823
0.91974
0.919656
0.919572
0.919488
0.919404
0.919321
0.919237
0.919153
0.919069
0.918985
0.918901
0.918817
0.918732
0.918648
0.918564
0.91848
0.918396
0.918311
0.918227
0.918143
0.918058
0.917974
0.917889
0.917805
0.91772
0.917635
0.917551
0.917466
0.917381
0.917297
0.917212
0.917127
0.917042
0.916957
0.916872
0.916787
0.916702
0.916617
0.916532
0.916447
0.916362
0.916277
0.916192
0.916106
0.916021
0.915936
0.91585
0.915765
0.915679
0.915594
0.915508
0.915423
0.915337
0.915252
0.915166
0.91508
0.914995
0.914909
0.914823
0.914737
0.914651
0.914565
0.914479
0.914393
0.914307
0.914221
0.914135
0.914049
0.913963
0.913877
0.91379
0.913704
0.913618
0.913531
0.913445
0.913358
0.913272
0.913185
0.913099
0.913012
0.912926
0.912839
0.912752
0.912666
0.912579
0.912492
0.912405
0.912318
0.912231
0.912144
0.912057
0.91197
0.911883
0.911796
0.911709
0.911622
0.911535
0.911447
0.91136
0.911273
0.911185
0.911098
0.911011
0.910923
0.910836
0.910748
0.91066
0.910573
0.910485
0.910397
0.91031
0.910222
0.910134
0.910046
0.909958
0.90987
0.909782
0.909694
0.909606
0.909518
0.90943
0.909342
0.909254
0.909166
0.909077
0.908989
0.908901
0.908812
0.908724
0.908636
0.908547
0.908459
0.90837
0.908281
0.908193
0.908104
0.908015
0.907927
0.907838
0.907749
0.90766
0.907571
0.907482
0.907393
0.907304
0.907215
0.907126
0.907037
0.906948
0.906859
0.90677
0.90668
0.906591
0.906502
0.906412
0.906323
0.906233
0.906144
0.906054
0.905965
0.905875
0.905786
0.905696
0.905606
0.905517
0.905427
0.905337
0.905247
0.905157
0.905067
0.904977
0.904887
0.904797
0.904707
0.904617
0.904527
0.904437
0.904346
0.904256
0.904166
0.904076
0.903985
0.903895
0.903804
0.903714
0.903623
0.903533
0.903442
0.903351
0.903261
0.90317
0.903079
0.902988
0.902898
0.902807
0.902716
0.902625
0.902534
0.902443
0.902352
0.902261
0.90217
0.902078
0.901987
0.901896
0.901805
0.901713
0.901622
0.901531
0.901439
0.901348
0.901256
0.901165
0.901073
0.900982
0.90089
0.900798
0.900706
0.900615
0.900523
0.900431
0.900339
0.900247
0.900155
0.900063
0.899971
0.899879
0.899787
0.899695
0.899603
0.899511
0.899418
0.899326
0.899234
0.899141
0.899049
0.898956
0.898864
0.898771
0.898679
0.898586
0.898494
0.898401
0.898308
0.898216
0.898123
0.89803
0.897937
0.897844
0.897751
0.897658
0.897565
0.897472
0.897379
0.897286
0.897193
0.8971
0.897006
0.896913
0.89682
0.896726
0.896633
0.89654
0.896446
0.896353
0.896259
0.896166
0.896072
0.895978
0.895885
0.895791
0.895697
0.895603
0.89551
0.895416
0.895322
0.895228
0.895134
0.89504
0.894946
0.894852
0.894758
0.894663
0.894569
0.894475
0.894381
0.894286
0.894192
0.894097
0.894003
0.893909
0.893814
0.893719
0.893625
0.89353
0.893436
0.893341
0.893246
0.893151
0.893057
0.892962
0.892867
0.892772
0.892677
0.892582
0.892487
0.892392
0.892297
0.892202
0.892106
0.892011
0.891916
0.89182
0.891725
0.89163
0.891534
0.891439
0.891343
0.891248
0.891152
0.891057
0.890961
0.890865
0.89077
0.890674
0.890578
0.890482
0.890386
0.89029
0.890194
0.890098
0.890002
0.889906
0.88981
0.889714
0.889618
0.889522
0.889425
0.889329
0.889233
0.889136
0.88904
0.888944
0.888847
0.888751
0.888654
0.888557
0.888461
0.888364
0.888267
0.888171
0.888074
0.887977
0.88788
0.887783
0.887686
0.887589
0.887492
0.887395
0.887298
0.887201
0.887104
0.887007
0.88691
0.886812
0.886715
0.886618
0.88652
0.886423
0.886325
0.886228
0.88613
0.886033
0.885935
0.885837
0.88574
0.885642
0.885544
0.885446
0.885348
0.885251
0.885153
0.885055
0.884957
0.884859
0.884761
0.884662
0.884564
0.884466
0.884368
0.88427
0.884171
0.884073
0.883975
0.883876
0.883778
0.883679
0.883581
0.883482
0.883384
0.883285
0.883186
0.883087
0.882989
0.88289
0.882791
0.882692
0.882593
0.882494
0.882395
0.882296
0.882197
0.882098
0.881999
0.8819
0.881801
0.881701
0.881602
0.881503
0.881403
0.881304
0.881204
0.881105
0.881005
0.880906
0.880806
0.880707
0.880607
0.880507
0.880408
0.880308
0.880208
0.880108
0.880008
0.879908
0.879808
0.879708
0.879608
0.879508
0.879408
0.879308
0.879208
0.879107
0.879007
0.878907
0.878806
0.878706
0.878605
0.878505
0.878404
0.878304
0.878203
0.878103
0.878002
0.877901
0.877801
0.8777
0.877599
0.877498
0.877397
0.877296
0.877195
0.877094
0.876993
0.876892
0.876791
0.87669
0.876589
0.876487
0.876386
0.876285
0.876183
0.876082
0.875981
0.875879
0.875778
0.875676
0.875575
0.875473
0.875371
0.87527
0.875168
0.875066
0.874964
0.874862
0.87476
0.874659
0.874557
0.874455
0.874353
0.87425
0.874148
0.874046
0.873944
0.873842
0.873739
0.873637
0.873535
0.873432
0.87333
0.873228
0.873125
0.873023
0.87292
0.872817
0.872715
0.872612
0.872509
0.872406
0.872304
0.872201
0.872098
0.871995
0.871892
0.871789
0.871686
0.871583
0.87148
0.871377
0.871273
0.87117
0.871067
0.870964
0.87086
0.870757
0.870654
0.87055
0.870447
0.870343
0.870239
0.870136
0.870032
0.869929
0.869825
0.869721
0.869617
0.869513
0.86941
0.869306
0.869202
0.869098
0.868994
0.86889
0.868785
0.868681
0.868577
0.868473
0.868369
0.868264
0.86816
0.868056
0.867951
0.867847
0.867742
0.867638
0.867533
0.867429
0.867324
0.867219
0.867114
0.86701
0.866905
0.8668
0.866695
0.86659
0.866485
0.86638
0.866275
0.86617
0.866065
0.86596
0.865855
0.86575
0.865644
0.865539
0.865434
0.865328
0.865223
0.865117
0.865012
0.864906
0.864801
0.864695
0.86459
0.864484
0.864378
0.864272
0.864167
0.864061
0.863955
0.863849
0.863743
0.863637
0.863531
0.863425
0.863319
0.863213
0.863107
0.863
0.862894
0.862788
0.862681
0.862575
0.862469
0.862362
0.862256
0.862149
0.862043
0.861936
0.861829
0.861723
0.861616
0.861509
0.861403
0.861296
0.861189
0.861082
0.860975
0.860868
0.860761
0.860654
0.860547
0.86044
0.860332
0.860225
0.860118
0.860011
0.859903
0.859796
0.859689
0.859581
0.859474
0.859366
0.859259
0.859151
0.859043
0.858936
0.858828
0.85872
0.858612
0.858505
0.858397
0.858289
0.858181
0.858073
0.857965
0.857857
0.857749
0.857641
0.857532
0.857424
0.857316
0.857208
0.857099
0.856991
0.856883
0.856774
0.856666
0.856557
0.856449
0.85634
0.856231
0.856123
0.856014
0.855905
0.855796
0.855688
0.855579
0.85547
0.855361
0.855252
0.855143
0.855034
0.854925
0.854816
0.854706
0.854597
0.854488
0.854379
0.854269
0.85416
0.854051
0.853941
0.853832
0.853722
0.853613
0.853503
0.853393
0.853284
0.853174
0.853064
0.852954
0.852845
0.852735
0.852625
0.852515
0.852405
0.852295
0.852185
0.852075
0.851965
0.851854
0.851744
0.851634
0.851524
0.851413
0.851303
0.851193
0.851082
0.850972
0.850861
0.850751
0.85064
0.850529
0.850419
0.850308
0.850197
0.850086
0.849976
0.849865
0.849754
0.849643
0.849532
0.849421
0.84931
0.849199
0.849088
0.848976
0.848865
0.848754
0.848643
0.848531
0.84842
0.848309
0.848197
0.848086
0.847974
0.847863
0.847751
0.847639
0.847528
0.847416
0.847304
0.847192
0.847081
0.846969
0.846857
0.846745
0.846633
0.846521
0.846409
0.846297
0.846185
0.846073
0.84596
0.845848
0.845736
0.845623
0.845511
0.845399
0.845286
0.845174
0.845061
0.844949
0.844836
0.844724
0.844611
0.844498
0.844385
0.844273
0.84416
0.844047
0.843934
0.843821
0.843708
0.843595
0.843482
0.843369
0.843256
0.843143
0.843029
0.842916
0.842803
0.84269
0.842576
0.842463
0.842349
0.842236
0.842122
0.842009
0.841895
0.841782
0.841668
0.841554
0.841441
0.841327
0.841213
0.841099
0.840985
0.840871
0.840757
0.840643
0.840529
0.840415
0.840301
0.840187
0.840073
0.839959
0.839844
0.83973
0.839616
0.839501
0.839387
0.839272
0.839158
0.839043
0.838929
0.838814
0.838699
0.838585
0.83847
0.838355
0.83824
0.838125
0.838011
0.837896
0.837781
0.837666
0.837551
0.837436
0.83732
0.837205
0.83709
0.836975
0.83686
0.836744
0.836629
0.836514
0.836398
0.836283
0.836167
0.836052
0.835936
0.83582
0.835705
0.835589
0.835473
0.835358
0.835242
0.835126
0.83501
0.834894
0.834778
0.834662
0.834546
0.83443
0.834314
0.834198
0.834082
0.833965
0.833849
0.833733
0.833616
0.8335
0.833384
0.833267
0.833151
0.833034
0.832917
0.832801
0.832684
0.832568
0.832451
0.832334
0.832217
0.8321
0.831984
0.831867
0.83175
0.831633
0.831516
0.831399
0.831281
0.831164
0.831047
0.83093
0.830813
0.830695
0.830578
0.830461
0.830343
0.830226
0.830108
0.829991
0.829873
0.829756
0.829638
0.82952
0.829402
0.829285
0.829167
0.829049
0.828931
0.828813
0.828695
0.828577
0.828459
0.828341
0.828223
0.828105
0.827987
0.827869
0.82775
0.827632
0.827514
0.827395
0.827277
0.827159
0.82704
0.826922
0.826803
0.826684
0.826566
0.826447
0.826328
0.82621
0.826091
0.825972
0.825853
0.825734
0.825615
0.825496
0.825377
0.825258
0.825139
0.82502
0.824901
0.824782
0.824662
0.824543
0.824424
0.824304
0.824185
0.824066
0.823946
0.823827
0.823707
0.823587
0.823468
0.823348
0.823228
0.823109
0.822989
0.822869
0.822749
0.822629
0.822509
0.822389
0.822269
0.822149
0.822029
0.821909
0.821789
0.821669
0.821549
0.821428
0.821308
0.821188
0.821067
0.820947
0.820826
0.820706
0.820585
0.820465
0.820344
0.820223
0.820103
0.819982
0.819861
0.81974
0.81962
0.819499
0.819378
0.819257
0.819136
0.819015
0.818894
0.818773
0.818652
0.81853
0.818409
0.818288
0.818167
0.818045
0.817924
0.817802
0.817681
0.817559
0.817438
0.817316
0.817195
0.817073
0.816951
0.81683
0.816708
0.816586
0.816464
0.816343
0.816221
0.816099
0.815977
0.815855
0.815733
0.815611
0.815488
0.815366
0.815244
0.815122
0.814999
0.814877
0.814755
0.814632
0.81451
0.814387
0.814265
0.814142
0.81402
0.813897
0.813775
0.813652
0.813529
0.813406
0.813283
0.813161
0.813038
0.812915
0.812792
0.812669
0.812546
0.812423
0.8123
0.812176
0.812053
0.81193
0.811807
0.811683
0.81156
0.811437
0.811313
0.81119
0.811066
0.810943
0.810819
0.810696
0.810572
0.810448
0.810325
0.810201
0.810077
0.809953
0.809829
0.809705
0.809581
0.809457
0.809333
0.809209
0.809085
0.808961
0.808837
0.808713
0.808589
0.808464
0.80834
0.808216
0.808091
0.807967
0.807842
0.807718
0.807593
0.807469
0.807344
0.807219
0.807095
0.80697
0.806845
0.80672
0.806595
0.806471
0.806346
0.806221
0.806096
0.805971
0.805845
0.80572
0.805595
0.80547
0.805345
0.80522
0.805094
0.804969
0.804844
0.804718
0.804593
0.804467
0.804342
0.804216
0.80409
0.803965
0.803839
0.803713
0.803588
0.803462
0.803336
0.80321
0.803084
0.802958
0.802832
0.802706
0.80258
0.802454
0.802328
0.802202
0.802076
0.801949
0.801823
0.801697
0.80157
0.801444
0.801318
0.801191
0.801065
0.800938
0.800812
0.800685
0.800558
0.800432
0.800305
0.800178
0.800051
0.799924
0.799798
0.799671
0.799544
0.799417
0.79929
0.799163
0.799036
0.798908
0.798781
0.798654
0.798527
0.798399
0.798272
0.798145
0.798017
0.79789
0.797762
0.797635
0.797507
0.79738
0.797252
0.797125
0.796997
0.796869
0.796741
0.796614
0.796486
0.796358
0.79623
0.796102
0.795974
0.795846
0.795718
0.79559
0.795462
0.795333
0.795205
0.795077
0.794949
0.79482
0.794692
0.794563
0.794435
0.794307
0.794178
0.794049
0.793921
0.793792
0.793664
0.793535
0.793406
0.793277
0.793149
0.79302
0.792891
0.792762
0.792633
0.792504
0.792375
0.792246
0.792117
0.791988
0.791858
0.791729
0.7916
0.791471
0.791341
0.791212
0.791082
0.790953
0.790824
0.790694
0.790564
0.790435
0.790305
0.790176
0.790046
0.789916
0.789786
0.789657
0.789527
0.789397
0.789267
0.789137
0.789007
0.788877
0.788747
0.788617
0.788487
0.788356
0.788226
0.788096
0.787966
0.787835
0.787705
0.787574
0.787444
0.787314
0.787183
0.787052
0.786922
0.786791
0.786661
0.78653
0.786399
0.786268
0.786138
0.786007
0.785876
0.785745
0.785614
0.785483
0.785352
0.785221
0.78509
0.784959
0.784827
0.784696
0.784565
0.784434
0.784302
0.784171
0.78404
0.783908
0.783777
0.783645
0.783514
0.783382
0.78325
0.783119
0.782987
0.782855
0.782724
0.782592
0.78246
0.782328
0.782196
0.782064
0.781932
0.7818
0.781668
0.781536
0.781404
0.781272
0.781139
0.781007
0.780875
0.780743
0.78061
0.780478
0.780345
0.780213
0.78008
0.779948
0.779815
0.779683
0.77955
0.779417
0.779285
0.779152
0.779019
0.778886
0.778753
0.778621
0.778488
0.778355
0.778222
0.778089
0.777955
0.777822
0.777689
0.777556
0.777423
0.77729
0.777156
0.777023
0.776889
0.776756
0.776623
0.776489
0.776356
0.776222
0.776088
0.775955
0.775821
0.775687
0.775554
0.77542
0.775286
0.775152
0.775018
0.774884
0.774751
0.774617
0.774483
0.774348
0.774214
0.77408
0.773946
0.773812
0.773678
0.773543
0.773409
0.773275
0.77314
0.773006
0.772871
0.772737
0.772602
0.772468
0.772333
0.772198
0.772064
0.771929
0.771794
0.77166
0.771525
0.77139
0.771255
0.77112
0.770985
0.77085
0.770715
0.77058
0.770445
0.77031
0.770174
0.770039
0.769904
0.769769
0.769633
0.769498
0.769363
0.769227
0.769092
0.768956
0.768821
0.768685
0.768549
0.768414
0.768278
0.768142
0.768007
0.767871
0.767735
0.767599
0.767463
0.767327
0.767191
0.767055
0.766919
0.766783
0.766647
0.766511
0.766375
0.766238
0.766102
0.765966
0.765829
0.765693
0.765557
0.76542
0.765284
0.765147
0.765011
0.764874
0.764737
0.764601
0.764464
0.764327
0.764191
0.764054
0.763917
0.76378
0.763643
0.763506
0.763369
0.763232
0.763095
0.762958
0.762821
0.762684
0.762547
0.762409
0.762272
0.762135
0.761998
0.76186
0.761723
0.761585
0.761448
0.76131
0.761173
0.761035
0.760898
0.76076
0.760622
0.760485
0.760347
0.760209
0.760071
0.759933
0.759795
0.759657
0.759519
0.759381
0.759243
0.759105
0.758967
0.758829
0.758691
0.758553
0.758414
0.758276
0.758138
0.757999
0.757861
0.757723
0.757584
0.757446
0.757307
0.757168
0.75703
0.756891
0.756752
0.756614
0.756475
0.756336
0.756197
0.756059
0.75592
0.755781
0.755642
0.755503
0.755364
0.755225
0.755086
0.754946
0.754807
0.754668
0.754529
0.75439
0.75425
0.754111
0.753971
0.753832
0.753693
0.753553
0.753414
0.753274
0.753134
0.752995
0.752855
0.752715
0.752576
0.752436
0.752296
0.752156
0.752016
0.751876
0.751737
0.751597
0.751457
0.751316
0.751176
0.751036
0.750896
0.750756
0.750616
0.750475
0.750335
0.750195
0.750054
0.749914
0.749774
0.749633
0.749493
0.749352
0.749212
0.749071
0.74893
0.74879
0.748649
0.748508
0.748367
0.748227
0.748086
0.747945
0.747804
0.747663
0.747522
0.747381
0.74724
0.747099
0.746958
0.746816
0.746675
0.746534
0.746393
0.746251
0.74611
0.745969
0.745827
0.745686
0.745544
0.745403
0.745261
0.74512
0.744978
0.744837
0.744695
0.744553
0.744411
0.74427
0.744128
0.743986
0.743844
0.743702
0.74356
0.743418
0.743276
0.743134
0.742992
0.74285
0.742708
0.742566
0.742423
0.742281
0.742139
0.741996
0.741854
0.741712
0.741569
0.741427
0.741284
0.741142
0.740999
0.740856
0.740714
0.740571
0.740428
0.740286
0.740143
0.74
0.739857
0.739714
0.739571
0.739428
0.739286
0.739142
0.738999
0.738856
0.738713
0.73857
0.738427
0.738284
0.73814
0.737997
0.737854
0.73771
0.737567
0.737424
0.73728
0.737137
0.736993
0.73685
0.736706
0.736562
0.736419
0.736275
0.736131
0.735987
0.735844
0.7357
0.735556
0.735412
0.735268
0.735124
0.73498
0.734836
0.734692
0.734548
0.734404
0.73426
0.734115
0.733971
0.733827
0.733683
0.733538
0.733394
0.733249
0.733105
0.732961
0.732816
0.732672
0.732527
0.732382
0.732238
0.732093
0.731948
0.731804
0.731659
0.731514
0.731369
0.731224
0.731079
0.730934
0.730789
0.730644
0.730499
0.730354
0.730209
0.730064
0.729919
0.729774
0.729628
0.729483
0.729338
0.729192
0.729047
0.728902
0.728756
0.728611
0.728465
0.72832
0.728174
0.728028
0.727883
0.727737
0.727591
0.727446
0.7273
0.727154
0.727008
0.726862
0.726716
0.726571
0.726425
0.726279
0.726132
0.725986
0.72584
0.725694
0.725548
0.725402
0.725256
0.725109
0.724963
0.724817
0.72467
0.724524
0.724377
0.724231
0.724084
0.723938
0.723791
0.723645
0.723498
0.723351
0.723205
0.723058
0.722911
0.722764
0.722618
0.722471
0.722324
0.722177
0.72203
0.721883
0.721736
0.721589
0.721442
0.721295
0.721147
0.721
0.720853
0.720706
0.720558
0.720411
0.720264
0.720116
0.719969
0.719821
0.719674
0.719526
0.719379
0.719231
0.719084
0.718936
0.718788
0.718641
0.718493
0.718345
0.718197
0.718049
0.717902
0.717754
0.717606
0.717458
0.71731
0.717162
0.717014
0.716865
0.716717
0.716569
0.716421
0.716273
0.716124
0.715976
0.715828
0.715679
0.715531
0.715383
0.715234
0.715086
0.714937
0.714789
0.71464
0.714491
0.714343
0.714194
0.714045
0.713897
0.713748
0.713599
0.71345
0.713301
0.713152
0.713003
0.712854
0.712705
0.712556
0.712407
0.712258
0.712109
0.71196
0.711811
0.711661
0.711512
0.711363
0.711214
0.711064
0.710915
0.710765
0.710616
0.710466
0.710317
0.710167
0.710018
0.709868
0.709719
0.709569
0.709419
0.709269
0.70912
0.70897
0.70882
0.70867
0.70852
0.70837
0.70822
0.70807
0.70792
0.70777
0.70762
0.70747
0.70732
0.70717
0.70702
0.706869
0.706719
0.706569
0.706418
0.706268
0.706118
0.705967
0.705817
0.705666
0.705516
0.705365
0.705214
0.705064
0.704913
0.704763
0.704612
0.704461
0.70431
0.704159
0.704009
0.703858
0.703707
0.703556
0.703405
0.703254
0.703103
0.702952
0.702801
0.70265
0.702498
0.702347
0.702196
0.702045
0.701894
0.701742
0.701591
0.70144
0.701288
0.701137
0.700985
0.700834
0.700682
0.700531
0.700379
0.700227
0.700076
0.699924
0.699772
0.699621
0.699469
0.699317
0.699165
0.699013
0.698861
0.69871
0.698558
0.698406
0.698254
0.698102
0.697949
0.697797
0.697645
0.697493
0.697341
0.697189
0.697036
0.696884
0.696732
0.696579
0.696427
0.696275
0.696122
0.69597
0.695817
0.695665
0.695512
0.695359
0.695207
0.695054
0.694901
0.694749
0.694596
0.694443
0.69429
0.694138
0.693985
0.693832
0.693679
0.693526
0.693373
0.69322
0.693067
0.692914
0.692761
0.692607
0.692454
0.692301
0.692148
0.691995
0.691841
0.691688
0.691535
0.691381
0.691228
0.691074
0.690921
0.690767
0.690614
0.69046
0.690307
0.690153
0.689999
0.689846
0.689692
0.689538
0.689384
0.689231
0.689077
0.688923
0.688769
0.688615
0.688461
0.688307
0.688153
0.687999
0.687845
0.687691
0.687537
0.687383
0.687228
0.687074
0.68692
0.686766
0.686611
0.686457
0.686303
0.686148
0.685994
0.685839
0.685685
0.68553
0.685376
0.685221
0.685067
0.684912
0.684757
0.684603
0.684448
0.684293
0.684138
0.683984
0.683829
0.683674
0.683519
0.683364
0.683209
0.683054
0.682899
0.682744
0.682589
0.682434
0.682279
0.682124
0.681968
0.681813
0.681658
0.681503
0.681347
0.681192
0.681037
0.680881
0.680726
0.68057
0.680415
0.680259
0.680104
0.679948
0.679793
0.679637
0.679481
0.679326
0.67917
0.679014
0.678858
0.678703
0.678547
0.678391
0.678235
0.678079
0.677923
0.677767
0.677611
0.677455
0.677299
0.677143
0.676987
0.676831
0.676675
0.676518
0.676362
0.676206
0.67605
0.675893
0.675737
0.675581
0.675424
0.675268
0.675111
0.674955
0.674798
0.674642
0.674485
0.674329
0.674172
0.674015
0.673859
0.673702
0.673545
0.673388
0.673232
0.673075
0.672918
0.672761
0.672604
0.672447
0.67229
0.672133
0.671976
0.671819
0.671662
0.671505
0.671348
0.671191
0.671033
0.670876
0.670719
0.670562
0.670404
0.670247
0.67009
0.669932
0.669775
0.669617
0.66946
0.669302
0.669145
0.668987
0.66883
0.668672
0.668515
0.668357
0.668199
0.668042
0.667884
0.667726
0.667568
0.66741
0.667253
0.667095
0.666937
0.666779
0.666621
0.666463
0.666305
0.666147
0.665989
0.665831
0.665672
0.665514
0.665356
0.665198
0.66504
0.664881
0.664723
0.664565
0.664406
0.664248
0.66409
0.663931
0.663773
0.663614
0.663456
0.663297
0.663139
0.66298
0.662821
0.662663
0.662504
0.662345
0.662187
0.662028
0.661869
0.66171
0.661551
0.661393
0.661234
0.661075
0.660916
0.660757
0.660598
0.660439
0.66028
0.660121
0.659962
0.659802
0.659643
0.659484
0.659325
0.659166
0.659006
0.658847
0.658688
0.658528
0.658369
0.65821
0.65805
0.657891
0.657731
0.657572
0.657412
0.657253
0.657093
0.656933
0.656774
0.656614
0.656454
0.656295
0.656135
0.655975
0.655815
0.655656
0.655496
0.655336
0.655176
0.655016
0.654856
0.654696
0.654536
0.654376
0.654216
0.654056
0.653896
0.653736
0.653575
0.653415
0.653255
0.653095
0.652935
0.652774
0.652614
0.652454
0.652293
0.652133
0.651972
0.651812
0.651651
0.651491
0.65133
0.65117
0.651009
0.650849
0.650688
0.650527
0.650367
0.650206
0.650045
0.649885
0.649724
0.649563
0.649402
0.649241
0.64908
0.648919
0.648759
0.648598
0.648437
0.648276
0.648115
0.647953
0.647792
0.647631
0.64747
0.647309
0.647148
0.646987
0.646825
0.646664
0.646503
0.646341
0.64618
0.646019
0.645857
0.645696
0.645535
0.645373
0.645212
0.64505
0.644888
0.644727
0.644565
0.644404
0.644242
0.64408
0.643919
0.643757
0.643595
0.643433
0.643272
0.64311
0.642948
0.642786
0.642624
0.642462
0.6423
0.642138
0.641976
0.641814
0.641652
0.64149
0.641328
0.641166
0.641004
0.640842
0.64068
0.640517
0.640355
0.640193
0.640031
0.639868
0.639706
0.639544
0.639381
0.639219
0.639056
0.638894
0.638732
0.638569
0.638407
0.638244
0.638081
0.637919
0.637756
0.637594
0.637431
0.637268
0.637105
0.636943
0.63678
0.636617
0.636454
0.636291
0.636129
0.635966
0.635803
0.63564
0.635477
0.635314
0.635151
0.634988
0.634825
0.634662
0.634499
0.634336
0.634172
0.634009
0.633846
0.633683
0.63352
0.633356
0.633193
0.63303
0.632866
0.632703
0.63254
0.632376
0.632213
0.632049
0.631886
0.631722
0.631559
0.631395
0.631232
0.631068
0.630904
0.630741
0.630577
0.630413
0.63025
0.630086
0.629922
0.629758
0.629595
0.629431
0.629267
0.629103
0.628939
0.628775
0.628611
0.628447
0.628283
0.628119
0.627955
0.627791
0.627627
0.627463
0.627299
0.627135
0.626971
0.626806
0.626642
0.626478
0.626314
0.626149
0.625985
0.625821
0.625656
0.625492
0.625328
0.625163
0.624999
0.624834
0.62467
0.624505
0.624341
0.624176
0.624012
0.623847
0.623682
0.623518
0.623353
0.623188
0.623024
0.622859
0.622694
0.622529
0.622365
0.6222
0.622035
0.62187
0.621705
0.62154
0.621375
0.62121
0.621045
0.62088
0.620715
0.62055
0.620385
0.62022
0.620055
0.61989
0.619725
0.61956
0.619394
0.619229
0.619064
0.618899
0.618733
0.618568
0.618403
0.618237
0.618072
0.617907
0.617741
0.617576
0.61741
0.617245
0.617079
0.616914
0.616748
0.616583
0.616417
0.616252
0.616086
0.61592
0.615755
0.615589
0.615423
0.615257
0.615092
0.614926
0.61476
0.614594
0.614428
0.614263
0.614097
0.613931
0.613765
0.613599
0.613433
0.613267
0.613101
0.612935
0.612769
0.612603
0.612437
0.612271
0.612104
0.611938
0.611772
0.611606
0.61144
0.611273
0.611107
0.610941
0.610775
0.610608
0.610442
0.610276
0.610109
0.609943
0.609776
0.60961
0.609443
0.609277
0.609111
0.608944
0.608777
0.608611
0.608444
0.608278
0.608111
0.607944
0.607778
0.607611
0.607444
0.607278
0.607111
0.606944
0.606777
0.60661
0.606444
0.606277
0.60611
0.605943
0.605776
0.605609
0.605442
0.605275
0.605108
0.604941
0.604774
0.604607
0.60444
0.604273
0.604106
0.603939
0.603772
0.603604
0.603437
0.60327
0.603103
0.602936
0.602768
0.602601
0.602434
0.602266
0.602099
0.601932
0.601764
0.601597
0.60143
0.601262
0.601095
0.600927
0.60076
0.600592
0.600425
0.600257
0.600089
0.599922
0.599754
0.599587
0.599419
0.599251
0.599084
0.598916
0.598748
0.59858
0.598413
0.598245
0.598077
0.597909
0.597741
0.597574
0.597406
0.597238
0.59707
0.596902
0.596734
0.596566
0.596398
0.59623
0.596062
0.595894
0.595726
0.595558
0.59539
0.595222
0.595053
0.594885
0.594717
0.594549
0.594381
0.594212
0.594044
0.593876
0.593708
0.593539
0.593371
0.593203
0.593034
0.592866
0.592697
0.592529
0.592361
0.592192
0.592024
0.591855
0.591687
0.591518
0.59135
0.591181
0.591013
0.590844
0.590675
0.590507
0.590338
0.590169
0.590001
0.589832
0.589663
0.589495
0.589326
0.589157
0.588988
0.588819
0.588651
0.588482
0.588313
0.588144
0.587975
0.587806
0.587637
0.587468
0.587299
0.58713
0.586961
0.586792
0.586623
0.586454
0.586285
0.586116
0.585947
0.585778
0.585609
0.58544
0.58527
0.585101
0.584932
0.584763
0.584594
0.584424
0.584255
0.584086
0.583917
0.583747
0.583578
0.583408
0.583239
0.58307
0.5829
0.582731
0.582561
0.582392
0.582223
0.582053
0.581884
0.581714
0.581544
0.581375
0.581205
0.581036
0.580866
0.580697
0.580527
0.580357
0.580188
0.580018
0.579848
0.579678
0.579509
0.579339
0.579169
0.578999
0.57883
0.57866
0.57849
0.57832
0.57815
0.57798
0.577811
0.577641
0.577471
0.577301
0.577131
0.576961
0.576791
0.576621
0.576451
0.576281
0.576111
0.575941
0.575771
0.5756
0.57543
0.57526
0.57509
0.57492
0.57475
0.57458
0.574409
0.574239
0.574069
0.573899
0.573728
0.573558
0.573388
0.573217
0.573047
0.572877
0.572706
0.572536
0.572366
0.572195
0.572025
0.571854
0.571684
0.571513
0.571343
0.571172
0.571002
0.570831
0.570661
0.57049
0.57032
0.570149
0.569979
0.569808
0.569637
0.569467
0.569296
0.569125
0.568955
0.568784
0.568613
0.568443
0.568272
0.568101
0.56793
0.567759
0.567589
0.567418
0.567247
0.567076
0.566905
0.566734
0.566564
0.566393
0.566222
0.566051
0.56588
0.565709
0.565538
0.565367
0.565196
0.565025
0.564854
0.564683
0.564512
0.564341
0.56417
0.563998
0.563827
0.563656
0.563485
0.563314
0.563143
0.562972
0.5628
0.562629
0.562458
0.562287
0.562115
0.561944
0.561773
0.561602
0.56143
0.561259
0.561088
0.560916
0.560745
0.560574
0.560402
0.560231
0.560059
0.559888
0.559717
0.559545
0.559374
0.559202
0.559031
0.558859
0.558688
0.558516
0.558345
0.558173
0.558001
0.55783
0.557658
0.557487
0.557315
0.557143
0.556972
0.5568
0.556628
0.556457
0.556285
0.556113
0.555942
0.55577
0.555598
0.555426
0.555255
0.555083
0.554911
0.554739
0.554567
0.554396
0.554224
0.554052
0.55388
0.553708
0.553536
0.553364
0.553192
0.553021
0.552849
0.552677
0.552505
0.552333
0.552161
0.551989
0.551817
0.551645
0.551473
0.551301
0.551129
0.550956
0.550784
0.550612
0.55044
0.550268
0.550096
0.549924
0.549752
0.549579
0.549407
0.549235
0.549063
0.548891
0.548718
0.548546
0.548374
0.548202
0.548029
0.547857
0.547685
0.547513
0.54734
0.547168
0.546996
0.546823
0.546651
0.546479
0.546306
0.546134
0.545961
0.545789
0.545617
0.545444
0.545272
0.545099
0.544927
0.544754
0.544582
0.544409
0.544237
0.544064
0.543892
0.543719
0.543547
0.543374
0.543202
0.543029
0.542856
0.542684
0.542511
0.542339
0.542166
0.541993
0.541821
0.541648
0.541475
0.541303
0.54113
0.540957
0.540784
0.540612
0.540439
0.540266
0.540093
0.539921
0.539748
0.539575
0.539402
0.53923
0.539057
0.538884
0.538711
0.538538
0.538365
0.538192
0.53802
0.537847
0.537674
0.537501
0.537328
0.537155
0.536982
0.536809
0.536636
0.536463
0.53629
0.536117
0.535944
0.535771
0.535598
0.535425
0.535252
0.535079
0.534906
0.534733
0.53456
0.534387
0.534214
0.534041
0.533868
0.533695
0.533522
0.533348
0.533175
0.533002
0.532829
0.532656
0.532483
0.53231
0.532136
0.531963
0.53179
0.531617
0.531444
0.53127
0.531097
0.530924
0.530751
0.530577
0.530404
0.530231
0.530057
0.529884
0.529711
0.529538
0.529364
0.529191
0.529018
0.528844
0.528671
0.528498
0.528324
0.528151
0.527977
0.527804
0.527631
0.527457
0.527284
0.52711
0.526937
0.526764
0.52659
0.526417
0.526243
0.52607
0.525896
0.525723
0.525549
0.525376
0.525202
0.525029
0.524855
0.524682
0.524508
0.524335
0.524161
0.523987
0.523814
0.52364
0.523467
0.523293
0.52312
0.522946
0.522772
0.522599
0.522425
0.522251
0.522078
0.521904
0.521731
0.521557
0.521383
0.52121
0.521036
0.520862
0.520689
0.520515
0.520341
0.520167
0.519994
0.51982
0.519646
0.519472
0.519299
0.519125
0.518951
0.518777
0.518604
0.51843
0.518256
0.518082
0.517909
0.517735
0.517561
0.517387
0.517213
0.517039
0.516866
0.516692
0.516518
0.516344
0.51617
0.515996
0.515823
0.515649
0.515475
0.515301
0.515127
0.514953
0.514779
0.514605
0.514431
0.514257
0.514084
0.51391
0.513736
0.513562
0.513388
0.513214
0.51304
0.512866
0.512692
0.512518
0.512344
0.51217
0.511996
0.511822
0.511648
0.511474
0.5113
0.511126
0.510952
0.510778
0.510604
0.51043
0.510256
0.510082
0.509908
0.509734
0.50956
0.509386
0.509212
0.509037
0.508863
0.508689
0.508515
0.508341
0.508167
0.507993
0.507819
0.507645
0.507471
0.507296
0.507122
0.506948
0.506774
0.5066
0.506426
0.506252
0.506078
0.505903
0.505729
0.505555
0.505381
0.505207
0.505033
0.504858
0.504684
0.50451
0.504336
0.504162
0.503987
0.503813
0.503639
0.503465
0.503291
0.503116
0.502942
0.502768
0.502594
0.502419
0.502245
0.502071
0.501897
0.501723
0.501548
0.501374
0.5012
0.501026
0.500851
0.500677
0.500503
0.500328
0.500154
0.49998
0.499806
0.499631
0.499457
0.499283
0.499109
0.498934
0.49876
0.498586
0.498411
0.498237
0.498063
0.497888
0.497714
0.49754
0.497365
0.497191
0.497017
0.496842
0.496668
0.496494
0.49632
0.496145
0.495971
0.495796
0.495622
0.495448
0.495273
0.495099
0.494925
0.49475
0.494576
0.494402
0.494227
0.494053
0.493879
0.493704
0.49353
0.493356
0.493181
0.493007
0.492832
0.492658
0.492484
0.492309
0.492135
0.491961
0.491786
0.491612
0.491437
0.491263
0.491089
0.490914
0.49074
0.490565
0.490391
0.490217
0.490042
0.489868
0.489693
0.489519
0.489345
0.48917
0.488996
0.488821
0.488647
0.488473
0.488298
0.488124
0.487949
0.487775
0.4876
0.487426
0.487252
0.487077
0.486903
0.486728
0.486554
0.48638
0.486205
0.486031
0.485856
0.485682
0.485507
0.485333
0.485159
0.484984
0.48481
0.484635
0.484461
0.484287
0.484112
0.483938
0.483763
0.483589
0.483414
0.48324
0.483066
0.482891
0.482717
0.482542
0.482368
0.482193
0.482019
0.481845
0.48167
0.481496
0.481321
0.481147
0.480972
0.480798
0.480624
0.480449
0.480275
0.4801
0.479926
0.479752
0.479577
0.479403
0.479228
0.479054
0.478879
0.478705
0.478531
0.478356
0.478182
0.478007
0.477833
0.477659
0.477484
0.47731
0.477135
0.476961
0.476787
0.476612
0.476438
0.476263
0.476089
0.475915
0.47574
0.475566
0.475391
0.475217
0.475043
0.474868
0.474694
0.474519
0.474345
0.474171
0.473996
0.473822
0.473648
0.473473
0.473299
0.473124
0.47295
0.472776
0.472601
0.472427
0.472253
0.472078
0.471904
0.471729
0.471555
0.471381
0.471206
0.471032
0.470858
0.470683
0.470509
0.470335
0.47016
0.469986
0.469812
0.469637
0.469463
0.469289
0.469114
0.46894
0.468766
0.468591
0.468417
0.468243
0.468069
0.467894
0.46772
0.467546
0.467371
0.467197
0.467023
0.466848
0.466674
0.4665
0.466326
0.466151
0.465977
0.465803
0.465629
0.465454
0.46528
0.465106
0.464932
0.464757
0.464583
0.464409
0.464235
0.46406
0.463886
0.463712
0.463538
0.463363
0.463189
0.463015
0.462841
0.462667
0.462492
0.462318
0.462144
0.46197
0.461796
0.461621
0.461447
0.461273
0.461099
0.460925
0.460751
0.460576
0.460402
0.460228
0.460054
0.45988
0.459706
0.459532
0.459358
0.459183
0.459009
0.458835
0.458661
0.458487
0.458313
0.458139
0.457965
0.457791
0.457617
0.457442
0.457268
0.457094
0.45692
0.456746
0.456572
0.456398
0.456224
0.45605
0.455876
0.455702
0.455528
0.455354
0.45518
0.455006
0.454832
0.454658
0.454484
0.45431
0.454136
0.453962
0.453788
0.453614
0.45344
0.453266
0.453092
0.452918
0.452744
0.45257
0.452396
0.452223
0.452049
0.451875
0.451701
0.451527
0.451353
0.451179
0.451005
0.450831
0.450658
0.450484
0.45031
0.450136
0.449962
0.449788
0.449615
0.449441
0.449267
0.449093
0.448919
0.448746
0.448572
0.448398
0.448224
0.44805
0.447877
0.447703
0.447529
0.447355
0.447182
0.447008
0.446834
0.44666
0.446487
0.446313
0.446139
0.445966
0.445792
0.445618
0.445445
0.445271
0.445097
0.444924
0.44475
0.444576
0.444403
0.444229
0.444056
0.443882
0.443708
0.443535
0.443361
0.443188
0.443014
0.442841
0.442667
0.442493
0.44232
0.442146
0.441973
0.441799
0.441626
0.441452
0.441279
0.441105
0.440932
0.440759
0.440585
0.440412
0.440238
0.440065
0.439891
0.439718
0.439544
0.439371
0.439198
0.439024
0.438851
0.438678
0.438504
0.438331
0.438158
0.437984
0.437811
0.437638
0.437464
0.437291
0.437118
0.436944
0.436771
0.436598
0.436425
0.436251
0.436078
0.435905
0.435732
0.435559
0.435385
0.435212
0.435039
0.434866
0.434693
0.434519
0.434346
0.434173
0.434
0.433827
0.433654
0.433481
0.433308
0.433135
0.432961
0.432788
0.432615
0.432442
0.432269
0.432096
0.431923
0.43175
0.431577
0.431404
0.431231
0.431058
0.430885
0.430712
0.43054
0.430367
0.430194
0.430021
0.429848
0.429675
0.429502
0.429329
0.429156
0.428984
0.428811
0.428638
0.428465
0.428292
0.42812
0.427947
0.427774
0.427601
0.427428
0.427256
0.427083
0.42691
0.426738
0.426565
0.426392
0.42622
0.426047
0.425874
0.425702
0.425529
0.425356
0.425184
0.425011
0.424839
0.424666
0.424493
0.424321
0.424148
0.423976
0.423803
0.423631
0.423458
0.423286
0.423113
0.422941
0.422768
0.422596
0.422424
0.422251
0.422079
0.421906
0.421734
0.421562
0.421389
0.421217
0.421045
0.420872
0.4207
0.420528
0.420355
0.420183
0.420011
0.419839
0.419666
0.419494
0.419322
0.41915
0.418977
0.418805
0.418633
0.418461
0.418289
0.418117
0.417945
0.417772
0.4176
0.417428
0.417256
0.417084
0.416912
0.41674
0.416568
0.416396
0.416224
0.416052
0.41588
0.415708
0.415536
0.415364
0.415192
0.415021
0.414849
0.414677
0.414505
0.414333
0.414161
0.413989
0.413818
0.413646
0.413474
0.413302
0.413131
0.412959
0.412787
0.412615
0.412444
0.412272
0.4121
0.411929
0.411757
0.411585
0.411414
0.411242
0.411071
0.410899
0.410727
0.410556
0.410384
0.410213
0.410041
0.40987
0.409698
0.409527
0.409355
0.409184
0.409013
0.408841
0.40867
0.408498
0.408327
0.408156
0.407984
0.407813
0.407642
0.40747
0.407299
0.407128
0.406957
0.406785
0.406614
0.406443
0.406272
0.406101
0.405929
0.405758
0.405587
0.405416
0.405245
0.405074
0.404903
0.404732
0.404561
0.40439
0.404219
0.404048
0.403877
0.403706
0.403535
0.403364
0.403193
0.403022
0.402851
0.40268
0.402509
0.402338
0.402168
0.401997
0.401826
0.401655
0.401484
0.401314
0.401143
0.400972
0.400801
0.400631
0.40046
0.400289
0.400119
0.399948
0.399778
0.399607
0.399436
0.399266
0.399095
0.398925
0.398754
0.398584
0.398413
0.398243
0.398072
0.397902
0.397732
0.397561
0.397391
0.39722
0.39705
0.39688
0.396709
0.396539
0.396369
0.396199
0.396028
0.395858
0.395688
0.395518
0.395347
0.395177
0.395007
0.394837
0.394667
0.394497
0.394327
0.394157
0.393987
0.393817
0.393647
0.393477
0.393307
0.393137
0.392967
0.392797
0.392627
0.392457
0.392287
0.392117
0.391947
0.391778
0.391608
0.391438
0.391268
0.391099
0.390929
0.390759
0.390589
0.39042
0.39025
0.39008
0.389911
0.389741
0.389572
0.389402
0.389232
0.389063
0.388893
0.388724
0.388554
0.388385
0.388216
0.388046
0.387877
0.387707
0.387538
0.387369
0.387199
0.38703
0.386861
0.386691
0.386522
0.386353
0.386184
0.386014
0.385845
0.385676
0.385507
0.385338
0.385169
0.385
0.384831
0.384661
0.384492
0.384323
0.384154
0.383985
0.383817
0.383648
0.383479
0.38331
0.383141
0.382972
0.382803
0.382634
0.382466
0.382297
0.382128
0.381959
0.381791
0.381622
0.381453
0.381284
0.381116
0.380947
0.380779
0.38061
0.380441
0.380273
0.380104
0.379936
0.379767
0.379599
0.37943
0.379262
0.379094
0.378925
0.378757
0.378589
0.37842
0.378252
0.378084
0.377915
0.377747
0.377579
0.377411
0.377242
0.377074
0.376906
0.376738
0.37657
0.376402
0.376234
0.376066
0.375898
0.37573
0.375562
0.375394
0.375226
0.375058
0.37489
0.374722
0.374554
0.374387
0.374219
0.374051
0.373883
0.373715
0.373548
0.37338
0.373212
0.373045
0.372877
0.372709
0.372542
0.372374
0.372207
0.372039
0.371872
0.371704
0.371537
0.371369
0.371202
0.371034
0.370867
0.3707
0.370532
0.370365
0.370198
0.37003
0.369863
0.369696
0.369529
0.369361
0.369194
0.369027
0.36886
0.368693
0.368526
0.368359
0.368192
0.368025
0.367858
0.367691
0.367524
0.367357
0.36719
0.367023
0.366856
0.36669
0.366523
0.366356
0.366189
0.366022
0.365856
0.365689
0.365522
0.365356
0.365189
0.365022
0.364856
0.364689
0.364523
0.364356
0.36419
0.364023
0.363857
0.36369
0.363524
0.363358
0.363191
0.363025
0.362859
0.362692
0.362526
0.36236
0.362194
0.362028
0.361861
0.361695
0.361529
0.361363
0.361197
0.361031
0.360865
0.360699
0.360533
0.360367
0.360201
0.360035
0.359869
0.359703
0.359538
0.359372
0.359206
0.35904
0.358874
0.358709
0.358543
0.358377
0.358212
0.358046
0.357881
0.357715
0.357549
0.357384
0.357218
0.357053
0.356888
0.356722
0.356557
0.356391
0.356226
0.356061
0.355895
0.35573
0.355565
0.3554
0.355234
0.355069
0.354904
0.354739
0.354574
0.354409
0.354244
0.354079
0.353914
0.353749
0.353584
0.353419
0.353254
0.353089
0.352924
0.352759
0.352595
0.35243
0.352265
0.3521
0.351936
0.351771
0.351606
0.351442
0.351277
0.351113
0.350948
0.350784
0.350619
0.350455
0.35029
0.350126
0.349961
0.349797
0.349633
0.349468
0.349304
0.34914
0.348976
0.348811
0.348647
0.348483
0.348319
0.348155
0.347991
0.347827
0.347663
0.347499
0.347335
0.347171
0.347007
0.346843
0.346679
0.346515
0.346351
0.346188
0.346024
0.34586
0.345696
0.345533
0.345369
0.345205
0.345042
0.344878
0.344715
0.344551
0.344388
0.344224
0.344061
0.343897
0.343734
0.343571
0.343407
0.343244
0.343081
0.342917
0.342754
0.342591
0.342428
0.342265
0.342102
0.341938
0.341775
0.341612
0.341449
0.341286
0.341123
0.340961
0.340798
0.340635
0.340472
0.340309
0.340146
0.339984
0.339821
0.339658
0.339495
0.339333
0.33917
0.339008
0.338845
0.338683
0.33852
0.338358
0.338195
0.338033
0.33787
0.337708
0.337546
0.337383
0.337221
0.337059
0.336896
0.336734
0.336572
0.33641
0.336248
0.336086
0.335924
0.335762
0.3356
0.335438
0.335276
0.335114
0.334952
0.33479
0.334628
0.334466
0.334305
0.334143
0.333981
0.33382
0.333658
0.333496
0.333335
0.333173
0.333012
0.33285
0.332689
0.332527
0.332366
0.332204
0.332043
0.331882
0.33172
0.331559
0.331398
0.331237
0.331075
0.330914
0.330753
0.330592
0.330431
0.33027
0.330109
0.329948
0.329787
0.329626
0.329465
0.329304
0.329143
0.328983
0.328822
0.328661
0.3285
0.32834
0.328179
0.328019
0.327858
0.327697
0.327537
0.327376
0.327216
0.327055
0.326895
0.326735
0.326574
0.326414
0.326254
0.326093
0.325933
0.325773
0.325613
0.325453
0.325293
0.325132
0.324972
0.324812
0.324652
0.324492
0.324333
0.324173
0.324013
0.323853
0.323693
0.323533
0.323374
0.323214
0.323054
0.322895
0.322735
0.322575
0.322416
0.322256
0.322097
0.321937
0.321778
0.321619
0.321459
0.3213
0.321141
0.320981
0.320822
0.320663
0.320504
0.320344
0.320185
0.320026
0.319867
0.319708
0.319549
0.31939
0.319231
0.319072
0.318914
0.318755
0.318596
0.318437
0.318278
0.31812
0.317961
0.317802
0.317644
0.317485
0.317327
0.317168
0.31701
0.316851
0.316693
0.316534
0.316376
0.316218
0.316059
0.315901
0.315743
0.315585
0.315427
0.315268
0.31511
0.314952
0.314794
0.314636
0.314478
0.31432
0.314162
0.314005
0.313847
0.313689
0.313531
0.313373
0.313216
0.313058
0.3129
0.312743
0.312585
0.312428
0.31227
0.312113
0.311955
0.311798
0.31164
0.311483
0.311326
0.311169
0.311011
0.310854
0.310697
0.31054
0.310383
0.310226
0.310069
0.309912
0.309755
0.309598
0.309441
0.309284
0.309127
0.30897
0.308813
0.308657
0.3085
0.308343
0.308187
0.30803
0.307873
0.307717
0.30756
0.307404
0.307247
0.307091
0.306935
0.306778
0.306622
0.306466
0.306309
0.306153
0.305997
0.305841
0.305685
0.305529
0.305373
0.305217
0.305061
0.304905
0.304749
0.304593
0.304437
0.304282
0.304126
0.30397
0.303814
0.303659
0.303503
0.303347
0.303192
0.303036
0.302881
0.302725
0.30257
0.302415
0.302259
0.302104
0.301949
0.301793
0.301638
0.301483
0.301328
0.301173
0.301018
0.300863
0.300708
0.300553
0.300398
0.300243
0.300088
0.299933
0.299779
0.299624
0.299469
0.299314
0.29916
0.299005
0.298851
0.298696
0.298542
0.298387
0.298233
0.298078
0.297924
0.29777
0.297615
0.297461
0.297307
0.297153
0.296998
0.296844
0.29669
0.296536
0.296382
0.296228
0.296074
0.29592
0.295767
0.295613
0.295459
0.295305
0.295151
0.294998
0.294844
0.29469
0.294537
0.294383
0.29423
0.294076
0.293923
0.29377
0.293616
0.293463
0.29331
0.293156
0.293003
0.29285
0.292697
0.292544
0.292391
0.292238
0.292085
0.291932
0.291779
0.291626
0.291473
0.29132
0.291167
0.291015
0.290862
0.290709
0.290557
0.290404
0.290252
0.290099
0.289947
0.289794
0.289642
0.289489
0.289337
0.289185
0.289032
0.28888
0.288728
0.288576
0.288424
0.288272
0.28812
0.287968
0.287816
0.287664
0.287512
0.28736
0.287208
0.287056
0.286905
0.286753
0.286601
0.28645
0.286298
0.286147
0.285995
0.285844
0.285692
0.285541
0.285389
0.285238
0.285087
0.284935
0.284784
0.284633
0.284482
0.284331
0.28418
0.284029
0.283878
0.283727
0.283576
0.283425
0.283274
0.283123
0.282973
0.282822
0.282671
0.282521
0.28237
0.282219
0.282069
0.281918
0.281768
0.281618
0.281467
0.281317
0.281166
0.281016
0.280866
0.280716
0.280566
0.280416
0.280265
0.280115
0.279965
0.279816
0.279666
0.279516
0.279366
0.279216
0.279066
0.278917
0.278767
0.278617
0.278468
0.278318
0.278169
0.278019
0.27787
0.27772
0.277571
0.277421
0.277272
0.277123
0.276974
0.276825
0.276675
0.276526
0.276377
0.276228
0.276079
0.27593
0.275781
0.275632
0.275484
0.275335
0.275186
0.275037
0.274889
0.27474
0.274592
0.274443
0.274294
0.274146
0.273998
0.273849
0.273701
0.273552
0.273404
0.273256
0.273108
0.27296
0.272812
0.272663
0.272515
0.272367
0.272219
0.272072
0.271924
0.271776
0.271628
0.27148
0.271333
0.271185
0.271037
0.27089
0.270742
0.270595
0.270447
0.2703
0.270152
0.270005
0.269858
0.26971
0.269563
0.269416
0.269269
0.269122
0.268974
0.268827
0.26868
0.268534
0.268387
0.26824
0.268093
0.267946
0.267799
0.267653
0.267506
0.267359
0.267213
0.267066
0.26692
0.266773
0.266627
0.26648
0.266334
0.266188
0.266041
0.265895
0.265749
0.265603
0.265457
0.265311
0.265165
0.265019
0.264873
0.264727
0.264581
0.264435
0.264289
0.264144
0.263998
0.263852
0.263707
0.263561
0.263416
0.26327
0.263125
0.262979
0.262834
0.262689
0.262543
0.262398
0.262253
0.262108
0.261963
0.261818
0.261673
0.261528
0.261383
0.261238
0.261093
0.260948
0.260803
0.260658
0.260514
0.260369
0.260224
0.26008
0.259935
0.259791
0.259646
0.259502
0.259358
0.259213
0.259069
0.258925
0.258781
0.258636
0.258492
0.258348
0.258204
0.25806
0.257916
0.257772
0.257628
0.257485
0.257341
0.257197
0.257053
0.25691
0.256766
0.256623
0.256479
0.256336
0.256192
0.256049
0.255905
0.255762
0.255619
0.255476
0.255332
0.255189
0.255046
0.254903
0.25476
0.254617
0.254474
0.254331
0.254188
0.254046
0.253903
0.25376
0.253617
0.253475
0.253332
0.25319
0.253047
0.252905
0.252762
0.25262
0.252477
0.252335
0.252193
0.252051
0.251909
0.251766
0.251624
0.251482
0.25134
0.251198
0.251056
0.250915
0.250773
0.250631
0.250489
0.250348
0.250206
0.250064
0.249923
0.249781
0.24964
0.249498
0.249357
0.249216
0.249074
0.248933
0.248792
0.248651
0.248509
0.248368
0.248227
0.248086
0.247945
0.247804
0.247664
0.247523
0.247382
0.247241
0.2471
0.24696
0.246819
0.246679
0.246538
0.246398
0.246257
0.246117
0.245976
0.245836
0.245696
0.245556
0.245415
0.245275
0.245135
0.244995
0.244855
0.244715
0.244575
0.244435
0.244296
0.244156
0.244016
0.243876
0.243737
0.243597
0.243458
0.243318
0.243179
0.243039
0.2429
0.24276
0.242621
0.242482
0.242343
0.242204
0.242064
0.241925
0.241786
0.241647
0.241508
0.241369
0.241231
0.241092
0.240953
0.240814
0.240676
0.240537
0.240398
0.24026
0.240121
0.239983
0.239844
0.239706
0.239568
0.23943
0.239291
0.239153
0.239015
0.238877
0.238739
0.238601
0.238463
0.238325
0.238187
0.238049
0.237911
0.237774
0.237636
0.237498
0.237361
0.237223
0.237086
0.236948
0.236811
0.236673
0.236536
0.236399
0.236261
0.236124
0.235987
0.23585
0.235713
0.235576
0.235439
0.235302
0.235165
0.235028
0.234891
0.234755
0.234618
0.234481
0.234345
0.234208
0.234072
0.233935
0.233799
0.233662
0.233526
0.23339
0.233253
0.233117
0.232981
0.232845
0.232709
0.232573
0.232437
0.232301
0.232165
0.232029
0.231893
0.231758
0.231622
0.231486
0.231351
0.231215
0.23108
0.230944
0.230809
0.230673
0.230538
0.230403
0.230267
0.230132
0.229997
0.229862
0.229727
0.229592
0.229457
0.229322
0.229187
0.229052
0.228917
0.228783
0.228648
0.228513
0.228379
0.228244
0.228109
0.227975
0.227841
0.227706
0.227572
0.227438
0.227303
0.227169
0.227035
0.226901
0.226767
0.226633
0.226499
0.226365
0.226231
0.226097
0.225963
0.22583
0.225696
0.225562
0.225429
0.225295
0.225162
0.225028
0.224895
0.224761
0.224628
0.224495
0.224362
0.224228
0.224095
0.223962
0.223829
0.223696
0.223563
0.22343
0.223297
0.223165
0.223032
0.222899
0.222766
0.222634
0.222501
0.222369
0.222236
0.222104
0.221971
0.221839
0.221707
0.221575
0.221442
0.22131
0.221178
0.221046
0.220914
0.220782
0.22065
0.220518
0.220386
0.220255
0.220123
0.219991
0.219859
0.219728
0.219596
0.219465
0.219333
0.219202
0.219071
0.218939
0.218808
0.218677
0.218546
0.218414
0.218283
0.218152
0.218021
0.21789
0.21776
0.217629
0.217498
0.217367
0.217236
0.217106
0.216975
0.216845
0.216714
0.216584
0.216453
0.216323
0.216193
0.216062
0.215932
0.215802
0.215672
0.215542
0.215412
0.215282
0.215152
0.215022
0.214892
0.214762
0.214632
0.214503
0.214373
0.214243
0.214114
0.213984
0.213855
0.213725
0.213596
0.213467
0.213337
0.213208
0.213079
0.21295
0.212821
0.212692
0.212563
0.212434
0.212305
0.212176
0.212047
0.211918
0.21179
0.211661
0.211532
0.211404
0.211275
0.211147
0.211018
0.21089
0.210762
0.210633
0.210505
0.210377
0.210249
0.210121
0.209993
0.209865
0.209737
0.209609
0.209481
0.209353
0.209225
0.209098
0.20897
0.208842
0.208715
0.208587
0.20846
0.208332
0.208205
0.208078
0.20795
0.207823
0.207696
0.207569
0.207442
0.207315
0.207188
0.207061
0.206934
0.206807
0.20668
0.206554
0.206427
0.2063
0.206174
0.206047
0.205921
0.205794
0.205668
0.205541
0.205415
0.205289
0.205163
0.205036
0.20491
0.204784
0.204658
0.204532
0.204406
0.20428
0.204154
0.204029
0.203903
0.203777
0.203652
0.203526
0.203401
0.203275
0.20315
0.203024
0.202899
0.202774
0.202648
0.202523
0.202398
0.202273
0.202148
0.202023
0.201898
0.201773
0.201648
0.201523
0.201398
0.201274
0.201149
0.201024
0.2009
0.200775
0.200651
0.200526
0.200402
0.200278
0.200153
0.200029
0.199905
0.199781
0.199657
0.199533
0.199409
0.199285
0.199161
0.199037
0.198913
0.19879
0.198666
0.198542
0.198419
0.198295
0.198172
0.198048
0.197925
0.197801
0.197678
0.197555
0.197432
0.197308
0.197185
0.197062
0.196939
0.196816
0.196693
0.196571
0.196448
0.196325
0.196202
0.19608
0.195957
0.195834
0.195712
0.195589
0.195467
0.195345
0.195222
0.1951
0.194978
0.194856
0.194733
0.194611
0.194489
0.194367
0.194245
0.194124
0.194002
0.19388
0.193758
0.193637
0.193515
0.193393
0.193272
0.19315
0.193029
0.192907
0.192786
0.192665
0.192544
0.192422
0.192301
0.19218
0.192059
0.191938
0.191817
0.191696
0.191575
0.191455
0.191334
0.191213
0.191092
0.190972
0.190851
0.190731
0.19061
0.19049
0.19037
0.190249
0.190129
0.190009
0.189889
0.189769
0.189648
0.189528
0.189408
0.189289
0.189169
0.189049
0.188929
0.188809
0.18869
0.18857
0.188451
0.188331
0.188212
0.188092
0.187973
0.187853
0.187734
0.187615
0.187496
0.187377
0.187258
0.187139
0.18702
0.186901
0.186782
0.186663
0.186544
0.186425
0.186307
0.186188
0.18607
0.185951
0.185833
0.185714
0.185596
0.185477
0.185359
0.185241
0.185123
0.185005
0.184887
0.184769
0.184651
0.184533
0.184415
0.184297
0.184179
0.184061
0.183944
0.183826
0.183709
0.183591
0.183473
0.183356
0.183239
0.183121
0.183004
0.182887
0.18277
0.182652
0.182535
0.182418
0.182301
0.182184
0.182068
0.181951
0.181834
0.181717
0.181601
0.181484
0.181367
0.181251
0.181134
0.181018
0.180901
0.180785
0.180669
0.180553
0.180436
0.18032
0.180204
0.180088
0.179972
0.179856
0.17974
0.179624
0.179509
0.179393
0.179277
0.179162
0.179046
0.17893
0.178815
0.1787
0.178584
0.178469
0.178353
0.178238
0.178123
0.178008
0.177893
0.177778
0.177663
0.177548
0.177433
0.177318
0.177203
0.177089
0.176974
0.176859
0.176745
0.17663
0.176516
0.176401
0.176287
0.176172
0.176058
0.175944
0.17583
0.175716
0.175601
0.175487
0.175373
0.17526
0.175146
0.175032
0.174918
0.174804
0.174691
0.174577
0.174463
0.17435
0.174236
0.174123
0.174009
0.173896
0.173783
0.17367
0.173556
0.173443
0.17333
0.173217
0.173104
0.172991
0.172878
0.172765
0.172653
0.17254
0.172427
0.172315
0.172202
0.17209
0.171977
0.171865
0.171752
0.17164
0.171528
0.171415
0.171303
0.171191
0.171079
0.170967
0.170855
0.170743
0.170631
0.170519
0.170407
0.170296
0.170184
0.170072
0.169961
0.169849
0.169738
0.169626
0.169515
0.169404
0.169292
0.169181
0.16907
0.168959
0.168848
0.168737
0.168626
0.168515
0.168404
0.168293
0.168182
0.168072
0.167961
0.16785
0.16774
0.167629
0.167519
0.167408
0.167298
0.167188
0.167077
0.166967
0.166857
0.166747
0.166637
0.166527
0.166417
0.166307
0.166197
0.166087
0.165977
0.165867
0.165758
0.165648
0.165539
0.165429
0.16532
0.16521
0.165101
0.164991
0.164882
0.164773
0.164664
0.164555
0.164446
0.164337
0.164228
0.164119
0.16401
0.163901
0.163792
0.163684
0.163575
0.163466
0.163358
0.163249
0.163141
0.163032
0.162924
0.162816
0.162707
0.162599
0.162491
0.162383
0.162275
0.162167
0.162059
0.161951
0.161843
0.161735
0.161627
0.16152
0.161412
0.161304
0.161197
0.161089
0.160982
0.160874
0.160767
0.16066
0.160553
0.160445
0.160338
0.160231
0.160124
0.160017
0.15991
0.159803
0.159696
0.159589
0.159483
0.159376
0.159269
0.159163
0.159056
0.15895
0.158843
0.158737
0.15863
0.158524
0.158418
0.158312
0.158205
0.158099
0.157993
0.157887
0.157781
0.157675
0.15757
0.157464
0.157358
0.157252
0.157147
0.157041
0.156936
0.15683
0.156725
0.156619
0.156514
0.156409
0.156303
0.156198
0.156093
0.155988
0.155883
0.155778
0.155673
0.155568
0.155463
0.155358
0.155254
0.155149
0.155044
0.15494
0.154835
0.154731
0.154626
0.154522
0.154417
0.154313
0.154209
0.154105
0.154001
0.153896
0.153792
0.153688
0.153584
0.153481
0.153377
0.153273
0.153169
0.153066
0.152962
0.152858
0.152755
0.152651
0.152548
0.152444
0.152341
0.152238
0.152135
0.152031
0.151928
0.151825
0.151722
0.151619
0.151516
0.151413
0.15131
0.151208
0.151105
0.151002
0.1509
0.150797
0.150694
0.150592
0.15049
0.150387
0.150285
0.150183
0.15008
0.149978
0.149876
0.149774
0.149672
0.14957
0.149468
0.149366
0.149264
0.149162
0.149061
0.148959
0.148857
0.148756
0.148654
0.148553
0.148451
0.14835
0.148249
0.148147
0.148046
0.147945
0.147844
0.147743
0.147642
0.147541
0.14744
0.147339
0.147238
0.147137
0.147037
0.146936
0.146835
0.146735
0.146634
0.146534
0.146433
0.146333
0.146233
0.146132
0.146032
0.145932
0.145832
0.145732
0.145632
0.145532
0.145432
0.145332
0.145232
0.145132
0.145032
0.144933
0.144833
0.144734
0.144634
0.144535
0.144435
0.144336
0.144236
0.144137
0.144038
0.143939
0.14384
0.143741
0.143642
0.143543
0.143444
0.143345
0.143246
0.143147
0.143048
0.14295
0.142851
0.142753
0.142654
0.142555
0.142457
0.142359
0.14226
0.142162
0.142064
0.141966
0.141868
0.141769
0.141671
0.141573
0.141476
0.141378
0.14128
0.141182
0.141084
0.140987
0.140889
0.140791
0.140694
0.140596
0.140499
0.140402
0.140304
0.140207
0.14011
0.140013
0.139915
0.139818
0.139721
0.139624
0.139527
0.13943
0.139334
0.139237
0.13914
0.139043
0.138947
0.13885
0.138754
0.138657
0.138561
0.138464
0.138368
0.138272
0.138175
0.138079
0.137983
0.137887
0.137791
0.137695
0.137599
0.137503
0.137407
0.137312
0.137216
0.13712
0.137025
0.136929
0.136833
0.136738
0.136642
0.136547
0.136452
0.136356
0.136261
0.136166
0.136071
0.135976
0.135881
0.135786
0.135691
0.135596
0.135501
0.135406
0.135311
0.135217
0.135122
0.135027
0.134933
0.134838
0.134744
0.13465
0.134555
0.134461
0.134367
0.134272
0.134178
0.134084
0.13399
0.133896
0.133802
0.133708
0.133614
0.133521
0.133427
0.133333
0.133239
0.133146
0.133052
0.132959
0.132865
0.132772
0.132679
0.132585
0.132492
0.132399
0.132306
0.132212
0.132119
0.132026
0.131933
0.13184
0.131748
0.131655
0.131562
0.131469
0.131377
0.131284
0.131191
0.131099
0.131006
0.130914
0.130822
0.130729
0.130637
0.130545
0.130453
0.13036
0.130268
0.130176
0.130084
0.129992
0.1299
0.129809
0.129717
0.129625
0.129533
0.129442
0.12935
0.129259
0.129167
0.129076
0.128984
0.128893
0.128802
0.12871
0.128619
0.128528
0.128437
0.128346
0.128255
0.128164
0.128073
0.127982
0.127891
0.127801
0.12771
0.127619
0.127529
0.127438
0.127348
0.127257
0.127167
0.127076
0.126986
0.126896
0.126805
0.126715
0.126625
0.126535
0.126445
0.126355
0.126265
0.126175
0.126085
0.125996
0.125906
0.125816
0.125727
0.125637
0.125548
0.125458
0.125369
0.125279
0.12519
0.125101
0.125011
0.124922
0.124833
0.124744
0.124655
0.124566
0.124477
0.124388
0.124299
0.12421
0.124122
0.124033
0.123944
0.123856
0.123767
0.123678
0.12359
0.123502
0.123413
0.123325
0.123237
0.123148
0.12306
0.122972
0.122884
0.122796
0.122708
0.12262
0.122532
0.122444
0.122357
0.122269
0.122181
0.122094
0.122006
0.121918
0.121831
0.121743
0.121656
0.121569
0.121481
0.121394
0.121307
0.12122
0.121133
0.121046
0.120959
0.120872
0.120785
0.120698
0.120611
0.120524
0.120437
0.120351
0.120264
0.120178
0.120091
0.120005
0.119918
0.119832
0.119745
0.119659
0.119573
0.119487
0.119401
0.119314
0.119228
0.119142
0.119056
0.118971
0.118885
0.118799
0.118713
0.118627
0.118542
0.118456
0.118371
0.118285
0.1182
0.118114
0.118029
0.117943
0.117858
0.117773
0.117688
0.117603
0.117518
0.117432
0.117347
0.117263
0.117178
0.117093
0.117008
0.116923
0.116839
0.116754
0.116669
0.116585
0.1165
0.116416
0.116331
0.116247
0.116163
0.116078
0.115994
0.11591
0.115826
0.115742
0.115658
0.115574
0.11549
0.115406
0.115322
0.115238
0.115154
0.115071
0.114987
0.114903
0.11482
0.114736
0.114653
0.11457
0.114486
0.114403
0.11432
0.114236
0.114153
0.11407
0.113987
0.113904
0.113821
0.113738
0.113655
0.113572
0.113489
0.113407
0.113324
0.113241
0.113159
0.113076
0.112994
0.112911
0.112829
0.112746
0.112664
0.112582
0.112499
0.112417
0.112335
0.112253
0.112171
0.112089
0.112007
0.111925
0.111843
0.111762
0.11168
0.111598
0.111516
0.111435
0.111353
0.111272
0.11119
0.111109
0.111027
0.110946
0.110865
0.110783
0.110702
0.110621
0.11054
0.110459
0.110378
0.110297
0.110216
0.110135
0.110054
0.109974
0.109893
0.109812
0.109732
0.109651
0.10957
0.10949
0.10941
0.109329
0.109249
0.109168
0.109088
0.109008
0.108928
0.108848
0.108768
0.108688
0.108608
0.108528
0.108448
0.108368
0.108288
0.108208
0.108129
0.108049
0.10797
0.10789
0.10781
0.107731
0.107652
0.107572
0.107493
0.107414
0.107334
0.107255
0.107176
0.107097
0.107018
0.106939
0.10686
0.106781
0.106702
0.106623
0.106545
0.106466
0.106387
0.106309
0.10623
0.106151
0.106073
0.105995
0.105916
0.105838
0.105759
0.105681
0.105603
0.105525
0.105447
0.105369
0.105291
0.105213
0.105135
0.105057
0.104979
0.104901
0.104823
0.104746
0.104668
0.10459
0.104513
0.104435
0.104358
0.104281
0.104203
0.104126
0.104049
0.103971
0.103894
0.103817
0.10374
0.103663
0.103586
0.103509
0.103432
0.103355
0.103278
0.103201
0.103125
0.103048
0.102971
0.102895
0.102818
0.102742
0.102665
0.102589
0.102512
0.102436
0.10236
0.102284
0.102207
0.102131
0.102055
0.101979
0.101903
0.101827
0.101751
0.101675
0.101599
0.101524
0.101448
0.101372
0.101297
0.101221
0.101145
0.10107
0.100995
0.100919
0.100844
0.100768
0.100693
0.100618
0.100543
0.100468
0.100392
0.100317
0.100242
0.100167
0.100093
0.100018
0.0999429
0.0998681
0.0997934
0.0997187
0.099644
0.0995694
0.0994949
0.0994204
0.0993459
0.0992715
0.0991971
0.0991228
0.0990485
0.0989743
0.0989001
0.0988259
0.0987518
0.0986778
0.0986038
0.0985298
0.0984559
0.098382
0.0983082
0.0982344
0.0981606
0.098087
0.0980133
0.0979397
0.0978661
0.0977926
0.0977191
0.0976457
0.0975723
0.097499
0.0974257
0.0973525
0.0972793
0.0972061
0.097133
0.0970599
0.0969869
0.0969139
0.096841
0.0967681
0.0966952
0.0966224
0.0965497
0.096477
0.0964043
0.0963317
0.0962591
0.0961866
0.0961141
0.0960416
0.0959692
0.0958969
0.0958246
0.0957523
0.0956801
0.0956079
0.0955358
0.0954637
0.0953917
0.0953197
0.0952477
0.0951758
0.0951039
0.0950321
0.0949603
0.0948886
0.0948169
0.0947453
0.0946737
0.0946021
0.0945306
0.0944591
0.0943877
0.0943163
0.094245
0.0941737
0.0941025
0.0940312
0.0939601
0.093889
0.0938179
0.0937469
0.0936759
0.093605
0.0935341
0.0934632
0.0933924
0.0933217
0.0932509
0.0931803
0.0931096
0.093039
0.0929685
0.092898
0.0928275
0.0927571
0.0926868
0.0926164
0.0925462
0.0924759
0.0924057
0.0923356
0.0922655
0.0921954
0.0921254
0.0920554
0.0919855
0.0919156
0.0918458
0.091776
0.0917062
0.0916365
0.0915669
0.0914972
0.0914277
0.0913581
0.0912886
0.0912192
0.0911498
0.0910804
0.0910111
0.0909418
0.0908726
0.0908034
0.0907343
0.0906652
0.0905961
0.0905271
0.0904581
0.0903892
0.0903203
0.0902515
0.0901827
0.0901139
0.0900452
0.0899765
0.0899079
0.0898393
0.0897708
0.0897023
0.0896338
0.0895654
0.0894971
0.0894287
0.0893605
0.0892922
0.089224
0.0891559
0.0890878
0.0890197
0.0889517
0.0888837
0.0888158
0.0887479
0.08868
0.0886122
0.0885445
0.0884768
0.0884091
0.0883414
0.0882739
0.0882063
0.0881388
0.0880713
0.0880039
0.0879365
0.0878692
0.0878019
0.0877347
0.0876675
0.0876003
0.0875332
0.0874661
0.0873991
0.0873321
0.0872651
0.0871982
0.0871314
0.0870645
0.0869978
0.086931
0.0868643
0.0867977
0.0867311
0.0866645
0.086598
0.0865315
0.0864651
0.0863987
0.0863323
0.086266
0.0861997
0.0861335
0.0860673
0.0860012
0.0859351
0.085869
0.085803
0.085737
0.0856711
0.0856052
0.0855394
0.0854736
0.0854078
0.0853421
0.0852764
0.0852108
0.0851452
0.0850796
0.0850141
0.0849486
0.0848832
0.0848178
0.0847525
0.0846872
0.0846219
0.0845567
0.0844915
0.0844264
0.0843613
0.0842963
0.0842313
0.0841663
0.0841014
0.0840365
0.0839717
0.0839069
0.0838421
0.0837774
0.0837127
0.0836481
0.0835835
0.083519
0.0834545
0.08339
0.0833256
0.0832612
0.0831969
0.0831326
0.0830683
0.0830041
0.08294
0.0828758
0.0828117
0.0827477
0.0826837
0.0826197
0.0825558
0.0824919
0.0824281
0.0823643
0.0823006
0.0822368
0.0821732
0.0821095
0.0820459
0.0819824
0.0819189
0.0818554
0.081792
0.0817286
0.0816653
0.081602
0.0815387
0.0814755
0.0814123
0.0813492
0.0812861
0.081223
0.08116
0.0810971
0.0810341
0.0809712
0.0809084
0.0808456
0.0807828
0.0807201
0.0806574
0.0805948
0.0805322
0.0804696
0.0804071
0.0803446
0.0802822
0.0802198
0.0801574
0.0800951
0.0800328
0.0799706
0.0799084
0.0798463
0.0797842
0.0797221
0.0796601
0.0795981
0.0795361
0.0794742
0.0794124
0.0793505
0.0792887
0.079227
0.0791653
0.0791036
0.079042
0.0789804
0.0789189
0.0788574
0.0787959
0.0787345
0.0786731
0.0786118
0.0785505
0.0784892
0.078428
0.0783668
0.0783057
0.0782446
0.0781835
0.0781225
0.0780616
0.0780006
0.0779397
0.0778789
0.0778181
0.0777573
0.0776965
0.0776359
0.0775752
0.0775146
0.077454
0.0773935
0.077333
0.0772725
0.0772121
0.0771517
0.0770914
0.0770311
0.0769709
0.0769107
0.0768505
0.0767903
0.0767303
0.0766702
0.0766102
0.0765502
0.0764903
0.0764304
0.0763705
0.0763107
0.0762509
0.0761912
0.0761315
0.0760719
0.0760122
0.0759527
0.0758931
0.0758336
0.0757742
0.0757148
0.0756554
0.0755961
0.0755368
0.0754775
0.0754183
0.0753591
0.0753
0.0752409
0.0751818
0.0751228
0.0750638
0.0750049
0.074946
0.0748871
0.0748283
0.0747695
0.0747107
0.074652
0.0745934
0.0745347
0.0744761
0.0744176
0.0743591
0.0743006
0.0742422
0.0741838
0.0741254
0.0740671
0.0740089
0.0739506
0.0738924
0.0738343
0.0737762
0.0737181
0.07366
0.073602
0.0735441
0.0734861
0.0734283
0.0733704
0.0733126
0.0732548
0.0731971
0.0731394
0.0730818
0.0730242
0.0729666
0.0729091
0.0728516
0.0727941
0.0727367
0.0726793
0.072622
0.0725647
0.0725074
0.0724502
0.072393
0.0723359
0.0722788
0.0722217
0.0721647
0.0721077
0.0720507
0.0719938
0.0719369
0.0718801
0.0718233
0.0717665
0.0717098
0.0716531
0.0715965
0.0715399
0.0714833
0.0714268
0.0713703
0.0713138
0.0712574
0.071201
0.0711447
0.0710884
0.0710321
0.0709759
0.0709197
0.0708636
0.0708075
0.0707514
0.0706954
0.0706394
0.0705834
0.0705275
0.0704716
0.0704158
0.07036
0.0703042
0.0702485
0.0701928
0.0701371
0.0700815
0.0700259
0.0699704
0.0699149
0.0698594
0.069804
0.0697486
0.0696933
0.069638
0.0695827
0.0695275
0.0694723
0.0694171
0.069362
0.0693069
0.0692518
0.0691968
0.0691419
0.0690869
0.069032
0.0689772
0.0689224
0.0688676
0.0688128
0.0687581
0.0687034
0.0686488
0.0685942
0.0685397
0.0684851
0.0684307
0.0683762
0.0683218
0.0682674
0.0682131
0.0681588
0.0681045
0.0680503
0.0679961
0.067942
0.0678879
0.0678338
0.0677798
0.0677258
0.0676718
0.0676179
0.067564
0.0675101
0.0674563
0.0674026
0.0673488
0.0672951
0.0672415
0.0671878
0.0671342
0.0670807
0.0670272
0.0669737
0.0669202
0.0668668
0.0668135
0.0667601
0.0667068
0.0666536
0.0666004
0.0665472
0.066494
0.0664409
0.0663879
0.0663348
0.0662818
0.0662288
0.0661759
0.066123
0.0660702
0.0660174
0.0659646
0.0659118
0.0658591
0.0658065
0.0657538
0.0657012
0.0656487
0.0655961
0.0655437
0.0654912
0.0654388
0.0653864
0.0653341
0.0652818
0.0652295
0.0651773
0.0651251
0.0650729
0.0650208
0.0649687
0.0649166
0.0648646
0.0648126
0.0647607
0.0647088
0.0646569
0.0646051
0.0645533
0.0645015
0.0644498
0.0643981
0.0643465
0.0642948
0.0642433
0.0641917
0.0641402
0.0640887
0.0640373
0.0639859
0.0639345
0.0638832
0.0638319
0.0637806
0.0637294
0.0636782
0.0636271
0.063576
0.0635249
0.0634738
0.0634228
0.0633719
0.0633209
0.06327
0.0632192
0.0631683
0.0631175
0.0630668
0.0630161
0.0629654
0.0629147
0.0628641
0.0628135
0.062763
0.0627125
0.062662
0.0626116
0.0625612
0.0625108
0.0624605
0.0624102
0.0623599
0.0623097
0.0622595
0.0622093
0.0621592
0.0621091
0.0620591
0.0620091
0.0619591
0.0619092
0.0618592
0.0618094
0.0617595
0.0617097
0.06166
0.0616102
0.0615605
0.0615109
0.0614613
0.0614117
0.0613621
0.0613126
0.0612631
0.0612136
0.0611642
0.0611148
0.0610655
0.0610162
0.0609669
0.0609177
0.0608685
0.0608193
0.0607701
0.060721
0.060672
0.0606229
0.0605739
0.060525
0.0604761
0.0604272
0.0603783
0.0603295
0.0602807
0.0602319
0.0601832
0.0601345
0.0600859
0.0600372
0.0599887
0.0599401
0.0598916
0.0598431
0.0597947
0.0597463
0.0596979
0.0596495
0.0596012
0.059553
0.0595047
0.0594565
0.0594084
0.0593602
0.0593121
0.0592641
0.059216
0.059168
0.0591201
0.0590721
0.0590242
0.0589764
0.0589285
0.0588807
0.058833
0.0587853
0.0587376
0.0586899
0.0586423
0.0585947
0.0585471
0.0584996
0.0584521
0.0584047
0.0583573
0.0583099
0.0582625
0.0582152
0.0581679
0.0581207
0.0580735
0.0580263
0.0579791
0.057932
0.0578849
0.0578379
0.0577909
0.0577439
0.0576969
0.05765
0.0576031
0.0575563
0.0575095
0.0574627
0.057416
0.0573693
0.0573226
0.0572759
0.0572293
0.0571827
0.0571362
0.0570897
0.0570432
0.0569968
0.0569504
0.056904
0.0568576
0.0568113
0.056765
0.0567188
0.0566726
0.0566264
0.0565803
0.0565342
0.0564881
0.056442
0.056396
0.0563501
0.0563041
0.0562582
0.0562123
0.0561665
0.0561207
0.0560749
0.0560291
0.0559834
0.0559377
0.0558921
0.0558465
0.0558009
0.0557554
0.0557098
0.0556644
0.0556189
0.0555735
0.0555281
0.0554828
0.0554374
0.0553921
0.0553469
0.0553017
0.0552565
0.0552113
0.0551662
0.0551211
0.0550761
0.055031
0.0549861
0.0549411
0.0548962
0.0548513
0.0548064
0.0547616
0.0547168
0.054672
0.0546273
0.0545826
0.0545379
0.0544933
0.0544487
0.0544041
0.0543596
0.0543151
0.0542706
0.0542262
0.0541818
0.0541374
0.0540931
0.0540487
0.0540045
0.0539602
0.053916
0.0538718
0.0538277
0.0537836
0.0537395
0.0536954
0.0536514
0.0536074
0.0535635
0.0535195
0.0534756
0.0534318
0.0533879
0.0533442
0.0533004
0.0532567
0.053213
0.0531693
0.0531256
0.053082
0.0530385
0.0529949
0.0529514
0.0529079
0.0528645
0.0528211
0.0527777
0.0527343
0.052691
0.0526477
0.0526045
0.0525613
0.0525181
0.0524749
0.0524318
0.0523887
0.0523456
0.0523026
0.0522596
0.0522166
0.0521737
0.0521308
0.0520879
0.052045
0.0520022
0.0519594
0.0519167
0.051874
0.0518313
0.0517886
0.051746
0.0517034
0.0516608
0.0516183
0.0515758
0.0515333
0.0514909
0.0514485
0.0514061
0.0513638
0.0513215
0.0512792
0.0512369
0.0511947
0.0511525
0.0511104
0.0510682
0.0510261
0.0509841
0.050942
0.0509
0.0508581
0.0508161
0.0507742
0.0507323
0.0506905
0.0506487
0.0506069
0.0505651
0.0505234
0.0504817
0.05044
0.0503984
0.0503568
0.0503152
0.0502737
0.0502322
0.0501907
0.0501492
0.0501078
0.0500664
0.0500251
0.0499837
0.0499425
0.0499012
0.04986
0.0498187
0.0497776
0.0497364
0.0496953
0.0496542
0.0496132
0.0495722
0.0495312
0.0494902
0.0494493
0.0494084
0.0493675
0.0493267
0.0492859
0.0492451
0.0492043
0.0491636
0.0491229
0.0490823
0.0490416
0.049001
0.0489605
0.0489199
0.0488794
0.0488389
0.0487985
0.0487581
0.0487177
0.0486773
0.048637
0.0485967
0.0485564
0.0485162
0.048476
0.0484358
0.0483957
0.0483556
