Vec Object: Vec_0x564e6ef080c0_0 1 MPI process
  type: seq
1.
0.999826
0.999653
0.999479
0.999305
0.999132
0.998958
0.998784
0.99861
0.998437
0.998263
0.998089
0.997915
0.997741
0.997567
0.997393
0.997219
0.997045
0.996871
0.996697
0.996523
0.996348
0.996174
0.996
0.995826
0.995651
0.995477
0.995303
0.995128
0.994954
0.99478
0.994605
0.994431
0.994256
0.994082
0.993907
0.993733
0.993558
0.993383
0.993209
0.993034
0.992859
0.992684
0.99251
0.992335
0.99216
0.991985
0.99181
0.991635
0.99146
0.991285
0.99111
0.990935
0.99076
0.990585
0.99041
0.990235
0.99006
0.989884
0.989709
0.989534
0.989359
0.989183
0.989008
0.988833
0.988657
0.988482
0.988306
0.988131
0.987955
0.98778
0.987604
0.987429
0.987253
0.987077
0.986902
0.986726
0.98655
0.986374
0.986199
0.986023
0.985847
0.985671
0.985495
0.985319
0.985143
0.984967
0.984791
0.984615
0.984439
0.984263
0.984087
0.983911
0.983734
0.983558
0.983382
0.983206
0.983029
0.982853
0.982677
0.9825
0.982324
0.982147
0.981971
0.981794
0.981618
0.981441
0.981265
0.981088
0.980911
0.980735
0.980558
0.980381
0.980205
0.980028
0.979851
0.979674
0.979497
0.97932
0.979143
0.978966
0.978789
0.978612
0.978435
0.978258
0.978081
0.977904
0.977727
0.97755
0.977372
0.977195
0.977018
0.976841
0.976663
0.976486
0.976308
0.976131
0.975954
0.975776
0.975599
0.975421
0.975244
0.975066
0.974888
0.974711
0.974533
0.974355
0.974178
0.974
0.973822
0.973644
0.973466
0.973288
0.973111
0.972933
0.972755
0.972577
0.972399
0.972221
0.972042
0.971864
0.971686
0.971508
0.97133
0.971152
0.970973
0.970795
0.970617
0.970438
0.97026
0.970082
0.969903
0.969725
0.969546
0.969368
0.969189
0.969011
0.968832
0.968654
0.968475
0.968296
0.968117
0.967939
0.96776
0.967581
0.967402
0.967224
0.967045
0.966866
0.966687
0.966508
0.966329
0.96615
0.965971
0.965792
0.965613
0.965433
0.965254
0.965075
0.964896
0.964717
0.964537
0.964358
0.964179
0.963999
0.96382
0.96364
0.963461
0.963281
0.963102
0.962922
0.962743
0.962563
0.962384
0.962204
0.962024
0.961845
0.961665
0.961485
0.961305
0.961125
0.960946
0.960766
0.960586
0.960406
0.960226
0.960046
0.959866
0.959686
0.959506
0.959325
0.959145
0.958965
0.958785
0.958605
0.958424
0.958244
0.958064
0.957883
0.957703
0.957523
0.957342
0.957162
0.956981
0.956801
0.95662
0.95644
0.956259
0.956078
0.955898
0.955717
0.955536
0.955355
0.955175
0.954994
0.954813
0.954632
0.954451
0.95427
0.954089
0.953908
0.953727
0.953546
0.953365
0.953184
0.953003
0.952822
0.952641
0.952459
0.952278
0.952097
0.951916
0.951734
0.951553
0.951372
0.95119
0.951009
0.950827
0.950646
0.950464
0.950283
0.950101
0.949919
0.949738
0.949556
0.949374
0.949193
0.949011
0.948829
0.948647
0.948465
0.948283
0.948101
0.94792
0.947738
0.947556
0.947373
0.947191
0.947009
0.946827
0.946645
0.946463
0.946281
0.946098
0.945916
0.945734
0.945552
0.945369
0.945187
0.945004
0.944822
0.944639
0.944457
0.944274
0.944092
0.943909
0.943727
0.943544
0.943361
0.943179
0.942996
0.942813
0.94263
0.942448
0.942265
0.942082
0.941899
0.941716
0.941533
0.94135
0.941167
0.940984
0.940801
0.940618
0.940435
0.940251
0.940068
0.939885
0.939702
0.939519
0.939335
0.939152
0.938968
0.938785
0.938602
0.938418
0.938235
0.938051
0.937868
0.937684
0.9375
0.937317
0.937133
0.936949
0.936766
0.936582
0.936398
0.936214
0.936031
0.935847
0.935663
0.935479
0.935295
0.935111
0.934927
0.934743
0.934559
0.934375
0.934191
0.934006
0.933822
0.933638
0.933454
0.933269
0.933085
0.932901
0.932716
0.932532
0.932348
0.932163
0.931979
0.931794
0.93161
0.931425
0.93124
0.931056
0.930871
0.930686
0.930502
0.930317
0.930132
0.929947
0.929763
0.929578
0.929393
0.929208
0.929023
0.928838
0.928653
0.928468
0.928283
0.928098
0.927913
0.927728
0.927542
0.927357
0.927172
0.926987
0.926801
0.926616
0.926431
0.926245
0.92606
0.925874
0.925689
0.925503
0.925318
0.925132
0.924947
0.924761
0.924575
0.92439
0.924204
0.924018
0.923833
0.923647
0.923461
0.923275
0.923089
0.922903
0.922717
0.922531
0.922345
0.922159
0.921973
0.921787
0.921601
0.921415
0.921229
0.921042
0.920856
0.92067
0.920484
0.920297
0.920111
0.919925
0.919738
0.919552
0.919365
0.919179
0.918992
0.918806
0.918619
0.918432
0.918246
0.918059
0.917872
0.917686
0.917499
0.917312
0.917125
0.916938
0.916752
0.916565
0.916378
0.916191
0.916004
0.915817
0.91563
0.915443
0.915255
0.915068
0.914881
0.914694
0.914507
0.914319
0.914132
0.913945
0.913757
0.91357
0.913383
0.913195
0.913008
0.91282
0.912633
0.912445
0.912258
0.91207
0.911882
0.911695
0.911507
0.911319
0.911131
0.910944
0.910756
0.910568
0.91038
0.910192
0.910004
0.909816
0.909628
0.90944
0.909252
0.909064
0.908876
0.908688
0.9085
0.908311
0.908123
0.907935
0.907747
0.907558
0.90737
0.907182
0.906993
0.906805
0.906616
0.906428
0.906239
0.906051
0.905862
0.905673
0.905485
0.905296
0.905107
0.904919
0.90473
0.904541
0.904352
0.904164
0.903975
0.903786
0.903597
0.903408
0.903219
0.90303
0.902841
0.902652
0.902463
0.902273
0.902084
0.901895
0.901706
0.901517
0.901327
0.901138
0.900949
0.900759
0.90057
0.90038
0.900191
0.900001
0.899812
0.899622
0.899433
0.899243
0.899054
0.898864
0.898674
0.898484
0.898295
0.898105
0.897915
0.897725
0.897535
0.897345
0.897156
0.896966
0.896776
0.896586
0.896396
0.896205
0.896015
0.895825
0.895635
0.895445
0.895255
0.895064
0.894874
0.894684
0.894493
0.894303
0.894113
0.893922
0.893732
0.893541
0.893351
0.89316
0.89297
0.892779
0.892588
0.892398
0.892207
0.892016
0.891826
0.891635
0.891444
0.891253
0.891062
0.890871
0.89068
0.890489
0.890298
0.890107
0.889916
0.889725
0.889534
0.889343
0.889152
0.888961
0.88877
0.888578
0.888387
0.888196
0.888004
0.887813
0.887622
0.88743
0.887239
0.887047
0.886856
0.886664
0.886473
0.886281
0.886089
0.885898
0.885706
0.885514
0.885323
0.885131
0.884939
0.884747
0.884555
0.884363
0.884172
0.88398
0.883788
0.883596
0.883404
0.883211
0.883019
0.882827
0.882635
0.882443
0.882251
0.882058
0.881866
0.881674
0.881482
0.881289
0.881097
0.880904
0.880712
0.880519
0.880327
0.880134
0.879942
0.879749
0.879557
0.879364
0.879171
0.878979
0.878786
0.878593
0.8784
0.878208
0.878015
0.877822
0.877629
0.877436
0.877243
0.87705
0.876857
0.876664
0.876471
0.876278
0.876085
0.875891
0.875698
0.875505
0.875312
0.875118
0.874925
0.874732
0.874538
0.874345
0.874152
0.873958
0.873765
0.873571
0.873377
0.873184
0.87299
0.872797
0.872603
0.872409
0.872216
0.872022
0.871828
0.871634
0.87144
0.871247
0.871053
0.870859
0.870665
0.870471
0.870277
0.870083
0.869889
0.869695
0.8695
0.869306
0.869112
0.868918
0.868724
0.868529
0.868335
0.868141
0.867946
0.867752
0.867557
0.867363
0.867169
0.866974
0.86678
0.866585
0.86639
0.866196
0.866001
0.865806
0.865612
0.865417
0.865222
0.865027
0.864833
0.864638
0.864443
0.864248
0.864053
0.863858
0.863663
0.863468
0.863273
0.863078
0.862883
0.862688
0.862492
0.862297
0.862102
0.861907
0.861711
0.861516
0.861321
0.861125
0.86093
0.860735
0.860539
0.860344
0.860148
0.859953
0.859757
0.859561
0.859366
0.85917
0.858974
0.858779
0.858583
0.858387
0.858191
0.857996
0.8578
0.857604
0.857408
0.857212
0.857016
0.85682
0.856624
0.856428
0.856232
0.856036
0.85584
0.855643
0.855447
0.855251
0.855055
0.854858
0.854662
0.854466
0.854269
0.854073
0.853876
0.85368
0.853484
0.853287
0.85309
0.852894
0.852697
0.852501
0.852304
0.852107
0.851911
0.851714
0.851517
0.85132
0.851123
0.850927
0.85073
0.850533
0.850336
0.850139
0.849942
0.849745
0.849548
0.849351
0.849153
0.848956
0.848759
0.848562
0.848365
0.848167
0.84797
0.847773
0.847576
0.847378
0.847181
0.846983
0.846786
0.846588
0.846391
0.846193
0.845996
0.845798
0.8456
0.845403
0.845205
0.845007
0.84481
0.844612
0.844414
0.844216
0.844018
0.843821
0.843623
0.843425
0.843227
0.843029
0.842831
0.842633
0.842435
0.842236
0.842038
0.84184
0.841642
0.841444
0.841245
0.841047
0.840849
0.84065
0.840452
0.840254
0.840055
0.839857
0.839658
0.83946
0.839261
0.839063
0.838864
0.838666
0.838467
0.838268
0.83807
0.837871
0.837672
0.837473
0.837274
0.837076
0.836877
0.836678
0.836479
0.83628
0.836081
0.835882
0.835683
0.835484
0.835285
0.835086
0.834886
0.834687
0.834488
0.834289
0.83409
0.83389
0.833691
0.833492
0.833292
0.833093
0.832893
0.832694
0.832494
0.832295
0.832095
0.831896
0.831696
0.831497
0.831297
0.831097
0.830897
0.830698
0.830498
0.830298
0.830098
0.829898
0.829699
0.829499
0.829299
0.829099
0.828899
0.828699
0.828499
0.828299
0.828099
0.827898
0.827698
0.827498
0.827298
0.827098
0.826897
0.826697
0.826497
0.826296
0.826096
0.825896
0.825695
0.825495
0.825294
0.825094
0.824893
0.824693
0.824492
0.824291
0.824091
0.82389
0.823689
0.823489
0.823288
0.823087
0.822886
0.822685
0.822484
0.822284
0.822083
0.821882
0.821681
0.82148
0.821279
0.821078
0.820876
0.820675
0.820474
0.820273
0.820072
0.819871
0.819669
0.819468
0.819267
0.819065
0.818864
0.818663
0.818461
0.81826
0.818058
0.817857
0.817655
0.817454
0.817252
0.81705
0.816849
0.816647
0.816445
0.816244
0.816042
0.81584
0.815638
0.815436
0.815235
0.815033
0.814831
0.814629
0.814427
0.814225
0.814023
0.813821
0.813619
0.813417
0.813214
0.813012
0.81281
0.812608
0.812406
0.812203
0.812001
0.811799
0.811596
0.811394
0.811192
0.810989
0.810787
0.810584
0.810382
0.810179
0.809977
0.809774
0.809571
0.809369
0.809166
0.808963
0.808761
0.808558
0.808355
0.808152
0.807949
0.807747
0.807544
0.807341
0.807138
0.806935
0.806732
0.806529
0.806326
0.806123
0.80592
0.805716
0.805513
0.80531
0.805107
0.804904
0.8047
0.804497
0.804294
0.80409
0.803887
0.803684
0.80348
0.803277
0.803073
0.80287
0.802666
0.802463
0.802259
0.802056
0.801852
0.801648
0.801445
0.801241
0.801037
0.800833
0.80063
0.800426
0.800222
0.800018
0.799814
0.79961
0.799406
0.799202
0.798998
0.798794
0.79859
0.798386
0.798182
0.797978
0.797774
0.797569
0.797365
0.797161
0.796957
0.796752
0.796548
0.796344
0.796139
0.795935
0.795731
0.795526
0.795322
0.795117
0.794913
0.794708
0.794503
0.794299
0.794094
0.793889
0.793685
0.79348
0.793275
0.793071
0.792866
0.792661
0.792456
0.792251
0.792046
0.791841
0.791636
0.791431
0.791226
0.791021
0.790816
0.790611
0.790406
0.790201
0.789996
0.789791
0.789586
0.78938
0.789175
0.78897
0.788764
0.788559
0.788354
0.788148
0.787943
0.787737
0.787532
0.787327
0.787121
0.786915
0.78671
0.786504
0.786299
0.786093
0.785887
0.785682
0.785476
0.78527
0.785064
0.784859
0.784653
0.784447
0.784241
0.784035
0.783829
0.783623
0.783417
0.783211
0.783005
0.782799
0.782593
0.782387
0.782181
0.781975
0.781769
0.781562
0.781356
0.78115
0.780944
0.780737
0.780531
0.780325
0.780118
0.779912
0.779705
0.779499
0.779292
0.779086
0.778879
0.778673
0.778466
0.77826
0.778053
0.777846
0.77764
0.777433
0.777226
0.777019
0.776813
0.776606
0.776399
0.776192
0.775985
0.775778
0.775571
0.775364
0.775157
0.77495
0.774743
0.774536
0.774329
0.774122
0.773915
0.773708
0.773501
0.773294
0.773086
0.772879
0.772672
0.772464
0.772257
0.77205
0.771842
0.771635
0.771428
0.77122
0.771013
0.770805
0.770598
0.77039
0.770182
0.769975
0.769767
0.76956
0.769352
0.769144
0.768936
0.768729
0.768521
0.768313
0.768105
0.767897
0.76769
0.767482
0.767274
0.767066
0.766858
0.76665
0.766442
0.766234
0.766026
0.765818
0.76561
0.765401
0.765193
0.764985
0.764777
0.764569
0.76436
0.764152
0.763944
0.763735
0.763527
0.763319
0.76311
0.762902
0.762693
0.762485
0.762276
0.762068
0.761859
0.761651
0.761442
0.761234
0.761025
0.760816
0.760608
0.760399
0.76019
0.759981
0.759773
0.759564
0.759355
0.759146
0.758937
0.758728
0.758519
0.75831
0.758101
0.757892
0.757683
0.757474
0.757265
0.757056
0.756847
0.756638
0.756429
0.75622
0.75601
0.755801
0.755592
0.755383
0.755173
0.754964
0.754755
0.754545
0.754336
0.754126
0.753917
0.753708
0.753498
0.753289
0.753079
0.752869
0.75266
0.75245
0.752241
0.752031
0.751821
0.751612
0.751402
0.751192
0.750982
0.750773
0.750563
0.750353
0.750143
0.749933
0.749723
0.749513
0.749303
0.749093
0.748883
0.748673
0.748463
0.748253
0.748043
0.747833
0.747623
0.747413
0.747203
0.746992
0.746782
0.746572
0.746362
0.746151
0.745941
0.745731
0.74552
0.74531
0.7451
0.744889
0.744679
0.744468
0.744258
0.744047
0.743837
0.743626
0.743416
0.743205
0.742994
0.742784
0.742573
0.742362
0.742152
0.741941
0.74173
0.741519
0.741309
0.741098
0.740887
0.740676
0.740465
0.740254
0.740043
0.739832
0.739621
0.73941
0.739199
0.738988
0.738777
0.738566
0.738355
0.738144
0.737933
0.737721
0.73751
0.737299
0.737088
0.736877
0.736665
0.736454
0.736243
0.736031
0.73582
0.735608
0.735397
0.735186
0.734974
0.734763
0.734551
0.73434
0.734128
0.733916
0.733705
0.733493
0.733282
0.73307
0.732858
0.732647
0.732435
0.732223
0.732011
0.7318
0.731588
0.731376
0.731164
0.730952
0.73074
0.730528
0.730317
0.730105
0.729893
0.729681
0.729469
0.729257
0.729044
0.728832
0.72862
0.728408
0.728196
0.727984
0.727772
0.727559
0.727347
0.727135
0.726923
0.72671
0.726498
0.726286
0.726073
0.725861
0.725649
0.725436
0.725224
0.725011
0.724799
0.724586
0.724374
0.724161
0.723949
0.723736
0.723524
0.723311
0.723098
0.722886
0.722673
0.72246
0.722248
0.722035
0.721822
0.721609
0.721396
0.721184
0.720971
0.720758
0.720545
0.720332
0.720119
0.719906
0.719693
0.71948
0.719267
0.719054
0.718841
0.718628
0.718415
0.718202
0.717989
0.717776
0.717563
0.717349
0.717136
0.716923
0.71671
0.716496
0.716283
0.71607
0.715857
0.715643
0.71543
0.715216
0.715003
0.71479
0.714576
0.714363
0.714149
0.713936
0.713722
0.713509
0.713295
0.713082
0.712868
0.712654
0.712441
0.712227
0.712013
0.7118
0.711586
0.711372
0.711158
0.710945
0.710731
0.710517
0.710303
0.710089
0.709876
0.709662
0.709448
0.709234
0.70902
0.708806
0.708592
0.708378
0.708164
0.70795
0.707736
0.707522
0.707308
0.707094
0.706879
0.706665
0.706451
0.706237
0.706023
0.705809
0.705594
0.70538
0.705166
0.704951
0.704737
0.704523
0.704308
0.704094
0.70388
0.703665
0.703451
0.703236
0.703022
0.702807
0.702593
0.702378
0.702164
0.701949
0.701735
0.70152
0.701306
0.701091
0.700876
0.700662
0.700447
0.700232
0.700018
0.699803
0.699588
0.699373
0.699158
0.698944
0.698729
0.698514
0.698299
0.698084
0.697869
0.697654
0.69744
0.697225
0.69701
0.696795
0.69658
0.696365
0.69615
0.695935
0.695719
0.695504
0.695289
0.695074
0.694859
0.694644
0.694429
0.694213
0.693998
0.693783
0.693568
0.693353
0.693137
0.692922
0.692707
0.692491
0.692276
0.692061
0.691845
0.69163
0.691414
0.691199
0.690984
0.690768
0.690553
0.690337
0.690122
0.689906
0.68969
0.689475
0.689259
0.689044
0.688828
0.688612
0.688397
0.688181
0.687965
0.68775
0.687534
0.687318
0.687103
0.686887
0.686671
0.686455
0.686239
0.686024
0.685808
0.685592
0.685376
0.68516
0.684944
0.684728
0.684512
0.684296
0.68408
0.683864
0.683648
0.683432
0.683216
0.683
0.682784
0.682568
0.682352
0.682136
0.68192
0.681704
0.681487
0.681271
0.681055
0.680839
0.680623
0.680406
0.68019
0.679974
0.679758
0.679541
0.679325
0.679109
0.678892
0.678676
0.678459
0.678243
0.678027
0.67781
0.677594
0.677377
0.677161
0.676944
0.676728
0.676511
0.676295
0.676078
0.675862
0.675645
0.675428
0.675212
0.674995
0.674779
0.674562
0.674345
0.674129
0.673912
0.673695
0.673478
0.673262
0.673045
0.672828
0.672611
0.672395
0.672178
0.671961
0.671744
0.671527
0.67131
0.671093
0.670877
0.67066
0.670443
0.670226
0.670009
0.669792
0.669575
0.669358
0.669141
0.668924
0.668707
0.66849
0.668273
0.668055
0.667838
0.667621
0.667404
0.667187
0.66697
0.666753
0.666535
0.666318
0.666101
0.665884
0.665667
0.665449
0.665232
0.665015
0.664797
0.66458
0.664363
0.664145
0.663928
0.663711
0.663493
0.663276
0.663059
0.662841
0.662624
0.662406
0.662189
0.661971
0.661754
0.661536
0.661319
0.661101
0.660884
0.660666
0.660449
0.660231
0.660014
0.659796
0.659578
0.659361
0.659143
0.658925
0.658708
0.65849
0.658272
0.658055
0.657837
0.657619
0.657402
0.657184
0.656966
0.656748
0.65653
0.656313
0.656095
0.655877
0.655659
0.655441
0.655223
0.655006
0.654788
0.65457
0.654352
0.654134
0.653916
0.653698
0.65348
0.653262
0.653044
0.652826
0.652608
0.65239
0.652172
0.651954
0.651736
0.651518
0.6513
0.651082
0.650864
0.650646
0.650427
0.650209
0.649991
0.649773
0.649555
0.649337
0.649118
0.6489
0.648682
0.648464
0.648246
0.648027
0.647809
0.647591
0.647372
0.647154
0.646936
0.646718
0.646499
0.646281
0.646063
0.645844
0.645626
0.645407
0.645189
0.644971
0.644752
0.644534
0.644315
0.644097
0.643878
0.64366
0.643441
0.643223
0.643004
0.642786
0.642567
0.642349
0.64213
0.641912
0.641693
0.641475
0.641256
0.641037
0.640819
0.6406
0.640382
0.640163
0.639944
0.639726
0.639507
0.639288
0.63907
0.638851
0.638632
0.638414
0.638195
0.637976
0.637757
0.637539
0.63732
0.637101
0.636882
0.636664
0.636445
0.636226
0.636007
0.635788
0.635569
0.635351
0.635132
0.634913
0.634694
0.634475
0.634256
0.634037
0.633818
0.633599
0.633381
0.633162
0.632943
0.632724
0.632505
0.632286
0.632067
0.631848
0.631629
0.63141
0.631191
0.630972
0.630753
0.630534
0.630315
0.630095
0.629876
0.629657
0.629438
0.629219
0.629
0.628781
0.628562
0.628343
0.628124
0.627904
0.627685
0.627466
0.627247
0.627028
0.626809
0.626589
0.62637
0.626151
0.625932
0.625712
0.625493
0.625274
0.625055
0.624835
0.624616
0.624397
0.624178
0.623958
0.623739
0.62352
0.6233
0.623081
0.622862
0.622642
0.622423
0.622204
0.621984
0.621765
0.621546
0.621326
0.621107
0.620888
0.620668
0.620449
0.620229
0.62001
0.61979
0.619571
0.619352
0.619132
0.618913
0.618693
0.618474
0.618254
0.618035
0.617815
0.617596
0.617376
0.617157
0.616937
0.616718
0.616498
0.616279
0.616059
0.61584
0.61562
0.6154
0.615181
0.614961
0.614742
0.614522
0.614303
0.614083
0.613863
0.613644
0.613424
0.613205
0.612985
0.612765
0.612546
0.612326
0.612106
0.611887
0.611667
0.611447
0.611228
0.611008
0.610788
0.610569
0.610349
0.610129
0.60991
0.60969
0.60947
0.60925
0.609031
0.608811
0.608591
0.608371
0.608152
0.607932
0.607712
0.607492
0.607273
0.607053
0.606833
0.606613
0.606394
0.606174
0.605954
0.605734
0.605514
0.605295
0.605075
0.604855
0.604635
0.604415
0.604195
0.603976
0.603756
0.603536
0.603316
0.603096
0.602876
0.602656
0.602437
0.602217
0.601997
0.601777
0.601557
0.601337
0.601117
0.600897
0.600678
0.600458
0.600238
0.600018
0.599798
0.599578
0.599358
0.599138
0.598918
0.598698
0.598478
0.598258
0.598038
0.597819
0.597599
0.597379
0.597159
0.596939
0.596719
0.596499
0.596279
0.596059
0.595839
0.595619
0.595399
0.595179
0.594959
0.594739
0.594519
0.594299
0.594079
0.593859
0.593639
0.593419
0.593199
0.592979
0.592759
0.592539
0.592319
0.592099
0.591879
0.591659
0.591439
0.591219
0.590999
0.590779
0.590559
0.590339
0.590119
0.589899
0.589679
0.589458
0.589238
0.589018
0.588798
0.588578
0.588358
0.588138
0.587918
0.587698
0.587478
0.587258
0.587038
0.586818
0.586598
0.586378
0.586158
0.585938
0.585717
0.585497
0.585277
0.585057
0.584837
0.584617
0.584397
0.584177
0.583957
0.583737
0.583517
0.583297
0.583077
0.582856
0.582636
0.582416
0.582196
0.581976
0.581756
0.581536
0.581316
0.581096
0.580876
0.580656
0.580435
0.580215
0.579995
0.579775
0.579555
0.579335
0.579115
0.578895
0.578675
0.578455
0.578235
0.578014
0.577794
0.577574
0.577354
0.577134
0.576914
0.576694
0.576474
0.576254
0.576034
0.575814
0.575593
0.575373
0.575153
0.574933
0.574713
0.574493
0.574273
0.574053
0.573833
0.573613
0.573393
0.573172
0.572952
0.572732
0.572512
0.572292
0.572072
0.571852
0.571632
0.571412
0.571192
0.570972
0.570752
0.570532
0.570312
0.570091
0.569871
0.569651
0.569431
0.569211
0.568991
0.568771
0.568551
0.568331
0.568111
0.567891
0.567671
0.567451
0.567231
0.567011
0.566791
0.566571
0.566351
0.566131
0.565911
0.565691
0.565471
0.565251
0.56503
0.56481
0.56459
0.56437
0.56415
0.56393
0.56371
0.56349
0.56327
0.56305
0.56283
0.56261
0.56239
0.56217
0.561951
0.561731
0.561511
0.561291
0.561071
0.560851
0.560631
0.560411
0.560191
0.559971
0.559751
0.559531
0.559311
0.559091
0.558871
0.558651
0.558431
0.558211
0.557991
0.557772
0.557552
0.557332
0.557112
0.556892
0.556672
0.556452
0.556232
0.556012
0.555792
0.555573
0.555353
0.555133
0.554913
0.554693
0.554473
0.554253
0.554034
0.553814
0.553594
0.553374
0.553154
0.552934
0.552715
0.552495
0.552275
0.552055
0.551835
0.551616
0.551396
0.551176
0.550956
0.550736
0.550517
0.550297
0.550077
0.549857
0.549638
0.549418
0.549198
0.548978
0.548759
0.548539
0.548319
0.5481
0.54788
0.54766
0.54744
0.547221
0.547001
0.546781
0.546562
0.546342
0.546122
0.545903
0.545683
0.545463
0.545244
0.545024
0.544805
0.544585
0.544365
0.544146
0.543926
0.543707
0.543487
0.543267
0.543048
0.542828
0.542609
0.542389
0.54217
0.54195
0.541731
0.541511
0.541292
0.541072
0.540853
0.540633
0.540414
0.540194
0.539975
0.539755
0.539536
0.539316
0.539097
0.538877
0.538658
0.538438
0.538219
0.538
0.53778
0.537561
0.537341
0.537122
0.536903
0.536683
0.536464
0.536245
0.536025
0.535806
0.535587
0.535367
0.535148
0.534929
0.534709
0.53449
0.534271
0.534052
0.533832
0.533613
0.533394
0.533175
0.532955
0.532736
0.532517
0.532298
0.532079
0.531859
0.53164
0.531421
0.531202
0.530983
0.530764
0.530545
0.530325
0.530106
0.529887
0.529668
0.529449
0.52923
0.529011
0.528792
0.528573
0.528354
0.528135
0.527916
0.527697
0.527478
0.527259
0.52704
0.526821
0.526602
0.526383
0.526164
0.525945
0.525726
0.525507
0.525288
0.525069
0.524851
0.524632
0.524413
0.524194
0.523975
0.523756
0.523537
0.523319
0.5231
0.522881
0.522662
0.522444
0.522225
0.522006
0.521787
0.521569
0.52135
0.521131
0.520913
0.520694
0.520475
0.520257
0.520038
0.519819
0.519601
0.519382
0.519163
0.518945
0.518726
0.518508
0.518289
0.518071
0.517852
0.517634
0.517415
0.517196
0.516978
0.51676
0.516541
0.516323
0.516104
0.515886
0.515667
0.515449
0.515231
0.515012
0.514794
0.514575
0.514357
0.514139
0.51392
0.513702
0.513484
0.513266
0.513047
0.512829
0.512611
0.512393
0.512174
0.511956
0.511738
0.51152
0.511302
0.511083
0.510865
0.510647
0.510429
0.510211
0.509993
0.509775
0.509557
0.509339
0.509121
0.508903
0.508685
0.508467
0.508249
0.508031
0.507813
0.507595
0.507377
0.507159
0.506941
0.506723
0.506505
0.506287
0.50607
0.505852
0.505634
0.505416
0.505198
0.50498
0.504763
0.504545
0.504327
0.50411
0.503892
0.503674
0.503456
0.503239
0.503021
0.502804
0.502586
0.502368
0.502151
0.501933
0.501716
0.501498
0.50128
0.501063
0.500845
0.500628
0.50041
0.500193
0.499976
0.499758
0.499541
0.499323
0.499106
0.498889
0.498671
0.498454
0.498237
0.498019
0.497802
0.497585
0.497367
0.49715
0.496933
0.496716
0.496499
0.496281
0.496064
0.495847
0.49563
0.495413
0.495196
0.494979
0.494762
0.494545
0.494328
0.494111
0.493894
0.493677
0.49346
0.493243
0.493026
0.492809
0.492592
0.492375
0.492158
0.491941
0.491724
0.491508
0.491291
0.491074
0.490857
0.490641
0.490424
0.490207
0.48999
0.489774
0.489557
0.48934
0.489124
0.488907
0.488691
0.488474
0.488257
0.488041
0.487824
0.487608
0.487391
0.487175
0.486958
0.486742
0.486526
0.486309
0.486093
0.485876
0.48566
0.485444
0.485227
0.485011
0.484795
0.484579
0.484362
0.484146
0.48393
0.483714
0.483498
0.483281
0.483065
0.482849
0.482633
0.482417
0.482201
0.481985
0.481769
0.481553
0.481337
0.481121
0.480905
0.480689
0.480473
0.480257
0.480042
0.479826
0.47961
0.479394
0.479178
0.478963
0.478747
0.478531
0.478315
0.4781
0.477884
0.477668
0.477453
0.477237
0.477022
0.476806
0.47659
0.476375
0.476159
0.475944
0.475728
0.475513
0.475298
0.475082
0.474867
0.474651
0.474436
0.474221
0.474005
0.47379
0.473575
0.47336
0.473144
0.472929
0.472714
0.472499
0.472284
0.472069
0.471854
0.471639
0.471423
0.471208
0.470993
0.470778
0.470563
0.470349
0.470134
0.469919
0.469704
0.469489
0.469274
0.469059
0.468844
0.46863
0.468415
0.4682
0.467985
0.467771
0.467556
0.467341
0.467127
0.466912
0.466698
0.466483
0.466269
0.466054
0.46584
0.465625
0.465411
0.465196
0.464982
0.464767
0.464553
0.464339
0.464124
0.46391
0.463696
0.463482
0.463267
0.463053
0.462839
0.462625
0.462411
0.462197
0.461983
0.461769
0.461554
0.46134
0.461126
0.460913
0.460699
0.460485
0.460271
0.460057
0.459843
0.459629
0.459415
0.459202
0.458988
0.458774
0.45856
0.458347
0.458133
0.457919
0.457706
0.457492
0.457279
0.457065
0.456852
0.456638
0.456425
0.456211
0.455998
0.455784
0.455571
0.455358
0.455144
0.454931
0.454718
0.454505
0.454291
0.454078
0.453865
0.453652
0.453439
0.453226
0.453012
0.452799
0.452586
0.452373
0.45216
0.451947
0.451735
0.451522
0.451309
0.451096
0.450883
0.45067
0.450458
0.450245
0.450032
0.449819
0.449607
0.449394
0.449181
0.448969
0.448756
0.448544
0.448331
0.448119
0.447906
0.447694
0.447481
0.447269
0.447057
0.446844
0.446632
0.44642
0.446208
0.445995
0.445783
0.445571
0.445359
0.445147
0.444935
0.444723
0.44451
0.444298
0.444086
0.443875
0.443663
0.443451
0.443239
0.443027
0.442815
0.442603
0.442392
0.44218
0.441968
0.441756
0.441545
0.441333
0.441122
0.44091
0.440698
0.440487
0.440275
0.440064
0.439852
0.439641
0.43943
0.439218
0.439007
0.438796
0.438584
0.438373
0.438162
0.437951
0.43774
0.437528
0.437317
0.437106
0.436895
0.436684
0.436473
0.436262
0.436051
0.43584
0.43563
0.435419
0.435208
0.434997
0.434786
0.434576
0.434365
0.434154
0.433944
0.433733
0.433522
0.433312
0.433101
0.432891
0.43268
0.43247
0.43226
0.432049
0.431839
0.431628
0.431418
0.431208
0.430998
0.430787
0.430577
0.430367
0.430157
0.429947
0.429737
0.429527
0.429317
0.429107
0.428897
0.428687
0.428477
0.428267
0.428058
0.427848
0.427638
0.427428
0.427219
0.427009
0.426799
0.42659
0.42638
0.426171
0.425961
0.425752
0.425542
0.425333
0.425123
0.424914
0.424705
0.424495
0.424286
0.424077
0.423868
0.423659
0.423449
0.42324
0.423031
0.422822
0.422613
0.422404
0.422195
0.421986
0.421778
0.421569
0.42136
0.421151
0.420942
0.420734
0.420525
0.420316
0.420108
0.419899
0.41969
0.419482
0.419273
0.419065
0.418856
0.418648
0.41844
0.418231
0.418023
0.417815
0.417607
0.417398
0.41719
0.416982
0.416774
0.416566
0.416358
0.41615
0.415942
0.415734
0.415526
0.415318
0.41511
0.414902
0.414695
0.414487
0.414279
0.414071
0.413864
0.413656
0.413449
0.413241
0.413034
0.412826
0.412619
0.412411
0.412204
0.411997
0.411789
0.411582
0.411375
0.411167
0.41096
0.410753
0.410546
0.410339
0.410132
0.409925
0.409718
0.409511
0.409304
0.409097
0.40889
0.408684
0.408477
0.40827
0.408063
0.407857
0.40765
0.407444
0.407237
0.40703
0.406824
0.406618
0.406411
0.406205
0.405998
0.405792
0.405586
0.40538
0.405173
0.404967
0.404761
0.404555
0.404349
0.404143
0.403937
0.403731
0.403525
0.403319
0.403113
0.402907
0.402702
0.402496
0.40229
0.402084
0.401879
0.401673
0.401468
0.401262
0.401057
0.400851
0.400646
0.40044
0.400235
0.40003
0.399824
0.399619
0.399414
0.399209
0.399004
0.398799
0.398594
0.398389
0.398184
0.397979
0.397774
0.397569
0.397364
0.397159
0.396954
0.39675
0.396545
0.39634
0.396136
0.395931
0.395727
0.395522
0.395318
0.395113
0.394909
0.394704
0.3945
0.394296
0.394092
0.393887
0.393683
0.393479
0.393275
0.393071
0.392867
0.392663
0.392459
0.392255
0.392051
0.391847
0.391644
0.39144
0.391236
0.391033
0.390829
0.390625
0.390422
0.390218
0.390015
0.389811
0.389608
0.389405
0.389201
0.388998
0.388795
0.388591
0.388388
0.388185
0.387982
0.387779
0.387576
0.387373
0.38717
0.386967
0.386764
0.386561
0.386359
0.386156
0.385953
0.385751
0.385548
0.385345
0.385143
0.38494
0.384738
0.384535
0.384333
0.384131
0.383928
0.383726
0.383524
0.383322
0.38312
0.382917
0.382715
0.382513
0.382311
0.382109
0.381907
0.381706
0.381504
0.381302
0.3811
0.380899
0.380697
0.380495
0.380294
0.380092
0.379891
0.379689
0.379488
0.379286
0.379085
0.378884
0.378682
0.378481
0.37828
0.378079
0.377878
0.377677
0.377476
0.377275
0.377074
0.376873
0.376672
0.376471
0.37627
0.37607
0.375869
0.375668
0.375468
0.375267
0.375067
0.374866
0.374666
0.374465
0.374265
0.374065
0.373864
0.373664
0.373464
0.373264
0.373064
0.372864
0.372664
0.372464
0.372264
0.372064
0.371864
0.371664
0.371465
0.371265
0.371065
0.370865
0.370666
0.370466
0.370267
0.370067
0.369868
0.369669
0.369469
0.36927
0.369071
0.368871
0.368672
0.368473
0.368274
0.368075
0.367876
0.367677
0.367478
0.367279
0.36708
0.366882
0.366683
0.366484
0.366286
0.366087
0.365888
0.36569
0.365491
0.365293
0.365095
0.364896
0.364698
0.3645
0.364302
0.364103
0.363905
0.363707
0.363509
0.363311
0.363113
0.362915
0.362717
0.36252
0.362322
0.362124
0.361926
0.361729
0.361531
0.361334
0.361136
0.360939
0.360741
0.360544
0.360347
0.360149
0.359952
0.359755
0.359558
0.359361
0.359163
0.358966
0.35877
0.358573
0.358376
0.358179
0.357982
0.357785
0.357589
0.357392
0.357195
0.356999
0.356802
0.356606
0.356409
0.356213
0.356017
0.35582
0.355624
0.355428
0.355232
0.355036
0.35484
0.354644
0.354448
0.354252
0.354056
0.35386
0.353664
0.353468
0.353273
0.353077
0.352881
0.352686
0.35249
0.352295
0.3521
0.351904
0.351709
0.351514
0.351318
0.351123
0.350928
0.350733
0.350538
0.350343
0.350148
0.349953
0.349758
0.349563
0.349369
0.349174
0.348979
0.348785
0.34859
0.348395
0.348201
0.348006
0.347812
0.347618
0.347423
0.347229
0.347035
0.346841
0.346647
0.346453
0.346259
0.346065
0.345871
0.345677
0.345483
0.345289
0.345096
0.344902
0.344708
0.344515
0.344321
0.344128
0.343934
0.343741
0.343547
0.343354
0.343161
0.342968
0.342775
0.342581
0.342388
0.342195
0.342002
0.34181
0.341617
0.341424
0.341231
0.341038
0.340846
0.340653
0.340461
0.340268
0.340076
0.339883
0.339691
0.339498
0.339306
0.339114
0.338922
0.33873
0.338537
0.338345
0.338153
0.337962
0.33777
0.337578
0.337386
0.337194
0.337003
0.336811
0.336619
0.336428
0.336236
0.336045
0.335853
0.335662
0.335471
0.33528
0.335088
0.334897
0.334706
0.334515
0.334324
0.334133
0.333942
0.333751
0.333561
0.33337
0.333179
0.332989
0.332798
0.332607
0.332417
0.332226
0.332036
0.331846
0.331655
0.331465
0.331275
0.331085
0.330895
0.330705
0.330515
0.330325
0.330135
0.329945
0.329755
0.329566
0.329376
0.329186
0.328997
0.328807
0.328618
0.328428
0.328239
0.328049
0.32786
0.327671
0.327482
0.327293
0.327104
0.326915
0.326726
0.326537
0.326348
0.326159
0.32597
0.325781
0.325593
0.325404
0.325216
0.325027
0.324839
0.32465
0.324462
0.324274
0.324085
0.323897
0.323709
0.323521
0.323333
0.323145
0.322957
0.322769
0.322581
0.322393
0.322206
0.322018
0.32183
0.321643
0.321455
0.321268
0.32108
0.320893
0.320706
0.320518
0.320331
0.320144
0.319957
0.31977
0.319583
0.319396
0.319209
0.319022
0.318835
0.318649
0.318462
0.318275
0.318089
0.317902
0.317716
0.317529
0.317343
0.317157
0.31697
0.316784
0.316598
0.316412
0.316226
0.31604
0.315854
0.315668
0.315482
0.315297
0.315111
0.314925
0.314739
0.314554
0.314368
0.314183
0.313998
0.313812
0.313627
0.313442
0.313256
0.313071
0.312886
0.312701
0.312516
0.312331
0.312146
0.311962
0.311777
0.311592
0.311408
0.311223
0.311038
0.310854
0.310669
0.310485
0.310301
0.310116
0.309932
0.309748
0.309564
0.30938
0.309196
0.309012
0.308828
0.308644
0.30846
0.308277
0.308093
0.307909
0.307726
0.307542
0.307359
0.307176
0.306992
0.306809
0.306626
0.306443
0.306259
0.306076
0.305893
0.30571
0.305527
0.305345
0.305162
0.304979
0.304796
0.304614
0.304431
0.304249
0.304066
0.303884
0.303701
0.303519
0.303337
0.303155
0.302973
0.302791
0.302609
0.302427
0.302245
0.302063
0.301881
0.301699
0.301518
0.301336
0.301154
0.300973
0.300791
0.30061
0.300429
0.300247
0.300066
0.299885
0.299704
0.299523
0.299342
0.299161
0.29898
0.298799
0.298618
0.298438
0.298257
0.298076
0.297896
0.297715
0.297535
0.297354
0.297174
0.296994
0.296814
0.296633
0.296453
0.296273
0.296093
0.295913
0.295734
0.295554
0.295374
0.295194
0.295015
0.294835
0.294655
0.294476
0.294297
0.294117
0.293938
0.293759
0.293579
0.2934
0.293221
0.293042
0.292863
0.292684
0.292505
0.292327
0.292148
0.291969
0.291791
0.291612
0.291434
0.291255
0.291077
0.290898
0.29072
0.290542
0.290364
0.290186
0.290008
0.28983
0.289652
0.289474
0.289296
0.289118
0.288941
0.288763
0.288585
0.288408
0.28823
0.288053
0.287876
0.287698
0.287521
0.287344
0.287167
0.28699
0.286813
0.286636
0.286459
0.286282
0.286105
0.285929
0.285752
0.285575
0.285399
0.285222
0.285046
0.28487
0.284693
0.284517
0.284341
0.284165
0.283989
0.283813
0.283637
0.283461
0.283285
0.283109
0.282934
0.282758
0.282582
0.282407
0.282231
0.282056
0.281881
0.281705
0.28153
0.281355
0.28118
0.281005
0.28083
0.280655
0.28048
0.280305
0.28013
0.279956
0.279781
0.279606
0.279432
0.279257
0.279083
0.278909
0.278734
0.27856
0.278386
0.278212
0.278038
0.277864
0.27769
0.277516
0.277342
0.277169
0.276995
0.276821
0.276648
0.276474
0.276301
0.276127
0.275954
0.275781
0.275608
0.275434
0.275261
0.275088
0.274915
0.274742
0.27457
0.274397
0.274224
0.274051
0.273879
0.273706
0.273534
0.273361
0.273189
0.273017
0.272844
0.272672
0.2725
0.272328
0.272156
0.271984
0.271812
0.27164
0.271469
0.271297
0.271125
0.270954
0.270782
0.270611
0.270439
0.270268
0.270097
0.269926
0.269754
0.269583
0.269412
0.269241
0.26907
0.2689
0.268729
0.268558
0.268387
0.268217
0.268046
0.267876
0.267705
0.267535
0.267365
0.267195
0.267024
0.266854
0.266684
0.266514
0.266344
0.266174
0.266005
0.265835
0.265665
0.265496
0.265326
0.265157
0.264987
0.264818
0.264648
0.264479
0.26431
0.264141
0.263972
0.263803
0.263634
0.263465
0.263296
0.263127
0.262959
0.26279
0.262622
0.262453
0.262285
0.262116
0.261948
0.26178
0.261611
0.261443
0.261275
0.261107
0.260939
0.260771
0.260604
0.260436
0.260268
0.260101
0.259933
0.259765
0.259598
0.259431
0.259263
0.259096
0.258929
0.258762
0.258595
0.258428
0.258261
0.258094
0.257927
0.25776
0.257593
0.257427
0.25726
0.257094
0.256927
0.256761
0.256595
0.256428
0.256262
0.256096
0.25593
0.255764
0.255598
0.255432
0.255266
0.255101
0.254935
0.254769
0.254604
0.254438
0.254273
0.254107
0.253942
0.253777
0.253612
0.253446
0.253281
0.253116
0.252951
0.252787
0.252622
0.252457
0.252292
0.252128
0.251963
0.251799
0.251634
0.25147
0.251306
0.251141
0.250977
0.250813
0.250649
0.250485
0.250321
0.250157
0.249993
0.24983
0.249666
0.249502
0.249339
0.249175
0.249012
0.248849
0.248685
0.248522
0.248359
0.248196
0.248033
0.24787
0.247707
0.247544
0.247381
0.247219
0.247056
0.246893
0.246731
0.246568
0.246406
0.246244
0.246081
0.245919
0.245757
0.245595
0.245433
0.245271
0.245109
0.244947
0.244786
0.244624
0.244462
0.244301
0.244139
0.243978
0.243816
0.243655
0.243494
0.243333
0.243172
0.243011
0.24285
0.242689
0.242528
0.242367
0.242206
0.242046
0.241885
0.241725
0.241564
0.241404
0.241243
0.241083
0.240923
0.240763
0.240603
0.240443
0.240283
0.240123
0.239963
0.239803
0.239644
0.239484
0.239324
0.239165
0.239006
0.238846
0.238687
0.238528
0.238368
0.238209
0.23805
0.237891
0.237732
0.237574
0.237415
0.237256
0.237097
0.236939
0.23678
0.236622
0.236464
0.236305
0.236147
0.235989
0.235831
0.235673
0.235515
0.235357
0.235199
0.235041
0.234883
0.234726
0.234568
0.23441
0.234253
0.234096
0.233938
0.233781
0.233624
0.233467
0.23331
0.233153
0.232996
0.232839
0.232682
0.232525
0.232368
0.232212
0.232055
0.231899
0.231742
0.231586
0.23143
0.231273
0.231117
0.230961
0.230805
0.230649
0.230493
0.230337
0.230182
0.230026
0.22987
0.229715
0.229559
0.229404
0.229248
0.229093
0.228938
0.228783
0.228628
0.228473
0.228318
0.228163
0.228008
0.227853
0.227698
0.227544
0.227389
0.227235
0.22708
0.226926
0.226771
0.226617
0.226463
0.226309
0.226155
0.226001
0.225847
0.225693
0.225539
0.225385
0.225232
0.225078
0.224925
0.224771
0.224618
0.224465
0.224311
0.224158
0.224005
0.223852
0.223699
0.223546
0.223393
0.22324
0.223088
0.222935
0.222782
0.22263
0.222477
0.222325
0.222173
0.22202
0.221868
0.221716
0.221564
0.221412
0.22126
0.221108
0.220956
0.220805
0.220653
0.220501
0.22035
0.220198
0.220047
0.219896
0.219744
0.219593
0.219442
0.219291
0.21914
0.218989
0.218838
0.218687
0.218537
0.218386
0.218235
0.218085
0.217934
0.217784
0.217634
0.217483
0.217333
0.217183
0.217033
0.216883
0.216733
0.216583
0.216433
0.216284
0.216134
0.215984
0.215835
0.215685
0.215536
0.215387
0.215237
0.215088
0.214939
0.21479
0.214641
0.214492
0.214343
0.214194
0.214046
0.213897
0.213748
0.2136
0.213451
0.213303
0.213155
0.213006
0.212858
0.21271
0.212562
0.212414
0.212266
0.212118
0.21197
0.211823
0.211675
0.211527
0.21138
0.211232
0.211085
0.210938
0.210791
0.210643
0.210496
0.210349
0.210202
0.210055
0.209908
0.209762
0.209615
0.209468
0.209322
0.209175
0.209029
0.208882
0.208736
0.20859
0.208444
0.208298
0.208152
0.208006
0.20786
0.207714
0.207568
0.207422
0.207277
0.207131
0.206986
0.20684
0.206695
0.20655
0.206404
0.206259
0.206114
0.205969
0.205824
0.205679
0.205534
0.20539
0.205245
0.2051
0.204956
0.204811
0.204667
0.204523
0.204378
0.204234
0.20409
0.203946
0.203802
0.203658
0.203514
0.20337
0.203226
0.203083
0.202939
0.202796
0.202652
0.202509
0.202365
0.202222
0.202079
0.201936
0.201793
0.20165
0.201507
0.201364
0.201221
0.201078
0.200936
0.200793
0.200651
0.200508
0.200366
0.200223
0.200081
0.199939
0.199797
0.199655
0.199513
0.199371
0.199229
0.199087
0.198946
0.198804
0.198662
0.198521
0.198379
0.198238
0.198097
0.197956
0.197814
0.197673
0.197532
0.197391
0.19725
0.19711
0.196969
0.196828
0.196687
0.196547
0.196406
0.196266
0.196126
0.195985
0.195845
0.195705
0.195565
0.195425
0.195285
0.195145
0.195005
0.194866
0.194726
0.194586
0.194447
0.194307
0.194168
0.194029
0.193889
0.19375
0.193611
0.193472
0.193333
0.193194
0.193055
0.192916
0.192778
0.192639
0.1925
0.192362
0.192223
0.192085
0.191947
0.191808
0.19167
0.191532
0.191394
0.191256
0.191118
0.19098
0.190843
0.190705
0.190567
0.19043
0.190292
0.190155
0.190018
0.18988
0.189743
0.189606
0.189469
0.189332
0.189195
0.189058
0.188921
0.188784
0.188648
0.188511
0.188375
0.188238
0.188102
0.187965
0.187829
0.187693
0.187557
0.187421
0.187285
0.187149
0.187013
0.186877
0.186741
0.186606
0.18647
0.186335
0.186199
0.186064
0.185928
0.185793
0.185658
0.185523
0.185388
0.185253
0.185118
0.184983
0.184848
0.184714
0.184579
0.184444
0.18431
0.184176
0.184041
0.183907
0.183773
0.183639
0.183504
0.18337
0.183236
0.183103
0.182969
0.182835
0.182701
0.182568
0.182434
0.182301
0.182167
0.182034
0.181901
0.181768
0.181634
0.181501
0.181368
0.181235
0.181103
0.18097
0.180837
0.180704
0.180572
0.180439
0.180307
0.180174
0.180042
0.17991
0.179778
0.179646
0.179514
0.179382
0.17925
0.179118
0.178986
0.178854
0.178723
0.178591
0.17846
0.178328
0.178197
0.178066
0.177934
0.177803
0.177672
0.177541
0.17741
0.177279
0.177148
0.177018
0.176887
0.176756
0.176626
0.176495
0.176365
0.176235
0.176104
0.175974
0.175844
0.175714
0.175584
0.175454
0.175324
0.175194
0.175065
0.174935
0.174805
0.174676
0.174547
0.174417
0.174288
0.174159
0.174029
0.1739
0.173771
0.173642
0.173513
0.173385
0.173256
0.173127
0.172998
0.17287
0.172741
0.172613
0.172485
0.172356
0.172228
0.1721
0.171972
0.171844
0.171716
0.171588
0.17146
0.171332
0.171205
0.171077
0.17095
0.170822
0.170695
0.170567
0.17044
0.170313
0.170186
0.170059
0.169932
0.169805
0.169678
0.169551
0.169424
0.169298
0.169171
0.169045
0.168918
0.168792
0.168665
0.168539
0.168413
0.168287
0.168161
0.168035
0.167909
0.167783
0.167657
0.167532
0.167406
0.16728
0.167155
0.167029
0.166904
0.166779
0.166654
0.166528
0.166403
0.166278
0.166153
0.166028
0.165904
0.165779
0.165654
0.16553
0.165405
0.16528
0.165156
0.165032
0.164907
0.164783
0.164659
0.164535
0.164411
0.164287
0.164163
0.164039
0.163916
0.163792
0.163668
0.163545
0.163421
0.163298
0.163175
0.163051
0.162928
0.162805
0.162682
0.162559
0.162436
0.162313
0.16219
0.162068
0.161945
0.161822
0.1617
0.161577
0.161455
0.161333
0.161211
0.161088
0.160966
0.160844
0.160722
0.1606
0.160478
0.160357
0.160235
0.160113
0.159992
0.15987
0.159749
0.159627
0.159506
0.159385
0.159264
0.159143
0.159022
0.158901
0.15878
0.158659
0.158538
0.158418
0.158297
0.158176
0.158056
0.157935
0.157815
0.157695
0.157575
0.157454
0.157334
0.157214
0.157094
0.156974
0.156855
0.156735
0.156615
0.156496
0.156376
0.156257
0.156137
0.156018
0.155899
0.155779
0.15566
0.155541
0.155422
0.155303
0.155184
0.155066
0.154947
0.154828
0.15471
0.154591
0.154473
0.154354
0.154236
0.154118
0.153999
0.153881
0.153763
0.153645
0.153527
0.153409
0.153292
0.153174
0.153056
0.152939
0.152821
0.152704
0.152586
0.152469
0.152352
0.152234
0.152117
0.152
0.151883
0.151766
0.151649
0.151533
0.151416
0.151299
0.151183
0.151066
0.15095
0.150833
0.150717
0.150601
0.150485
0.150368
0.150252
0.150136
0.150021
0.149905
0.149789
0.149673
0.149558
0.149442
0.149326
0.149211
0.149096
0.14898
0.148865
0.14875
0.148635
0.14852
0.148405
0.14829
0.148175
0.14806
0.147945
0.147831
0.147716
0.147602
0.147487
0.147373
0.147259
0.147144
0.14703
0.146916
0.146802
0.146688
0.146574
0.14646
0.146346
0.146233
0.146119
0.146006
0.145892
0.145779
0.145665
0.145552
0.145439
0.145325
0.145212
0.145099
0.144986
0.144873
0.144761
0.144648
0.144535
0.144422
0.14431
0.144197
0.144085
0.143972
0.14386
0.143748
0.143636
0.143524
0.143412
0.1433
0.143188
0.143076
0.142964
0.142852
0.142741
0.142629
0.142517
0.142406
0.142295
0.142183
0.142072
0.141961
0.14185
0.141739
0.141628
0.141517
0.141406
0.141295
0.141184
0.141074
0.140963
0.140853
0.140742
0.140632
0.140521
0.140411
0.140301
0.140191
0.140081
0.139971
0.139861
0.139751
0.139641
0.139531
0.139422
0.139312
0.139203
0.139093
0.138984
0.138874
0.138765
0.138656
0.138547
0.138438
0.138329
0.13822
0.138111
0.138002
0.137893
0.137785
0.137676
0.137567
0.137459
0.13735
0.137242
0.137134
0.137026
0.136917
0.136809
0.136701
0.136593
0.136485
0.136378
0.13627
0.136162
0.136055
0.135947
0.135839
0.135732
0.135625
0.135517
0.13541
0.135303
0.135196
0.135089
0.134982
0.134875
0.134768
0.134661
0.134554
0.134448
0.134341
0.134235
0.134128
0.134022
0.133916
0.133809
0.133703
0.133597
0.133491
0.133385
0.133279
0.133173
0.133067
0.132961
0.132856
0.13275
0.132645
0.132539
0.132434
0.132328
0.132223
0.132118
0.132013
0.131908
0.131803
0.131698
0.131593
0.131488
0.131383
0.131278
0.131174
0.131069
0.130965
0.13086
0.130756
0.130652
0.130547
0.130443
0.130339
0.130235
0.130131
0.130027
0.129923
0.129819
0.129716
0.129612
0.129508
0.129405
0.129301
0.129198
0.129095
0.128991
0.128888
0.128785
0.128682
0.128579
0.128476
0.128373
0.12827
0.128167
0.128065
0.127962
0.127859
0.127757
0.127655
0.127552
0.12745
0.127348
0.127245
0.127143
0.127041
0.126939
0.126837
0.126735
0.126634
0.126532
0.12643
0.126329
0.126227
0.126126
0.126024
0.125923
0.125821
0.12572
0.125619
0.125518
0.125417
0.125316
0.125215
0.125114
0.125013
0.124913
0.124812
0.124711
0.124611
0.124511
0.12441
0.12431
0.12421
0.124109
0.124009
0.123909
0.123809
0.123709
0.123609
0.123509
0.12341
0.12331
0.12321
0.123111
0.123011
0.122912
0.122812
0.122713
0.122614
0.122515
0.122416
0.122316
0.122217
0.122119
0.12202
0.121921
0.121822
0.121723
0.121625
0.121526
0.121428
0.121329
0.121231
0.121133
0.121034
0.120936
0.120838
0.12074
0.120642
0.120544
0.120446
0.120349
0.120251
0.120153
0.120056
0.119958
0.11986
0.119763
0.119666
0.119568
0.119471
0.119374
0.119277
0.11918
0.119083
0.118986
0.118889
0.118792
0.118696
0.118599
0.118502
0.118406
0.118309
0.118213
0.118117
0.11802
0.117924
0.117828
0.117732
0.117636
0.11754
0.117444
0.117348
0.117252
0.117156
0.117061
0.116965
0.11687
0.116774
0.116679
0.116583
0.116488
0.116393
0.116298
0.116203
0.116108
0.116013
0.115918
0.115823
0.115728
0.115633
0.115539
0.115444
0.115349
0.115255
0.115161
0.115066
0.114972
0.114878
0.114783
0.114689
0.114595
0.114501
0.114407
0.114313
0.11422
0.114126
0.114032
0.113939
0.113845
0.113752
0.113658
0.113565
0.113471
0.113378
0.113285
0.113192
0.113099
0.113006
0.112913
0.11282
0.112727
0.112634
0.112542
0.112449
0.112357
0.112264
0.112172
0.112079
0.111987
0.111895
0.111802
0.11171
0.111618
0.111526
0.111434
0.111342
0.111251
0.111159
0.111067
0.110975
0.110884
0.110792
0.110701
0.110609
0.110518
0.110427
0.110336
0.110244
0.110153
0.110062
0.109971
0.10988
0.109789
0.109699
0.109608
0.109517
0.109427
0.109336
0.109246
0.109155
0.109065
0.108974
0.108884
0.108794
0.108704
0.108614
0.108524
0.108434
0.108344
0.108254
0.108164
0.108075
0.107985
0.107895
0.107806
0.107716
0.107627
0.107538
0.107448
0.107359
0.10727
0.107181
0.107092
0.107003
0.106914
0.106825
0.106736
0.106648
0.106559
0.10647
0.106382
0.106293
0.106205
0.106116
0.106028
0.10594
0.105852
0.105763
0.105675
0.105587
0.105499
0.105411
0.105324
0.105236
0.105148
0.10506
0.104973
0.104885
0.104798
0.10471
0.104623
0.104536
0.104448
0.104361
0.104274
0.104187
0.1041
0.104013
0.103926
0.103839
0.103753
0.103666
0.103579
0.103493
0.103406
0.10332
0.103233
0.103147
0.103061
0.102974
0.102888
0.102802
0.102716
0.10263
0.102544
0.102458
0.102372
0.102287
0.102201
0.102115
0.10203
0.101944
0.101859
0.101773
0.101688
0.101603
0.101517
0.101432
0.101347
0.101262
0.101177
0.101092
0.101007
0.100922
0.100838
0.100753
0.100668
0.100584
0.100499
0.100415
0.10033
0.100246
0.100162
0.100077
0.0999932
0.0999091
0.099825
0.099741
0.0996571
0.0995732
0.0994894
0.0994056
0.0993219
0.0992382
0.0991546
0.0990711
0.0989876
0.0989042
0.0988208
0.0987375
0.0986543
0.0985711
0.098488
0.0984049
0.0983219
0.0982389
0.098156
0.0980732
0.0979904
0.0979077
0.097825
0.0977424
0.0976599
0.0975774
0.0974949
0.0974125
0.0973302
0.097248
0.0971658
0.0970836
0.0970015
0.0969195
0.0968375
0.0967556
0.0966737
0.0965919
0.0965102
0.0964285
0.0963469
0.0962653
0.0961838
0.0961023
0.0960209
0.0959396
0.0958583
0.095777
0.0956959
0.0956148
0.0955337
0.0954527
0.0953718
0.0952909
0.09521
0.0951293
0.0950486
0.0949679
0.0948873
0.0948067
0.0947263
0.0946458
0.0945655
0.0944851
0.0944049
0.0943247
0.0942445
0.0941644
0.0940844
0.0940044
0.0939245
0.0938447
0.0937648
0.0936851
0.0936054
0.0935258
0.0934462
0.0933667
0.0932872
0.0932078
0.0931284
0.0930491
0.0929699
0.0928907
0.0928116
0.0927325
0.0926535
0.0925745
0.0924956
0.0924168
0.092338
0.0922593
0.0921806
0.092102
0.0920234
0.0919449
0.0918664
0.091788
0.0917097
0.0916314
0.0915532
0.091475
0.0913969
0.0913188
0.0912408
0.0911629
0.091085
0.0910071
0.0909294
0.0908516
0.090774
0.0906963
0.0906188
0.0905413
0.0904638
0.0903864
0.0903091
0.0902318
0.0901546
0.0900774
0.0900003
0.0899232
0.0898462
0.0897693
0.0896924
0.0896156
0.0895388
0.089462
0.0893854
0.0893088
0.0892322
0.0891557
0.0890792
0.0890028
0.0889265
0.0888502
0.088774
0.0886978
0.0886217
0.0885456
0.0884696
0.0883937
0.0883178
0.0882419
0.0881661
0.0880904
0.0880147
0.0879391
0.0878635
0.087788
0.0877125
0.0876371
0.0875618
0.0874865
0.0874112
0.087336
0.0872609
0.0871858
0.0871108
0.0870358
0.0869609
0.0868861
0.0868113
0.0867365
0.0866618
0.0865872
0.0865126
0.086438
0.0863636
0.0862891
0.0862148
0.0861404
0.0860662
0.085992
0.0859178
0.0858437
0.0857697
0.0856957
0.0856217
0.0855478
0.085474
0.0854002
0.0853265
0.0852529
0.0851792
0.0851057
0.0850322
0.0849587
0.0848853
0.084812
0.0847387
0.0846654
0.0845923
0.0845191
0.084446
0.084373
0.0843001
0.0842271
0.0841543
0.0840815
0.0840087
0.083936
0.0838634
0.0837908
0.0837182
0.0836457
0.0835733
0.0835009
0.0834286
0.0833563
0.0832841
0.0832119
0.0831398
0.0830677
0.0829957
0.0829238
0.0828519
0.08278
0.0827082
0.0826365
0.0825648
0.0824932
0.0824216
0.08235
0.0822786
0.0822071
0.0821358
0.0820644
0.0819932
0.081922
0.0818508
0.0817797
0.0817086
0.0816376
0.0815667
0.0814958
0.0814249
0.0813541
0.0812834
0.0812127
0.0811421
0.0810715
0.0810009
0.0809305
0.08086
0.0807897
0.0807193
0.0806491
0.0805789
0.0805087
0.0804386
0.0803685
0.0802985
0.0802286
0.0801586
0.0800888
0.080019
0.0799492
0.0798796
0.0798099
0.0797403
0.0796708
0.0796013
0.0795319
0.0794625
0.0793931
0.0793239
0.0792546
0.0791854
0.0791163
0.0790472
0.0789782
0.0789093
0.0788403
0.0787715
0.0787027
0.0786339
0.0785652
0.0784965
0.0784279
0.0783593
0.0782908
0.0782224
0.078154
0.0780856
0.0780173
0.0779491
0.0778809
0.0778127
0.0777446
0.0776766
0.0776086
0.0775407
0.0774728
0.0774049
0.0773371
0.0772694
0.0772017
0.0771341
0.0770665
0.076999
0.0769315
0.076864
0.0767967
0.0767293
0.076662
0.0765948
0.0765276
0.0764605
0.0763934
0.0763264
0.0762594
0.0761925
0.0761256
0.0760588
0.075992
0.0759253
0.0758586
0.075792
0.0757255
0.0756589
0.0755925
0.075526
0.0754597
0.0753934
0.0753271
0.0752609
0.0751947
0.0751286
0.0750625
0.0749965
0.0749305
0.0748646
0.0747987
0.0747329
0.0746672
0.0746014
0.0745358
0.0744701
0.0744046
0.0743391
0.0742736
0.0742082
0.0741428
0.0740775
0.0740122
0.073947
0.0738818
0.0738167
0.0737516
0.0736866
0.0736217
0.0735567
0.0734919
0.073427
0.0733623
0.0732975
0.0732329
0.0731682
0.0731037
0.0730391
0.0729747
0.0729102
0.0728459
0.0727815
0.0727173
0.072653
0.0725888
0.0725247
0.0724606
0.0723966
0.0723326
0.0722687
0.0722048
0.072141
0.0720772
0.0720134
0.0719497
0.0718861
0.0718225
0.071759
0.0716955
0.071632
0.0715686
0.0715053
0.071442
0.0713787
0.0713155
0.0712524
0.0711893
0.0711262
0.0710632
0.0710002
0.0709373
0.0708745
0.0708117
0.0707489
0.0706862
0.0706235
0.0705609
0.0704983
0.0704358
0.0703733
0.0703109
0.0702485
0.0701862
0.0701239
0.0700617
0.0699995
0.0699373
0.0698752
0.0698132
0.0697512
0.0696893
0.0696274
0.0695655
0.0695037
0.069442
0.0693802
0.0693186
0.069257
0.0691954
0.0691339
0.0690724
0.069011
0.0689496
0.0688883
0.068827
0.0687658
0.0687046
0.0686435
0.0685824
0.0685214
0.0684604
0.0683994
0.0683385
0.0682777
0.0682169
0.0681561
0.0680954
0.0680348
0.0679741
0.0679136
0.0678531
0.0677926
0.0677322
0.0676718
0.0676115
0.0675512
0.0674909
0.0674307
0.0673706
0.0673105
0.0672505
0.0671905
0.0671305
0.0670706
0.0670107
0.0669509
0.0668911
0.0668314
0.0667718
0.0667121
0.0666525
0.066593
0.0665335
0.0664741
0.0664147
0.0663553
0.066296
0.0662368
0.0661776
0.0661184
0.0660593
0.0660002
0.0659412
0.0658822
0.0658233
0.0657644
0.0657056
0.0656468
0.065588
0.0655293
0.0654707
0.0654121
0.0653535
0.065295
0.0652365
0.0651781
0.0651197
0.0650614
0.0650031
0.0649449
0.0648867
0.0648285
0.0647704
0.0647124
0.0646544
0.0645964
0.0645385
0.0644806
0.0644228
0.064365
0.0643073
0.0642496
0.0641919
0.0641343
0.0640768
0.0640193
0.0639618
0.0639044
0.063847
0.0637897
0.0637324
0.0636752
0.063618
0.0635608
0.0635037
0.0634467
0.0633897
0.0633327
0.0632758
0.0632189
0.0631621
0.0631053
0.0630486
0.0629919
0.0629352
0.0628786
0.0628221
0.0627655
0.0627091
0.0626527
0.0625963
0.0625399
0.0624836
0.0624274
0.0623712
0.062315
0.0622589
0.0622029
0.0621468
0.0620909
0.0620349
0.061979
0.0619232
0.0618674
0.0618116
0.0617559
0.0617003
0.0616446
0.0615891
0.0615335
0.061478
0.0614226
0.0613672
0.0613118
0.0612565
0.0612013
0.061146
0.0610909
0.0610357
0.0609806
0.0609256
0.0608706
0.0608156
0.0607607
0.0607058
0.060651
0.0605962
0.0605415
0.0604868
0.0604321
0.0603775
0.0603229
0.0602684
0.0602139
0.0601595
0.0601051
0.0600508
0.0599965
0.0599422
0.059888
0.0598338
0.0597797
0.0597256
0.0596716
0.0596176
0.0595636
0.0595097
0.0594558
0.059402
0.0593482
0.0592945
0.0592408
0.0591871
0.0591335
0.05908
0.0590264
0.0589729
0.0589195
0.0588661
0.0588128
0.0587595
0.0587062
0.058653
0.0585998
0.0585466
0.0584936
0.0584405
0.0583875
0.0583345
0.0582816
0.0582287
0.0581759
0.0581231
0.0580703
0.0580176
0.057965
0.0579123
0.0578598
0.0578072
0.0577547
0.0577023
0.0576499
0.0575975
0.0575452
0.0574929
0.0574406
0.0573884
0.0573363
0.0572841
0.0572321
0.05718
0.0571281
0.0570761
0.0570242
0.0569723
0.0569205
0.0568687
0.056817
0.0567653
0.0567137
0.056662
0.0566105
0.0565589
0.0565075
0.056456
0.0564046
0.0563533
0.0563019
0.0562507
0.0561994
0.0561482
0.0560971
0.056046
0.0559949
0.0559439
0.0558929
0.0558419
0.055791
0.0557402
0.0556894
0.0556386
0.0555878
0.0555371
0.0554865
0.0554359
0.0553853
0.0553348
0.0552843
0.0552338
0.0551834
0.0551331
0.0550827
0.0550325
0.0549822
0.054932
0.0548818
0.0548317
0.0547817
0.0547316
0.0546816
0.0546317
0.0545817
0.0545319
0.054482
0.0544322
0.0543825
0.0543328
0.0542831
0.0542335
0.0541839
0.0541343
0.0540848
0.0540354
0.0539859
0.0539366
0.0538872
0.0538379
0.0537886
0.0537394
0.0536902
0.0536411
0.053592
0.0535429
0.0534939
0.0534449
0.053396
0.0533471
0.0532982
0.0532494
0.0532006
0.0531519
0.0531032
0.0530545
0.0530059
0.0529573
0.0529088
0.0528603
0.0528118
0.0527634
0.052715
0.0526667
0.0526183
0.0525701
0.0525219
0.0524737
0.0524255
0.0523774
0.0523294
0.0522813
0.0522334
0.0521854
0.0521375
0.0520896
0.0520418
0.051994
0.0519463
0.0518986
0.0518509
0.0518033
0.0517557
0.0517081
0.0516606
0.0516132
0.0515657
0.0515183
0.051471
0.0514237
0.0513764
0.0513292
0.051282
0.0512348
0.0511877
0.0511406
0.0510936
0.0510466
0.0509996
0.0509527
0.0509058
0.0508589
0.0508121
0.0507654
0.0507186
0.0506719
0.0506253
0.0505787
0.0505321
0.0504856
0.0504391
0.0503926
0.0503462
0.0502998
0.0502535
0.0502071
0.0501609
0.0501147
0.0500685
0.0500223
0.0499762
0.0499301
0.0498841
0.0498381
0.0497921
0.0497462
0.0497003
0.0496545
0.0496087
0.0495629
0.0495172
0.0494715
0.0494258
0.0493802
0.0493346
0.0492891
0.0492436
0.0491981
0.0491527
0.0491073
0.049062
0.0490167
0.0489714
0.0489261
0.0488809
0.0488358
0.0487907
0.0487456
0.0487005
0.0486555
0.0486105
0.0485656
0.0485207
0.0484758
0.048431
0.0483862
0.0483415
0.0482968
0.0482521
0.0482075
0.0481629
0.0481183
0.0480738
0.0480293
0.0479849
0.0479404
0.0478961
0.0478517
0.0478074
0.0477632
0.0477189
0.0476748
0.0476306
0.0475865
0.0475424
0.0474984
0.0474544
0.0474104
0.0473665
0.0473226
0.0472787
0.0472349
0.0471911
0.0471474
0.0471037
0.04706
0.0470164
0.0469728
0.0469292
0.0468857
0.0468422
0.0467987
0.0467553
0.0467119
0.0466686
0.0466253
0.046582
0.0465388
0.0464956
0.0464524
0.0464093
0.0463662
0.0463232
0.0462802
0.0462372
0.0461942
0.0461513
0.0461085
0.0460656
0.0460228
0.0459801
0.0459373
0.0458947
0.045852
0.0458094
0.0457668
0.0457243
0.0456818
0.0456393
0.0455968
0.0455544
0.0455121
0.0454698
0.0454275
0.0453852
0.045343
0.0453008
0.0452586
0.0452165
0.0451744
0.0451324
0.0450904
0.0450484
0.0450065
0.0449646
0.0449227
0.0448809
0.0448391
0.0447973
0.0447556
0.0447139
0.0446723
0.0446307
0.0445891
0.0445475
0.044506
0.0444645
0.0444231
0.0443817
0.0443403
0.044299
0.0442577
0.0442164
0.0441752
0.044134
0.0440928
0.0440517
0.0440106
0.0439696
0.0439285
0.0438875
0.0438466
0.0438057
0.0437648
0.043724
0.0436831
0.0436424
0.0436016
0.0435609
0.0435202
0.0434796
0.043439
0.0433984
0.0433579
0.0433174
0.0432769
0.0432365
0.0431961
0.0431557
0.0431154
0.0430751
0.0430349
0.0429946
0.0429545
0.0429143
0.0428742
0.0428341
0.042794
0.042754
0.042714
0.0426741
0.0426342
0.0425943
0.0425544
0.0425146
0.0424748
0.0424351
0.0423954
0.0423557
0.0423161
0.0422765
0.0422369
0.0421973
0.0421578
0.0421184
0.0420789
0.0420395
0.0420001
0.0419608
0.0419215
0.0418822
0.041843
0.0418038
0.0417646
0.0417255
0.0416864
0.0416473
0.0416083
0.0415693
0.0415303
0.0414914
0.0414525
0.0414136
0.0413747
0.0413359
0.0412972
0.0412584
0.0412197
0.0411811
0.0411424
0.0411038
0.0410653
0.0410267
0.0409882
0.0409498
0.0409113
0.0408729
0.0408345
0.0407962
0.0407579
0.0407196
0.0406814
0.0406432
0.040605
0.0405669
0.0405288
0.0404907
0.0404526
0.0404146
0.0403767
0.0403387
0.0403008
0.0402629
0.0402251
0.0401873
0.0401495
0.0401117
0.040074
0.0400364
0.0399987
0.0399611
0.0399235
0.0398859
0.0398484
0.0398109
0.0397735
0.0397361
0.0396987
0.0396613
0.039624
0.0395867
0.0395494
0.0395122
0.039475
0.0394378
0.0394007
0.0393636
0.0393265
0.0392895
0.0392525
0.0392155
0.0391786
0.0391417
0.0391048
0.039068
0.0390312
0.0389944
0.0389576
0.0389209
0.0388842
0.0388476
0.038811
0.0387744
0.0387378
0.0387013
0.0386648
0.0386283
0.0385919
0.0385555
0.0385191
0.0384828
0.0384465
0.0384102
0.038374
0.0383378
0.0383016
0.0382654
0.0382293
0.0381932
0.0381572
0.0381212
0.0380852
0.0380492
0.0380133
0.0379774
0.0379415
0.0379057
0.0378699
0.0378341
0.0377984
0.0377627
0.037727
0.0376914
0.0376557
0.0376202
0.0375846
0.0375491
0.0375136
0.0374781
0.0374427
0.0374073
0.0373719
0.0373366
0.0373013
0.037266
0.0372308
0.0371955
0.0371604
0.0371252
0.0370901
0.037055
0.0370199
0.0369849
0.0369499
0.0369149
0.03688
0.0368451
0.0368102
0.0367754
0.0367406
0.0367058
0.036671
0.0366363
0.0366016
0.0365669
0.0365323
0.0364977
0.0364631
0.0364286
0.0363941
0.0363596
0.0363251
0.0362907
0.0362563
0.0362219
0.0361876
0.0361533
0.036119
0.0360848
0.0360506
0.0360164
0.0359823
0.0359481
0.035914
0.03588
0.0358459
0.0358119
0.035778
0.035744
0.0357101
0.0356762
0.0356424
0.0356086
0.0355748
0.035541
0.0355073
0.0354736
0.0354399
0.0354062
0.0353726
0.035339
0.0353055
0.0352719
0.0352384
0.035205
0.0351715
0.0351381
0.0351048
0.0350714
0.0350381
0.0350048
0.0349715
0.0349383
0.0349051
0.0348719
0.0348388
0.0348056
0.0347726
0.0347395
0.0347065
0.0346735
0.0346405
0.0346076
0.0345746
0.0345418
0.0345089
0.0344761
0.0344433
0.0344105
0.0343778
0.0343451
0.0343124
0.0342797
0.0342471
0.0342145
0.0341819
0.0341494
0.0341169
0.0340844
0.034052
0.0340195
0.0339871
0.0339548
0.0339224
0.0338901
0.0338578
0.0338256
0.0337934
0.0337612
0.033729
0.0336969
0.0336648
0.0336327
0.0336006
0.0335686
0.0335366
0.0335046
0.0334727
0.0334408
0.0334089
0.0333771
0.0333452
0.0333134
0.0332817
0.0332499
0.0332182
0.0331865
0.0331549
0.0331232
0.0330916
0.0330601
0.0330285
0.032997
0.0329655
0.032934
0.0329026
0.0328712
0.0328398
0.0328085
0.0327772
0.0327459
0.0327146
0.0326834
0.0326521
0.032621
0.0325898
0.0325587
0.0325276
0.0324965
0.0324655
0.0324344
0.0324035
0.0323725
0.0323416
0.0323107
0.0322798
0.0322489
0.0322181
0.0321873
0.0321565
0.0321258
0.0320951
0.0320644
0.0320337
0.0320031
0.0319725
0.0319419
0.0319114
0.0318808
0.0318503
0.0318199
0.0317894
0.031759
0.0317286
0.0316983
0.0316679
0.0316376
0.0316073
0.0315771
0.0315468
0.0315166
0.0314865
0.0314563
0.0314262
0.0313961
0.0313661
0.031336
0.031306
0.031276
0.0312461
0.0312161
0.0311862
0.0311564
0.0311265
0.0310967
0.0310669
0.0310371
0.0310074
0.0309776
0.030948
0.0309183
0.0308887
0.030859
0.0308295
0.0307999
0.0307704
0.0307409
0.0307114
0.0306819
0.0306525
0.0306231
0.0305937
0.0305644
0.0305351
0.0305058
0.0304765
0.0304472
0.030418
0.0303888
0.0303597
0.0303305
0.0303014
0.0302723
0.0302433
0.0302142
0.0301852
0.0301563
0.0301273
0.0300984
0.0300695
0.0300406
0.0300117
0.0299829
0.0299541
0.0299253
0.0298966
0.0298679
0.0298392
0.0298105
0.0297818
0.0297532
0.0297246
0.0296961
0.0296675
0.029639
0.0296105
0.0295821
0.0295536
0.0295252
0.0294968
0.0294684
0.0294401
0.0294118
0.0293835
0.0293552
0.029327
0.0292988
0.0292706
0.0292424
0.0292143
0.0291862
0.0291581
0.0291301
0.029102
0.029074
0.029046
0.0290181
0.0289901
0.0289622
0.0289344
0.0289065
0.0288787
0.0288509
0.0288231
0.0287953
0.0287676
0.0287399
0.0287122
0.0286845
0.0286569
0.0286293
0.0286017
0.0285742
0.0285466
0.0285191
0.0284916
0.0284642
0.0284367
0.0284093
0.028382
0.0283546
0.0283273
0.0283
0.0282727
0.0282454
0.0282182
0.028191
0.0281638
0.0281366
0.0281095
0.0280824
0.0280553
0.0280282
0.0280012
0.0279742
0.0279472
0.0279202
0.0278933
0.0278663
0.0278394
0.0278126
0.0277857
0.0277589
0.0277321
0.0277053
0.0276786
0.0276519
0.0276252
0.0275985
0.0275719
0.0275452
0.0275186
0.027492
0.0274655
0.027439
0.0274125
0.027386
0.0273595
0.0273331
0.0273067
0.0272803
0.0272539
0.0272276
0.0272013
0.027175
0.0271487
0.0271225
0.0270963
0.0270701
0.0270439
0.0270177
0.0269916
0.0269655
0.0269394
0.0269134
0.0268874
0.0268614
0.0268354
0.0268094
0.0267835
0.0267576
0.0267317
0.0267058
0.02668
0.0266542
0.0266284
0.0266026
0.0265768
0.0265511
0.0265254
0.0264997
0.0264741
0.0264485
0.0264229
0.0263973
0.0263717
0.0263462
0.0263207
0.0262952
0.0262697
0.0262443
0.0262188
0.0261934
0.0261681
0.0261427
0.0261174
0.0260921
0.0260668
0.0260416
0.0260163
0.0259911
0.0259659
0.0259407
0.0259156
0.0258905
0.0258654
0.0258403
0.0258153
0.0257902
0.0257652
0.0257402
0.0257153
0.0256903
0.0256654
0.0256405
0.0256157
0.0255908
0.025566
0.0255412
0.0255164
0.0254917
0.0254669
0.0254422
0.0254175
0.0253929
0.0253682
0.0253436
0.025319
0.0252944
0.0252699
0.0252453
0.0252208
0.0251963
0.0251719
0.0251474
0.025123
0.0250986
0.0250742
0.0250499
0.0250256
0.0250012
0.024977
0.0249527
0.0249285
0.0249042
0.02488
0.0248559
0.0248317
0.0248076
0.0247835
0.0247594
0.0247353
0.0247113
0.0246873
0.0246633
0.0246393
0.0246153
0.0245914
0.0245675
0.0245436
0.0245197
0.0244959
0.0244721
0.0244483
0.0244245
0.0244007
0.024377
0.0243533
0.0243296
0.0243059
0.0242823
0.0242587
0.024235
0.0242115
0.0241879
0.0241644
0.0241408
0.0241173
0.0240939
0.0240704
0.024047
0.0240236
0.0240002
0.0239768
0.0239535
0.0239302
0.0239068
0.0238836
0.0238603
0.0238371
0.0238138
0.0237907
0.0237675
0.0237443
0.0237212
0.0236981
0.023675
0.0236519
0.0236289
0.0236059
0.0235828
0.0235599
0.0235369
0.023514
0.023491
0.0234681
0.0234453
0.0234224
0.0233996
0.0233768
0.023354
0.0233312
0.0233084
0.0232857
0.023263
0.0232403
0.0232176
0.023195
0.0231724
0.0231498
0.0231272
0.0231046
0.0230821
0.0230595
0.023037
0.0230146
0.0229921
0.0229697
0.0229473
0.0229249
0.0229025
0.0228801
0.0228578
0.0228355
0.0228132
0.0227909
0.0227686
0.0227464
0.0227242
0.022702
0.0226798
0.0226577
0.0226356
0.0226135
0.0225914
0.0225693
0.0225472
0.0225252
0.0225032
0.0224812
0.0224593
0.0224373
0.0224154
0.0223935
0.0223716
0.0223497
0.0223279
0.0223061
0.0222842
0.0222625
0.0222407
0.022219
0.0221972
0.0221755
0.0221538
0.0221322
0.0221105
0.0220889
0.0220673
0.0220457
0.0220242
0.0220026
0.0219811
0.0219596
0.0219381
0.0219166
0.0218952
0.0218738
0.0218524
0.021831
0.0218096
0.0217883
0.0217669
0.0217456
0.0217244
0.0217031
0.0216818
0.0216606
0.0216394
0.0216182
0.0215971
0.0215759
0.0215548
0.0215337
0.0215126
0.0214915
0.0214705
0.0214494
0.0214284
0.0214074
0.0213865
0.0213655
0.0213446
0.0213237
0.0213028
0.0212819
0.021261
0.0212402
0.0212194
0.0211986
0.0211778
0.021157
0.0211363
0.0211156
0.0210949
0.0210742
0.0210535
0.0210329
0.0210123
0.0209917
0.0209711
0.0209505
0.02093
0.0209094
0.0208889
0.0208684
0.020848
0.0208275
0.0208071
0.0207867
0.0207663
0.0207459
0.0207256
0.0207052
0.0206849
0.0206646
0.0206443
0.0206241
0.0206038
0.0205836
0.0205634
0.0205432
0.020523
0.0205029
0.0204827
0.0204626
0.0204425
0.0204225
0.0204024
0.0203824
0.0203624
0.0203424
0.0203224
0.0203024
0.0202825
0.0202626
0.0202426
0.0202228
0.0202029
0.020183
0.0201632
0.0201434
0.0201236
0.0201038
0.0200841
0.0200643
0.0200446
0.0200249
0.0200052
0.0199856
0.0199659
0.0199463
0.0199267
0.0199071
0.0198875
0.0198679
0.0198484
0.0198289
0.0198094
0.0197899
0.0197704
0.019751
0.0197316
0.0197122
0.0196928
0.0196734
0.019654
0.0196347
0.0196154
0.0195961
0.0195768
0.0195575
0.0195383
0.0195191
0.0194998
0.0194807
0.0194615
0.0194423
0.0194232
0.0194041
0.019385
0.0193659
0.0193468
0.0193278
0.0193087
0.0192897
0.0192707
0.0192517
0.0192328
0.0192138
0.0191949
0.019176
0.0191571
0.0191382
0.0191194
0.0191006
0.0190817
0.0190629
0.0190441
0.0190254
0.0190066
0.0189879
0.0189692
0.0189505
0.0189318
0.0189132
0.0188945
0.0188759
0.0188573
0.0188387
0.0188201
0.0188016
0.018783
0.0187645
0.018746
0.0187275
0.018709
0.0186906
0.0186722
0.0186537
0.0186353
0.018617
0.0185986
0.0185803
0.0185619
0.0185436
0.0185253
0.018507
0.0184888
0.0184705
0.0184523
0.0184341
0.0184159
0.0183977
0.0183796
0.0183614
0.0183433
0.0183252
0.0183071
0.018289
0.018271
0.0182529
0.0182349
0.0182169
0.0181989
0.0181809
0.018163
0.0181451
0.0181271
0.0181092
0.0180913
0.0180735
0.0180556
0.0180378
0.01802
0.0180022
0.0179844
0.0179666
0.0179488
0.0179311
0.0179134
0.0178957
0.017878
0.0178603
0.0178427
0.017825
0.0178074
0.0177898
0.0177722
0.0177547
0.0177371
0.0177196
0.0177021
0.0176846
0.0176671
0.0176496
0.0176322
0.0176147
0.0175973
0.0175799
0.0175625
0.0175451
0.0175278
0.0175104
0.0174931
0.0174758
0.0174585
0.0174412
0.017424
0.0174067
0.0173895
0.0173723
0.0173551
0.0173379
0.0173208
0.0173036
0.0172865
0.0172694
0.0172523
0.0172352
0.0172182
0.0172011
0.0171841
0.0171671
0.0171501
0.0171331
0.0171161
0.0170992
0.0170823
0.0170653
0.0170484
0.0170315
0.0170147
0.0169978
0.016981
0.0169642
0.0169474
0.0169306
0.0169138
0.016897
0.0168803
0.0168636
0.0168469
0.0168302
0.0168135
0.0167968
0.0167802
0.0167635
0.0167469
0.0167303
0.0167137
0.0166972
0.0166806
0.0166641
0.0166476
0.0166311
0.0166146
0.0165981
0.0165816
0.0165652
0.0165488
0.0165324
0.016516
0.0164996
0.0164832
0.0164669
0.0164505
0.0164342
0.0164179
0.0164016
0.0163853
0.0163691
0.0163528
0.0163366
0.0163204
0.0163042
0.016288
0.0162719
0.0162557
0.0162396
0.0162235
0.0162074
0.0161913
0.0161752
0.0161591
0.0161431
0.0161271
0.0161111
0.0160951
0.0160791
0.0160631
0.0160472
0.0160312
0.0160153
0.0159994
0.0159835
0.0159676
0.0159518
0.0159359
0.0159201
0.0159043
0.0158885
0.0158727
0.0158569
0.0158412
0.0158254
0.0158097
0.015794
0.0157783
0.0157626
0.015747
0.0157313
0.0157157
0.0157
0.0156844
0.0156688
0.0156533
0.0156377
0.0156222
0.0156066
0.0155911
0.0155756
0.0155601
0.0155447
0.0155292
0.0155138
0.0154983
0.0154829
0.0154675
0.0154521
0.0154368
0.0154214
0.0154061
0.0153907
0.0153754
0.0153601
0.0153448
0.0153296
0.0153143
0.0152991
0.0152839
0.0152687
0.0152535
0.0152383
0.0152231
0.015208
0.0151928
0.0151777
0.0151626
0.0151475
0.0151324
0.0151174
0.0151023
0.0150873
0.0150722
0.0150572
0.0150422
0.0150273
0.0150123
0.0149974
0.0149824
0.0149675
0.0149526
0.0149377
0.0149228
0.014908
0.0148931
0.0148783
0.0148634
0.0148486
0.0148338
0.0148191
0.0148043
0.0147895
0.0147748
0.0147601
0.0147454
0.0147307
0.014716
0.0147013
0.0146867
0.014672
0.0146574
0.0146428
0.0146282
0.0146136
0.0145991
0.0145845
0.01457
0.0145554
0.0145409
0.0145264
0.0145119
0.0144975
0.014483
0.0144686
0.0144541
0.0144397
0.0144253
0.0144109
0.0143965
0.0143822
0.0143678
0.0143535
0.0143392
0.0143249
0.0143106
0.0142963
0.014282
0.0142678
0.0142535
0.0142393
0.0142251
0.0142109
0.0141967
0.0141826
0.0141684
0.0141543
0.0141401
0.014126
0.0141119
0.0140978
0.0140837
0.0140697
0.0140556
0.0140416
0.0140276
0.0140136
0.0139996
0.0139856
0.0139716
0.0139577
0.0139437
0.0139298
0.0139159
0.013902
0.0138881
0.0138742
0.0138604
0.0138465
0.0138327
0.0138189
0.0138051
0.0137913
0.0137775
0.0137637
0.01375
0.0137362
0.0137225
0.0137088
0.0136951
0.0136814
0.0136677
0.013654
0.0136404
0.0136268
0.0136131
0.0135995
0.0135859
0.0135723
0.0135588
0.0135452
0.0135317
0.0135181
0.0135046
0.0134911
0.0134776
0.0134641
0.0134507
0.0134372
0.0134238
0.0134104
0.0133969
0.0133835
0.0133701
0.0133568
0.0133434
0.0133301
0.0133167
0.0133034
0.0132901
0.0132768
0.0132635
0.0132502
0.013237
0.0132237
0.0132105
0.0131972
0.013184
0.0131708
0.0131577
0.0131445
0.0131313
0.0131182
0.013105
0.0130919
0.0130788
0.0130657
0.0130526
0.0130396
0.0130265
0.0130135
0.0130004
0.0129874
0.0129744
0.0129614
0.0129484
0.0129355
0.0129225
0.0129095
0.0128966
0.0128837
0.0128708
0.0128579
0.012845
0.0128321
0.0128193
0.0128064
0.0127936
0.0127808
0.012768
0.0127552
0.0127424
0.0127296
0.0127169
0.0127041
0.0126914
0.0126787
0.0126659
0.0126532
0.0126406
0.0126279
0.0126152
0.0126026
0.0125899
0.0125773
0.0125647
0.0125521
0.0125395
0.0125269
0.0125144
0.0125018
0.0124893
0.0124768
0.0124642
0.0124517
0.0124392
0.0124268
0.0124143
0.0124018
0.0123894
0.012377
0.0123646
0.0123521
0.0123398
0.0123274
0.012315
0.0123026
0.0122903
0.012278
0.0122656
0.0122533
0.012241
0.0122287
0.0122165
0.0122042
0.0121919
0.0121797
0.0121675
0.0121553
0.0121431
0.0121309
0.0121187
0.0121065
0.0120944
0.0120822
0.0120701
0.012058
0.0120458
0.0120337
0.0120217
0.0120096
0.0119975
0.0119855
0.0119734
0.0119614
0.0119494
0.0119374
0.0119254
0.0119134
0.0119014
0.0118895
0.0118775
0.0118656
0.0118537
0.0118418
0.0118299
0.011818
0.0118061
0.0117942
0.0117824
0.0117705
0.0117587
0.0117469
0.0117351
0.0117233
0.0117115
0.0116997
0.0116879
0.0116762
0.0116644
0.0116527
0.011641
0.0116293
0.0116176
0.0116059
0.0115942
0.0115826
0.0115709
0.0115593
0.0115477
0.0115361
0.0115244
0.0115129
0.0115013
0.0114897
0.0114781
0.0114666
0.0114551
0.0114435
0.011432
0.0114205
0.011409
0.0113975
0.0113861
0.0113746
0.0113632
0.0113517
0.0113403
0.0113289
0.0113175
0.0113061
0.0112947
0.0112833
0.011272
0.0112606
0.0112493
0.011238
0.0112267
0.0112153
0.0112041
0.0111928
0.0111815
0.0111702
0.011159
0.0111478
0.0111365
0.0111253
0.0111141
0.0111029
0.0110917
0.0110806
0.0110694
0.0110582
0.0110471
0.011036
0.0110249
0.0110137
0.0110026
0.0109916
0.0109805
0.0109694
0.0109584
0.0109473
0.0109363
0.0109253
0.0109143
0.0109033
0.0108923
0.0108813
0.0108703
0.0108594
0.0108484
0.0108375
0.0108266
0.0108156
0.0108047
0.0107938
0.010783
0.0107721
0.0107612
0.0107504
0.0107395
0.0107287
0.0107179
0.0107071
0.0106963
0.0106855
0.0106747
0.0106639
0.0106532
0.0106424
0.0106317
0.010621
0.0106103
0.0105996
0.0105889
0.0105782
0.0105675
0.0105569
0.0105462
0.0105356
0.0105249
0.0105143
0.0105037
0.0104931
0.0104825
0.0104719
0.0104614
0.0104508
0.0104402
0.0104297
0.0104192
0.0104087
0.0103982
0.0103877
0.0103772
0.0103667
0.0103562
0.0103458
0.0103353
0.0103249
0.0103145
0.010304
0.0102936
0.0102832
0.0102729
0.0102625
0.0102521
0.0102418
0.0102314
0.0102211
0.0102108
0.0102005
0.0101901
0.0101799
0.0101696
0.0101593
0.010149
0.0101388
0.0101285
0.0101183
0.0101081
0.0100979
0.0100877
0.0100775
0.0100673
0.0100571
0.0100469
0.0100368
0.0100266
0.0100165
0.0100064
0.00999627
0.00998616
0.00997607
0.00996599
0.00995591
0.00994584
0.00993579
0.00992574
0.00991571
0.00990568
0.00989567
0.00988566
0.00987566
0.00986568
0.0098557
0.00984573
0.00983578
0.00982583
0.00981589
0.00980596
0.00979604
0.00978613
0.00977624
0.00976635
0.00975647
0.0097466
0.00973674
0.00972688
0.00971704
0.00970721
0.00969739
0.00968758
0.00967778
0.00966798
0.0096582
0.00964843
0.00963866
0.00962891
0.00961916
0.00960943
0.0095997
0.00958998
0.00958028
0.00957058
0.00956089
0.00955121
0.00954154
0.00953188
0.00952223
0.00951259
0.00950296
0.00949334
0.00948373
0.00947413
0.00946453
0.00945495
0.00944537
0.00943581
0.00942625
0.00941671
0.00940717
0.00939764
0.00938812
0.00937861
0.00936911
0.00935962
0.00935014
0.00934067
0.00933121
0.00932175
0.00931231
0.00930288
0.00929345
0.00928403
0.00927463
0.00926523
0.00925584
0.00924646
0.00923709
0.00922773
0.00921838
0.00920904
0.0091997
0.00919038
0.00918106
0.00917176
0.00916246
0.00915317
0.00914389
0.00913463
0.00912536
0.00911611
0.00910687
0.00909764
0.00908841
0.0090792
0.00906999
0.0090608
0.00905161
0.00904243
0.00903326
0.0090241
0.00901495
0.00900581
0.00899667
0.00898755
0.00897843
0.00896932
0.00896023
0.00895114
0.00894206
0.00893299
0.00892392
0.00891487
0.00890583
0.00889679
0.00888777
0.00887875
0.00886974
0.00886074
0.00885175
0.00884277
0.00883379
0.00882483
0.00881587
0.00880692
0.00879799
0.00878906
0.00878014
0.00877122
0.00876232
0.00875343
0.00874454
0.00873567
0.0087268
0.00871794
0.00870909
0.00870025
0.00869141
0.00868259
0.00867377
0.00866496
0.00865617
0.00864738
0.0086386
0.00862982
0.00862106
0.0086123
0.00860356
0.00859482
0.00858609
0.00857737
0.00856866
0.00855995
0.00855126
0.00854257
0.00853389
0.00852522
0.00851656
0.00850791
0.00849927
0.00849063
0.00848201
0.00847339
0.00846478
0.00845618
0.00844758
0.008439
0.00843042
0.00842186
0.0084133
0.00840475
0.0083962
0.00838767
0.00837915
0.00837063
0.00836212
0.00835362
0.00834513
0.00833665
0.00832817
0.0083197
0.00831125
0.0083028
0.00829435
0.00828592
0.0082775
0.00826908
0.00826067
0.00825227
0.00824388
0.0082355
0.00822712
0.00821876
0.0082104
0.00820205
0.0081937
0.00818537
0.00817704
0.00816873
0.00816042
0.00815212
0.00814382
0.00813554
0.00812726
0.00811899
0.00811073
0.00810248
0.00809424
0.008086
0.00807778
0.00806956
0.00806135
0.00805314
0.00804495
0.00803676
0.00802858
0.00802041
0.00801225
0.00800409
0.00799595
0.00798781
0.00797968
0.00797155
0.00796344
0.00795533
0.00794724
0.00793915
0.00793106
0.00792299
0.00791492
0.00790686
0.00789881
0.00789077
0.00788274
0.00787471
0.00786669
0.00785868
0.00785068
0.00784268
0.00783469
0.00782672
0.00781874
0.00781078
0.00780283
0.00779488
0.00778694
0.00777901
0.00777108
0.00776317
0.00775526
0.00774736
0.00773946
0.00773158
0.0077237
0.00771583
0.00770797
0.00770012
0.00769227
0.00768443
0.0076766
0.00766878
0.00766097
0.00765316
0.00764536
0.00763757
0.00762978
0.00762201
0.00761424
0.00760648
0.00759872
0.00759098
0.00758324
0.00757551
0.00756779
0.00756007
0.00755237
0.00754467
0.00753697
0.00752929
0.00752161
0.00751394
0.00750628
0.00749863
0.00749098
0.00748334
0.00747571
0.00746809
0.00746047
0.00745286
0.00744526
0.00743767
0.00743008
0.0074225
0.00741493
0.00740737
0.00739981
0.00739226
0.00738472
0.00737719
0.00736966
0.00736214
0.00735463
0.00734713
0.00733963
0.00733214
0.00732466
0.00731719
0.00730972
0.00730226
0.00729481
0.00728737
0.00727993
0.0072725
0.00726508
0.00725766
0.00725026
0.00724286
0.00723546
0.00722808
0.0072207
0.00721333
0.00720597
0.00719861
0.00719126
0.00718392
0.00717658
0.00716926
0.00716194
0.00715463
0.00714732
0.00714002
0.00713273
0.00712545
0.00711817
0.0071109
0.00710364
0.00709639
0.00708914
0.0070819
0.00707467
0.00706744
0.00706022
0.00705301
0.0070458
0.00703861
0.00703142
0.00702423
0.00701706
0.00700989
0.00700273
0.00699557
0.00698843
0.00698129
0.00697415
0.00696703
0.00695991
0.0069528
0.00694569
0.0069386
0.0069315
0.00692442
0.00691734
0.00691027
0.00690321
0.00689616
0.00688911
0.00688207
0.00687503
0.00686801
0.00686098
0.00685397
0.00684696
0.00683997
0.00683297
0.00682599
0.00681901
0.00681204
0.00680507
0.00679811
0.00679116
0.00678422
0.00677728
0.00677035
0.00676343
0.00675651
0.0067496
0.0067427
0.0067358
0.00672892
0.00672203
0.00671516
0.00670829
0.00670143
0.00669457
0.00668773
0.00668088
0.00667405
0.00666722
0.0066604
0.00665359
0.00664678
0.00663998
0.00663319
0.0066264
0.00661962
0.00661285
0.00660608
0.00659932
0.00659257
0.00658582
0.00657908
0.00657235
0.00656562
0.0065589
0.00655219
0.00654548
0.00653879
0.00653209
0.00652541
0.00651873
0.00651205
0.00650539
0.00649873
0.00649208
0.00648543
0.00647879
0.00647216
0.00646553
0.00645891
0.0064523
0.00644569
0.00643909
0.0064325
0.00642591
0.00641933
0.00641276
0.00640619
0.00639963
0.00639308
0.00638653
0.00637999
0.00637345
0.00636693
0.0063604
0.00635389
0.00634738
0.00634088
0.00633438
0.00632789
0.00632141
0.00631494
0.00630847
0.006302
0.00629555
0.0062891
0.00628265
0.00627622
0.00626978
0.00626336
0.00625694
0.00625053
0.00624413
0.00623773
0.00623133
0.00622495
0.00621857
0.00621219
0.00620583
0.00619947
0.00619311
0.00618677
0.00618042
0.00617409
0.00616776
0.00616144
0.00615512
0.00614881
0.00614251
0.00613621
0.00612992
0.00612363
0.00611735
0.00611108
0.00610482
0.00609856
0.0060923
0.00608606
0.00607982
0.00607358
0.00606735
0.00606113
0.00605491
0.0060487
0.0060425
0.0060363
0.00603011
0.00602393
0.00601775
0.00601157
0.00600541
0.00599925
0.00599309
0.00598694
0.0059808
0.00597467
0.00596854
0.00596241
0.0059563
0.00595019
0.00594408
0.00593798
0.00593189
0.0059258
0.00591972
0.00591365
0.00590758
0.00590151
0.00589546
0.00588941
0.00588336
0.00587732
0.00587129
0.00586527
0.00585925
0.00585323
0.00584722
0.00584122
0.00583522
0.00582923
0.00582325
0.00581727
0.0058113
0.00580533
0.00579937
0.00579342
0.00578747
0.00578153
0.00577559
0.00576966
0.00576374
0.00575782
0.00575191
0.005746
0.0057401
0.0057342
0.00572831
0.00572243
0.00571655
0.00571068
0.00570482
0.00569896
0.0056931
0.00568725
0.00568141
0.00567558
0.00566975
0.00566392
0.0056581
0.00565229
0.00564648
0.00564068
0.00563489
0.0056291
0.00562331
0.00561754
0.00561176
0.005606
0.00560024
0.00559448
0.00558873
0.00558299
0.00557725
0.00557152
0.00556579
0.00556007
0.00555436
0.00554865
0.00554295
0.00553725
0.00553156
0.00552587
0.00552019
0.00551452
0.00550885
0.00550318
0.00549753
0.00549187
0.00548623
0.00548059
0.00547495
0.00546932
0.0054637
0.00545808
0.00545247
0.00544686
0.00544126
0.00543567
0.00543008
0.00542449
0.00541891
0.00541334
0.00540777
0.00540221
0.00539665
0.0053911
0.00538556
0.00538002
0.00537448
0.00536896
0.00536343
0.00535792
0.0053524
0.0053469
0.0053414
0.0053359
0.00533041
0.00532493
0.00531945
0.00531398
0.00530851
0.00530305
0.00529759
0.00529214
0.00528669
0.00528125
0.00527582
0.00527039
0.00526496
0.00525954
0.00525413
0.00524872
0.00524332
0.00523793
0.00523253
0.00522715
0.00522177
0.00521639
0.00521102
0.00520566
0.0052003
0.00519495
0.0051896
0.00518425
0.00517892
0.00517359
0.00516826
0.00516294
0.00515762
0.00515231
0.005147
0.0051417
0.00513641
0.00513112
0.00512584
0.00512056
0.00511528
0.00511002
0.00510475
0.0050995
0.00509424
0.005089
0.00508376
0.00507852
0.00507329
0.00506806
0.00506284
0.00505763
0.00505242
0.00504721
0.00504201
0.00503682
0.00503163
0.00502644
0.00502126
0.00501609
0.00501092
0.00500576
0.0050006
0.00499545
0.0049903
0.00498516
0.00498002
0.00497489
0.00496976
0.00496464
0.00495952
0.00495441
0.00494931
0.00494421
0.00493911
0.00493402
0.00492893
0.00492385
0.00491878
0.00491371
0.00490864
0.00490358
0.00489853
0.00489348
0.00488843
0.00488339
0.00487836
0.00487333
0.0048683
0.00486328
0.00485827
0.00485326
0.00484825
0.00484325
0.00483826
0.00483327
0.00482829
0.00482331
0.00481833
0.00481336
0.0048084
0.00480344
0.00479848
0.00479354
0.00478859
0.00478365
0.00477872
0.00477379
0.00476886
0.00476394
0.00475903
0.00475412
0.00474922
0.00474432
0.00473942
0.00473453
0.00472965
0.00472477
0.00471989
0.00471502
0.00471016
0.0047053
0.00470044
0.00469559
0.00469074
0.0046859
0.00468107
0.00467624
0.00467141
0.00466659
0.00466177
0.00465696
0.00465216
0.00464735
0.00464256
0.00463776
0.00463298
0.00462819
0.00462342
0.00461864
0.00461388
0.00460911
0.00460435
0.0045996
0.00459485
0.00459011
0.00458537
0.00458063
0.00457591
0.00457118
0.00456646
0.00456174
0.00455703
0.00455233
0.00454763
0.00454293
0.00453824
0.00453355
0.00452887
0.00452419
0.00451952
0.00451485
0.00451019
0.00450553
0.00450088
0.00449623
0.00449158
0.00448694
0.00448231
0.00447768
0.00447305
0.00446843
0.00446381
0.0044592
0.0044546
0.00444999
0.0044454
0.0044408
0.00443621
0.00443163
0.00442705
0.00442248
0.00441791
0.00441334
0.00440878
0.00440422
0.00439967
0.00439513
0.00439058
0.00438605
0.00438151
0.00437698
0.00437246
0.00436794
0.00436343
0.00435891
0.00435441
