Vec Object: 1 MPI process
  type: seq
1.
0.999268
0.998536
0.997804
0.997072
0.996341
0.99561
0.99488
0.994149
0.993419
0.992689
0.99196
0.99123
0.990501
0.989772
0.989044
0.988316
0.987588
0.98686
0.986133
0.985405
0.984678
0.983952
0.983225
0.982499
0.981774
0.981048
0.980323
0.979598
0.978873
0.978148
0.977424
0.9767
0.975977
0.975253
0.97453
0.973807
0.973085
0.972363
0.97164
0.970919
0.970197
0.969476
0.968755
0.968034
0.967314
0.966594
0.965874
0.965155
0.964435
0.963716
0.962997
0.962279
0.961561
0.960843
0.960125
0.959408
0.958691
0.957974
0.957257
0.956541
0.955825
0.955109
0.954394
0.953679
0.952964
0.952249
0.951535
0.950821
0.950107
0.949393
0.94868
0.947967
0.947254
0.946542
0.94583
0.945118
0.944406
0.943695
0.942984
0.942273
0.941562
0.940852
0.940142
0.939432
0.938723
0.938014
0.937305
0.936596
0.935888
0.93518
0.934472
0.933765
0.933058
0.932351
0.931644
0.930938
0.930232
0.929526
0.92882
0.928115
0.92741
0.926705
0.926001
0.925297
0.924593
0.923889
0.923186
0.922483
0.92178
0.921078
0.920376
0.919674
0.918972
0.918271
0.91757
0.916869
0.916168
0.915468
0.914768
0.914069
0.913369
0.91267
0.911971
0.911273
0.910574
0.909876
0.909179
0.908481
0.907784
0.907087
0.906391
0.905694
0.904998
0.904302
0.903607
0.902912
0.902217
0.901522
0.900828
0.900134
0.89944
0.898746
0.898053
0.89736
0.896668
0.895975
0.895283
0.894591
0.8939
0.893209
0.892518
0.891827
0.891137
0.890446
0.889757
0.889067
0.888378
0.887689
0.887
0.886312
0.885624
0.884936
0.884248
0.883561
0.882874
0.882187
0.881501
0.880814
0.880129
0.879443
0.878758
0.878073
0.877388
0.876704
0.876019
0.875336
0.874652
0.873969
0.873286
0.872603
0.87192
0.871238
0.870556
0.869875
0.869193
0.868512
0.867832
0.867151
0.866471
0.865791
0.865112
0.864432
0.863753
0.863075
0.862396
0.861718
0.86104
0.860362
0.859685
0.859008
0.858331
0.857655
0.856979
0.856303
0.855627
0.854952
0.854277
0.853602
0.852928
0.852254
0.85158
0.850906
0.850233
0.84956
0.848887
0.848215
0.847543
0.846871
0.846199
0.845528
0.844857
0.844187
0.843516
0.842846
0.842176
0.841507
0.840837
0.840168
0.8395
0.838831
0.838163
0.837496
0.836828
0.836161
0.835494
0.834827
0.834161
0.833495
0.832829
0.832164
0.831498
0.830834
0.830169
0.829505
0.828841
0.828177
0.827513
0.82685
0.826187
0.825525
0.824863
0.824201
0.823539
0.822878
0.822216
0.821556
0.820895
0.820235
0.819575
0.818915
0.818256
0.817597
0.816938
0.81628
0.815621
0.814964
0.814306
0.813649
0.812992
0.812335
0.811678
0.811022
0.810366
0.809711
0.809056
0.808401
0.807746
0.807092
0.806437
0.805784
0.80513
0.804477
0.803824
0.803171
0.802519
0.801867
0.801215
0.800564
0.799913
0.799262
0.798611
0.797961
0.797311
0.796661
0.796012
0.795363
0.794714
0.794066
0.793417
0.79277
0.792122
0.791475
0.790828
0.790181
0.789534
0.788888
0.788242
0.787597
0.786952
0.786307
0.785662
0.785018
0.784374
0.78373
0.783086
0.782443
0.7818
0.781158
0.780516
0.779874
0.779232
0.77859
0.777949
0.777309
0.776668
0.776028
0.775388
0.774748
0.774109
0.77347
0.772831
0.772193
0.771555
0.770917
0.770279
0.769642
0.769005
0.768369
0.767732
0.767096
0.76646
0.765825
0.76519
0.764555
0.76392
0.763286
0.762652
0.762019
0.761385
0.760752
0.760119
0.759487
0.758855
0.758223
0.757591
0.75696
0.756329
0.755699
0.755068
0.754438
0.753808
0.753179
0.75255
0.751921
0.751292
0.750664
0.750036
0.749409
0.748781
0.748154
0.747527
0.746901
0.746275
0.745649
0.745023
0.744398
0.743773
0.743148
0.742524
0.7419
0.741276
0.740653
0.74003
0.739407
0.738784
0.738162
0.73754
0.736919
0.736297
0.735676
0.735055
0.734435
0.733815
0.733195
0.732576
0.731956
0.731337
0.730719
0.7301
0.729482
0.728865
0.728247
0.72763
0.727013
0.726397
0.725781
0.725165
0.724549
0.723934
0.723319
0.722704
0.72209
0.721476
0.720862
0.720249
0.719635
0.719023
0.71841
0.717798
0.717186
0.716574
0.715963
0.715352
0.714741
0.714131
0.713521
0.712911
0.712301
0.711692
0.711083
0.710475
0.709866
0.709258
0.708651
0.708043
0.707436
0.706829
0.706223
0.705617
0.705011
0.704405
0.7038
0.703195
0.70259
0.701986
0.701382
0.700778
0.700175
0.699572
0.698969
0.698367
0.697764
0.697163
0.696561
0.69596
0.695359
0.694758
0.694158
0.693558
0.692958
0.692358
0.691759
0.691161
0.690562
0.689964
0.689366
0.688768
0.688171
0.687574
0.686977
0.686381
0.685785
0.685189
0.684594
0.683999
0.683404
0.682809
0.682215
0.681621
0.681028
0.680434
0.679841
0.679249
0.678656
0.678064
0.677472
0.676881
0.67629
0.675699
0.675108
0.674518
0.673928
0.673339
0.672749
0.67216
0.671572
0.670983
0.670395
0.669808
0.66922
0.668633
0.668046
0.66746
0.666874
0.666288
0.665702
0.665117
0.664532
0.663947
0.663363
0.662779
0.662195
0.661612
0.661029
0.660446
0.659863
0.659281
0.658699
0.658118
0.657536
0.656955
0.656375
0.655795
0.655214
0.654635
0.654055
0.653476
0.652898
0.652319
0.651741
0.651163
0.650586
0.650008
0.649431
0.648855
0.648279
0.647703
0.647127
0.646552
0.645977
0.645402
0.644827
0.644253
0.643679
0.643106
0.642533
0.64196
0.641387
0.640815
0.640243
0.639672
0.6391
0.638529
0.637959
0.637388
0.636818
0.636248
0.635679
0.63511
0.634541
0.633972
0.633404
0.632836
0.632269
0.631702
0.631135
0.630568
0.630002
0.629436
0.62887
0.628305
0.627739
0.627175
0.62661
0.626046
0.625482
0.624919
0.624356
0.623793
0.62323
0.622668
0.622106
0.621544
0.620983
0.620422
0.619861
0.619301
0.618741
0.618181
0.617622
0.617062
0.616504
0.615945
0.615387
0.614829
0.614271
0.613714
0.613157
0.612601
0.612044
0.611488
0.610933
0.610377
0.609822
0.609267
0.608713
0.608159
0.607605
0.607052
0.606498
0.605946
0.605393
0.604841
0.604289
0.603737
0.603186
0.602635
0.602084
0.601534
0.600984
0.600434
0.599885
0.599336
0.598787
0.598238
0.59769
0.597142
0.596595
0.596048
0.595501
0.594954
0.594408
0.593862
0.593316
0.592771
0.592226
0.591681
0.591137
0.590593
0.590049
0.589506
0.588963
0.58842
0.587877
0.587335
0.586793
0.586252
0.585711
0.58517
0.584629
0.584089
0.583549
0.583009
0.58247
0.581931
0.581392
0.580854
0.580316
0.579778
0.579241
0.578703
0.578167
0.57763
0.577094
0.576558
0.576023
0.575487
0.574952
0.574418
0.573884
0.57335
0.572816
0.572283
0.57175
0.571217
0.570684
0.570152
0.569621
0.569089
0.568558
0.568027
0.567497
0.566967
0.566437
0.565907
0.565378
0.564849
0.56432
0.563792
0.563264
0.562737
0.562209
0.561682
0.561156
0.560629
0.560103
0.559577
0.559052
0.558527
0.558002
0.557478
0.556953
0.55643
0.555906
0.555383
0.55486
0.554337
0.553815
0.553293
0.552772
0.55225
0.551729
0.551209
0.550688
0.550168
0.549648
0.549129
0.54861
0.548091
0.547573
0.547055
0.546537
0.546019
0.545502
0.544985
0.544469
0.543952
0.543436
0.542921
0.542405
0.541891
0.541376
0.540862
0.540348
0.539834
0.53932
0.538807
0.538295
0.537782
0.53727
0.536758
0.536247
0.535736
0.535225
0.534714
0.534204
0.533694
0.533185
0.532675
0.532166
0.531658
0.531149
0.530641
0.530134
0.529626
0.529119
0.528613
0.528106
0.5276
0.527094
0.526589
0.526084
0.525579
0.525075
0.52457
0.524066
0.523563
0.52306
0.522557
0.522054
0.521552
0.52105
0.520548
0.520047
0.519546
0.519045
0.518545
0.518045
0.517545
0.517046
0.516547
0.516048
0.515549
0.515051
0.514553
0.514056
0.513559
0.513062
0.512565
0.512069
0.511573
0.511078
0.510582
0.510087
0.509593
0.509098
0.508604
0.508111
0.507617
0.507124
0.506632
0.506139
0.505647
0.505155
0.504664
0.504173
0.503682
0.503191
0.502701
0.502211
0.501722
0.501232
0.500743
0.500255
0.499767
0.499279
0.498791
0.498304
0.497817
0.49733
0.496843
0.496357
0.495872
0.495386
0.494901
0.494416
0.493932
0.493448
0.492964
0.49248
0.491997
0.491514
0.491032
0.490549
0.490068
0.489586
0.489105
0.488624
0.488143
0.487663
0.487183
0.486703
0.486224
0.485744
0.485266
0.484787
0.484309
0.483831
0.483354
0.482877
0.4824
0.481923
0.481447
0.480971
0.480496
0.48002
0.479545
0.479071
0.478597
0.478123
0.477649
0.477176
0.476703
0.47623
0.475757
0.475285
0.474814
0.474342
0.473871
0.4734
0.47293
0.47246
0.47199
0.47152
0.471051
0.470582
0.470113
0.469645
0.469177
0.46871
0.468242
0.467775
0.467309
0.466842
0.466376
0.46591
0.465445
0.46498
0.464515
0.464051
0.463587
0.463123
0.462659
0.462196
0.461733
0.461271
0.460808
0.460346
0.459885
0.459423
0.458963
0.458502
0.458042
0.457582
0.457122
0.456662
0.456203
0.455745
0.455286
0.454828
0.45437
0.453913
0.453456
0.452999
0.452542
0.452086
0.45163
0.451175
0.450719
0.450264
0.44981
0.449355
0.448901
0.448448
0.447994
0.447541
0.447089
0.446636
0.446184
0.445732
0.445281
0.44483
0.444379
0.443928
0.443478
0.443028
0.442579
0.442129
0.44168
0.441232
0.440783
0.440336
0.439888
0.43944
0.438993
0.438547
0.4381
0.437654
0.437208
0.436763
0.436318
0.435873
0.435429
0.434984
0.43454
0.434097
0.433654
0.433211
0.432768
0.432326
0.431884
0.431442
0.431001
0.43056
0.430119
0.429679
0.429239
0.428799
0.428359
0.42792
0.427481
0.427043
0.426605
0.426167
0.425729
0.425292
0.424855
0.424418
0.423982
0.423546
0.42311
0.422675
0.42224
0.421805
0.421371
0.420937
0.420503
0.420069
0.419636
0.419203
0.418771
0.418339
0.417907
0.417475
0.417044
0.416613
0.416182
0.415752
0.415322
0.414892
0.414463
0.414034
0.413605
0.413177
0.412749
0.412321
0.411893
0.411466
0.411039
0.410613
0.410186
0.409761
0.409335
0.40891
0.408485
0.40806
0.407636
0.407212
0.406788
0.406364
0.405941
0.405518
0.405096
0.404674
0.404252
0.40383
0.403409
0.402988
0.402568
0.402147
0.401727
0.401308
0.400888
0.400469
0.400051
0.399632
0.399214
0.398796
0.398379
0.397962
0.397545
0.397128
0.396712
0.396296
0.395881
0.395465
0.39505
0.394636
0.394221
0.393807
0.393394
0.39298
0.392567
0.392154
0.391742
0.39133
0.390918
0.390506
0.390095
0.389684
0.389274
0.388863
0.388453
0.388044
0.387634
0.387225
0.386817
0.386408
0.386
0.385592
0.385185
0.384778
0.384371
0.383964
0.383558
0.383152
0.382746
0.382341
0.381936
0.381531
0.381127
0.380723
0.380319
0.379916
0.379512
0.37911
0.378707
0.378305
0.377903
0.377501
0.3771
0.376699
0.376298
0.375898
0.375498
0.375098
0.374699
0.3743
0.373901
0.373502
0.373104
0.372706
0.372309
0.371912
0.371515
0.371118
0.370722
0.370326
0.36993
0.369535
0.369139
0.368745
0.36835
0.367956
0.367562
0.367169
0.366775
0.366382
0.36599
0.365597
0.365205
0.364814
0.364422
0.364031
0.36364
0.36325
0.36286
0.36247
0.36208
0.361691
0.361302
0.360914
0.360525
0.360137
0.35975
0.359362
0.358975
0.358588
0.358202
0.357816
0.35743
0.357044
0.356659
0.356274
0.355889
0.355505
0.355121
0.354737
0.354354
0.353971
0.353588
0.353205
0.352823
0.352441
0.35206
0.351679
0.351298
0.350917
0.350537
0.350156
0.349777
0.349397
0.349018
0.348639
0.348261
0.347883
0.347505
0.347127
0.34675
0.346373
0.345996
0.34562
0.345244
0.344868
0.344492
0.344117
0.343742
0.343368
0.342993
0.342619
0.342246
0.341872
0.341499
0.341127
0.340754
0.340382
0.34001
0.339639
0.339267
0.338896
0.338526
0.338156
0.337786
0.337416
0.337046
0.336677
0.336308
0.33594
0.335572
0.335204
0.334836
0.334469
0.334102
0.333735
0.333369
0.333003
0.332637
0.332272
0.331906
0.331541
0.331177
0.330813
0.330449
0.330085
0.329722
0.329358
0.328996
0.328633
0.328271
0.327909
0.327548
0.327186
0.326825
0.326465
0.326104
0.325744
0.325384
0.325025
0.324666
0.324307
0.323948
0.32359
0.323232
0.322874
0.322517
0.32216
0.321803
0.321447
0.321091
0.320735
0.320379
0.320024
0.319669
0.319314
0.31896
0.318606
0.318252
0.317898
0.317545
0.317192
0.31684
0.316487
0.316135
0.315784
0.315432
0.315081
0.31473
0.31438
0.31403
0.31368
0.31333
0.312981
0.312632
0.312283
0.311935
0.311586
0.311239
0.310891
0.310544
0.310197
0.30985
0.309504
0.309158
0.308812
0.308466
0.308121
0.307776
0.307432
0.307087
0.306743
0.3064
0.306056
0.305713
0.30537
0.305028
0.304686
0.304344
0.304002
0.303661
0.30332
0.302979
0.302638
0.302298
0.301958
0.301619
0.301279
0.30094
0.300602
0.300263
0.299925
0.299587
0.29925
0.298913
0.298576
0.298239
0.297903
0.297567
0.297231
0.296895
0.29656
0.296225
0.295891
0.295556
0.295222
0.294888
0.294555
0.294222
0.293889
0.293556
0.293224
0.292892
0.29256
0.292229
0.291898
0.291567
0.291237
0.290906
0.290576
0.290247
0.289917
0.289588
0.289259
0.288931
0.288603
0.288275
0.287947
0.28762
0.287293
0.286966
0.286639
0.286313
0.285987
0.285662
0.285336
0.285011
0.284687
0.284362
0.284038
0.283714
0.28339
0.283067
0.282744
0.282421
0.282099
0.281777
0.281455
0.281133
0.280812
0.280491
0.28017
0.27985
0.27953
0.27921
0.27889
0.278571
0.278252
0.277933
0.277615
0.277297
0.276979
0.276661
0.276344
0.276027
0.27571
0.275394
0.275077
0.274762
0.274446
0.274131
0.273816
0.273501
0.273187
0.272872
0.272558
0.272245
0.271932
0.271618
0.271306
0.270993
0.270681
0.270369
0.270058
0.269746
0.269435
0.269124
0.268814
0.268504
0.268194
0.267884
0.267575
0.267266
0.266957
0.266648
0.26634
0.266032
0.265725
0.265417
0.26511
0.264803
0.264497
0.26419
0.263884
0.263579
0.263273
0.262968
0.262663
0.262359
0.262054
0.26175
0.261447
0.261143
0.26084
0.260537
0.260235
0.259932
0.25963
0.259328
0.259027
0.258726
0.258425
0.258124
0.257824
0.257523
0.257224
0.256924
0.256625
0.256326
0.256027
0.255729
0.25543
0.255132
0.254835
0.254538
0.25424
0.253944
0.253647
0.253351
0.253055
0.252759
0.252464
0.252169
0.251874
0.251579
0.251285
0.250991
0.250697
0.250404
0.25011
0.249818
0.249525
0.249232
0.24894
0.248649
0.248357
0.248066
0.247775
0.247484
0.247193
0.246903
0.246613
0.246324
0.246034
0.245745
0.245456
0.245168
0.24488
0.244592
0.244304
0.244016
0.243729
0.243442
0.243156
0.242869
0.242583
0.242297
0.242012
0.241726
0.241441
0.241157
0.240872
0.240588
0.240304
0.24002
0.239737
0.239454
0.239171
0.238888
0.238606
0.238324
0.238042
0.237761
0.237479
0.237198
0.236918
0.236637
0.236357
0.236077
0.235798
0.235518
0.235239
0.23496
0.234682
0.234403
0.234125
0.233848
0.23357
0.233293
0.233016
0.232739
0.232463
0.232187
0.231911
0.231635
0.23136
0.231085
0.23081
0.230535
0.230261
0.229987
0.229713
0.22944
0.229166
0.228893
0.228621
0.228348
0.228076
0.227804
0.227532
0.227261
0.22699
0.226719
0.226449
0.226178
0.225908
0.225638
0.225369
0.225099
0.22483
0.224562
0.224293
0.224025
0.223757
0.223489
0.223222
0.222955
0.222688
0.222421
0.222155
0.221889
0.221623
0.221357
0.221092
0.220827
0.220562
0.220297
0.220033
0.219769
0.219505
0.219242
0.218978
0.218715
0.218452
0.21819
0.217928
0.217666
0.217404
0.217143
0.216881
0.21662
0.21636
0.216099
0.215839
0.215579
0.21532
0.21506
0.214801
0.214542
0.214283
0.214025
0.213767
0.213509
0.213252
0.212994
0.212737
0.21248
0.212224
0.211967
0.211711
0.211456
0.2112
0.210945
0.21069
0.210435
0.21018
0.209926
0.209672
0.209418
0.209165
0.208911
0.208658
0.208406
0.208153
0.207901
0.207649
0.207397
0.207146
0.206894
0.206643
0.206393
0.206142
0.205892
0.205642
0.205392
0.205143
0.204894
0.204645
0.204396
0.204147
0.203899
0.203651
0.203403
0.203156
0.202909
0.202662
0.202415
0.202169
0.201922
0.201676
0.201431
0.201185
0.20094
0.200695
0.20045
0.200206
0.199962
0.199718
0.199474
0.19923
0.198987
0.198744
0.198502
0.198259
0.198017
0.197775
0.197533
0.197292
0.19705
0.196809
0.196569
0.196328
0.196088
0.195848
0.195608
0.195368
0.195129
0.19489
0.194651
0.194413
0.194174
0.193936
0.193699
0.193461
0.193224
0.192987
0.19275
0.192513
0.192277
0.192041
0.191805
0.191569
0.191334
0.191099
0.190864
0.190629
0.190395
0.19016
0.189927
0.189693
0.189459
0.189226
0.188993
0.188761
0.188528
0.188296
0.188064
0.187832
0.187601
0.187369
0.187138
0.186907
0.186677
0.186447
0.186216
0.185987
0.185757
0.185528
0.185299
0.18507
0.184841
0.184613
0.184384
0.184157
0.183929
0.183701
0.183474
0.183247
0.18302
0.182794
0.182568
0.182342
0.182116
0.18189
0.181665
0.18144
0.181215
0.18099
0.180766
0.180542
0.180318
0.180094
0.179871
0.179648
0.179425
0.179202
0.17898
0.178757
0.178535
0.178314
0.178092
0.177871
0.17765
0.177429
0.177208
0.176988
0.176768
0.176548
0.176328
0.176108
0.175889
0.17567
0.175451
0.175233
0.175015
0.174797
0.174579
0.174361
0.174144
0.173927
0.17371
0.173493
0.173277
0.17306
0.172844
0.172629
0.172413
0.172198
0.171983
0.171768
0.171553
0.171339
0.171125
0.170911
0.170697
0.170484
0.17027
0.170057
0.169845
0.169632
0.16942
0.169208
0.168996
0.168784
0.168573
0.168361
0.16815
0.16794
0.167729
0.167519
0.167309
0.167099
0.166889
0.16668
0.166471
0.166262
0.166053
0.165845
0.165636
0.165428
0.16522
0.165013
0.164806
0.164598
0.164391
0.164185
0.163978
0.163772
0.163566
0.16336
0.163155
0.162949
0.162744
0.162539
0.162335
0.16213
0.161926
0.161722
0.161518
0.161314
0.161111
0.160908
0.160705
0.160502
0.1603
0.160097
0.159895
0.159694
0.159492
0.159291
0.159089
0.158888
0.158688
0.158487
0.158287
0.158087
0.157887
0.157687
0.157488
0.157289
0.15709
0.156891
0.156693
0.156494
0.156296
0.156098
0.155901
0.155703
0.155506
0.155309
0.155112
0.154915
0.154719
0.154523
0.154327
0.154131
0.153936
0.15374
0.153545
0.15335
0.153156
0.152961
0.152767
0.152573
0.152379
0.152186
0.151992
0.151799
0.151606
0.151413
0.151221
0.151029
0.150836
0.150645
0.150453
0.150261
0.15007
0.149879
0.149688
0.149498
0.149307
0.149117
0.148927
0.148737
0.148548
0.148358
0.148169
0.14798
0.147792
0.147603
0.147415
0.147227
0.147039
0.146851
0.146664
0.146476
0.146289
0.146103
0.145916
0.14573
0.145543
0.145357
0.145171
0.144986
0.144801
0.144615
0.14443
0.144246
0.144061
0.143877
0.143693
0.143509
0.143325
0.143141
0.142958
0.142775
0.142592
0.142409
0.142227
0.142045
0.141862
0.141681
0.141499
0.141317
0.141136
0.140955
0.140774
0.140593
0.140413
0.140233
0.140053
0.139873
0.139693
0.139514
0.139335
0.139155
0.138977
0.138798
0.13862
0.138441
0.138263
0.138085
0.137908
0.13773
0.137553
0.137376
0.137199
0.137023
0.136846
0.13667
0.136494
0.136318
0.136143
0.135967
0.135792
0.135617
0.135442
0.135267
0.135093
0.134919
0.134745
0.134571
0.134397
0.134224
0.13405
0.133877
0.133705
0.133532
0.133359
0.133187
0.133015
0.132843
0.132672
0.1325
0.132329
0.132158
0.131987
0.131816
0.131646
0.131475
0.131305
0.131135
0.130966
0.130796
0.130627
0.130458
0.130289
0.13012
0.129951
0.129783
0.129615
0.129447
0.129279
0.129111
0.128944
0.128777
0.12861
0.128443
0.128276
0.12811
0.127944
0.127777
0.127612
0.127446
0.12728
0.127115
0.12695
0.126785
0.12662
0.126456
0.126291
0.126127
0.125963
0.1258
0.125636
0.125473
0.125309
0.125146
0.124984
0.124821
0.124658
0.124496
0.124334
0.124172
0.12401
0.123849
0.123688
0.123526
0.123365
0.123205
0.123044
0.122884
0.122724
0.122563
0.122404
0.122244
0.122085
0.121925
0.121766
0.121607
0.121449
0.12129
0.121132
0.120973
0.120815
0.120658
0.1205
0.120343
0.120185
0.120028
0.119871
0.119715
0.119558
0.119402
0.119246
0.11909
0.118934
0.118778
0.118623
0.118468
0.118313
0.118158
0.118003
0.117848
0.117694
0.11754
0.117386
0.117232
0.117079
0.116925
0.116772
0.116619
0.116466
0.116313
0.116161
0.116008
0.115856
0.115704
0.115552
0.115401
0.115249
0.115098
0.114947
0.114796
0.114645
0.114494
0.114344
0.114194
0.114044
0.113894
0.113744
0.113595
0.113445
0.113296
0.113147
0.112998
0.11285
0.112701
0.112553
0.112405
0.112257
0.112109
0.111962
0.111814
0.111667
0.11152
0.111373
0.111226
0.11108
0.110934
0.110787
0.110641
0.110495
0.11035
0.110204
0.110059
0.109914
0.109769
0.109624
0.109479
0.109335
0.109191
0.109047
0.108903
0.108759
0.108615
0.108472
0.108329
0.108185
0.108043
0.1079
0.107757
0.107615
0.107473
0.107331
0.107189
0.107047
0.106905
0.106764
0.106623
0.106482
0.106341
0.1062
0.10606
0.105919
0.105779
0.105639
0.105499
0.105359
0.10522
0.10508
0.104941
0.104802
0.104663
0.104525
0.104386
0.104248
0.104109
0.103971
0.103834
0.103696
0.103558
0.103421
0.103284
0.103147
0.10301
0.102873
0.102736
0.1026
0.102464
0.102328
0.102192
0.102056
0.101921
0.101785
0.10165
0.101515
0.10138
0.101245
0.101111
0.100976
0.100842
0.100708
0.100574
0.10044
0.100306
0.100173
0.10004
0.0999066
0.0997736
0.0996408
0.0995081
0.0993756
0.0992433
0.0991111
0.0989791
0.0988473
0.0987156
0.098584
0.0984527
0.0983215
0.0981904
0.0980595
0.0979288
0.0977982
0.0976678
0.0975375
0.0974074
0.0972775
0.0971477
0.0970181
0.0968886
0.0967593
0.0966301
0.0965011
0.0963723
0.0962436
0.0961151
0.0959867
0.0958585
0.0957305
0.0956026
0.0954748
0.0953472
0.0952198
0.0950925
0.0949654
0.0948384
0.0947116
0.0945849
0.0944584
0.0943321
0.0942059
0.0940799
0.093954
0.0938283
0.0937027
0.0935773
0.093452
0.0933269
0.0932019
0.0930771
0.0929524
0.0928279
0.0927036
0.0925794
0.0924553
0.0923314
0.0922077
0.0920841
0.0919607
0.0918374
0.0917142
0.0915913
0.0914684
0.0913457
0.0912232
0.0911008
0.0909786
0.0908565
0.0907346
0.0906128
0.0904912
0.0903697
0.0902484
0.0901272
0.0900061
0.0898853
0.0897645
0.0896439
0.0895235
0.0894032
0.0892831
0.0891631
0.0890432
0.0889235
0.088804
0.0886846
0.0885653
0.0884462
0.0883273
0.0882085
0.0880898
0.0879713
0.0878529
0.0877347
0.0876166
0.0874987
0.0873809
0.0872633
0.0871458
0.0870284
0.0869112
0.0867941
0.0866772
0.0865605
0.0864438
0.0863274
0.086211
0.0860948
0.0859788
0.0858629
0.0857471
0.0856315
0.085516
0.0854007
0.0852855
0.0851705
0.0850556
0.0849408
0.0848262
0.0847118
0.0845974
0.0844832
0.0843692
0.0842553
0.0841415
0.0840279
0.0839144
0.0838011
0.0836879
0.0835749
0.083462
0.0833492
0.0832366
0.0831241
0.0830117
0.0828995
0.0827874
0.0826755
0.0825637
0.0824521
0.0823406
0.0822292
0.082118
0.0820069
0.0818959
0.0817851
0.0816744
0.0815639
0.0814535
0.0813432
0.0812331
0.0811231
0.0810133
0.0809036
0.080794
0.0806846
0.0805753
0.0804661
0.0803571
0.0802482
0.0801394
0.0800308
0.0799223
0.079814
0.0797058
0.0795977
0.0794898
0.079382
0.0792743
0.0791668
0.0790594
0.0789522
0.078845
0.078738
0.0786312
0.0785245
0.0784179
0.0783114
0.0782051
0.0780989
0.0779929
0.077887
0.0777812
0.0776756
0.07757
0.0774647
0.0773594
0.0772543
0.0771493
0.0770445
0.0769397
0.0768351
0.0767307
0.0766264
0.0765222
0.0764181
0.0763142
0.0762104
0.0761067
0.0760032
0.0758998
0.0757965
0.0756934
0.0755904
0.0754875
0.0753847
0.0752821
0.0751796
0.0750773
0.074975
0.0748729
0.074771
0.0746691
0.0745674
0.0744658
0.0743644
0.074263
0.0741618
0.0740608
0.0739598
0.073859
0.0737583
0.0736578
0.0735573
0.073457
0.0733568
0.0732568
0.0731569
0.0730571
0.0729574
0.0728579
0.0727585
0.0726592
0.07256
0.072461
0.0723621
0.0722633
0.0721646
0.0720661
0.0719677
0.0718694
0.0717712
0.0716732
0.0715753
0.0714775
0.0713799
0.0712823
0.0711849
0.0710876
0.0709905
0.0708935
0.0707965
0.0706998
0.0706031
0.0705066
0.0704101
0.0703138
0.0702177
0.0701216
0.0700257
0.0699299
0.0698342
0.0697387
0.0696432
0.0695479
0.0694527
0.0693576
0.0692627
0.0691679
0.0690732
0.0689786
0.0688841
0.0687898
0.0686956
0.0686015
0.0685075
0.0684136
0.0683199
0.0682263
0.0681328
0.0680394
0.0679461
0.067853
0.06776
0.0676671
0.0675743
0.0674816
0.0673891
0.0672967
0.0672044
0.0671122
0.0670201
0.0669282
0.0668363
0.0667446
0.066653
0.0665616
0.0664702
0.066379
0.0662878
0.0661968
0.0661059
0.0660152
0.0659245
0.065834
0.0657436
0.0656532
0.0655631
0.065473
0.065383
0.0652932
0.0652035
0.0651139
0.0650244
0.064935
0.0648457
0.0647566
0.0646675
0.0645786
0.0644898
0.0644011
0.0643126
0.0642241
0.0641358
0.0640475
0.0639594
0.0638714
0.0637835
0.0636958
0.0636081
0.0635206
0.0634331
0.0633458
0.0632586
0.0631715
0.0630845
0.0629976
0.0629109
0.0628242
0.0627377
0.0626513
0.062565
0.0624788
0.0623927
0.0623067
0.0622209
0.0621351
0.0620495
0.061964
0.0618785
0.0617932
0.061708
0.061623
0.061538
0.0614531
0.0613684
0.0612837
0.0611992
0.0611148
0.0610305
0.0609463
0.0608622
0.0607782
0.0606943
0.0606105
0.0605269
0.0604433
0.0603599
0.0602766
0.0601933
0.0601102
0.0600272
0.0599443
0.0598615
0.0597789
0.0596963
0.0596138
0.0595315
0.0594492
0.0593671
0.059285
0.0592031
0.0591213
0.0590396
0.058958
0.0588765
0.0587951
0.0587138
0.0586326
0.0585515
0.0584705
0.0583897
0.0583089
0.0582283
0.0581477
0.0580673
0.0579869
0.0579067
0.0578266
0.0577465
0.0576666
0.0575868
0.0575071
0.0574275
0.057348
0.0572686
0.0571893
0.0571101
0.057031
0.056952
0.0568732
0.0567944
0.0567157
0.0566371
0.0565587
0.0564803
0.056402
0.0563239
0.0562458
0.0561679
0.05609
0.0560123
0.0559346
0.0558571
0.0557796
0.0557023
0.0556251
0.0555479
0.0554709
0.055394
0.0553171
0.0552404
0.0551638
0.0550872
0.0550108
0.0549345
0.0548582
0.0547821
0.0547061
0.0546301
0.0545543
0.0544786
0.054403
0.0543274
0.054252
0.0541767
0.0541014
0.0540263
0.0539513
0.0538763
0.0538015
0.0537268
0.0536521
0.0535776
0.0535031
0.0534288
0.0533545
0.0532804
0.0532063
0.0531324
0.0530585
0.0529848
0.0529111
0.0528376
0.0527641
0.0526907
0.0526175
0.0525443
0.0524712
0.0523982
0.0523253
0.0522525
0.0521798
0.0521073
0.0520348
0.0519623
0.05189
0.0518178
0.0517457
0.0516737
0.0516018
0.0515299
0.0514582
0.0513865
0.051315
0.0512435
0.0511722
0.0511009
0.0510298
0.0509587
0.0508877
0.0508168
0.050746
0.0506753
0.0506047
0.0505342
0.0504638
0.0503935
0.0503232
0.0502531
0.0501831
0.0501131
0.0500433
0.0499735
0.0499038
0.0498342
0.0497647
0.0496953
0.049626
0.0495568
0.0494877
0.0494187
0.0493498
0.0492809
0.0492122
0.0491435
0.0490749
0.0490064
0.0489381
0.0488698
0.0488016
0.0487334
0.0486654
0.0485975
0.0485296
0.0484619
0.0483942
0.0483266
0.0482592
0.0481918
0.0481245
0.0480573
0.0479901
0.0479231
0.0478562
0.0477893
0.0477225
0.0476559
0.0475893
0.0475228
0.0474564
0.04739
0.0473238
0.0472577
0.0471916
0.0471256
0.0470597
0.046994
0.0469282
0.0468626
0.0467971
0.0467317
0.0466663
0.046601
0.0465359
0.0464708
0.0464058
0.0463408
0.046276
0.0462113
0.0461466
0.046082
0.0460175
0.0459531
0.0458888
0.0458246
0.0457605
0.0456964
0.0456324
0.0455686
0.0455048
0.045441
0.0453774
0.0453139
0.0452504
0.045187
0.0451237
0.0450605
0.0449974
0.0449344
0.0448714
0.0448086
0.0447458
0.0446831
0.0446205
0.044558
0.0444955
0.0444332
0.0443709
0.0443087
0.0442466
0.0441846
0.0441226
0.0440607
0.043999
0.0439373
0.0438757
0.0438141
0.0437527
0.0436913
0.0436301
0.0435689
0.0435077
0.0434467
0.0433858
0.0433249
0.0432641
0.0432034
0.0431428
0.0430822
0.0430218
0.0429614
0.0429011
0.0428409
0.0427807
0.0427207
0.0426607
0.0426008
0.042541
0.0424813
0.0424216
0.042362
0.0423025
0.0422431
0.0421838
0.0421245
0.0420654
0.0420063
0.0419473
0.0418883
0.0418295
0.0417707
0.041712
0.0416534
0.0415949
0.0415364
0.041478
0.0414197
0.0413615
0.0413034
0.0412453
0.0411873
0.0411294
0.0410716
0.0410138
0.0409562
0.0408986
0.040841
0.0407836
0.0407262
0.040669
0.0406117
0.0405546
0.0404976
0.0404406
0.0403837
0.0403269
0.0402701
0.0402135
0.0401569
0.0401004
0.0400439
0.0399876
0.0399313
0.0398751
0.0398189
0.0397629
0.0397069
0.039651
0.0395952
0.0395394
0.0394837
0.0394281
0.0393726
0.0393171
0.0392618
0.0392065
0.0391512
0.0390961
0.039041
0.038986
0.0389311
0.0388762
0.0388214
0.0387667
0.0387121
0.0386575
0.0386031
0.0385487
0.0384943
0.0384401
0.0383859
0.0383318
0.0382777
0.0382238
0.0381699
0.038116
0.0380623
0.0380086
0.037955
0.0379015
0.037848
0.0377946
0.0377413
0.0376881
0.0376349
0.0375818
0.0375288
0.0374759
0.037423
0.0373702
0.0373175
0.0372648
0.0372122
0.0371597
0.0371072
0.0370549
0.0370026
0.0369503
0.0368982
0.0368461
0.036794
0.0367421
0.0366902
0.0366384
0.0365867
0.036535
0.0364834
0.0364319
0.0363804
0.036329
0.0362777
0.0362265
0.0361753
0.0361242
0.0360732
0.0360222
0.0359713
0.0359205
0.0358697
0.035819
0.0357684
0.0357178
0.0356674
0.035617
0.0355666
0.0355163
0.0354661
0.035416
0.0353659
0.0353159
0.035266
0.0352161
0.0351663
0.0351166
0.0350669
0.0350173
0.0349678
0.0349184
0.034869
0.0348196
0.0347704
0.0347212
0.0346721
0.034623
0.034574
0.0345251
0.0344763
0.0344275
0.0343788
0.0343301
0.0342815
0.034233
0.0341845
0.0341362
0.0340878
0.0340396
0.0339914
0.0339433
0.0338952
0.0338472
0.0337993
0.0337514
0.0337036
0.0336559
0.0336083
0.0335607
0.0335131
0.0334657
0.0334183
0.0333709
0.0333236
0.0332764
0.0332293
0.0331822
0.0331352
0.0330883
0.0330414
0.0329946
0.0329478
0.0329011
0.0328545
0.0328079
0.0327614
0.032715
0.0326686
0.0326223
0.0325761
0.0325299
0.0324838
0.0324377
0.0323917
0.0323458
0.0322999
0.0322541
0.0322084
0.0321627
0.0321171
0.0320715
0.032026
0.0319806
0.0319353
0.0318899
0.0318447
0.0317995
0.0317544
0.0317094
0.0316644
0.0316194
0.0315746
0.0315298
0.031485
0.0314403
0.0313957
0.0313512
0.0313067
0.0312622
0.0312179
0.0311735
0.0311293
0.0310851
0.031041
0.0309969
0.0309529
0.0309089
0.030865
0.0308212
0.0307775
0.0307337
0.0306901
0.0306465
0.030603
0.0305595
0.0305161
0.0304728
0.0304295
0.0303862
0.0303431
0.0303
0.0302569
0.0302139
0.030171
0.0301281
0.0300853
0.0300426
0.0299999
0.0299572
0.0299146
0.0298721
0.0298297
0.0297873
0.0297449
0.0297026
0.0296604
0.0296182
0.0295761
0.0295341
0.0294921
0.0294502
0.0294083
0.0293665
0.0293247
0.029283
0.0292414
0.0291998
0.0291582
0.0291168
0.0290753
0.029034
0.0289927
0.0289514
0.0289103
0.0288691
0.028828
0.028787
0.0287461
0.0287052
0.0286643
0.0286235
0.0285828
0.0285421
0.0285015
0.0284609
0.0284204
0.02838
0.0283396
0.0282992
0.0282589
0.0282187
0.0281785
0.0281384
0.0280984
0.0280584
0.0280184
0.0279785
0.0279387
0.0278989
0.0278592
0.0278195
0.0277799
0.0277403
0.0277008
0.0276613
0.0276219
0.0275826
0.0275433
0.027504
0.0274649
0.0274257
0.0273867
0.0273476
0.0273087
0.0272698
0.0272309
0.0271921
0.0271533
0.0271146
0.027076
0.0270374
0.0269989
0.0269604
0.026922
0.0268836
0.0268453
0.026807
0.0267688
0.0267306
0.0266925
0.0266544
0.0266164
0.0265785
0.0265406
0.0265027
0.026465
0.0264272
0.0263895
0.0263519
0.0263143
0.0262768
0.0262393
0.0262019
0.0261645
0.0261272
0.0260899
0.0260527
0.0260155
0.0259784
0.0259413
0.0259043
0.0258673
0.0258304
0.0257936
0.0257568
0.02572
0.0256833
0.0256467
0.02561
0.0255735
0.025537
0.0255005
0.0254641
0.0254278
0.0253915
0.0253552
0.025319
0.0252829
0.0252468
0.0252108
0.0251748
0.0251388
0.0251029
0.0250671
0.0250313
0.0249955
0.0249598
0.0249242
0.0248886
0.024853
0.0248175
0.0247821
0.0247467
0.0247113
0.024676
0.0246408
0.0246056
0.0245704
0.0245353
0.0245003
0.0244653
0.0244303
0.0243954
0.0243605
0.0243257
0.024291
0.0242563
0.0242216
0.024187
0.0241524
0.0241179
0.0240834
0.024049
0.0240146
0.0239803
0.023946
0.0239118
0.0238776
0.0238434
0.0238094
0.0237753
0.0237413
0.0237074
0.0236735
0.0236396
0.0236058
0.0235721
0.0235383
0.0235047
0.0234711
0.0234375
0.023404
0.0233705
0.0233371
0.0233037
0.0232703
0.0232371
0.0232038
0.0231706
0.0231375
0.0231044
0.0230713
0.0230383
0.0230053
0.0229724
0.0229395
0.0229067
0.0228739
0.0228412
0.0228085
0.0227759
0.0227433
0.0227107
0.0226782
0.0226458
0.0226133
0.022581
0.0225486
0.0225164
0.0224841
0.0224519
0.0224198
0.0223877
0.0223556
0.0223236
0.0222917
0.0222598
0.0222279
0.0221961
0.0221643
0.0221325
0.0221008
0.0220692
0.0220376
0.022006
0.0219745
0.021943
0.0219116
0.0218802
0.0218489
0.0218176
0.0217863
0.0217551
0.0217239
0.0216928
0.0216617
0.0216307
0.0215997
0.0215687
0.0215378
0.021507
0.0214761
0.0214454
0.0214146
0.0213839
0.0213533
0.0213227
0.0212921
0.0212616
0.0212311
0.0212007
0.0211703
0.02114
0.0211097
0.0210794
0.0210492
0.021019
0.0209889
0.0209588
0.0209287
0.0208987
0.0208688
0.0208388
0.020809
0.0207791
0.0207493
0.0207196
0.0206899
0.0206602
0.0206305
0.020601
0.0205714
0.0205419
0.0205124
0.020483
0.0204536
0.0204243
0.020395
0.0203657
0.0203365
0.0203073
0.0202782
0.0202491
0.0202201
0.0201911
0.0201621
0.0201332
0.0201043
0.0200754
0.0200466
0.0200178
0.0199891
0.0199604
0.0199318
0.0199032
0.0198746
0.0198461
0.0198176
0.0197891
0.0197607
0.0197324
0.0197041
0.0196758
0.0196475
0.0196193
0.0195911
0.019563
0.0195349
0.0195069
0.0194789
0.0194509
0.019423
0.0193951
0.0193672
0.0193394
0.0193117
0.0192839
0.0192562
0.0192286
0.019201
0.0191734
0.0191458
0.0191183
0.0190909
0.0190635
0.0190361
0.0190087
0.0189814
0.0189542
0.0189269
0.0188997
0.0188726
0.0188455
0.0188184
0.0187914
0.0187644
0.0187374
0.0187105
0.0186836
0.0186567
0.0186299
0.0186032
0.0185764
0.0185497
0.0185231
0.0184965
0.0184699
0.0184433
0.0184168
0.0183903
0.0183639
0.0183375
0.0183112
0.0182848
0.0182585
0.0182323
0.0182061
0.0181799
0.0181538
0.0181277
0.0181016
0.0180756
0.0180496
0.0180236
0.0179977
0.0179718
0.017946
0.0179202
0.0178944
0.0178687
0.017843
0.0178173
0.0177917
0.0177661
0.0177406
0.0177151
0.0176896
0.0176641
0.0176387
0.0176134
0.017588
0.0175627
0.0175375
0.0175122
0.017487
0.0174619
0.0174367
0.0174117
0.0173866
0.0173616
0.0173366
0.0173117
0.0172868
0.0172619
0.017237
0.0172122
0.0171875
0.0171627
0.017138
0.0171134
0.0170887
0.0170642
0.0170396
0.0170151
0.0169906
0.0169661
0.0169417
0.0169173
0.016893
0.0168686
0.0168444
0.0168201
0.0167959
0.0167717
0.0167476
0.0167235
0.0166994
0.0166753
0.0166513
0.0166274
0.0166034
0.0165795
0.0165556
0.0165318
0.016508
0.0164842
0.0164605
0.0164368
0.0164131
0.0163895
0.0163659
0.0163423
0.0163188
0.0162953
0.0162718
0.0162483
0.0162249
0.0162016
0.0161782
0.0161549
0.0161317
0.0161084
0.0160852
0.016062
0.0160389
0.0160158
0.0159927
0.0159697
0.0159467
0.0159237
0.0159007
0.0158778
0.015855
0.0158321
0.0158093
0.0157865
0.0157638
0.015741
0.0157184
0.0156957
0.0156731
0.0156505
0.0156279
0.0156054
0.0155829
0.0155605
0.015538
0.0155156
0.0154933
0.0154709
0.0154486
0.0154264
0.0154041
0.0153819
0.0153598
0.0153376
0.0153155
0.0152934
0.0152714
0.0152493
0.0152274
0.0152054
0.0151835
0.0151616
0.0151397
0.0151179
0.0150961
0.0150743
0.0150526
0.0150309
0.0150092
0.0149876
0.0149659
0.0149444
0.0149228
0.0149013
0.0148798
0.0148583
0.0148369
0.0148155
0.0147941
0.0147728
0.0147515
0.0147302
0.0147089
0.0146877
0.0146665
0.0146454
0.0146243
0.0146032
0.0145821
0.014561
0.01454
0.0145191
0.0144981
0.0144772
0.0144563
0.0144354
0.0144146
0.0143938
0.014373
0.0143523
0.0143316
0.0143109
0.0142903
0.0142696
0.014249
0.0142285
0.0142079
0.0141874
0.014167
0.0141465
0.0141261
0.0141057
0.0140853
0.014065
0.0140447
0.0140244
0.0140042
0.013984
0.0139638
0.0139436
0.0139235
0.0139034
0.0138833
0.0138633
0.0138433
0.0138233
0.0138033
0.0137834
0.0137635
0.0137436
0.0137238
0.0137039
0.0136842
0.0136644
0.0136447
0.013625
0.0136053
0.0135856
0.013566
0.0135464
0.0135269
0.0135073
0.0134878
0.0134683
0.0134489
0.0134295
0.0134101
0.0133907
0.0133713
0.013352
0.0133327
0.0133135
0.0132943
0.013275
0.0132559
0.0132367
0.0132176
0.0131985
0.0131794
0.0131604
0.0131414
0.0131224
0.0131034
0.0130845
0.0130656
0.0130467
0.0130279
0.013009
0.0129902
0.0129715
0.0129527
0.012934
0.0129153
0.0128967
0.012878
0.0128594
0.0128408
0.0128223
0.0128037
0.0127852
0.0127667
0.0127483
0.0127299
0.0127115
0.0126931
0.0126747
0.0126564
0.0126381
0.0126199
0.0126016
0.0125834
0.0125652
0.012547
0.0125289
0.0125108
0.0124927
0.0124746
0.0124566
0.0124386
0.0124206
0.0124027
0.0123847
0.0123668
0.0123489
0.0123311
0.0123133
0.0122954
0.0122777
0.0122599
0.0122422
0.0122245
0.0122068
0.0121892
0.0121715
0.0121539
0.0121363
0.0121188
0.0121013
0.0120838
0.0120663
0.0120488
0.0120314
0.012014
0.0119966
0.0119793
0.0119619
0.0119446
0.0119274
0.0119101
0.0118929
0.0118757
0.0118585
0.0118413
0.0118242
0.0118071
0.01179
0.011773
0.0117559
0.0117389
0.0117219
0.011705
0.011688
0.0116711
0.0116543
0.0116374
0.0116205
0.0116037
0.0115869
0.0115702
0.0115534
0.0115367
0.01152
0.0115033
0.0114867
0.0114701
0.0114535
0.0114369
0.0114204
0.0114038
0.0113873
0.0113708
0.0113544
0.0113379
0.0113215
0.0113051
0.0112888
0.0112724
0.0112561
0.0112398
0.0112236
0.0112073
0.0111911
0.0111749
0.0111587
0.0111426
0.0111264
0.0111103
0.0110942
0.0110782
0.0110621
0.0110461
0.0110301
0.0110142
0.0109982
0.0109823
0.0109664
0.0109505
0.0109347
0.0109188
0.010903
0.0108872
0.0108715
0.0108557
0.01084
0.0108243
0.0108086
0.010793
0.0107773
0.0107617
0.0107462
0.0107306
0.010715
0.0106995
0.010684
0.0106686
0.0106531
0.0106377
0.0106223
0.0106069
0.0105915
0.0105762
0.0105609
0.0105456
0.0105303
0.010515
0.0104998
0.0104846
0.0104694
0.0104542
0.0104391
0.010424
0.0104089
0.0103938
0.0103787
0.0103637
0.0103487
0.0103337
0.0103187
0.0103038
0.0102888
0.0102739
0.010259
0.0102442
0.0102293
0.0102145
0.0101997
0.0101849
0.0101702
0.0101554
0.0101407
0.010126
0.0101114
0.0100967
0.0100821
0.0100675
0.0100529
0.0100383
0.0100238
0.0100092
0.00999472
0.00998024
0.00996577
0.00995133
0.0099369
0.0099225
0.00990812
0.00989376
0.00987942
0.0098651
0.0098508
0.00983652
0.00982226
0.00980802
0.00979381
0.00977961
0.00976543
0.00975128
0.00973714
0.00972302
0.00970893
0.00969485
0.0096808
0.00966676
0.00965275
0.00963875
0.00962478
0.00961083
0.00959689
0.00958298
0.00956908
0.00955521
0.00954135
0.00952752
0.0095137
0.00949991
0.00948613
0.00947238
0.00945864
0.00944493
0.00943123
0.00941756
0.0094039
0.00939026
0.00937664
0.00936305
0.00934947
0.00933591
0.00932237
0.00930885
0.00929535
0.00928187
0.00926841
0.00925496
0.00924154
0.00922814
0.00921475
0.00920139
0.00918804
0.00917471
0.00916141
0.00914812
0.00913485
0.0091216
0.00910837
0.00909515
0.00908196
0.00906879
0.00905563
0.00904249
0.00902938
0.00901628
0.0090032
0.00899014
0.00897709
0.00896407
0.00895107
0.00893808
0.00892511
0.00891216
0.00889923
0.00888632
0.00887343
0.00886055
0.0088477
0.00883486
0.00882204
0.00880924
0.00879646
0.00878369
0.00877095
0.00875822
0.00874551
0.00873282
0.00872015
0.00870749
0.00869486
0.00868224
0.00866964
0.00865706
0.0086445
0.00863195
0.00861942
0.00860691
0.00859442
0.00858195
0.00856949
0.00855706
0.00854464
0.00853224
0.00851985
0.00850749
0.00849514
0.00848281
0.0084705
0.0084582
0.00844592
0.00843366
0.00842142
0.0084092
0.00839699
0.0083848
0.00837263
0.00836048
0.00834834
0.00833622
0.00832412
0.00831204
0.00829997
0.00828792
0.00827589
0.00826387
0.00825188
0.00823989
0.00822793
0.00821599
0.00820406
0.00819215
0.00818025
0.00816838
0.00815652
0.00814467
0.00813285
0.00812104
0.00810925
0.00809747
0.00808571
0.00807397
0.00806225
0.00805054
0.00803885
0.00802718
0.00801552
0.00800388
0.00799226
0.00798065
0.00796906
0.00795749
0.00794593
0.0079344
0.00792287
0.00791137
0.00789988
0.0078884
0.00787695
0.00786551
0.00785408
0.00784268
0.00783129
0.00781991
0.00780855
0.00779721
0.00778589
0.00777458
0.00776329
0.00775201
0.00774075
0.00772951
0.00771828
0.00770707
0.00769587
0.00768469
0.00767353
0.00766238
0.00765125
0.00764014
0.00762904
0.00761795
0.00760689
0.00759584
0.0075848
0.00757378
0.00756278
0.00755179
0.00754082
0.00752987
0.00751893
0.007508
0.00749709
0.0074862
0.00747533
0.00746446
0.00745362
0.00744279
0.00743197
0.00742118
0.00741039
0.00739963
0.00738887
0.00737814
0.00736742
0.00735671
0.00734602
0.00733535
0.00732469
0.00731404
0.00730341
0.0072928
0.0072822
0.00727162
0.00726105
0.0072505
0.00723997
0.00722944
0.00721894
0.00720845
0.00719797
0.00718751
0.00717706
0.00716663
0.00715622
0.00714582
0.00713543
0.00712506
0.0071147
0.00710436
0.00709404
0.00708373
0.00707343
0.00706315
0.00705288
0.00704263
0.00703239
0.00702217
0.00701196
0.00700177
0.00699159
0.00698143
0.00697128
0.00696115
0.00695103
0.00694092
0.00693083
0.00692076
0.0069107
0.00690065
0.00689062
0.0068806
0.0068706
0.00686061
0.00685064
0.00684068
0.00683073
0.0068208
0.00681088
0.00680098
0.00679109
0.00678122
0.00677136
0.00676152
0.00675169
0.00674187
0.00673207
0.00672228
0.0067125
0.00670274
0.006693
0.00668327
0.00667355
0.00666384
0.00665415
0.00664448
0.00663482
0.00662517
0.00661553
0.00660591
0.00659631
0.00658672
0.00657714
0.00656757
0.00655802
0.00654848
0.00653896
0.00652945
0.00651996
0.00651047
0.00650101
0.00649155
0.00648211
0.00647268
0.00646327
0.00645387
0.00644448
0.00643511
0.00642575
0.0064164
0.00640707
0.00639775
0.00638845
0.00637916
0.00636988
0.00636061
0.00635136
0.00634212
0.0063329
0.00632369
0.00631449
0.0063053
0.00629613
0.00628697
0.00627783
0.00626869
0.00625958
0.00625047
0.00624138
0.0062323
0.00622323
0.00621418
0.00620514
0.00619611
0.0061871
0.0061781
0.00616911
0.00616013
0.00615117
0.00614222
0.00613329
0.00612436
0.00611545
0.00610656
0.00609767
0.0060888
0.00607994
0.0060711
0.00606226
0.00605344
0.00604463
0.00603584
0.00602706
0.00601829
0.00600953
0.00600079
0.00599206
0.00598334
0.00597463
0.00596594
0.00595726
0.00594859
0.00593993
0.00593129
0.00592266
0.00591404
0.00590543
0.00589684
0.00588826
0.00587969
0.00587113
0.00586259
0.00585406
0.00584554
0.00583703
0.00582854
0.00582005
0.00581158
0.00580313
0.00579468
0.00578625
0.00577783
0.00576942
0.00576102
0.00575264
0.00574426
0.0057359
0.00572756
0.00571922
0.0057109
0.00570258
0.00569428
0.005686
0.00567772
0.00566946
0.0056612
0.00565296
0.00564474
0.00563652
0.00562831
0.00562012
0.00561194
0.00560377
0.00559562
0.00558747
0.00557934
0.00557122
0.00556311
0.00555501
0.00554692
0.00553885
0.00553078
0.00552273
0.00551469
0.00550666
0.00549865
0.00549064
0.00548265
0.00547467
0.0054667
0.00545874
0.00545079
0.00544286
0.00543493
0.00542702
0.00541912
0.00541123
0.00540335
0.00539548
0.00538763
0.00537978
0.00537195
0.00536413
0.00535632
0.00534852
0.00534073
0.00533296
0.00532519
0.00531744
0.0053097
0.00530197
0.00529425
0.00528654
0.00527884
0.00527115
0.00526348
0.00525581
0.00524816
0.00524052
0.00523289
0.00522527
0.00521766
0.00521006
0.00520247
0.0051949
0.00518733
0.00517978
0.00517224
0.0051647
0.00515718
0.00514967
0.00514217
0.00513468
0.00512721
0.00511974
0.00511228
0.00510484
0.0050974
0.00508998
0.00508257
0.00507517
0.00506777
0.00506039
0.00505302
0.00504566
0.00503832
0.00503098
0.00502365
0.00501633
0.00500903
0.00500173
0.00499445
0.00498717
0.00497991
0.00497266
0.00496541
0.00495818
0.00495096
0.00494375
0.00493655
0.00492936
0.00492218
0.00491501
0.00490785
0.0049007
0.00489356
0.00488643
0.00487931
0.0048722
0.00486511
0.00485802
0.00485094
0.00484388
0.00483682
0.00482978
0.00482274
0.00481571
0.0048087
0.00480169
0.0047947
0.00478771
0.00478074
0.00477377
0.00476682
0.00475988
0.00475294
0.00474602
0.0047391
0.0047322
0.0047253
0.00471842
0.00471154
0.00470468
0.00469783
0.00469098
0.00468415
0.00467732
0.00467051
0.0046637
0.00465691
0.00465012
0.00464335
0.00463658
0.00462983
0.00462308
0.00461634
0.00460962
0.0046029
0.0045962
0.0045895
0.00458281
0.00457613
0.00456947
0.00456281
0.00455616
0.00454952
0.00454289
0.00453627
0.00452966
0.00452306
0.00451647
0.00450989
0.00450332
0.00449675
0.0044902
0.00448366
0.00447712
0.0044706
0.00446408
0.00445758
0.00445108
0.0044446
0.00443812
0.00443165
0.00442519
0.00441874
0.0044123
0.00440587
0.00439945
0.00439304
0.00438664
0.00438025
0.00437386
0.00436749
0.00436112
0.00435477
0.00434842
0.00434208
0.00433575
0.00432943
0.00432312
0.00431682
0.00431053
0.00430425
0.00429798
0.00429171
0.00428546
0.00427921
0.00427297
0.00426674
0.00426053
0.00425432
0.00424811
0.00424192
0.00423574
0.00422957
0.0042234
0.00421724
0.0042111
0.00420496
0.00419883
0.00419271
0.0041866
0.0041805
0.0041744
0.00416832
0.00416224
0.00415617
0.00415011
0.00414406
0.00413802
0.00413199
0.00412597
0.00411995
0.00411395
0.00410795
0.00410196
0.00409598
0.00409001
0.00408405
0.00407809
0.00407215
0.00406621
0.00406028
0.00405437
0.00404845
0.00404255
0.00403666
0.00403077
0.0040249
0.00401903
0.00401317
0.00400732
0.00400148
0.00399564
0.00398982
0.003984
0.00397819
0.00397239
0.0039666
0.00396082
0.00395504
0.00394927
0.00394352
0.00393777
0.00393203
0.00392629
0.00392057
0.00391485
0.00390914
0.00390344
0.00389775
0.00389207
0.00388639
0.00388073
0.00387507
0.00386942
0.00386378
0.00385814
0.00385252
0.0038469
0.00384129
0.00383569
0.00383009
0.00382451
0.00381893
0.00381336
0.0038078
0.00380225
0.00379671
0.00379117
0.00378564
0.00378012
0.00377461
0.0037691
0.00376361
0.00375812
0.00375264
0.00374717
0.0037417
0.00373624
0.0037308
0.00372535
0.00371992
0.0037145
0.00370908
0.00370367
0.00369827
0.00369288
0.00368749
0.00368211
0.00367674
0.00367138
0.00366603
0.00366068
0.00365534
0.00365001
0.00364469
0.00363937
0.00363406
0.00362876
0.00362347
0.00361818
0.00361291
0.00360764
0.00360238
0.00359712
0.00359188
0.00358664
0.00358141
0.00357618
0.00357097
0.00356576
0.00356056
0.00355536
0.00355018
0.003545
0.00353983
0.00353466
0.00352951
0.00352436
0.00351922
0.00351409
0.00350896
0.00350384
0.00349873
0.00349363
0.00348853
0.00348344
0.00347836
0.00347329
0.00346822
0.00346316
0.00345811
0.00345307
0.00344803
0.003443
0.00343798
0.00343296
0.00342795
0.00342295
0.00341796
0.00341297
0.00340799
0.00340302
0.00339806
0.0033931
0.00338815
0.00338321
0.00337827
0.00337334
0.00336842
0.00336351
0.0033586
0.0033537
0.00334881
0.00334392
0.00333905
0.00333417
0.00332931
0.00332445
0.0033196
0.00331476
0.00330992
0.00330509
0.00330027
0.00329546
0.00329065
0.00328585
0.00328105
0.00327627
0.00327149
0.00326671
0.00326195
0.00325719
0.00325244
0.00324769
0.00324295
0.00323822
0.0032335
0.00322878
0.00322407
0.00321936
0.00321467
0.00320998
0.00320529
0.00320062
0.00319595
0.00319128
0.00318663
0.00318198
0.00317733
0.0031727
0.00316807
0.00316344
0.00315883
0.00315422
0.00314962
0.00314502
0.00314043
0.00313585
0.00313127
0.0031267
0.00312214
0.00311759
0.00311304
0.00310849
0.00310396
0.00309943
0.00309491
0.00309039
0.00308588
0.00308138
0.00307688
0.00307239
0.00306791
0.00306343
0.00305896
0.00305449
0.00305004
0.00304559
0.00304114
0.0030367
0.00303227
0.00302785
0.00302343
0.00301902
0.00301461
0.00301021
0.00300582
0.00300143
0.00299705
0.00299268
0.00298831
0.00298395
0.00297959
0.00297524
0.0029709
0.00296657
0.00296224
0.00295791
0.0029536
0.00294929
0.00294498
0.00294068
0.00293639
0.00293211
0.00292783
0.00292355
0.00291929
0.00291503
0.00291077
0.00290652
0.00290228
0.00289804
0.00289381
0.00288959
0.00288537
0.00288116
0.00287696
0.00287276
0.00286856
0.00286438
0.0028602
0.00285602
0.00285185
0.00284769
0.00284353
0.00283938
0.00283524
0.0028311
0.00282697
0.00282284
0.00281872
0.00281461
0.0028105
0.0028064
0.0028023
0.00279821
0.00279413
0.00279005
0.00278597
0.00278191
0.00277785
0.00277379
0.00276974
0.0027657
0.00276166
0.00275763
0.00275361
0.00274959
0.00274557
0.00274156
0.00273756
0.00273357
0.00272958
0.00272559
0.00272161
0.00271764
0.00271367
0.00270971
0.00270575
0.0027018
0.00269786
0.00269392
0.00268999
0.00268606
0.00268214
0.00267823
0.00267432
0.00267041
0.00266651
0.00266262
0.00265873
0.00265485
0.00265098
0.00264711
0.00264324
0.00263938
0.00263553
0.00263168
0.00262784
0.002624
0.00262017
0.00261635
0.00261253
0.00260871
0.0026049
0.0026011
0.0025973
0.00259351
0.00258972
0.00258594
0.00258217
0.0025784
0.00257463
0.00257087
0.00256712
0.00256337
0.00255963
0.00255589
0.00255216
0.00254844
0.00254471
0.002541
0.00253729
0.00253358
0.00252989
0.00252619
0.0025225
0.00251882
0.00251514
0.00251147
0.0025078
0.00250414
0.00250048
0.00249683
0.00249319
0.00248955
0.00248591
0.00248228
0.00247866
0.00247504
0.00247142
0.00246782
0.00246421
0.00246061
0.00245702
0.00245343
0.00244985
0.00244627
0.0024427
0.00243914
0.00243557
0.00243202
0.00242847
0.00242492
0.00242138
0.00241784
0.00241431
0.00241079
0.00240727
0.00240375
0.00240024
0.00239674
0.00239324
0.00238974
0.00238625
0.00238277
0.00237929
0.00237581
0.00237234
0.00236888
0.00236542
0.00236197
0.00235852
0.00235507
0.00235163
0.0023482
0.00234477
0.00234135
0.00233793
0.00233451
0.0023311
0.0023277
0.0023243
0.0023209
0.00231752
0.00231413
0.00231075
0.00230738
0.00230401
0.00230064
0.00229728
0.00229393
0.00229058
0.00228723
0.00228389
0.00228056
0.00227723
0.0022739
0.00227058
0.00226726
0.00226395
0.00226065
0.00225734
0.00225405
0.00225075
0.00224747
0.00224418
0.00224091
0.00223763
0.00223437
0.0022311
0.00222784
0.00222459
0.00222134
0.0022181
0.00221486
0.00221162
0.00220839
0.00220517
0.00220195
0.00219873
0.00219552
0.00219231
0.00218911
0.00218591
0.00218272
0.00217953
0.00217635
0.00217317
0.00217
0.00216683
0.00216366
0.0021605
0.00215735
0.00215419
0.00215105
0.00214791
0.00214477
0.00214164
0.00213851
0.00213538
0.00213227
0.00212915
0.00212604
0.00212294
0.00211983
0.00211674
0.00211365
0.00211056
0.00210748
0.0021044
0.00210132
0.00209825
0.00209519
0.00209213
0.00208907
0.00208602
0.00208297
0.00207993
0.00207689
0.00207386
0.00207083
0.0020678
0.00206478
0.00206177
0.00205876
0.00205575
0.00205275
0.00204975
0.00204675
0.00204376
0.00204078
0.0020378
0.00203482
0.00203185
0.00202888
0.00202592
0.00202296
0.00202
0.00201705
0.0020141
0.00201116
0.00200822
0.00200529
0.00200236
0.00199943
0.00199651
0.0019936
0.00199068
0.00198778
0.00198487
0.00198197
0.00197908
0.00197619
0.0019733
0.00197042
0.00196754
0.00196466
0.00196179
0.00195893
0.00195607
0.00195321
0.00195035
0.00194751
0.00194466
0.00194182
0.00193898
0.00193615
0.00193332
0.0019305
0.00192768
0.00192486
0.00192205
0.00191924
0.00191644
0.00191364
0.00191084
0.00190805
0.00190526
0.00190248
0.0018997
0.00189692
0.00189415
0.00189138
0.00188862
0.00188586
0.00188311
0.00188035
0.00187761
0.00187486
0.00187212
0.00186939
0.00186666
0.00186393
0.00186121
0.00185849
0.00185577
0.00185306
0.00185035
0.00184765
0.00184495
0.00184226
0.00183956
0.00183688
0.00183419
0.00183151
0.00182884
0.00182616
0.0018235
0.00182083
0.00181817
0.00181551
0.00181286
0.00181021
0.00180757
0.00180493
0.00180229
0.00179966
0.00179703
0.0017944
0.00179178
0.00178916
0.00178655
0.00178394
0.00178133
0.00177873
0.00177613
0.00177353
0.00177094
0.00176835
0.00176577
0.00176319
0.00176061
0.00175804
0.00175547
0.00175291
0.00175034
0.00174779
0.00174523
0.00174268
0.00174014
0.00173759
0.00173505
0.00173252
0.00172999
0.00172746
0.00172494
0.00172242
0.0017199
0.00171738
0.00171488
0.00171237
0.00170987
0.00170737
0.00170487
0.00170238
0.00169989
0.00169741
0.00169493
0.00169245
0.00168998
0.00168751
0.00168504
0.00168258
0.00168012
0.00167767
0.00167522
0.00167277
0.00167032
0.00166788
0.00166545
0.00166301
0.00166058
0.00165816
0.00165573
0.00165331
0.0016509
0.00164848
0.00164607
0.00164367
0.00164127
0.00163887
0.00163647
0.00163408
0.00163169
0.00162931
0.00162693
0.00162455
0.00162218
0.00161981
0.00161744
0.00161508
0.00161272
0.00161036
0.001608
0.00160565
0.00160331
0.00160097
0.00159863
0.00159629
0.00159396
0.00159163
0.0015893
0.00158698
0.00158466
0.00158234
0.00158003
0.00157772
0.00157542
0.00157311
0.00157081
0.00156852
0.00156623
0.00156394
0.00156165
0.00155937
0.00155709
0.00155481
0.00155254
0.00155027
0.00154801
0.00154574
0.00154349
0.00154123
0.00153898
0.00153673
0.00153448
0.00153224
0.00153
0.00152776
0.00152553
0.0015233
0.00152107
0.00151885
0.00151663
0.00151441
0.0015122
0.00150999
0.00150778
0.00150558
0.00150338
0.00150118
0.00149899
0.0014968
0.00149461
0.00149243
0.00149024
0.00148807
0.00148589
0.00148372
0.00148155
0.00147939
0.00147722
0.00147506
0.00147291
0.00147076
0.00146861
0.00146646
0.00146432
0.00146218
0.00146004
0.0014579
0.00145577
0.00145365
0.00145152
0.0014494
0.00144728
0.00144516
0.00144305
0.00144094
0.00143884
0.00143673
0.00143463
0.00143254
0.00143044
0.00142835
0.00142626
0.00142418
0.0014221
0.00142002
0.00141794
0.00141587
0.0014138
0.00141173
0.00140967
0.00140761
0.00140555
0.0014035
0.00140145
0.0013994
0.00139735
0.00139531
0.00139327
0.00139123
0.0013892
0.00138717
0.00138514
0.00138312
0.0013811
0.00137908
0.00137706
0.00137505
0.00137304
0.00137103
0.00136903
0.00136703
0.00136503
0.00136303
0.00136104
0.00135905
0.00135706
0.00135508
0.0013531
0.00135112
0.00134915
0.00134717
0.0013452
0.00134324
0.00134127
0.00133931
0.00133736
0.0013354
0.00133345
0.0013315
0.00132955
0.00132761
0.00132567
0.00132373
0.0013218
0.00131986
0.00131793
0.00131601
0.00131408
0.00131216
0.00131024
0.00130833
0.00130642
0.00130451
0.0013026
0.0013007
0.00129879
0.0012969
0.001295
0.00129311
0.00129122
0.00128933
0.00128744
0.00128556
0.00128368
0.00128181
0.00127993
0.00127806
0.00127619
0.00127433
0.00127246
0.0012706
0.00126875
0.00126689
0.00126504
0.00126319
0.00126134
0.0012595
0.00125766
0.00125582
0.00125398
0.00125215
0.00125032
0.00124849
0.00124667
0.00124484
0.00124302
0.00124121
0.00123939
0.00123758
0.00123577
0.00123396
0.00123216
0.00123036
0.00122856
0.00122676
0.00122497
0.00122318
0.00122139
0.0012196
0.00121782
0.00121604
0.00121426
0.00121249
0.00121072
0.00120895
0.00120718
0.00120541
0.00120365
0.00120189
0.00120013
0.00119838
0.00119663
0.00119488
0.00119313
0.00119139
0.00118964
0.00118791
0.00118617
0.00118443
0.0011827
0.00118097
0.00117925
0.00117752
0.0011758
0.00117408
0.00117237
0.00117065
0.00116894
0.00116723
0.00116552
0.00116382
0.00116212
0.00116042
0.00115872
0.00115703
0.00115534
0.00115365
0.00115196
0.00115028
0.00114859
0.00114692
0.00114524
0.00114356
0.00114189
0.00114022
0.00113856
0.00113689
0.00113523
0.00113357
0.00113191
0.00113026
0.0011286
0.00112695
0.00112531
0.00112366
0.00112202
0.00112038
0.00111874
0.0011171
0.00111547
0.00111384
0.00111221
0.00111058
0.00110896
0.00110734
0.00110572
0.0011041
0.00110249
0.00110088
0.00109927
0.00109766
0.00109605
0.00109445
0.00109285
0.00109125
0.00108966
0.00108806
0.00108647
0.00108489
0.0010833
0.00108171
0.00108013
0.00107855
0.00107698
0.0010754
0.00107383
0.00107226
0.00107069
0.00106913
0.00106756
0.001066
0.00106444
0.00106289
0.00106133
0.00105978
0.00105823
0.00105668
0.00105514
0.0010536
0.00105205
0.00105052
0.00104898
0.00104745
0.00104591
0.00104439
0.00104286
0.00104133
0.00103981
0.00103829
0.00103677
0.00103526
0.00103374
0.00103223
0.00103072
0.00102921
0.00102771
0.00102621
0.00102471
0.00102321
0.00102171
0.00102022
0.00101873
0.00101724
0.00101575
0.00101426
0.00101278
0.0010113
0.00100982
0.00100834
0.00100687
0.0010054
0.00100393
0.00100246
0.00100099
0.000999528
0.000998067
0.000996607
0.00099515
0.000993695
0.000992242
0.000990791
0.000989342
0.000987895
0.00098645
0.000985008
0.000983567
0.000982129
0.000980693
0.000979259
0.000977827
0.000976397
0.000974969
0.000973543
0.00097212
0.000970698
0.000969279
0.000967861
0.000966446
0.000965033
0.000963621
0.000962212
0.000960805
0.0009594
0.000957997
0.000956596
0.000955197
0.0009538
0.000952405
0.000951013
0.000949622
0.000948233
0.000946847
0.000945462
0.000944079
0.000942699
0.00094132
0.000939943
0.000938569
0.000937196
0.000935826
0.000934457
0.000933091
0.000931726
0.000930364
0.000929003
0.000927644
0.000926288
0.000924933
0.00092358
0.00092223
0.000920881
0.000919534
0.00091819
0.000916847
0.000915506
0.000914167
0.00091283
0.000911495
0.000910162
0.000908831
0.000907502
0.000906175
0.00090485
0.000903526
0.000902205
0.000900886
0.000899568
0.000898253
0.000896939
0.000895627
0.000894317
0.000893009
0.000891703
0.000890399
0.000889097
0.000887797
0.000886498
0.000885202
0.000883907
0.000882615
0.000881324
0.000880035
0.000878748
0.000877463
0.000876179
0.000874898
0.000873619
0.000872341
0.000871065
0.000869791
0.000868519
0.000867249
0.000865981
0.000864714
0.000863449
0.000862187
0.000860926
0.000859666
0.000858409
0.000857154
0.0008559
0.000854648
0.000853398
0.00085215
0.000850904
0.00084966
0.000848417
0.000847176
0.000845937
0.0008447
0.000843464
0.000842231
0.000840999
0.000839769
0.000838541
0.000837314
0.00083609
0.000834867
0.000833646
0.000832427
0.000831209
0.000829994
0.00082878
0.000827567
0.000826357
0.000825148
0.000823942
0.000822737
0.000821533
0.000820332
0.000819132
0.000817934
0.000816738
0.000815543
0.00081435
0.000813159
0.00081197
0.000810782
0.000809596
0.000808412
0.00080723
0.000806049
0.00080487
0.000803693
0.000802518
0.000801344
0.000800172
0.000799002
0.000797833
0.000796666
0.000795501
0.000794337
0.000793176
0.000792015
0.000790857
0.0007897
0.000788545
0.000787392
0.00078624
0.00078509
0.000783942
0.000782795
0.00078165
0.000780507
0.000779366
0.000778226
0.000777087
0.000775951
0.000774816
0.000773683
0.000772551
0.000771421
0.000770293
0.000769166
0.000768041
0.000766918
0.000765796
0.000764676
0.000763557
0.000762441
0.000761325
0.000760212
0.0007591
0.00075799
0.000756881
0.000755774
0.000754668
0.000753565
0.000752462
0.000751362
0.000750263
0.000749165
0.00074807
0.000746975
0.000745883
0.000744792
0.000743702
0.000742615
0.000741528
0.000740444
0.000739361
0.000738279
0.000737199
0.000736121
0.000735044
0.000733969
0.000732896
0.000731824
0.000730753
0.000729684
0.000728617
0.000727551
0.000726487
0.000725424
0.000724363
0.000723304
0.000722246
0.000721189
0.000720134
0.000719081
0.000718029
0.000716979
0.00071593
0.000714883
0.000713837
0.000712793
0.000711751
0.000710709
0.00070967
0.000708632
0.000707595
0.00070656
0.000705527
0.000704495
0.000703464
0.000702435
0.000701408
0.000700382
0.000699357
0.000698334
0.000697313
0.000696293
0.000695274
0.000694257
0.000693242
0.000692228
0.000691215
0.000690204
0.000689194
0.000688186
0.00068718
0.000686175
0.000685171
0.000684169
0.000683168
0.000682168
0.000681171
0.000680174
0.000679179
0.000678186
0.000677194
0.000676203
0.000675214
0.000674226
0.00067324
0.000672255
0.000671272
0.00067029
0.000669309
0.00066833
0.000667353
0.000666377
0.000665402
0.000664428
0.000663456
0.000662486
0.000661517
0.000660549
0.000659583
0.000658618
0.000657655
0.000656693
0.000655732
0.000654773
0.000653815
0.000652859
0.000651904
0.00065095
0.000649998
0.000649047
0.000648097
0.000647149
0.000646203
0.000645257
0.000644314
0.000643371
0.00064243
0.00064149
0.000640552
0.000639615
0.000638679
0.000637745
0.000636812
0.00063588
0.00063495
0.000634021
0.000633094
0.000632168
0.000631243
0.00063032
0.000629397
0.000628477
0.000627557
0.000626639
0.000625723
0.000624807
0.000623893
0.000622981
0.000622069
0.000621159
0.000620251
0.000619343
0.000618437
0.000617533
0.000616629
0.000615727
0.000614826
0.000613927
0.000613029
0.000612132
0.000611237
0.000610343
0.00060945
0.000608558
0.000607668
0.000606779
0.000605891
0.000605005
0.00060412
0.000603236
0.000602354
0.000601472
0.000600593
0.000599714
0.000598837
0.000597961
0.000597086
0.000596212
0.00059534
0.000594469
0.0005936
0.000592731
0.000591864
0.000590998
0.000590134
0.00058927
0.000588408
0.000587548
0.000586688
0.00058583
0.000584973
0.000584117
0.000583262
0.000582409
0.000581557
0.000580706
0.000579857
0.000579009
0.000578161
0.000577316
0.000576471
0.000575628
0.000574786
0.000573945
0.000573105
0.000572267
0.00057143
0.000570594
0.000569759
0.000568925
0.000568093
0.000567262
0.000566432
0.000565603
0.000564776
0.00056395
0.000563125
0.000562301
0.000561478
0.000560657
0.000559837
0.000559018
0.0005582
0.000557383
0.000556568
0.000555753
0.00055494
0.000554129
0.000553318
0.000552508
0.0005517
0.000550893
0.000550087
0.000549282
0.000548479
0.000547676
0.000546875
0.000546075
0.000545276
0.000544478
0.000543682
0.000542886
0.000542092
0.000541299
0.000540507
0.000539716
0.000538927
0.000538138
0.000537351
0.000536565
0.00053578
0.000534996
0.000534214
0.000533432
0.000532652
0.000531872
0.000531094
0.000530317
0.000529541
0.000528767
0.000527993
0.000527221
0.000526449
0.000525679
0.00052491
0.000524142
0.000523375
0.00052261
0.000521845
0.000521081
0.000520319
0.000519558
0.000518798
0.000518039
0.000517281
0.000516524
0.000515768
0.000515014
0.00051426
0.000513508
0.000512757
0.000512006
0.000511257
0.000510509
0.000509763
0.000509017
0.000508272
0.000507528
0.000506786
0.000506044
0.000505304
0.000504565
0.000503827
0.00050309
0.000502353
0.000501619
0.000500885
0.000500152
0.00049942
0.000498689
0.00049796
0.000497231
0.000496504
0.000495777
0.000495052
0.000494328
0.000493605
0.000492882
0.000492161
0.000491441
0.000490722
0.000490004
0.000489287
0.000488571
0.000487857
0.000487143
0.00048643
0.000485718
0.000485008
0.000484298
0.00048359
0.000482882
0.000482176
0.00048147
0.000480766
0.000480062
0.00047936
0.000478659
0.000477958
0.000477259
0.000476561
0.000475864
0.000475167
0.000474472
0.000473778
0.000473085
0.000472393
0.000471701
0.000471011
0.000470322
0.000469634
0.000468947
0.000468261
0.000467576
0.000466892
0.000466209
0.000465526
0.000464845
0.000464165
0.000463486
0.000462808
0.000462131
0.000461455
0.00046078
0.000460105
0.000459432
0.00045876
0.000458089
0.000457419
0.000456749
0.000456081
0.000455414
0.000454747
0.000454082
0.000453418
0.000452754
0.000452092
0.00045143
0.00045077
0.00045011
0.000449452
0.000448794
0.000448138
0.000447482
0.000446827
0.000446173
0.000445521
0.000444869
0.000444218
0.000443568
0.000442919
0.000442271
0.000441624
0.000440978
0.000440332
0.000439688
0.000439045
0.000438403
0.000437761
0.000437121
0.000436481
0.000435842
0.000435205
0.000434568
0.000433932
0.000433297
0.000432663
0.00043203
0.000431398
0.000430767
0.000430137
0.000429507
0.000428879
0.000428251
0.000427625
0.000426999
0.000426374
0.00042575
0.000425127
0.000424505
0.000423884
0.000423264
0.000422645
0.000422026
0.000421409
0.000420792
0.000420177
0.000419562
0.000418948
0.000418335
0.000417723
0.000417112
0.000416501
0.000415892
0.000415283
0.000414676
0.000414069
0.000413463
0.000412858
0.000412254
0.000411651
0.000411049
0.000410447
0.000409847
0.000409247
0.000408648
0.00040805
0.000407453
0.000406857
0.000406262
0.000405667
0.000405074
0.000404481
0.000403889
0.000403298
0.000402708
0.000402119
0.000401531
0.000400943
0.000400356
0.000399771
0.000399186
0.000398602
0.000398018
0.000397436
0.000396854
0.000396274
0.000395694
0.000395115
0.000394537
0.00039396
0.000393383
0.000392808
0.000392233
0.000391659
0.000391086
0.000390514
0.000389942
0.000389372
0.000388802
0.000388233
0.000387665
0.000387098
0.000386531
0.000385966
0.000385401
0.000384837
0.000384274
0.000383712
0.00038315
0.00038259
0.00038203
0.000381471
0.000380913
0.000380355
0.000379799
0.000379243
0.000378688
0.000378134
0.000377581
0.000377028
0.000376476
0.000375926
0.000375376
0.000374826
0.000374278
0.00037373
0.000373183
0.000372637
0.000372092
0.000371548
0.000371004
0.000370461
0.000369919
0.000369378
0.000368837
0.000368298
0.000367759
0.00036722
0.000366683
0.000366147
0.000365611
0.000365076
0.000364542
0.000364008
0.000363476
0.000362944
0.000362413
0.000361882
0.000361353
0.000360824
0.000360296
0.000359769
0.000359243
0.000358717
0.000358192
0.000357668
0.000357145
0.000356622
0.0003561
0.000355579
0.000355059
0.000354539
0.00035402
0.000353502
0.000352985
0.000352469
0.000351953
0.000351438
0.000350924
0.00035041
0.000349897
0.000349385
0.000348874
0.000348364
0.000347854
0.000347345
0.000346837
0.000346329
0.000345822
0.000345316
0.000344811
0.000344306
0.000343803
0.0003433
0.000342797
0.000342296
0.000341795
0.000341295
0.000340795
0.000340297
0.000339799
0.000339301
0.000338805
0.000338309
0.000337814
0.00033732
0.000336826
0.000336333
0.000335841
0.00033535
0.000334859
0.000334369
0.00033388
0.000333391
0.000332903
0.000332416
0.00033193
0.000331444
0.000330959
0.000330475
0.000329991
0.000329508
0.000329026
0.000328545
0.000328064
0.000327584
0.000327105
0.000326626
0.000326148
0.000325671
0.000325194
0.000324718
0.000324243
0.000323769
0.000323295
0.000322822
0.000322349
0.000321878
0.000321407
0.000320936
0.000320467
0.000319998
0.00031953
0.000319062
0.000318595
0.000318129
0.000317663
0.000317199
0.000316734
0.000316271
0.000315808
0.000315346
0.000314885
0.000314424
0.000313964
0.000313504
0.000313046
0.000312587
0.00031213
0.000311673
0.000311217
0.000310762
0.000310307
0.000309853
0.0003094
0.000308947
0.000308495
0.000308043
0.000307593
0.000307142
0.000306693
0.000306244
0.000305796
0.000305349
0.000304902
0.000304456
0.00030401
0.000303565
0.000303121
0.000302677
0.000302234
0.000301792
0.000301351
0.00030091
0.000300469
0.00030003
0.000299591
0.000299152
0.000298714
0.000298277
0.000297841
0.000297405
0.00029697
0.000296535
0.000296101
0.000295668
0.000295235
0.000294803
0.000294372
0.000293941
0.000293511
0.000293081
0.000292653
0.000292224
0.000291797
0.00029137
0.000290943
0.000290518
0.000290092
0.000289668
0.000289244
0.000288821
0.000288398
0.000287976
0.000287555
0.000287134
0.000286714
0.000286294
0.000285875
0.000285457
0.000285039
0.000284622
0.000284206
0.00028379
0.000283374
0.00028296
0.000282546
0.000282132
0.000281719
0.000281307
0.000280895
0.000280484
0.000280074
0.000279664
0.000279255
0.000278846
0.000278438
0.000278031
0.000277624
0.000277217
0.000276812
0.000276407
0.000276002
0.000275598
0.000275195
0.000274792
0.00027439
0.000273989
0.000273588
0.000273187
0.000272788
0.000272388
0.00027199
0.000271592
0.000271194
0.000270797
0.000270401
0.000270006
0.00026961
0.000269216
0.000268822
0.000268429
0.000268036
0.000267643
0.000267252
0.000266861
0.00026647
0.00026608
0.000265691
0.000265302
0.000264914
0.000264526
0.000264139
0.000263752
0.000263367
0.000262981
0.000262596
0.000262212
0.000261828
0.000261445
0.000261063
0.00026068
0.000260299
0.000259918
0.000259538
0.000259158
0.000258779
0.0002584
0.000258022
0.000257644
0.000257267
0.000256891
0.000256515
0.000256139
0.000255765
0.00025539
0.000255017
0.000254643
0.000254271
0.000253899
0.000253527
0.000253156
0.000252786
0.000252416
0.000252046
0.000251677
0.000251309
0.000250941
0.000250574
0.000250207
0.000249841
0.000249476
0.000249111
0.000248746
0.000248382
0.000248019
0.000247656
0.000247293
0.000246931
0.00024657
0.000246209
0.000245849
0.000245489
0.00024513
0.000244771
0.000244413
0.000244055
0.000243698
0.000243341
0.000242985
0.00024263
0.000242275
0.00024192
0.000241566
0.000241212
0.000240859
0.000240507
0.000240155
0.000239804
0.000239453
0.000239102
0.000238752
0.000238403
0.000238054
0.000237706
0.000237358
0.00023701
0.000236664
0.000236317
0.000235971
0.000235626
0.000235281
0.000234937
0.000234593
0.00023425
0.000233907
0.000233565
0.000233223
0.000232882
0.000232541
0.000232201
0.000231861
0.000231521
0.000231183
0.000230844
0.000230506
0.000230169
0.000229832
0.000229496
0.00022916
0.000228825
0.00022849
0.000228155
0.000227822
0.000227488
0.000227155
0.000226823
0.000226491
0.000226159
0.000225828
0.000225498
0.000225168
0.000224838
0.000224509
0.000224181
0.000223853
0.000223525
0.000223198
0.000222871
0.000222545
0.00022222
0.000221894
0.00022157
0.000221245
0.000220922
0.000220598
0.000220275
0.000219953
0.000219631
0.00021931
0.000218989
0.000218668
0.000218348
0.000218029
0.00021771
0.000217391
0.000217073
0.000216755
0.000216438
0.000216121
0.000215805
0.000215489
0.000215174
0.000214859
0.000214545
0.000214231
0.000213917
0.000213604
0.000213291
0.000212979
0.000212668
0.000212356
0.000212046
0.000211735
0.000211425
0.000211116
0.000210807
0.000210498
0.00021019
0.000209883
0.000209576
0.000209269
0.000208963
0.000208657
0.000208352
0.000208047
0.000207742
0.000207438
0.000207135
0.000206831
0.000206529
0.000206226
0.000205925
0.000205623
0.000205322
0.000205022
0.000204722
0.000204422
0.000204123
0.000203824
0.000203526
0.000203228
0.000202931
0.000202634
0.000202337
0.000202041
0.000201745
0.00020145
0.000201155
0.000200861
0.000200567
0.000200273
0.00019998
0.000199688
0.000199395
0.000199104
0.000198812
0.000198521
0.000198231
0.000197941
0.000197651
0.000197362
0.000197073
0.000196785
0.000196497
0.000196209
0.000195922
0.000195635
0.000195349
0.000195063
0.000194777
0.000194492
0.000194208
0.000193923
0.00019364
0.000193356
0.000193073
0.000192791
0.000192509
0.000192227
0.000191946
0.000191665
0.000191384
0.000191104
0.000190824
0.000190545
0.000190266
0.000189988
0.00018971
0.000189432
0.000189155
0.000188878
0.000188602
0.000188326
0.00018805
0.000187775
0.0001875
0.000187226
0.000186952
0.000186678
0.000186405
0.000186132
0.00018586
0.000185588
0.000185316
0.000185045
0.000184774
0.000184503
0.000184233
0.000183964
0.000183695
0.000183426
0.000183157
0.000182889
0.000182622
0.000182354
0.000182087
0.000181821
0.000181555
0.000181289
0.000181024
0.000180759
0.000180494
0.00018023
0.000179966
0.000179703
0.00017944
0.000179177
0.000178915
0.000178653
0.000178392
0.000178131
0.00017787
0.00017761
0.00017735
0.00017709
0.000176831
0.000176572
0.000176314
0.000176056
0.000175798
0.000175541
0.000175284
0.000175028
0.000174771
0.000174516
0.00017426
0.000174005
0.000173751
0.000173496
0.000173242
0.000172989
0.000172736
0.000172483
0.00017223
0.000171978
0.000171727
0.000171475
0.000171224
0.000170974
0.000170724
0.000170474
0.000170224
0.000169975
0.000169726
0.000169478
0.00016923
0.000168982
0.000168735
0.000168488
0.000168241
0.000167995
0.000167749
0.000167504
0.000167259
0.000167014
0.000166769
0.000166525
0.000166282
0.000166038
0.000165795
0.000165553
0.00016531
0.000165068
0.000164827
0.000164586
0.000164345
0.000164104
0.000163864
0.000163624
0.000163385
0.000163146
0.000162907
0.000162668
0.00016243
0.000162193
0.000161955
0.000161718
0.000161482
0.000161245
0.000161009
0.000160774
0.000160538
0.000160303
0.000160069
0.000159834
0.0001596
0.000159367
0.000159134
0.000158901
0.000158668
0.000158436
0.000158204
0.000157973
0.000157741
0.000157511
0.00015728
0.00015705
0.00015682
0.00015659
0.000156361
0.000156132
0.000155904
0.000155676
0.000155448
0.00015522
0.000154993
0.000154766
0.00015454
0.000154314
0.000154088
0.000153862
0.000153637
0.000153412
0.000153188
0.000152964
0.00015274
0.000152516
0.000152293
0.00015207
0.000151848
0.000151625
0.000151403
0.000151182
0.000150961
0.00015074
0.000150519
0.000150299
0.000150079
0.000149859
0.00014964
0.000149421
0.000149202
0.000148984
0.000148766
0.000148548
0.00014833
0.000148113
0.000147897
0.00014768
0.000147464
0.000147248
0.000147033
0.000146818
0.000146603
0.000146388
0.000146174
0.00014596
0.000145746
0.000145533
0.00014532
0.000145107
0.000144895
0.000144683
0.000144471
0.00014426
0.000144049
0.000143838
0.000143627
0.000143417
0.000143207
0.000142997
0.000142788
0.000142579
0.000142371
0.000142162
0.000141954
0.000141746
0.000141539
0.000141332
0.000141125
0.000140918
0.000140712
0.000140506
0.000140301
0.000140095
0.00013989
0.000139685
0.000139481
0.000139277
0.000139073
0.000138869
0.000138666
0.000138463
0.000138261
0.000138058
0.000137856
0.000137654
0.000137453
0.000137252
0.000137051
0.00013685
0.00013665
0.00013645
0.00013625
0.000136051
0.000135852
0.000135653
0.000135454
0.000135256
0.000135058
0.000134861
0.000134663
0.000134466
0.000134269
0.000134073
0.000133877
0.000133681
0.000133485
0.00013329
0.000133095
0.0001329
0.000132705
0.000132511
0.000132317
0.000132123
0.00013193
0.000131737
0.000131544
0.000131352
0.000131159
0.000130967
0.000130776
0.000130584
0.000130393
0.000130202
0.000130012
0.000129822
0.000129632
0.000129442
0.000129252
0.000129063
0.000128874
0.000128686
0.000128497
0.000128309
0.000128121
0.000127934
0.000127747
0.00012756
0.000127373
0.000127187
0.000127
0.000126815
0.000126629
0.000126444
0.000126259
0.000126074
0.000125889
0.000125705
0.000125521
0.000125337
0.000125154
0.000124971
0.000124788
0.000124605
0.000124423
0.000124241
0.000124059
0.000123877
0.000123696
0.000123515
0.000123334
0.000123154
0.000122973
0.000122793
0.000122614
0.000122434
0.000122255
0.000122076
0.000121897
0.000121719
0.000121541
0.000121363
0.000121185
0.000121008
0.000120831
0.000120654
0.000120477
0.000120301
0.000120125
0.000119949
0.000119774
0.000119598
0.000119423
0.000119249
0.000119074
0.0001189
0.000118726
0.000118552
0.000118378
0.000118205
0.000118032
0.000117859
0.000117687
0.000117515
0.000117343
0.000117171
0.000116999
0.000116828
0.000116657
0.000116486
0.000116316
0.000116146
0.000115976
0.000115806
0.000115637
0.000115467
0.000115298
0.00011513
0.000114961
0.000114793
0.000114625
0.000114457
0.000114289
0.000114122
0.000113955
0.000113788
0.000113622
0.000113456
0.00011329
0.000113124
0.000112958
0.000112793
0.000112628
0.000112463
0.000112298
0.000112134
0.00011197
0.000111806
0.000111642
0.000111479
0.000111316
0.000111153
0.00011099
0.000110828
0.000110665
0.000110503
0.000110342
0.00011018
0.000110019
0.000109858
0.000109697
0.000109537
0.000109376
0.000109216
0.000109056
0.000108897
0.000108737
0.000108578
0.000108419
0.000108261
0.000108102
0.000107944
0.000107786
0.000107628
0.000107471
0.000107313
0.000107156
0.000106999
0.000106843
0.000106686
0.00010653
0.000106374
0.000106219
0.000106063
0.000105908
0.000105753
0.000105598
0.000105444
0.000105289
0.000105135
0.000104981
0.000104828
0.000104674
0.000104521
0.000104368
0.000104215
0.000104063
0.000103911
0.000103758
0.000103607
0.000103455
0.000103304
0.000103152
0.000103001
0.000102851
0.0001027
0.00010255
0.0001024
0.00010225
0.0001021
0.000101951
0.000101801
0.000101652
0.000101504
0.000101355
0.000101207
0.000101059
0.000100911
0.000100763
0.000100616
0.000100468
0.000100321
0.000100174
0.000100028
9.98814e-05
9.97352e-05
9.95892e-05
9.94435e-05
9.92979e-05
9.91526e-05
9.90075e-05
9.88625e-05
9.87178e-05
9.85734e-05
9.84291e-05
9.8285e-05
9.81412e-05
9.79975e-05
9.78541e-05
9.77109e-05
9.75679e-05
9.74251e-05
9.72825e-05
9.71401e-05
9.69979e-05
9.68559e-05
9.67142e-05
9.65726e-05
9.64313e-05
9.62901e-05
9.61492e-05
9.60085e-05
9.58679e-05
9.57276e-05
9.55875e-05
9.54476e-05
9.53079e-05
9.51684e-05
9.50291e-05
9.489e-05
9.47512e-05
9.46125e-05
9.4474e-05
9.43357e-05
9.41976e-05
9.40598e-05
9.39221e-05
9.37846e-05
9.36474e-05
9.35103e-05
9.33734e-05
9.32368e-05
9.31003e-05
9.2964e-05
9.2828e-05
9.26921e-05
9.25565e-05
9.2421e-05
9.22857e-05
9.21506e-05
9.20158e-05
9.18811e-05
9.17466e-05
9.16123e-05
9.14782e-05
9.13443e-05
9.12106e-05
9.10771e-05
9.09438e-05
9.08107e-05
9.06778e-05
9.05451e-05
9.04126e-05
9.02802e-05
9.01481e-05
9.00162e-05
8.98844e-05
8.97529e-05
8.96215e-05
8.94903e-05
8.93593e-05
8.92285e-05
8.90979e-05
8.89675e-05
8.88373e-05
8.87073e-05
8.85775e-05
8.84478e-05
8.83184e-05
8.81891e-05
8.806e-05
8.79311e-05
8.78024e-05
8.76739e-05
8.75456e-05
8.74175e-05
8.72895e-05
8.71617e-05
8.70342e-05
8.69068e-05
8.67796e-05
8.66526e-05
8.65257e-05
8.63991e-05
8.62726e-05
8.61464e-05
8.60203e-05
8.58944e-05
8.57687e-05
8.56431e-05
8.55178e-05
8.53926e-05
8.52676e-05
8.51428e-05
8.50182e-05
8.48938e-05
8.47695e-05
8.46454e-05
8.45215e-05
8.43978e-05
8.42743e-05
8.4151e-05
8.40278e-05
8.39048e-05
8.3782e-05
8.36594e-05
8.35369e-05
8.34146e-05
8.32926e-05
8.31706e-05
8.30489e-05
8.29274e-05
8.2806e-05
8.26848e-05
8.25638e-05
8.24429e-05
8.23223e-05
8.22018e-05
8.20814e-05
8.19613e-05
8.18413e-05
8.17216e-05
8.16019e-05
8.14825e-05
8.13632e-05
8.12442e-05
8.11252e-05
8.10065e-05
8.08879e-05
8.07695e-05
8.06513e-05
8.05333e-05
8.04154e-05
8.02977e-05
8.01802e-05
8.00628e-05
7.99456e-05
7.98286e-05
7.97118e-05
7.95951e-05
7.94786e-05
7.93623e-05
7.92461e-05
7.91301e-05
7.90143e-05
7.88987e-05
7.87832e-05
7.86679e-05
7.85527e-05
7.84378e-05
7.8323e-05
7.82083e-05
7.80938e-05
7.79795e-05
7.78654e-05
7.77514e-05
7.76376e-05
7.7524e-05
7.74105e-05
7.72972e-05
7.71841e-05
7.70711e-05
7.69583e-05
7.68457e-05
7.67332e-05
7.66209e-05
7.65087e-05
7.63968e-05
7.62849e-05
7.61733e-05
7.60618e-05
7.59505e-05
7.58393e-05
7.57283e-05
7.56175e-05
7.55068e-05
7.53963e-05
7.52859e-05
7.51757e-05
7.50657e-05
7.49558e-05
7.48461e-05
7.47366e-05
7.46272e-05
7.45179e-05
7.44089e-05
7.43e-05
7.41912e-05
7.40826e-05
7.39742e-05
7.38659e-05
7.37578e-05
7.36498e-05
7.3542e-05
7.34344e-05
7.33269e-05
7.32196e-05
7.31124e-05
7.30054e-05
7.28986e-05
7.27919e-05
7.26853e-05
7.25789e-05
7.24727e-05
7.23666e-05
7.22607e-05
7.21549e-05
7.20493e-05
7.19439e-05
7.18386e-05
7.17334e-05
7.16284e-05
7.15236e-05
7.14189e-05
7.13144e-05
7.121e-05
7.11058e-05
7.10017e-05
7.08978e-05
7.0794e-05
7.06904e-05
7.05869e-05
7.04836e-05
7.03804e-05
7.02774e-05
7.01745e-05
7.00718e-05
6.99693e-05
6.98669e-05
6.97646e-05
6.96625e-05
6.95605e-05
6.94587e-05
6.9357e-05
6.92555e-05
6.91542e-05
6.90529e-05
6.89519e-05
6.88509e-05
6.87502e-05
6.86495e-05
6.85491e-05
6.84487e-05
6.83485e-05
6.82485e-05
6.81486e-05
6.80489e-05
6.79493e-05
6.78498e-05
6.77505e-05
6.76513e-05
6.75523e-05
6.74534e-05
6.73547e-05
6.72561e-05
6.71577e-05
6.70594e-05
6.69612e-05
6.68632e-05
6.67654e-05
6.66676e-05
6.657e-05
6.64726e-05
6.63753e-05
6.62782e-05
6.61812e-05
6.60843e-05
6.59876e-05
6.5891e-05
6.57945e-05
6.56982e-05
6.56021e-05
6.55061e-05
6.54102e-05
6.53144e-05
6.52188e-05
6.51234e-05
6.50281e-05
6.49329e-05
6.48378e-05
6.47429e-05
6.46482e-05
6.45535e-05
6.44591e-05
6.43647e-05
6.42705e-05
6.41764e-05
6.40825e-05
6.39887e-05
6.3895e-05
6.38015e-05
6.37081e-05
6.36149e-05
6.35218e-05
6.34288e-05
6.3336e-05
6.32433e-05
6.31507e-05
6.30583e-05
6.2966e-05
6.28738e-05
6.27818e-05
6.26899e-05
6.25981e-05
6.25065e-05
6.2415e-05
6.23237e-05
6.22324e-05
6.21413e-05
6.20504e-05
6.19596e-05
6.18689e-05
6.17783e-05
6.16879e-05
6.15976e-05
6.15074e-05
6.14174e-05
6.13275e-05
6.12378e-05
6.11481e-05
6.10586e-05
6.09693e-05
6.088e-05
6.07909e-05
6.07019e-05
6.06131e-05
6.05244e-05
6.04358e-05
6.03473e-05
6.0259e-05
6.01708e-05
6.00827e-05
5.99948e-05
5.9907e-05
5.98193e-05
5.97317e-05
5.96443e-05
5.9557e-05
5.94698e-05
5.93828e-05
5.92959e-05
5.92091e-05
5.91224e-05
5.90359e-05
5.89495e-05
5.88632e-05
5.8777e-05
5.8691e-05
5.86051e-05
5.85193e-05
5.84336e-05
5.83481e-05
5.82627e-05
5.81774e-05
5.80923e-05
5.80072e-05
5.79223e-05
5.78376e-05
5.77529e-05
5.76684e-05
5.7584e-05
5.74997e-05
5.74155e-05
5.73315e-05
5.72476e-05
5.71638e-05
5.70801e-05
5.69966e-05
5.69131e-05
5.68298e-05
5.67466e-05
5.66636e-05
5.65806e-05
5.64978e-05
5.64151e-05
5.63326e-05
5.62501e-05
5.61678e-05
5.60856e-05
5.60035e-05
5.59215e-05
5.58396e-05
5.57579e-05
5.56763e-05
5.55948e-05
5.55134e-05
5.54322e-05
5.5351e-05
5.527e-05
5.51891e-05
5.51084e-05
5.50277e-05
5.49471e-05
5.48667e-05
5.47864e-05
5.47062e-05
5.46262e-05
5.45462e-05
5.44664e-05
5.43866e-05
5.4307e-05
5.42275e-05
5.41482e-05
5.40689e-05
5.39898e-05
5.39107e-05
5.38318e-05
5.3753e-05
5.36744e-05
5.35958e-05
5.35174e-05
5.3439e-05
5.33608e-05
5.32827e-05
5.32047e-05
5.31268e-05
5.30491e-05
5.29714e-05
5.28939e-05
5.28165e-05
5.27392e-05
5.2662e-05
5.25849e-05
5.25079e-05
5.24311e-05
5.23543e-05
5.22777e-05
5.22012e-05
5.21248e-05
5.20485e-05
5.19723e-05
5.18962e-05
5.18203e-05
5.17444e-05
5.16687e-05
5.1593e-05
5.15175e-05
5.14421e-05
5.13668e-05
5.12916e-05
5.12166e-05
5.11416e-05
5.10667e-05
5.0992e-05
5.09174e-05
5.08428e-05
5.07684e-05
5.06941e-05
5.06199e-05
5.05458e-05
5.04718e-05
5.0398e-05
5.03242e-05
5.02505e-05
5.0177e-05
5.01035e-05
5.00302e-05
4.9957e-05
4.98838e-05
4.98108e-05
4.97379e-05
4.96651e-05
4.95924e-05
4.95198e-05
4.94474e-05
4.9375e-05
4.93027e-05
4.92305e-05
4.91585e-05
4.90865e-05
4.90147e-05
4.89429e-05
4.88713e-05
4.87998e-05
4.87283e-05
4.8657e-05
4.85858e-05
4.85147e-05
4.84437e-05
4.83728e-05
4.8302e-05
4.82313e-05
4.81607e-05
4.80902e-05
4.80198e-05
4.79495e-05
4.78793e-05
4.78092e-05
4.77393e-05
4.76694e-05
4.75996e-05
4.75299e-05
4.74604e-05
4.73909e-05
4.73215e-05
4.72523e-05
4.71831e-05
4.7114e-05
4.70451e-05
4.69762e-05
4.69075e-05
4.68388e-05
4.67702e-05
4.67018e-05
4.66334e-05
4.65652e-05
4.6497e-05
4.6429e-05
4.6361e-05
4.62931e-05
4.62254e-05
4.61577e-05
4.60902e-05
4.60227e-05
4.59553e-05
4.58881e-05
4.58209e-05
4.57538e-05
4.56869e-05
4.562e-05
4.55532e-05
4.54865e-05
4.542e-05
4.53535e-05
4.52871e-05
4.52208e-05
4.51546e-05
4.50885e-05
4.50225e-05
4.49566e-05
4.48908e-05
4.48251e-05
4.47595e-05
4.4694e-05
4.46286e-05
4.45632e-05
4.4498e-05
4.44329e-05
4.43678e-05
4.43029e-05
4.42381e-05
4.41733e-05
4.41087e-05
4.40441e-05
4.39796e-05
4.39153e-05
4.3851e-05
4.37868e-05
4.37227e-05
4.36587e-05
4.35948e-05
4.3531e-05
4.34673e-05
4.34036e-05
4.33401e-05
4.32767e-05
4.32133e-05
4.31501e-05
4.30869e-05
4.30239e-05
4.29609e-05
4.2898e-05
4.28352e-05
4.27725e-05
4.27099e-05
4.26474e-05
4.2585e-05
4.25226e-05
4.24604e-05
4.23982e-05
4.23362e-05
4.22742e-05
4.22123e-05
4.21506e-05
4.20889e-05
4.20272e-05
4.19657e-05
4.19043e-05
4.1843e-05
4.17817e-05
4.17206e-05
4.16595e-05
4.15985e-05
4.15376e-05
4.14768e-05
4.14161e-05
4.13555e-05
4.1295e-05
4.12345e-05
4.11742e-05
4.11139e-05
4.10537e-05
4.09936e-05
4.09336e-05
4.08737e-05
4.08139e-05
4.07542e-05
4.06945e-05
4.06349e-05
4.05755e-05
4.05161e-05
4.04568e-05
4.03975e-05
4.03384e-05
4.02794e-05
4.02204e-05
4.01615e-05
4.01028e-05
4.00441e-05
3.99854e-05
3.99269e-05
3.98685e-05
3.98101e-05
3.97519e-05
3.96937e-05
3.96356e-05
3.95775e-05
3.95196e-05
3.94618e-05
3.9404e-05
3.93463e-05
3.92887e-05
3.92312e-05
3.91738e-05
3.91165e-05
3.90592e-05
3.9002e-05
3.8945e-05
3.8888e-05
3.8831e-05
3.87742e-05
3.87174e-05
3.86608e-05
3.86042e-05
3.85477e-05
3.84913e-05
3.84349e-05
3.83787e-05
3.83225e-05
3.82664e-05
3.82104e-05
3.81544e-05
3.80986e-05
3.80428e-05
3.79872e-05
3.79315e-05
3.7876e-05
3.78206e-05
3.77652e-05
3.771e-05
3.76548e-05
3.75996e-05
3.75446e-05
3.74896e-05
3.74348e-05
3.738e-05
3.73253e-05
3.72706e-05
3.72161e-05
3.71616e-05
3.71072e-05
3.70529e-05
3.69987e-05
3.69445e-05
3.68904e-05
3.68364e-05
3.67825e-05
3.67287e-05
3.66749e-05
3.66212e-05
3.65676e-05
3.65141e-05
3.64607e-05
3.64073e-05
3.6354e-05
3.63008e-05
3.62477e-05
3.61946e-05
3.61416e-05
3.60887e-05
3.60359e-05
3.59831e-05
3.59305e-05
3.58779e-05
3.58254e-05
3.57729e-05
3.57206e-05
3.56683e-05
3.56161e-05
3.55639e-05
3.55119e-05
3.54599e-05
3.5408e-05
3.53562e-05
3.53044e-05
3.52528e-05
3.52012e-05
3.51496e-05
3.50982e-05
3.50468e-05
3.49955e-05
3.49443e-05
3.48931e-05
3.48421e-05
3.47911e-05
3.47401e-05
3.46893e-05
3.46385e-05
3.45878e-05
3.45372e-05
3.44866e-05
3.44362e-05
3.43857e-05
3.43354e-05
3.42852e-05
3.4235e-05
3.41849e-05
3.41348e-05
3.40849e-05
3.4035e-05
3.39852e-05
3.39354e-05
3.38857e-05
3.38361e-05
3.37866e-05
3.37372e-05
3.36878e-05
3.36385e-05
3.35892e-05
3.35401e-05
3.3491e-05
3.34419e-05
3.3393e-05
3.33441e-05
3.32953e-05
3.32466e-05
3.31979e-05
3.31493e-05
3.31008e-05
3.30524e-05
3.3004e-05
3.29557e-05
3.29074e-05
3.28593e-05
3.28112e-05
3.27631e-05
3.27152e-05
3.26673e-05
3.26195e-05
3.25717e-05
3.25241e-05
3.24764e-05
3.24289e-05
3.23814e-05
3.2334e-05
3.22867e-05
3.22395e-05
3.21923e-05
3.21451e-05
3.20981e-05
3.20511e-05
3.20042e-05
3.19574e-05
3.19106e-05
3.18639e-05
3.18172e-05
3.17707e-05
3.17242e-05
3.16777e-05
3.16314e-05
3.15851e-05
3.15388e-05
3.14927e-05
3.14466e-05
3.14005e-05
3.13546e-05
3.13087e-05
3.12628e-05
3.12171e-05
3.11714e-05
3.11258e-05
3.10802e-05
3.10347e-05
3.09893e-05
3.09439e-05
3.08986e-05
3.08534e-05
3.08082e-05
3.07632e-05
3.07181e-05
3.06732e-05
3.06283e-05
3.05834e-05
3.05387e-05
3.0494e-05
3.04493e-05
3.04048e-05
3.03603e-05
3.03158e-05
3.02714e-05
3.02271e-05
3.01829e-05
3.01387e-05
3.00946e-05
3.00505e-05
3.00066e-05
2.99626e-05
2.99188e-05
2.9875e-05
2.98313e-05
2.97876e-05
2.9744e-05
2.97005e-05
2.9657e-05
2.96136e-05
2.95702e-05
2.95269e-05
2.94837e-05
2.94406e-05
2.93975e-05
2.93544e-05
2.93115e-05
2.92686e-05
2.92257e-05
2.9183e-05
2.91402e-05
2.90976e-05
2.9055e-05
2.90125e-05
2.897e-05
2.89276e-05
2.88853e-05
2.8843e-05
2.88008e-05
2.87586e-05
2.87165e-05
2.86745e-05
2.86325e-05
2.85906e-05
2.85487e-05
2.8507e-05
2.84652e-05
2.84236e-05
2.8382e-05
2.83404e-05
2.82989e-05
2.82575e-05
2.82161e-05
2.81748e-05
2.81336e-05
2.80924e-05
2.80513e-05
2.80102e-05
2.79692e-05
2.79283e-05
2.78874e-05
2.78466e-05
2.78058e-05
2.77651e-05
2.77245e-05
2.76839e-05
2.76434e-05
2.76029e-05
2.75625e-05
2.75222e-05
2.74819e-05
2.74417e-05
2.74015e-05
2.73614e-05
2.73214e-05
2.72814e-05
2.72414e-05
2.72016e-05
2.71617e-05
2.7122e-05
2.70823e-05
2.70426e-05
2.70031e-05
2.69635e-05
2.69241e-05
2.68847e-05
2.68453e-05
2.6806e-05
2.67668e-05
2.67276e-05
2.66885e-05
2.66494e-05
2.66104e-05
2.65715e-05
2.65326e-05
2.64937e-05
2.64549e-05
2.64162e-05
2.63776e-05
2.63389e-05
2.63004e-05
2.62619e-05
2.62235e-05
2.61851e-05
2.61467e-05
2.61085e-05
2.60703e-05
2.60321e-05
2.5994e-05
2.59559e-05
2.59179e-05
2.588e-05
2.58421e-05
2.58043e-05
2.57665e-05
2.57288e-05
2.56912e-05
2.56536e-05
2.5616e-05
2.55785e-05
2.55411e-05
2.55037e-05
2.54664e-05
2.54291e-05
2.53919e-05
2.53547e-05
2.53176e-05
2.52805e-05
2.52435e-05
2.52066e-05
2.51697e-05
2.51328e-05
2.5096e-05
2.50593e-05
2.50226e-05
2.4986e-05
2.49494e-05
2.49129e-05
2.48764e-05
2.484e-05
2.48037e-05
2.47674e-05
2.47311e-05
2.46949e-05
2.46588e-05
2.46227e-05
2.45866e-05
2.45506e-05
2.45147e-05
2.44788e-05
2.4443e-05
2.44072e-05
2.43715e-05
2.43358e-05
2.43002e-05
2.42646e-05
2.42291e-05
2.41936e-05
2.41582e-05
2.41229e-05
2.40876e-05
2.40523e-05
2.40171e-05
2.39819e-05
2.39468e-05
2.39118e-05
2.38768e-05
2.38418e-05
2.38069e-05
2.37721e-05
2.37373e-05
2.37025e-05
2.36679e-05
2.36332e-05
2.35986e-05
2.35641e-05
2.35296e-05
2.34951e-05
2.34607e-05
2.34264e-05
2.33921e-05
2.33579e-05
2.33237e-05
2.32895e-05
2.32555e-05
2.32214e-05
2.31874e-05
2.31535e-05
2.31196e-05
2.30858e-05
2.3052e-05
2.30182e-05
2.29845e-05
2.29509e-05
2.29173e-05
2.28837e-05
2.28503e-05
2.28168e-05
2.27834e-05
2.27501e-05
2.27168e-05
2.26835e-05
2.26503e-05
2.26172e-05
2.2584e-05
2.2551e-05
2.2518e-05
2.2485e-05
2.24521e-05
2.24192e-05
2.23864e-05
2.23537e-05
2.23209e-05
2.22883e-05
2.22556e-05
2.22231e-05
2.21905e-05
2.21581e-05
2.21256e-05
2.20932e-05
2.20609e-05
2.20286e-05
2.19964e-05
2.19642e-05
2.1932e-05
2.18999e-05
2.18679e-05
2.18358e-05
2.18039e-05
2.1772e-05
2.17401e-05
2.17083e-05
2.16765e-05
2.16448e-05
2.16131e-05
2.15815e-05
2.15499e-05
2.15183e-05
2.14868e-05
2.14554e-05
2.1424e-05
2.13926e-05
2.13613e-05
2.133e-05
2.12988e-05
2.12676e-05
2.12365e-05
2.12054e-05
2.11744e-05
2.11434e-05
2.11124e-05
2.10815e-05
2.10507e-05
2.10199e-05
2.09891e-05
2.09584e-05
2.09277e-05
2.08971e-05
2.08665e-05
2.08359e-05
2.08054e-05
2.0775e-05
2.07446e-05
2.07142e-05
2.06839e-05
2.06536e-05
2.06234e-05
2.05932e-05
2.0563e-05
2.05329e-05
2.05029e-05
2.04729e-05
2.04429e-05
2.0413e-05
2.03831e-05
2.03533e-05
2.03235e-05
2.02937e-05
2.0264e-05
2.02344e-05
2.02048e-05
2.01752e-05
2.01456e-05
2.01162e-05
2.00867e-05
2.00573e-05
2.0028e-05
1.99986e-05
1.99694e-05
1.99401e-05
1.99109e-05
1.98818e-05
1.98527e-05
1.98236e-05
1.97946e-05
1.97657e-05
1.97367e-05
1.97078e-05
1.9679e-05
1.96502e-05
1.96214e-05
1.95927e-05
1.9564e-05
1.95354e-05
1.95068e-05
1.94782e-05
1.94497e-05
1.94213e-05
1.93928e-05
1.93644e-05
1.93361e-05
1.93078e-05
1.92795e-05
1.92513e-05
1.92231e-05
1.9195e-05
1.91669e-05
1.91388e-05
1.91108e-05
1.90829e-05
1.90549e-05
1.9027e-05
1.89992e-05
1.89714e-05
1.89436e-05
1.89159e-05
1.88882e-05
1.88605e-05
1.88329e-05
1.88054e-05
1.87778e-05
1.87503e-05
1.87229e-05
1.86955e-05
1.86681e-05
1.86408e-05
1.86135e-05
1.85863e-05
1.85591e-05
1.85319e-05
1.85048e-05
1.84777e-05
1.84506e-05
1.84236e-05
1.83967e-05
1.83697e-05
1.83429e-05
1.8316e-05
1.82892e-05
1.82624e-05
1.82357e-05
1.8209e-05
1.81823e-05
1.81557e-05
1.81292e-05
1.81026e-05
1.80761e-05
1.80497e-05
1.80232e-05
1.79969e-05
1.79705e-05
1.79442e-05
1.79179e-05
1.78917e-05
1.78655e-05
1.78394e-05
1.78133e-05
1.77872e-05
1.77612e-05
1.77352e-05
1.77092e-05
1.76833e-05
1.76574e-05
1.76316e-05
1.76057e-05
1.758e-05
1.75542e-05
1.75285e-05
1.75029e-05
1.74773e-05
1.74517e-05
1.74261e-05
1.74006e-05
1.73752e-05
1.73497e-05
1.73243e-05
1.7299e-05
1.72737e-05
1.72484e-05
1.72231e-05
1.71979e-05
1.71727e-05
1.71476e-05
1.71225e-05
1.70974e-05
1.70724e-05
1.70474e-05
1.70225e-05
1.69976e-05
1.69727e-05
1.69478e-05
1.6923e-05
1.68983e-05
1.68735e-05
1.68488e-05
1.68242e-05
1.67995e-05
1.67749e-05
1.67504e-05
1.67259e-05
1.67014e-05
