Vec Object: Vec_0x3_0 1 MPI process
  type: seq
1.
0.99998
0.99996
0.99994
0.99992
0.9999
0.999879
0.999859
0.999839
0.999819
0.999799
0.999779
0.999758
0.999738
0.999718
0.999697
0.999677
0.999657
0.999636
0.999616
0.999596
0.999575
0.999555
0.999534
0.999514
0.999493
0.999473
0.999452
0.999432
0.999411
0.99939
0.99937
0.999349
0.999329
0.999308
0.999287
0.999267
0.999246
0.999225
0.999204
0.999183
0.999163
0.999142
0.999121
0.9991
0.999079
0.999058
0.999037
0.999016
0.998996
0.998975
0.998954
0.998933
0.998911
0.99889
0.998869
0.998848
0.998827
0.998806
0.998785
0.998764
0.998742
0.998721
0.9987
0.998679
0.998658
0.998636
0.998615
0.998594
0.998572
0.998551
0.998529
0.998508
0.998487
0.998465
0.998444
0.998422
0.998401
0.998379
0.998358
0.998336
0.998315
0.998293
0.998271
0.99825
0.998228
0.998206
0.998185
0.998163
0.998141
0.998119
0.998098
0.998076
0.998054
0.998032
0.99801
0.997988
0.997966
0.997945
0.997923
0.997901
0.997879
0.997857
0.997835
0.997813
0.997791
0.997769
0.997746
0.997724
0.997702
0.99768
0.997658
0.997636
0.997613
0.997591
0.997569
0.997547
0.997524
0.997502
0.99748
0.997457
0.997435
0.997413
0.99739
0.997368
0.997345
0.997323
0.9973
0.997278
0.997255
0.997233
0.99721
0.997188
0.997165
0.997142
0.99712
0.997097
0.997074
0.997052
0.997029
0.997006
0.996983
0.996961
0.996938
0.996915
0.996892
0.996869
0.996846
0.996824
0.996801
0.996778
0.996755
0.996732
0.996709
0.996686
0.996663
0.99664
0.996617
0.996593
0.99657
0.996547
0.996524
0.996501
0.996478
0.996454
0.996431
0.996408
0.996385
0.996361
0.996338
0.996315
0.996291
0.996268
0.996244
0.996221
0.996198
0.996174
0.996151
0.996127
0.996104
0.99608
0.996056
0.996033
0.996009
0.995986
0.995962
0.995938
0.995915
0.995891
0.995867
0.995843
0.99582
0.995796
0.995772
0.995748
0.995724
0.9957
0.995677
0.995653
0.995629
0.995605
0.995581
0.995557
0.995533
0.995509
0.995485
0.995461
0.995437
0.995412
0.995388
0.995364
0.99534
0.995316
0.995292
0.995267
0.995243
0.995219
0.995195
0.99517
0.995146
0.995122
0.995097
0.995073
0.995048
0.995024
0.994999
0.994975
0.99495
0.994926
0.994901
0.994877
0.994852
0.994828
0.994803
0.994778
0.994754
0.994729
0.994704
0.99468
0.994655
0.99463
0.994605
0.99458
0.994556
0.994531
0.994506
0.994481
0.994456
0.994431
0.994406
0.994381
0.994356
0.994331
0.994306
0.994281
0.994256
0.994231
0.994206
0.994181
0.994156
0.99413
0.994105
0.99408
0.994055
0.99403
0.994004
0.993979
0.993954
0.993928
0.993903
0.993878
0.993852
0.993827
0.993801
0.993776
0.99375
0.993725
0.993699
0.993674
0.993648
0.993623
0.993597
0.993571
0.993546
0.99352
0.993494
0.993469
0.993443
0.993417
0.993391
0.993365
0.99334
0.993314
0.993288
0.993262
0.993236
0.99321
0.993184
0.993158
0.993132
0.993106
0.99308
0.993054
0.993028
0.993002
0.992976
0.99295
0.992924
0.992898
0.992871
0.992845
0.992819
0.992793
0.992766
0.99274
0.992714
0.992687
0.992661
0.992635
0.992608
0.992582
0.992555
0.992529
0.992502
0.992476
0.992449
0.992423
0.992396
0.99237
0.992343
0.992316
0.99229
0.992263
0.992236
0.99221
0.992183
0.992156
0.992129
0.992102
0.992076
0.992049
0.992022
0.991995
0.991968
0.991941
0.991914
0.991887
0.99186
0.991833
0.991806
0.991779
0.991752
0.991725
0.991698
0.991671
0.991644
0.991616
0.991589
0.991562
0.991535
0.991507
0.99148
0.991453
0.991425
0.991398
0.991371
0.991343
0.991316
0.991288
0.991261
0.991234
0.991206
0.991178
0.991151
0.991123
0.991096
0.991068
0.991041
0.991013
0.990985
0.990958
0.99093
0.990902
0.990874
0.990847
0.990819
0.990791
0.990763
0.990735
0.990707
0.990679
0.990651
0.990623
0.990595
0.990567
0.990539
0.990511
0.990483
0.990455
0.990427
0.990399
0.990371
0.990343
0.990315
0.990286
0.990258
0.99023
0.990202
0.990173
0.990145
0.990117
0.990088
0.99006
0.990031
0.990003
0.989975
0.989946
0.989918
0.989889
0.989861
0.989832
0.989803
0.989775
0.989746
0.989718
0.989689
0.98966
0.989631
0.989603
0.989574
0.989545
0.989516
0.989488
0.989459
0.98943
0.989401
0.989372
0.989343
0.989314
0.989285
0.989256
0.989227
0.989198
0.989169
0.98914
0.989111
0.989082
0.989053
0.989024
0.988994
0.988965
0.988936
0.988907
0.988877
0.988848
0.988819
0.988789
0.98876
0.988731
0.988701
0.988672
0.988642
0.988613
0.988583
0.988554
0.988524
0.988495
0.988465
0.988436
0.988406
0.988376
0.988347
0.988317
0.988287
0.988258
0.988228
0.988198
0.988168
0.988138
0.988109
0.988079
0.988049
0.988019
0.987989
0.987959
0.987929
0.987899
0.987869
0.987839
0.987809
0.987779
0.987749
0.987719
0.987688
0.987658
0.987628
0.987598
0.987568
0.987537
0.987507
0.987477
0.987446
0.987416
0.987386
0.987355
0.987325
0.987294
0.987264
0.987233
0.987203
0.987172
0.987142
0.987111
0.987081
0.98705
0.987019
0.986989
0.986958
0.986927
0.986897
0.986866
0.986835
0.986804
0.986773
0.986743
0.986712
0.986681
0.98665
0.986619
0.986588
0.986557
0.986526
0.986495
0.986464
0.986433
0.986402
0.986371
0.98634
0.986308
0.986277
0.986246
0.986215
0.986184
0.986152
0.986121
0.98609
0.986058
0.986027
0.985996
0.985964
0.985933
0.985901
0.98587
0.985838
0.985807
0.985775
0.985744
0.985712
0.985681
0.985649
0.985617
0.985586
0.985554
0.985522
0.985491
0.985459
0.985427
0.985395
0.985363
0.985331
0.9853
0.985268
0.985236
0.985204
0.985172
0.98514
0.985108
0.985076
0.985044
0.985012
0.98498
0.984947
0.984915
0.984883
0.984851
0.984819
0.984786
0.984754
0.984722
0.98469
0.984657
0.984625
0.984593
0.98456
0.984528
0.984495
0.984463
0.98443
0.984398
0.984365
0.984333
0.9843
0.984268
0.984235
0.984202
0.98417
0.984137
0.984104
0.984071
0.984039
0.984006
0.983973
0.98394
0.983907
0.983875
0.983842
0.983809
0.983776
0.983743
0.98371
0.983677
0.983644
0.983611
0.983578
0.983545
0.983511
0.983478
0.983445
0.983412
0.983379
0.983345
0.983312
0.983279
0.983246
0.983212
0.983179
0.983145
0.983112
0.983079
0.983045
0.983012
0.982978
0.982945
0.982911
0.982878
0.982844
0.98281
0.982777
0.982743
0.982709
0.982676
0.982642
0.982608
0.982574
0.982541
0.982507
0.982473
0.982439
0.982405
0.982371
0.982337
0.982303
0.982269
0.982235
0.982201
0.982167
0.982133
0.982099
0.982065
0.982031
0.981997
0.981963
0.981928
0.981894
0.98186
0.981826
0.981791
0.981757
0.981723
0.981688
0.981654
0.981619
0.981585
0.98155
0.981516
0.981481
0.981447
0.981412
0.981378
0.981343
0.981308
0.981274
0.981239
0.981204
0.98117
0.981135
0.9811
0.981065
0.981031
0.980996
0.980961
0.980926
0.980891
0.980856
0.980821
0.980786
0.980751
0.980716
0.980681
0.980646
0.980611
0.980576
0.980541
0.980505
0.98047
0.980435
0.9804
0.980364
0.980329
0.980294
0.980259
0.980223
0.980188
0.980152
0.980117
0.980081
0.980046
0.98001
0.979975
0.979939
0.979904
0.979868
0.979833
0.979797
0.979761
0.979726
0.97969
0.979654
0.979618
0.979583
0.979547
0.979511
0.979475
0.979439
0.979403
0.979367
0.979331
0.979295
0.979259
0.979223
0.979187
0.979151
0.979115
0.979079
0.979043
0.979007
0.978971
0.978934
0.978898
0.978862
0.978826
0.978789
0.978753
0.978716
0.97868
0.978644
0.978607
0.978571
0.978534
0.978498
0.978461
0.978425
0.978388
0.978352
0.978315
0.978278
0.978242
0.978205
0.978168
0.978131
0.978095
0.978058
0.978021
0.977984
0.977947
0.977911
0.977874
0.977837
0.9778
0.977763
0.977726
0.977689
0.977652
0.977615
0.977577
0.97754
0.977503
0.977466
0.977429
0.977392
0.977354
0.977317
0.97728
0.977242
0.977205
0.977168
0.97713
0.977093
0.977055
0.977018
0.97698
0.976943
0.976905
0.976868
0.97683
0.976793
0.976755
0.976717
0.97668
0.976642
0.976604
0.976567
0.976529
0.976491
0.976453
0.976415
0.976377
0.976339
0.976302
0.976264
0.976226
0.976188
0.97615
0.976112
0.976073
0.976035
0.975997
0.975959
0.975921
0.975883
0.975845
0.975806
0.975768
0.97573
0.975691
0.975653
0.975615
0.975576
0.975538
0.975499
0.975461
0.975422
0.975384
0.975345
0.975307
0.975268
0.97523
0.975191
0.975152
0.975114
0.975075
0.975036
0.974998
0.974959
0.97492
0.974881
0.974842
0.974803
0.974764
0.974726
0.974687
0.974648
0.974609
0.97457
0.974531
0.974491
0.974452
0.974413
0.974374
0.974335
0.974296
0.974256
0.974217
0.974178
0.974139
0.974099
0.97406
0.974021
0.973981
0.973942
0.973902
0.973863
0.973823
0.973784
0.973744
0.973705
0.973665
0.973626
0.973586
0.973546
0.973506
0.973467
0.973427
0.973387
0.973347
0.973308
0.973268
0.973228
0.973188
0.973148
0.973108
0.973068
0.973028
0.972988
0.972948
0.972908
0.972868
0.972828
0.972788
0.972748
0.972707
0.972667
0.972627
0.972587
0.972546
0.972506
0.972466
0.972425
0.972385
0.972345
0.972304
0.972264
0.972223
0.972183
0.972142
0.972102
0.972061
0.97202
0.97198
0.971939
0.971898
0.971858
0.971817
0.971776
0.971735
0.971694
0.971654
0.971613
0.971572
0.971531
0.97149
0.971449
0.971408
0.971367
0.971326
0.971285
0.971244
0.971203
0.971162
0.97112
0.971079
0.971038
0.970997
0.970955
0.970914
0.970873
0.970832
0.97079
0.970749
0.970707
0.970666
0.970624
0.970583
0.970541
0.9705
0.970458
0.970417
0.970375
0.970333
0.970292
0.97025
0.970208
0.970167
0.970125
0.970083
0.970041
0.969999
0.969957
0.969916
0.969874
0.969832
0.96979
0.969748
0.969706
0.969664
0.969622
0.969579
0.969537
0.969495
0.969453
0.969411
0.969369
0.969326
0.969284
0.969242
0.969199
0.969157
0.969115
0.969072
0.96903
0.968987
0.968945
0.968902
0.96886
0.968817
0.968775
0.968732
0.968689
0.968647
0.968604
0.968561
0.968519
0.968476
0.968433
0.96839
0.968347
0.968304
0.968262
0.968219
0.968176
0.968133
0.96809
0.968047
0.968004
0.967961
0.967917
0.967874
0.967831
0.967788
0.967745
0.967702
0.967658
0.967615
0.967572
0.967528
0.967485
0.967442
0.967398
0.967355
0.967311
0.967268
0.967224
0.967181
0.967137
0.967094
0.96705
0.967006
0.966963
0.966919
0.966875
0.966832
0.966788
0.966744
0.9667
0.966656
0.966612
0.966568
0.966525
0.966481
0.966437
0.966393
0.966349
0.966305
0.96626
0.966216
0.966172
0.966128
0.966084
0.96604
0.965995
0.965951
0.965907
0.965863
0.965818
0.965774
0.965729
0.965685
0.965641
0.965596
0.965552
0.965507
0.965463
0.965418
0.965373
0.965329
0.965284
0.965239
0.965195
0.96515
0.965105
0.96506
0.965016
0.964971
0.964926
0.964881
0.964836
0.964791
0.964746
0.964701
0.964656
0.964611
0.964566
0.964521
0.964476
0.964431
0.964385
0.96434
0.964295
0.96425
0.964204
0.964159
0.964114
0.964068
0.964023
0.963978
0.963932
0.963887
0.963841
0.963796
0.96375
0.963705
0.963659
0.963613
0.963568
0.963522
0.963476
0.963431
0.963385
0.963339
0.963293
0.963247
0.963202
0.963156
0.96311
0.963064
0.963018
0.962972
0.962926
0.96288
0.962834
0.962788
0.962741
0.962695
0.962649
0.962603
0.962557
0.96251
0.962464
0.962418
0.962372
0.962325
0.962279
0.962232
0.962186
0.962139
0.962093
0.962046
0.962
0.961953
0.961907
0.96186
0.961813
0.961767
0.96172
0.961673
0.961626
0.96158
0.961533
0.961486
0.961439
0.961392
0.961345
0.961298
0.961251
0.961204
0.961157
0.96111
0.961063
0.961016
0.960969
0.960922
0.960875
0.960827
0.96078
0.960733
0.960686
0.960638
0.960591
0.960544
0.960496
0.960449
0.960401
0.960354
0.960306
0.960259
0.960211
0.960164
0.960116
0.960068
0.960021
0.959973
0.959925
0.959877
0.95983
0.959782
0.959734
0.959686
0.959638
0.95959
0.959542
0.959494
0.959446
0.959398
0.95935
0.959302
0.959254
0.959206
0.959158
0.95911
0.959062
0.959013
0.958965
0.958917
0.958868
0.95882
0.958772
0.958723
0.958675
0.958626
0.958578
0.958529
0.958481
0.958432
0.958384
0.958335
0.958286
0.958238
0.958189
0.95814
0.958092
0.958043
0.957994
0.957945
0.957896
0.957847
0.957799
0.95775
0.957701
0.957652
0.957603
0.957554
0.957504
0.957455
0.957406
0.957357
0.957308
0.957259
0.957209
0.95716
0.957111
0.957062
0.957012
0.956963
0.956913
0.956864
0.956815
0.956765
0.956716
0.956666
0.956616
0.956567
0.956517
0.956468
0.956418
0.956368
0.956318
0.956269
0.956219
0.956169
0.956119
0.956069
0.956019
0.95597
0.95592
0.95587
0.95582
0.95577
0.95572
0.955669
0.955619
0.955569
0.955519
0.955469
0.955419
0.955368
0.955318
0.955268
0.955217
0.955167
0.955117
0.955066
0.955016
0.954965
0.954915
0.954864
0.954814
0.954763
0.954713
0.954662
0.954611
0.954561
0.95451
0.954459
0.954408
0.954357
0.954307
0.954256
0.954205
0.954154
0.954103
0.954052
0.954001
0.95395
0.953899
0.953848
0.953797
0.953746
0.953695
0.953643
0.953592
0.953541
0.95349
0.953438
0.953387
0.953336
0.953284
0.953233
0.953181
0.95313
0.953078
0.953027
0.952975
0.952924
0.952872
0.952821
0.952769
0.952717
0.952665
0.952614
0.952562
0.95251
0.952458
0.952406
0.952355
0.952303
0.952251
0.952199
0.952147
0.952095
0.952043
0.951991
0.951938
0.951886
0.951834
0.951782
0.95173
0.951678
0.951625
0.951573
0.951521
0.951468
0.951416
0.951363
0.951311
0.951259
0.951206
0.951154
0.951101
0.951048
0.950996
0.950943
0.95089
0.950838
0.950785
0.950732
0.95068
0.950627
0.950574
0.950521
0.950468
0.950415
0.950362
0.950309
0.950256
0.950203
0.95015
0.950097
0.950044
0.949991
0.949938
0.949884
0.949831
0.949778
0.949725
0.949671
0.949618
0.949565
0.949511
0.949458
0.949404
0.949351
0.949297
0.949244
0.94919
0.949137
0.949083
0.949029
0.948976
0.948922
0.948868
0.948815
0.948761
0.948707
0.948653
0.948599
0.948545
0.948491
0.948437
0.948383
0.948329
0.948275
0.948221
0.948167
0.948113
0.948059
0.948005
0.94795
0.947896
0.947842
0.947788
0.947733
0.947679
0.947625
0.94757
0.947516
0.947461
0.947407
0.947352
0.947298
0.947243
0.947188
0.947134
0.947079
0.947024
0.94697
0.946915
0.94686
0.946805
0.94675
0.946696
0.946641
0.946586
0.946531
0.946476
0.946421
0.946366
0.946311
0.946256
0.9462
0.946145
0.94609
0.946035
0.94598
0.945924
0.945869
0.945814
0.945758
0.945703
0.945648
0.945592
0.945537
0.945481
0.945426
0.94537
0.945315
0.945259
0.945203
0.945148
0.945092
0.945036
0.94498
0.944925
0.944869
0.944813
0.944757
0.944701
0.944645
0.944589
0.944533
0.944477
0.944421
0.944365
0.944309
0.944253
0.944197
0.944141
0.944084
0.944028
0.943972
0.943916
0.943859
0.943803
0.943746
0.94369
0.943634
0.943577
0.943521
0.943464
0.943407
0.943351
0.943294
0.943238
0.943181
0.943124
0.943067
0.943011
0.942954
0.942897
0.94284
0.942783
0.942726
0.942669
0.942613
0.942556
0.942498
0.942441
0.942384
0.942327
0.94227
0.942213
0.942156
0.942098
0.942041
0.941984
0.941927
0.941869
0.941812
0.941754
0.941697
0.94164
0.941582
0.941525
0.941467
0.941409
0.941352
0.941294
0.941237
0.941179
0.941121
0.941063
0.941006
0.940948
0.94089
0.940832
0.940774
0.940716
0.940658
0.9406
0.940542
0.940484
0.940426
0.940368
0.94031
0.940252
0.940194
0.940135
0.940077
0.940019
0.93996
0.939902
0.939844
0.939785
0.939727
0.939668
0.93961
0.939551
0.939493
0.939434
0.939376
0.939317
0.939258
0.9392
0.939141
0.939082
0.939024
0.938965
0.938906
0.938847
0.938788
0.938729
0.93867
0.938611
0.938552
0.938493
0.938434
0.938375
0.938316
0.938257
0.938198
0.938138
0.938079
0.93802
0.93796
0.937901
0.937842
0.937782
0.937723
0.937664
0.937604
0.937545
0.937485
0.937425
0.937366
0.937306
0.937247
0.937187
0.937127
0.937067
0.937008
0.936948
0.936888
0.936828
0.936768
0.936708
0.936648
0.936588
0.936528
0.936468
0.936408
0.936348
0.936288
0.936228
0.936168
0.936107
0.936047
0.935987
0.935926
0.935866
0.935806
0.935745
0.935685
0.935624
0.935564
0.935503
0.935443
0.935382
0.935322
0.935261
0.9352
0.93514
0.935079
0.935018
0.934957
0.934897
0.934836
0.934775
0.934714
0.934653
0.934592
0.934531
0.93447
0.934409
0.934348
0.934287
0.934226
0.934164
0.934103
0.934042
0.933981
0.933919
0.933858
0.933797
0.933735
0.933674
0.933613
0.933551
0.93349
0.933428
0.933367
0.933305
0.933243
0.933182
0.93312
0.933058
0.932996
0.932935
0.932873
0.932811
0.932749
0.932687
0.932625
0.932563
0.932501
0.932439
0.932377
0.932315
0.932253
0.932191
0.932129
0.932067
0.932005
0.931942
0.93188
0.931818
0.931755
0.931693
0.931631
0.931568
0.931506
0.931443
0.931381
0.931318
0.931256
0.931193
0.93113
0.931068
0.931005
0.930942
0.930879
0.930817
0.930754
0.930691
0.930628
0.930565
0.930502
0.930439
0.930376
0.930313
0.93025
0.930187
0.930124
0.930061
0.929998
0.929934
0.929871
0.929808
0.929744
0.929681
0.929618
0.929554
0.929491
0.929427
0.929364
0.9293
0.929237
0.929173
0.92911
0.929046
0.928982
0.928919
0.928855
0.928791
0.928727
0.928664
0.9286
0.928536
0.928472
0.928408
0.928344
0.92828
0.928216
0.928152
0.928088
0.928024
0.92796
0.927895
0.927831
0.927767
0.927703
0.927638
0.927574
0.92751
0.927445
0.927381
0.927316
0.927252
0.927187
0.927123
0.927058
0.926994
0.926929
0.926864
0.9268
0.926735
0.92667
0.926605
0.92654
0.926476
0.926411
0.926346
0.926281
0.926216
0.926151
0.926086
0.926021
0.925956
0.925891
0.925825
0.92576
0.925695
0.92563
0.925564
0.925499
0.925434
0.925368
0.925303
0.925238
0.925172
0.925107
0.925041
0.924975
0.92491
0.924844
0.924779
0.924713
0.924647
0.924581
0.924516
0.92445
0.924384
0.924318
0.924252
0.924186
0.92412
0.924054
0.923988
0.923922
0.923856
0.92379
0.923724
0.923658
0.923592
0.923525
0.923459
0.923393
0.923326
0.92326
0.923194
0.923127
0.923061
0.922994
0.922928
0.922861
0.922795
0.922728
0.922661
0.922595
0.922528
0.922461
0.922395
0.922328
0.922261
0.922194
0.922127
0.92206
0.921993
0.921926
0.921859
0.921792
0.921725
0.921658
0.921591
0.921524
0.921457
0.92139
0.921322
0.921255
0.921188
0.92112
0.921053
0.920986
0.920918
0.920851
0.920783
0.920716
0.920648
0.92058
0.920513
0.920445
0.920377
0.92031
0.920242
0.920174
0.920106
0.920039
0.919971
0.919903
0.919835
0.919767
0.919699
0.919631
0.919563
0.919495
0.919427
0.919358
0.91929
0.919222
0.919154
0.919085
0.919017
0.918949
0.91888
0.918812
0.918744
0.918675
0.918607
0.918538
0.91847
0.918401
0.918332
0.918264
0.918195
0.918126
0.918058
0.917989
0.91792
0.917851
0.917782
0.917713
0.917644
0.917575
0.917506
0.917437
0.917368
0.917299
0.91723
0.917161
0.917092
0.917023
0.916953
0.916884
0.916815
0.916745
0.916676
0.916607
0.916537
0.916468
0.916398
0.916329
0.916259
0.91619
0.91612
0.91605
0.915981
0.915911
0.915841
0.915771
0.915702
0.915632
0.915562
0.915492
0.915422
0.915352
0.915282
0.915212
0.915142
0.915072
0.915002
0.914932
0.914861
0.914791
0.914721
0.914651
0.91458
0.91451
0.91444
0.914369
0.914299
0.914228
0.914158
0.914087
0.914017
0.913946
0.913876
0.913805
0.913734
0.913663
0.913593
0.913522
0.913451
0.91338
0.913309
0.913238
0.913167
0.913097
0.913026
0.912954
0.912883
0.912812
0.912741
0.91267
0.912599
0.912528
0.912456
0.912385
0.912314
0.912242
0.912171
0.9121
0.912028
0.911957
0.911885
0.911814
0.911742
0.91167
0.911599
0.911527
0.911455
0.911384
0.911312
0.91124
0.911168
0.911096
0.911025
0.910953
0.910881
0.910809
0.910737
0.910665
0.910592
0.91052
0.910448
0.910376
0.910304
0.910232
0.910159
0.910087
0.910015
0.909942
0.90987
0.909797
0.909725
0.909653
0.90958
0.909507
0.909435
0.909362
0.90929
0.909217
0.909144
0.909071
0.908999
0.908926
0.908853
0.90878
0.908707
0.908634
0.908561
0.908488
0.908415
0.908342
0.908269
0.908196
0.908123
0.90805
0.907976
0.907903
0.90783
0.907756
0.907683
0.90761
0.907536
0.907463
0.907389
0.907316
0.907242
0.907169
0.907095
0.907021
0.906948
0.906874
0.9068
0.906727
0.906653
0.906579
0.906505
0.906431
0.906357
0.906283
0.906209
0.906135
0.906061
0.905987
0.905913
0.905839
0.905765
0.90569
0.905616
0.905542
0.905468
0.905393
0.905319
0.905244
0.90517
0.905095
0.905021
0.904946
0.904872
0.904797
0.904723
0.904648
0.904573
0.904499
0.904424
0.904349
0.904274
0.904199
0.904124
0.904049
0.903974
0.9039
0.903824
0.903749
0.903674
0.903599
0.903524
0.903449
0.903374
0.903298
0.903223
0.903148
0.903072
0.902997
0.902922
0.902846
0.902771
0.902695
0.90262
0.902544
0.902469
0.902393
0.902317
0.902242
0.902166
0.90209
0.902014
0.901938
0.901863
0.901787
0.901711
0.901635
0.901559
0.901483
0.901407
0.901331
0.901255
0.901178
0.901102
0.901026
0.90095
0.900873
0.900797
0.900721
0.900644
0.900568
0.900492
0.900415
0.900339
0.900262
0.900185
0.900109
0.900032
0.899956
0.899879
0.899802
0.899725
0.899649
0.899572
0.899495
0.899418
0.899341
0.899264
0.899187
0.89911
0.899033
0.898956
0.898879
0.898802
0.898724
0.898647
0.89857
0.898493
0.898415
0.898338
0.898261
0.898183
0.898106
0.898028
0.897951
0.897873
0.897796
0.897718
0.89764
0.897563
0.897485
0.897407
0.897329
0.897252
0.897174
0.897096
0.897018
0.89694
0.896862
0.896784
0.896706
0.896628
0.89655
0.896472
0.896394
0.896315
0.896237
0.896159
0.896081
0.896002
0.895924
0.895846
0.895767
0.895689
0.89561
0.895532
0.895453
0.895375
0.895296
0.895217
0.895139
0.89506
0.894981
0.894902
0.894824
0.894745
0.894666
0.894587
0.894508
0.894429
0.89435
0.894271
0.894192
0.894113
0.894034
0.893954
0.893875
0.893796
0.893717
0.893637
0.893558
0.893479
0.893399
0.89332
0.89324
0.893161
0.893081
0.893002
0.892922
0.892842
0.892763
0.892683
0.892603
0.892524
0.892444
0.892364
0.892284
0.892204
0.892124
0.892044
0.891964
0.891884
0.891804
0.891724
0.891644
0.891564
0.891484
0.891403
0.891323
0.891243
0.891162
0.891082
0.891002
0.890921
0.890841
0.89076
0.89068
0.890599
0.890519
0.890438
0.890357
0.890277
0.890196
0.890115
0.890034
0.889954
0.889873
0.889792
0.889711
0.88963
0.889549
0.889468
0.889387
0.889306
0.889225
0.889144
0.889062
0.888981
0.8889
0.888819
0.888737
0.888656
0.888575
0.888493
0.888412
0.88833
0.888249
0.888167
0.888086
0.888004
0.887922
0.887841
0.887759
0.887677
0.887596
0.887514
0.887432
0.88735
0.887268
0.887186
0.887104
0.887022
0.88694
0.886858
0.886776
0.886694
0.886612
0.886529
0.886447
0.886365
0.886283
0.8862
0.886118
0.886036
0.885953
0.885871
0.885788
0.885706
0.885623
0.88554
0.885458
0.885375
0.885292
0.88521
0.885127
0.885044
0.884961
0.884878
0.884796
0.884713
0.88463
0.884547
0.884464
0.884381
0.884297
0.884214
0.884131
0.884048
0.883965
0.883881
0.883798
0.883715
0.883631
0.883548
0.883465
0.883381
0.883298
0.883214
0.883131
0.883047
0.882963
0.88288
0.882796
0.882712
0.882628
0.882545
0.882461
0.882377
0.882293
0.882209
0.882125
0.882041
0.881957
0.881873
0.881789
0.881705
0.881621
0.881536
0.881452
0.881368
0.881284
0.881199
0.881115
0.881031
0.880946
0.880862
0.880777
0.880693
0.880608
0.880524
0.880439
0.880354
0.88027
0.880185
0.8801
0.880015
0.87993
0.879846
0.879761
0.879676
0.879591
0.879506
0.879421
0.879336
0.879251
0.879165
0.87908
0.878995
0.87891
0.878825
0.878739
0.878654
0.878569
0.878483
0.878398
0.878312
0.878227
0.878141
0.878056
0.87797
0.877884
0.877799
0.877713
0.877627
0.877542
0.877456
0.87737
0.877284
0.877198
0.877112
0.877026
0.87694
0.876854
0.876768
0.876682
0.876596
0.87651
0.876424
0.876337
0.876251
0.876165
0.876078
0.875992
0.875906
0.875819
0.875733
0.875646
0.87556
0.875473
0.875387
0.8753
0.875213
0.875127
0.87504
0.874953
0.874866
0.874779
0.874692
0.874606
0.874519
0.874432
0.874345
0.874258
0.874171
0.874083
0.873996
0.873909
0.873822
0.873735
0.873647
0.87356
0.873473
0.873385
0.873298
0.873211
0.873123
0.873036
0.872948
0.87286
0.872773
0.872685
0.872597
0.87251
0.872422
0.872334
0.872246
0.872159
0.872071
0.871983
0.871895
0.871807
0.871719
0.871631
0.871543
0.871455
0.871366
0.871278
0.87119
0.871102
0.871013
0.870925
0.870837
0.870748
0.87066
0.870572
0.870483
0.870395
0.870306
0.870217
0.870129
0.87004
0.869951
0.869863
0.869774
0.869685
0.869596
0.869507
0.869419
0.86933
0.869241
0.869152
0.869063
0.868974
0.868885
0.868795
0.868706
0.868617
0.868528
0.868439
0.868349
0.86826
0.868171
0.868081
0.867992
0.867902
0.867813
0.867723
0.867634
0.867544
0.867454
0.867365
0.867275
0.867185
0.867096
0.867006
0.866916
0.866826
0.866736
0.866646
0.866556
0.866466
0.866376
0.866286
0.866196
0.866106
0.866016
0.865925
0.865835
0.865745
0.865655
0.865564
0.865474
0.865383
0.865293
0.865203
0.865112
0.865021
0.864931
0.86484
0.86475
0.864659
0.864568
0.864477
0.864387
0.864296
0.864205
0.864114
0.864023
0.863932
0.863841
0.86375
0.863659
0.863568
0.863477
0.863386
0.863295
0.863203
0.863112
0.863021
0.86293
0.862838
0.862747
0.862655
0.862564
0.862472
0.862381
0.862289
0.862198
0.862106
0.862014
0.861923
0.861831
0.861739
0.861647
0.861556
0.861464
0.861372
0.86128
0.861188
0.861096
0.861004
0.860912
0.86082
0.860727
0.860635
0.860543
0.860451
0.860359
0.860266
0.860174
0.860082
0.859989
0.859897
0.859804
0.859712
0.859619
0.859527
0.859434
0.859341
0.859249
0.859156
0.859063
0.85897
0.858877
0.858785
0.858692
0.858599
0.858506
0.858413
0.85832
0.858227
0.858134
0.858041
0.857947
0.857854
0.857761
0.857668
0.857574
0.857481
0.857388
0.857294
0.857201
0.857107
0.857014
0.85692
0.856827
0.856733
0.856639
0.856546
0.856452
0.856358
0.856265
0.856171
0.856077
0.855983
0.855889
0.855795
0.855701
0.855607
0.855513
0.855419
0.855325
0.855231
0.855137
0.855042
0.854948
0.854854
0.85476
0.854665
0.854571
0.854476
0.854382
0.854287
0.854193
0.854098
0.854004
0.853909
0.853814
0.85372
0.853625
0.85353
0.853435
0.853341
0.853246
0.853151
0.853056
0.852961
0.852866
0.852771
0.852676
0.852581
0.852486
0.85239
0.852295
0.8522
0.852105
0.852009
0.851914
0.851819
0.851723
0.851628
0.851532
0.851437
0.851341
0.851246
0.85115
0.851054
0.850959
0.850863
0.850767
0.850671
0.850575
0.85048
0.850384
0.850288
0.850192
0.850096
0.85
0.849904
0.849808
0.849712
0.849615
0.849519
0.849423
0.849327
0.84923
0.849134
0.849038
0.848941
0.848845
0.848748
0.848652
0.848555
0.848459
0.848362
0.848265
0.848169
0.848072
0.847975
0.847878
0.847782
0.847685
0.847588
0.847491
0.847394
0.847297
0.8472
0.847103
0.847006
0.846909
0.846812
0.846714
0.846617
0.84652
0.846423
0.846325
0.846228
0.84613
0.846033
0.845936
0.845838
0.845741
0.845643
0.845545
0.845448
0.84535
0.845252
0.845155
0.845057
0.844959
0.844861
0.844763
0.844665
0.844567
0.844469
0.844371
0.844273
0.844175
0.844077
0.843979
0.843881
0.843783
0.843684
0.843586
0.843488
0.843389
0.843291
0.843193
0.843094
0.842996
0.842897
0.842798
0.8427
0.842601
0.842503
0.842404
0.842305
0.842206
0.842108
0.842009
0.84191
0.841811
0.841712
0.841613
0.841514
0.841415
0.841316
0.841217
0.841118
0.841018
0.840919
0.84082
0.840721
0.840621
0.840522
0.840423
0.840323
0.840224
0.840124
0.840025
0.839925
0.839825
0.839726
0.839626
0.839526
0.839427
0.839327
0.839227
0.839127
0.839027
0.838928
0.838828
0.838728
0.838628
0.838528
0.838428
0.838327
0.838227
0.838127
0.838027
0.837927
0.837826
0.837726
0.837626
0.837525
0.837425
0.837324
0.837224
0.837123
0.837023
0.836922
0.836822
0.836721
0.83662
0.83652
0.836419
0.836318
0.836217
0.836116
0.836015
0.835914
0.835813
0.835712
0.835611
0.83551
0.835409
0.835308
0.835207
0.835106
0.835004
0.834903
0.834802
0.8347
0.834599
0.834498
0.834396
0.834295
0.834193
0.834092
0.83399
0.833888
0.833787
0.833685
0.833583
0.833482
0.83338
0.833278
0.833176
0.833074
0.832972
0.83287
0.832768
0.832666
0.832564
0.832462
0.83236
0.832258
0.832156
0.832053
0.831951
0.831849
0.831746
0.831644
0.831542
0.831439
0.831337
0.831234
0.831132
0.831029
0.830926
0.830824
0.830721
0.830618
0.830516
0.830413
0.83031
0.830207
0.830104
0.830001
0.829898
0.829795
0.829692
0.829589
0.829486
0.829383
0.82928
0.829177
0.829073
0.82897
0.828867
0.828763
0.82866
0.828557
0.828453
0.82835
0.828246
0.828143
0.828039
0.827935
0.827832
0.827728
0.827624
0.827521
0.827417
0.827313
0.827209
0.827105
0.827001
0.826897
0.826793
0.826689
0.826585
0.826481
0.826377
0.826273
0.826169
0.826064
0.82596
0.825856
0.825751
0.825647
0.825543
0.825438
0.825334
0.825229
0.825125
0.82502
0.824915
0.824811
0.824706
0.824601
0.824497
0.824392
0.824287
0.824182
0.824077
0.823972
0.823867
0.823762
0.823657
0.823552
0.823447
0.823342
0.823237
0.823132
0.823026
0.822921
0.822816
0.82271
0.822605
0.8225
0.822394
0.822289
0.822183
0.822078
0.821972
0.821866
0.821761
0.821655
0.821549
0.821444
0.821338
0.821232
0.821126
0.82102
0.820914
0.820808
0.820702
0.820596
0.82049
0.820384
0.820278
0.820172
0.820066
0.819959
0.819853
0.819747
0.819641
0.819534
0.819428
0.819321
0.819215
0.819108
0.819002
0.818895
0.818789
0.818682
0.818575
0.818469
0.818362
0.818255
0.818148
0.818041
0.817934
0.817828
0.817721
0.817614
0.817507
0.817399
0.817292
0.817185
0.817078
0.816971
0.816864
0.816756
0.816649
0.816542
0.816434
0.816327
0.81622
0.816112
0.816005
0.815897
0.815789
0.815682
0.815574
0.815466
0.815359
0.815251
0.815143
0.815035
0.814928
0.81482
0.814712
0.814604
0.814496
0.814388
0.81428
0.814172
0.814063
0.813955
0.813847
0.813739
0.813631
0.813522
0.813414
0.813306
0.813197
0.813089
0.81298
0.812872
0.812763
0.812655
0.812546
0.812437
0.812329
0.81222
0.812111
0.812003
0.811894
0.811785
0.811676
0.811567
0.811458
0.811349
0.81124
0.811131
0.811022
0.810913
0.810804
0.810694
0.810585
0.810476
0.810367
0.810257
0.810148
0.810039
0.809929
0.80982
0.80971
0.809601
0.809491
0.809381
0.809272
0.809162
0.809052
0.808943
0.808833
0.808723
0.808613
0.808503
0.808393
0.808283
0.808174
0.808063
0.807953
0.807843
0.807733
0.807623
0.807513
0.807403
0.807292
0.807182
0.807072
0.806961
0.806851
0.806741
0.80663
0.80652
0.806409
0.806299
0.806188
0.806077
0.805967
0.805856
0.805745
0.805634
0.805524
0.805413
0.805302
0.805191
0.80508
0.804969
0.804858
0.804747
0.804636
0.804525
0.804414
0.804302
0.804191
0.80408
0.803969
0.803857
0.803746
0.803635
0.803523
0.803412
0.8033
0.803189
0.803077
0.802966
0.802854
0.802742
0.802631
0.802519
0.802407
0.802295
0.802183
0.802072
0.80196
0.801848
0.801736
0.801624
0.801512
0.8014
0.801288
0.801175
0.801063
0.800951
0.800839
0.800726
0.800614
0.800502
0.800389
0.800277
0.800165
0.800052
0.79994
0.799827
0.799714
0.799602
0.799489
0.799376
0.799264
0.799151
0.799038
0.798925
0.798812
0.7987
0.798587
0.798474
0.798361
0.798248
0.798135
0.798021
0.797908
0.797795
0.797682
0.797569
0.797455
0.797342
0.797229
0.797115
0.797002
0.796889
0.796775
0.796662
0.796548
0.796434
0.796321
0.796207
0.796093
0.79598
0.795866
0.795752
0.795638
0.795525
0.795411
0.795297
0.795183
0.795069
0.794955
0.794841
0.794727
0.794612
0.794498
0.794384
0.79427
0.794156
0.794041
0.793927
0.793813
0.793698
0.793584
0.793469
0.793355
0.79324
0.793126
0.793011
0.792896
0.792782
0.792667
0.792552
0.792438
0.792323
0.792208
0.792093
0.791978
0.791863
0.791748
0.791633
0.791518
0.791403
0.791288
0.791173
0.791058
0.790942
0.790827
0.790712
0.790597
0.790481
0.790366
0.79025
0.790135
0.790019
0.789904
0.789788
0.789673
0.789557
0.789441
0.789326
0.78921
0.789094
0.788978
0.788863
0.788747
0.788631
0.788515
0.788399
0.788283
0.788167
0.788051
0.787935
0.787819
0.787702
0.787586
0.78747
0.787354
0.787237
0.787121
0.787005
0.786888
0.786772
0.786655
0.786539
0.786422
0.786306
0.786189
0.786072
0.785956
0.785839
0.785722
0.785606
0.785489
0.785372
0.785255
0.785138
0.785021
0.784904
0.784787
0.78467
0.784553
0.784436
0.784319
0.784202
0.784084
0.783967
0.78385
0.783732
0.783615
0.783498
0.78338
0.783263
0.783145
0.783028
0.78291
0.782793
0.782675
0.782557
0.78244
0.782322
0.782204
0.782086
0.781968
0.781851
0.781733
0.781615
0.781497
0.781379
0.781261
0.781143
0.781025
0.780906
0.780788
0.78067
0.780552
0.780434
0.780315
0.780197
0.780079
0.77996
0.779842
0.779723
0.779605
0.779486
0.779368
0.779249
0.77913
0.779012
0.778893
0.778774
0.778655
0.778537
0.778418
0.778299
0.77818
0.778061
0.777942
0.777823
0.777704
0.777585
0.777466
0.777347
0.777227
0.777108
0.776989
0.77687
0.77675
0.776631
0.776512
0.776392
0.776273
0.776153
0.776034
0.775914
0.775795
0.775675
0.775555
0.775436
0.775316
0.775196
0.775076
0.774957
0.774837
0.774717
0.774597
0.774477
0.774357
0.774237
0.774117
0.773997
0.773877
0.773756
0.773636
0.773516
0.773396
0.773275
0.773155
0.773035
0.772914
0.772794
0.772674
0.772553
0.772432
0.772312
0.772191
0.772071
0.77195
0.771829
0.771709
0.771588
0.771467
0.771346
0.771225
0.771104
0.770984
0.770863
0.770742
0.770621
0.770499
0.770378
0.770257
0.770136
0.770015
0.769894
0.769772
0.769651
0.76953
0.769408
0.769287
0.769166
0.769044
0.768923
0.768801
0.768679
0.768558
0.768436
0.768315
0.768193
0.768071
0.767949
0.767828
0.767706
0.767584
0.767462
0.76734
0.767218
0.767096
0.766974
0.766852
0.76673
0.766608
0.766485
0.766363
0.766241
0.766119
0.765996
0.765874
0.765752
0.765629
0.765507
0.765384
0.765262
0.765139
0.765017
0.764894
0.764772
0.764649
0.764526
0.764404
0.764281
0.764158
0.764035
0.763912
0.763789
0.763666
0.763543
0.76342
0.763297
0.763174
0.763051
0.762928
0.762805
0.762682
0.762558
0.762435
0.762312
0.762189
0.762065
0.761942
0.761818
0.761695
0.761571
0.761448
0.761324
0.761201
0.761077
0.760953
0.76083
0.760706
0.760582
0.760458
0.760335
0.760211
0.760087
0.759963
0.759839
0.759715
0.759591
0.759467
0.759343
0.759219
0.759094
0.75897
0.758846
0.758722
0.758597
0.758473
0.758349
0.758224
0.7581
0.757975
0.757851
0.757726
0.757602
0.757477
0.757353
0.757228
0.757103
0.756979
0.756854
0.756729
0.756604
0.756479
0.756354
0.75623
0.756105
0.75598
0.755855
0.75573
0.755604
0.755479
0.755354
0.755229
0.755104
0.754979
0.754853
0.754728
0.754603
0.754477
0.754352
0.754226
0.754101
0.753975
0.75385
0.753724
0.753599
0.753473
0.753347
0.753222
0.753096
0.75297
0.752844
0.752718
0.752592
0.752467
0.752341
0.752215
0.752089
0.751963
0.751837
0.75171
0.751584
0.751458
0.751332
0.751206
0.751079
0.750953
0.750827
0.7507
0.750574
0.750448
0.750321
0.750195
0.750068
0.749941
0.749815
0.749688
0.749562
0.749435
0.749308
0.749181
0.749055
0.748928
0.748801
0.748674
0.748547
0.74842
0.748293
0.748166
0.748039
0.747912
0.747785
0.747658
0.747531
0.747403
0.747276
0.747149
0.747021
0.746894
0.746767
0.746639
0.746512
0.746384
0.746257
0.746129
0.746002
0.745874
0.745747
0.745619
0.745491
0.745363
0.745236
0.745108
0.74498
0.744852
0.744724
0.744596
0.744468
0.74434
0.744212
0.744084
0.743956
0.743828
0.7437
0.743572
0.743443
0.743315
0.743187
0.743059
0.74293
0.742802
0.742673
0.742545
0.742417
0.742288
0.742159
0.742031
0.741902
0.741774
0.741645
0.741516
0.741387
0.741259
0.74113
0.741001
0.740872
0.740743
0.740614
0.740485
0.740356
0.740227
0.740098
0.739969
0.73984
0.739711
0.739582
0.739452
0.739323
0.739194
0.739065
0.738935
0.738806
0.738676
0.738547
0.738418
0.738288
0.738158
0.738029
0.737899
0.73777
0.73764
0.73751
0.73738
0.737251
0.737121
0.736991
0.736861
0.736731
0.736601
0.736471
0.736341
0.736211
0.736081
0.735951
0.735821
0.735691
0.735561
0.735431
0.7353
0.73517
0.73504
0.734909
0.734779
0.734649
0.734518
0.734388
0.734257
0.734127
0.733996
0.733865
0.733735
0.733604
0.733473
0.733343
0.733212
0.733081
0.73295
0.732819
0.732689
0.732558
0.732427
0.732296
0.732165
0.732034
0.731903
0.731771
0.73164
0.731509
0.731378
0.731247
0.731115
0.730984
0.730853
0.730721
0.73059
0.730459
0.730327
0.730196
0.730064
0.729932
0.729801
0.729669
0.729538
0.729406
0.729274
0.729142
0.729011
0.728879
0.728747
0.728615
0.728483
0.728351
0.728219
0.728087
0.727955
0.727823
0.727691
0.727559
0.727427
0.727295
0.727162
0.72703
0.726898
0.726766
0.726633
0.726501
0.726368
0.726236
0.726104
0.725971
0.725839
0.725706
0.725573
0.725441
0.725308
0.725175
0.725043
0.72491
0.724777
0.724644
0.724511
0.724379
0.724246
0.724113
0.72398
0.723847
0.723714
0.723581
0.723448
0.723314
0.723181
0.723048
0.722915
0.722782
0.722648
0.722515
0.722382
0.722248
0.722115
0.721981
0.721848
0.721714
0.721581
0.721447
0.721314
0.72118
0.721046
0.720913
0.720779
0.720645
0.720511
0.720378
0.720244
0.72011
0.719976
0.719842
0.719708
0.719574
0.71944
0.719306
0.719172
0.719038
0.718904
0.718769
0.718635
0.718501
0.718367
0.718232
0.718098
0.717964
0.717829
0.717695
0.71756
0.717426
0.717291
0.717157
0.717022
0.716887
0.716753
0.716618
0.716483
0.716349
0.716214
0.716079
0.715944
0.715809
0.715674
0.715539
0.715404
0.715269
0.715134
0.714999
0.714864
0.714729
0.714594
0.714459
0.714324
0.714188
0.714053
0.713918
0.713783
0.713647
0.713512
0.713376
0.713241
0.713105
0.71297
0.712834
0.712699
0.712563
0.712427
0.712292
0.712156
0.71202
0.711885
0.711749
0.711613
0.711477
0.711341
0.711205
0.711069
0.710933
0.710797
0.710661
0.710525
0.710389
0.710253
0.710117
0.709981
0.709845
0.709708
0.709572
0.709436
0.709299
0.709163
0.709027
0.70889
0.708754
0.708617
0.708481
0.708344
0.708208
0.708071
0.707934
0.707798
0.707661
0.707524
0.707387
0.707251
0.707114
0.706977
0.70684
0.706703
0.706566
0.706429
0.706292
0.706155
0.706018
0.705881
0.705744
0.705607
0.705469
0.705332
0.705195
0.705058
0.70492
0.704783
0.704646
0.704508
0.704371
0.704233
0.704096
0.703958
0.703821
0.703683
0.703546
0.703408
0.70327
0.703133
0.702995
0.702857
0.702719
0.702582
0.702444
0.702306
0.702168
0.70203
0.701892
0.701754
0.701616
0.701478
0.70134
0.701202
0.701064
0.700925
0.700787
0.700649
0.700511
0.700372
0.700234
0.700096
0.699957
0.699819
0.69968
0.699542
0.699403
0.699265
0.699126
0.698988
0.698849
0.69871
0.698572
0.698433
0.698294
0.698156
0.698017
0.697878
0.697739
0.6976
0.697461
0.697322
0.697183
0.697044
0.696905
0.696766
0.696627
0.696488
0.696349
0.69621
0.69607
0.695931
0.695792
0.695653
0.695513
0.695374
0.695234
0.695095
0.694956
0.694816
0.694677
0.694537
0.694397
0.694258
0.694118
0.693979
0.693839
0.693699
0.693559
0.69342
0.69328
0.69314
0.693
0.69286
0.69272
0.69258
0.69244
0.6923
0.69216
0.69202
0.69188
0.69174
0.6916
0.69146
0.69132
0.691179
0.691039
0.690899
0.690758
0.690618
0.690478
0.690337
0.690197
0.690056
0.689916
0.689775
0.689635
0.689494
0.689354
0.689213
0.689072
0.688931
0.688791
0.68865
0.688509
0.688368
0.688228
0.688087
0.687946
0.687805
0.687664
0.687523
0.687382
0.687241
0.6871
0.686959
0.686817
0.686676
0.686535
0.686394
0.686253
0.686111
0.68597
0.685829
0.685687
0.685546
0.685404
0.685263
0.685122
0.68498
0.684838
0.684697
0.684555
0.684414
0.684272
0.68413
0.683989
0.683847
0.683705
0.683563
0.683422
0.68328
0.683138
0.682996
0.682854
0.682712
0.68257
0.682428
0.682286
0.682144
0.682002
0.68186
0.681717
0.681575
0.681433
0.681291
0.681148
0.681006
0.680864
0.680721
0.680579
0.680437
0.680294
0.680152
0.680009
0.679867
0.679724
0.679582
0.679439
0.679296
0.679154
0.679011
0.678868
0.678725
0.678583
0.67844
0.678297
0.678154
0.678011
0.677868
0.677725
0.677582
0.677439
0.677296
0.677153
0.67701
0.676867
0.676724
0.676581
0.676437
0.676294
0.676151
0.676008
0.675864
0.675721
0.675578
0.675434
0.675291
0.675147
0.675004
0.67486
0.674717
0.674573
0.67443
0.674286
0.674142
0.673999
0.673855
0.673711
0.673567
0.673424
0.67328
0.673136
0.672992
0.672848
0.672704
0.67256
0.672416
0.672272
0.672128
0.671984
0.67184
0.671696
0.671552
0.671408
0.671264
0.671119
0.670975
0.670831
0.670686
0.670542
0.670398
0.670253
0.670109
0.669964
0.66982
0.669675
0.669531
0.669386
0.669242
0.669097
0.668953
0.668808
0.668663
0.668518
0.668374
0.668229
0.668084
0.667939
0.667794
0.66765
0.667505
0.66736
0.667215
0.66707
0.666925
0.66678
0.666635
0.666489
0.666344
0.666199
0.666054
0.665909
0.665764
0.665618
0.665473
0.665328
0.665182
0.665037
0.664892
0.664746
0.664601
0.664455
0.66431
0.664164
0.664019
0.663873
0.663727
0.663582
0.663436
0.66329
0.663145
0.662999
0.662853
0.662707
0.662562
0.662416
0.66227
0.662124
0.661978
0.661832
0.661686
0.66154
0.661394
0.661248
0.661102
0.660956
0.66081
0.660663
0.660517
0.660371
0.660225
0.660078
0.659932
0.659786
0.659639
0.659493
0.659347
0.6592
0.659054
0.658907
0.658761
0.658614
0.658468
0.658321
0.658174
0.658028
0.657881
0.657734
0.657588
0.657441
0.657294
0.657147
0.657
0.656854
0.656707
0.65656
0.656413
0.656266
0.656119
0.655972
0.655825
0.655678
0.655531
0.655384
0.655236
0.655089
0.654942
0.654795
0.654648
0.6545
0.654353
0.654206
0.654058
0.653911
0.653764
0.653616
0.653469
0.653321
0.653174
0.653026
0.652879
0.652731
0.652583
0.652436
0.652288
0.65214
0.651993
0.651845
0.651697
0.651549
0.651402
0.651254
0.651106
0.650958
0.65081
0.650662
0.650514
0.650366
0.650218
0.65007
0.649922
0.649774
0.649626
0.649478
0.64933
0.649181
0.649033
0.648885
0.648737
0.648588
0.64844
0.648292
0.648143
0.647995
0.647846
0.647698
0.64755
0.647401
0.647253
0.647104
0.646955
0.646807
0.646658
0.64651
0.646361
0.646212
0.646063
0.645915
0.645766
0.645617
0.645468
0.645319
0.645171
0.645022
0.644873
0.644724
0.644575
0.644426
0.644277
0.644128
0.643979
0.64383
0.64368
0.643531
0.643382
0.643233
0.643084
0.642934
0.642785
0.642636
0.642486
0.642337
0.642188
0.642038
0.641889
0.641739
0.64159
0.641441
0.641291
0.641141
0.640992
0.640842
0.640693
0.640543
0.640393
0.640244
0.640094
0.639944
0.639794
0.639645
0.639495
0.639345
0.639195
0.639045
0.638895
0.638745
0.638595
0.638445
0.638295
0.638145
0.637995
0.637845
0.637695
0.637545
0.637395
0.637245
0.637094
0.636944
0.636794
0.636644
0.636493
0.636343
0.636193
0.636042
0.635892
0.635742
0.635591
0.635441
0.63529
0.63514
0.634989
0.634838
0.634688
0.634537
0.634387
0.634236
0.634085
0.633935
0.633784
0.633633
0.633482
0.633332
0.633181
0.63303
0.632879
0.632728
0.632577
0.632426
0.632275
0.632124
0.631973
0.631822
0.631671
0.63152
0.631369
0.631218
0.631067
0.630915
0.630764
0.630613
0.630462
0.63031
0.630159
0.630008
0.629857
0.629705
0.629554
0.629402
0.629251
0.629099
0.628948
0.628796
0.628645
0.628493
0.628342
0.62819
0.628039
0.627887
0.627735
0.627584
0.627432
0.62728
0.627128
0.626977
0.626825
0.626673
0.626521
0.626369
0.626217
0.626065
0.625913
0.625761
0.625609
0.625457
0.625305
0.625153
0.625001
0.624849
0.624697
0.624545
0.624393
0.62424
0.624088
0.623936
0.623784
0.623631
0.623479
0.623327
0.623174
0.623022
0.62287
0.622717
0.622565
0.622412
0.62226
0.622107
0.621955
0.621802
0.62165
0.621497
0.621344
0.621192
0.621039
0.620886
0.620734
0.620581
0.620428
0.620275
0.620122
0.61997
0.619817
0.619664
0.619511
0.619358
0.619205
0.619052
0.618899
0.618746
0.618593
0.61844
0.618287
0.618134
0.617981
0.617828
0.617674
0.617521
0.617368
0.617215
0.617062
0.616908
0.616755
0.616602
0.616448
0.616295
0.616142
0.615988
0.615835
0.615681
0.615528
0.615374
0.615221
0.615067
0.614914
0.61476
0.614607
0.614453
0.614299
0.614146
0.613992
0.613838
0.613685
0.613531
0.613377
0.613223
0.613069
0.612916
0.612762
0.612608
0.612454
0.6123
0.612146
0.611992
0.611838
0.611684
0.61153
0.611376
0.611222
0.611068
0.610914
0.61076
0.610605
0.610451
0.610297
0.610143
0.609989
0.609834
0.60968
0.609526
0.609371
0.609217
0.609063
0.608908
0.608754
0.608599
0.608445
0.608291
0.608136
0.607982
0.607827
0.607672
0.607518
0.607363
0.607209
0.607054
0.606899
0.606745
0.60659
0.606435
0.60628
0.606126
0.605971
0.605816
0.605661
0.605506
0.605352
0.605197
0.605042
0.604887
0.604732
0.604577
0.604422
0.604267
0.604112
0.603957
0.603802
0.603647
0.603492
0.603336
0.603181
0.603026
0.602871
0.602716
0.60256
0.602405
0.60225
0.602095
0.601939
0.601784
0.601629
0.601473
0.601318
0.601162
0.601007
0.600851
0.600696
0.60054
0.600385
0.600229
0.600074
0.599918
0.599763
0.599607
0.599451
0.599296
0.59914
0.598984
0.598829
0.598673
0.598517
0.598361
0.598206
0.59805
0.597894
0.597738
0.597582
0.597426
0.59727
0.597115
0.596959
0.596803
0.596647
0.596491
0.596335
0.596178
0.596022
0.595866
0.59571
0.595554
0.595398
0.595242
0.595086
0.594929
0.594773
0.594617
0.594461
0.594304
0.594148
0.593992
0.593835
0.593679
0.593523
0.593366
0.59321
0.593053
0.592897
0.59274
0.592584
0.592427
0.592271
0.592114
0.591958
0.591801
0.591645
0.591488
0.591331
0.591175
0.591018
0.590861
0.590705
0.590548
0.590391
0.590234
0.590078
0.589921
0.589764
0.589607
0.58945
0.589293
0.589136
0.588979
0.588822
0.588666
0.588509
0.588352
0.588195
0.588037
0.58788
0.587723
0.587566
0.587409
0.587252
0.587095
0.586938
0.586781
0.586623
0.586466
0.586309
0.586152
0.585994
0.585837
0.58568
0.585522
0.585365
0.585208
0.58505
0.584893
0.584736
0.584578
0.584421
0.584263
0.584106
0.583948
0.583791
0.583633
0.583476
0.583318
0.58316
0.583003
0.582845
0.582687
0.58253
0.582372
0.582214
0.582057
0.581899
0.581741
0.581583
0.581426
0.581268
0.58111
0.580952
0.580794
0.580636
0.580478
0.580321
0.580163
0.580005
0.579847
0.579689
0.579531
0.579373
0.579215
0.579057
0.578899
0.57874
0.578582
0.578424
0.578266
0.578108
0.57795
0.577792
0.577633
0.577475
0.577317
0.577159
0.577
0.576842
0.576684
0.576525
0.576367
0.576209
0.57605
0.575892
0.575733
0.575575
0.575417
0.575258
0.5751
0.574941
0.574783
0.574624
0.574466
0.574307
0.574148
0.57399
0.573831
0.573673
0.573514
0.573355
0.573197
0.573038
0.572879
0.57272
0.572562
0.572403
0.572244
0.572085
0.571927
0.571768
0.571609
0.57145
0.571291
0.571132
0.570973
0.570814
0.570656
0.570497
0.570338
0.570179
0.57002
0.569861
0.569702
0.569543
0.569383
0.569224
0.569065
0.568906
0.568747
0.568588
0.568429
0.56827
0.56811
0.567951
0.567792
0.567633
0.567473
0.567314
0.567155
0.566996
0.566836
0.566677
0.566518
0.566358
0.566199
0.566039
0.56588
0.565721
0.565561
0.565402
0.565242
0.565083
0.564923
0.564764
0.564604
0.564445
0.564285
0.564125
0.563966
0.563806
0.563647
0.563487
0.563327
0.563168
0.563008
0.562848
0.562688
0.562529
0.562369
0.562209
0.562049
0.56189
0.56173
0.56157
0.56141
0.56125
0.56109
0.560931
0.560771
0.560611
0.560451
0.560291
0.560131
0.559971
0.559811
0.559651
0.559491
0.559331
0.559171
0.559011
0.558851
0.558691
0.558531
0.55837
0.55821
0.55805
0.55789
0.55773
0.55757
0.557409
0.557249
0.557089
0.556929
0.556768
0.556608
0.556448
0.556288
0.556127
0.555967
0.555807
0.555646
0.555486
0.555325
0.555165
0.555005
0.554844
0.554684
0.554523
0.554363
0.554202
0.554042
0.553881
0.553721
0.55356
0.5534
0.553239
0.553079
0.552918
0.552757
0.552597
0.552436
0.552276
0.552115
0.551954
0.551793
0.551633
0.551472
0.551311
0.551151
0.55099
0.550829
0.550668
0.550507
0.550347
0.550186
0.550025
0.549864
0.549703
0.549542
0.549382
0.549221
0.54906
0.548899
0.548738
0.548577
0.548416
0.548255
0.548094
0.547933
0.547772
0.547611
0.54745
0.547289
0.547128
0.546967
0.546806
0.546644
0.546483
0.546322
0.546161
0.546
0.545839
0.545677
0.545516
0.545355
0.545194
0.545033
0.544871
0.54471
0.544549
0.544388
0.544226
0.544065
0.543904
0.543742
0.543581
0.54342
0.543258
0.543097
0.542935
0.542774
0.542613
0.542451
0.54229
0.542128
0.541967
0.541805
0.541644
0.541482
0.541321
0.541159
0.540998
0.540836
0.540675
0.540513
0.540351
0.54019
0.540028
0.539867
0.539705
0.539543
0.539382
0.53922
0.539058
0.538897
0.538735
0.538573
0.538411
0.53825
0.538088
0.537926
0.537764
0.537603
0.537441
0.537279
0.537117
0.536955
0.536794
0.536632
0.53647
0.536308
0.536146
0.535984
0.535822
0.53566
0.535498
0.535336
0.535175
0.535013
0.534851
0.534689
0.534527
0.534365
0.534203
0.534041
0.533878
0.533716
0.533554
0.533392
0.53323
0.533068
0.532906
0.532744
0.532582
0.53242
0.532257
0.532095
0.531933
0.531771
0.531609
0.531447
0.531284
0.531122
0.53096
0.530798
0.530635
0.530473
0.530311
0.530149
0.529986
0.529824
0.529662
0.529499
0.529337
0.529175
0.529012
0.52885
0.528688
0.528525
0.528363
0.5282
0.528038
0.527876
0.527713
0.527551
0.527388
0.527226
0.527063
0.526901
0.526738
0.526576
0.526413
0.526251
0.526088
0.525926
0.525763
0.525601
0.525438
0.525275
0.525113
0.52495
0.524788
0.524625
0.524462
0.5243
0.524137
0.523974
0.523812
0.523649
0.523486
0.523324
0.523161
0.522998
0.522836
0.522673
0.52251
0.522347
0.522185
0.522022
0.521859
0.521696
0.521533
0.521371
0.521208
0.521045
0.520882
0.520719
0.520556
0.520394
0.520231
0.520068
0.519905
0.519742
0.519579
0.519416
0.519253
0.51909
0.518927
0.518765
0.518602
0.518439
0.518276
0.518113
0.51795
0.517787
0.517624
0.517461
0.517298
0.517135
0.516972
0.516809
0.516646
0.516482
0.516319
0.516156
0.515993
0.51583
0.515667
0.515504
0.515341
0.515178
0.515015
0.514851
0.514688
0.514525
0.514362
0.514199
0.514036
0.513872
0.513709
0.513546
0.513383
0.51322
0.513056
0.512893
0.51273
0.512567
0.512403
0.51224
0.512077
0.511914
0.51175
0.511587
0.511424
0.51126
0.511097
0.510934
0.51077
0.510607
0.510444
0.51028
0.510117
0.509954
0.50979
0.509627
0.509464
0.5093
0.509137
0.508973
0.50881
0.508647
0.508483
0.50832
0.508156
0.507993
0.507829
0.507666
0.507502
0.507339
0.507175
0.507012
0.506848
0.506685
0.506521
0.506358
0.506194
0.506031
0.505867
0.505704
0.50554
0.505377
0.505213
0.50505
0.504886
0.504722
0.504559
0.504395
0.504232
0.504068
0.503904
0.503741
0.503577
0.503414
0.50325
0.503086
0.502923
0.502759
0.502595
0.502432
0.502268
0.502104
0.501941
0.501777
0.501613
0.50145
0.501286
0.501122
0.500958
0.500795
0.500631
0.500467
0.500303
0.50014
0.499976
0.499812
0.499648
0.499485
0.499321
0.499157
0.498993
0.49883
0.498666
0.498502
0.498338
0.498174
0.498011
0.497847
0.497683
0.497519
0.497355
0.497191
0.497028
0.496864
0.4967
0.496536
0.496372
0.496208
0.496044
0.495881
0.495717
0.495553
0.495389
0.495225
0.495061
0.494897
0.494733
0.494569
0.494405
0.494241
0.494078
0.493914
0.49375
0.493586
0.493422
0.493258
0.493094
0.49293
0.492766
0.492602
0.492438
0.492274
0.49211
0.491946
0.491782
0.491618
0.491454
0.49129
0.491126
0.490962
0.490798
0.490634
0.49047
0.490306
0.490142
0.489978
0.489814
0.48965
0.489486
0.489322
0.489158
0.488994
0.48883
0.488665
0.488501
0.488337
0.488173
0.488009
0.487845
0.487681
0.487517
0.487353
0.487189
0.487025
0.486861
0.486696
0.486532
0.486368
0.486204
0.48604
0.485876
0.485712
0.485548
0.485383
0.485219
0.485055
0.484891
0.484727
0.484563
0.484399
0.484234
0.48407
0.483906
0.483742
0.483578
0.483414
0.48325
0.483085
0.482921
0.482757
0.482593
0.482429
0.482264
0.4821
0.481936
0.481772
0.481608
0.481443
0.481279
0.481115
0.480951
0.480787
0.480622
0.480458
0.480294
0.48013
0.479966
0.479801
0.479637
0.479473
0.479309
0.479144
0.47898
0.478816
0.478652
0.478488
0.478323
0.478159
0.477995
0.477831
0.477666
0.477502
0.477338
0.477174
0.477009
0.476845
0.476681
0.476517
0.476352
0.476188
0.476024
0.47586
0.475695
0.475531
0.475367
0.475202
0.475038
0.474874
0.47471
0.474545
0.474381
0.474217
0.474053
0.473888
0.473724
0.47356
0.473395
0.473231
0.473067
0.472903
0.472738
0.472574
0.47241
0.472245
0.472081
0.471917
0.471753
0.471588
0.471424
0.47126
0.471095
0.470931
0.470767
0.470603
0.470438
0.470274
0.47011
0.469945
0.469781
0.469617
0.469452
0.469288
0.469124
0.46896
0.468795
0.468631
0.468467
0.468302
0.468138
0.467974
0.467809
0.467645
0.467481
0.467317
0.467152
0.466988
0.466824
0.466659
0.466495
0.466331
0.466167
0.466002
0.465838
0.465674
0.465509
0.465345
0.465181
0.465016
0.464852
0.464688
0.464524
0.464359
0.464195
0.464031
0.463866
0.463702
0.463538
0.463373
0.463209
0.463045
0.462881
0.462716
0.462552
0.462388
0.462223
0.462059
0.461895
0.461731
0.461566
0.461402
0.461238
0.461074
0.460909
0.460745
0.460581
0.460416
0.460252
0.460088
0.459924
0.459759
0.459595
0.459431
0.459267
0.459102
0.458938
0.458774
0.45861
0.458445
0.458281
0.458117
0.457953
0.457788
0.457624
0.45746
0.457296
0.457131
0.456967
0.456803
0.456639
0.456474
0.45631
0.456146
0.455982
0.455817
0.455653
0.455489
0.455325
0.455161
0.454996
0.454832
0.454668
0.454504
0.454339
0.454175
0.454011
0.453847
0.453683
0.453518
0.453354
0.45319
0.453026
0.452862
0.452698
0.452533
0.452369
0.452205
0.452041
0.451877
0.451712
0.451548
0.451384
0.45122
0.451056
0.450892
0.450728
0.450563
0.450399
0.450235
0.450071
0.449907
0.449743
0.449579
0.449414
0.44925
0.449086
0.448922
0.448758
0.448594
0.44843
0.448266
0.448102
0.447938
0.447773
0.447609
0.447445
0.447281
0.447117
0.446953
0.446789
0.446625
0.446461
0.446297
0.446133
0.445969
0.445805
0.445641
0.445477
0.445312
0.445148
0.444984
0.44482
0.444656
0.444492
0.444328
0.444164
0.444
0.443836
0.443672
0.443508
0.443344
0.44318
0.443016
0.442852
0.442688
0.442525
0.442361
0.442197
0.442033
0.441869
0.441705
0.441541
0.441377
0.441213
0.441049
0.440885
0.440721
0.440557
0.440393
0.440229
0.440066
0.439902
0.439738
0.439574
0.43941
0.439246
0.439082
0.438918
0.438755
0.438591
0.438427
0.438263
0.438099
0.437935
0.437772
0.437608
0.437444
0.43728
0.437116
0.436953
0.436789
0.436625
0.436461
0.436297
0.436134
0.43597
0.435806
0.435642
0.435479
0.435315
0.435151
0.434987
0.434824
0.43466
0.434496
0.434333
0.434169
0.434005
0.433841
0.433678
0.433514
0.43335
0.433187
0.433023
0.432859
0.432696
0.432532
0.432369
0.432205
0.432041
0.431878
0.431714
0.431551
0.431387
0.431223
0.43106
0.430896
0.430733
0.430569
0.430405
0.430242
0.430078
0.429915
0.429751
0.429588
0.429424
0.429261
0.429097
0.428934
0.42877
0.428607
0.428443
0.42828
0.428116
0.427953
0.42779
0.427626
0.427463
0.427299
0.427136
0.426972
0.426809
0.426646
0.426482
0.426319
0.426155
0.425992
0.425829
0.425665
0.425502
0.425339
0.425175
0.425012
0.424849
0.424685
0.424522
0.424359
0.424196
0.424032
0.423869
0.423706
0.423543
0.423379
0.423216
0.423053
0.42289
0.422726
0.422563
0.4224
0.422237
0.422074
0.42191
0.421747
0.421584
0.421421
0.421258
0.421095
0.420932
0.420768
0.420605
0.420442
0.420279
0.420116
0.419953
0.41979
0.419627
0.419464
0.419301
0.419138
0.418975
0.418812
0.418649
0.418486
0.418323
0.41816
0.417997
0.417834
0.417671
0.417508
0.417345
0.417182
0.417019
0.416856
0.416693
0.416531
0.416368
0.416205
0.416042
0.415879
0.415716
0.415553
0.415391
0.415228
0.415065
0.414902
0.414739
0.414577
0.414414
0.414251
0.414088
0.413926
0.413763
0.4136
0.413438
0.413275
0.413112
0.41295
0.412787
0.412624
0.412462
0.412299
0.412136
0.411974
0.411811
0.411648
0.411486
0.411323
0.411161
0.410998
0.410836
0.410673
0.410511
0.410348
0.410186
0.410023
0.409861
0.409698
0.409536
0.409373
0.409211
0.409048
0.408886
0.408724
0.408561
0.408399
0.408236
0.408074
0.407912
0.407749
0.407587
0.407425
0.407262
0.4071
0.406938
0.406775
0.406613
0.406451
0.406289
0.406126
0.405964
0.405802
0.40564
0.405478
0.405315
0.405153
0.404991
0.404829
0.404667
0.404505
0.404343
0.404181
0.404018
0.403856
0.403694
0.403532
0.40337
0.403208
0.403046
0.402884
0.402722
0.40256
0.402398
0.402236
0.402074
0.401912
0.40175
0.401589
0.401427
0.401265
0.401103
0.400941
0.400779
0.400617
0.400455
0.400294
0.400132
0.39997
0.399808
0.399647
0.399485
0.399323
0.399161
0.399
0.398838
0.398676
0.398515
0.398353
0.398191
0.39803
0.397868
0.397706
0.397545
0.397383
0.397222
0.39706
0.396898
0.396737
0.396575
0.396414
0.396252
0.396091
0.395929
0.395768
0.395606
0.395445
0.395284
0.395122
0.394961
0.394799
0.394638
0.394477
0.394315
0.394154
0.393993
0.393831
0.39367
0.393509
0.393348
0.393186
0.393025
0.392864
0.392703
0.392541
0.39238
0.392219
0.392058
0.391897
0.391736
0.391575
0.391413
0.391252
0.391091
0.39093
0.390769
0.390608
0.390447
0.390286
0.390125
0.389964
0.389803
0.389642
0.389481
0.38932
0.38916
0.388999
0.388838
0.388677
0.388516
0.388355
0.388194
0.388034
0.387873
0.387712
0.387551
0.387391
0.38723
0.387069
0.386908
0.386748
0.386587
0.386426
0.386266
0.386105
0.385945
0.385784
0.385623
0.385463
0.385302
0.385142
0.384981
0.384821
0.38466
0.3845
0.384339
0.384179
0.384018
0.383858
0.383698
0.383537
0.383377
0.383216
0.383056
0.382896
0.382736
0.382575
0.382415
0.382255
0.382094
0.381934
0.381774
0.381614
0.381454
0.381293
0.381133
0.380973
0.380813
0.380653
0.380493
0.380333
0.380173
0.380013
0.379853
0.379693
0.379533
0.379373
0.379213
0.379053
0.378893
0.378733
0.378573
0.378413
0.378253
0.378093
0.377934
0.377774
0.377614
0.377454
0.377295
0.377135
0.376975
0.376815
0.376656
0.376496
0.376336
0.376177
0.376017
0.375857
0.375698
0.375538
0.375379
0.375219
0.37506
0.3749
0.374741
0.374581
0.374422
0.374262
0.374103
0.373943
0.373784
0.373625
0.373465
0.373306
0.373147
0.372987
0.372828
0.372669
0.372509
0.37235
0.372191
0.372032
0.371873
0.371713
0.371554
0.371395
0.371236
0.371077
0.370918
0.370759
0.3706
0.370441
0.370282
0.370123
0.369964
0.369805
0.369646
0.369487
0.369328
0.369169
0.36901
0.368851
0.368693
0.368534
0.368375
0.368216
0.368058
0.367899
0.36774
0.367581
0.367423
0.367264
0.367105
0.366947
0.366788
0.36663
0.366471
0.366312
0.366154
0.365995
0.365837
0.365678
0.36552
0.365362
0.365203
0.365045
0.364886
0.364728
0.36457
0.364411
0.364253
0.364095
0.363936
0.363778
0.36362
0.363462
0.363304
0.363145
0.362987
0.362829
0.362671
0.362513
0.362355
0.362197
0.362039
0.361881
0.361723
0.361565
0.361407
0.361249
0.361091
0.360933
0.360775
0.360617
0.360459
0.360301
0.360144
0.359986
0.359828
0.35967
0.359513
0.359355
0.359197
0.35904
0.358882
0.358724
0.358567
0.358409
0.358252
0.358094
0.357936
0.357779
0.357621
0.357464
0.357307
0.357149
0.356992
0.356834
0.356677
0.35652
0.356362
0.356205
0.356048
0.35589
0.355733
0.355576
0.355419
0.355262
0.355104
0.354947
0.35479
0.354633
0.354476
0.354319
0.354162
0.354005
0.353848
0.353691
0.353534
0.353377
0.35322
0.353063
0.352906
0.35275
0.352593
0.352436
0.352279
0.352122
0.351966
0.351809
0.351652
0.351496
0.351339
0.351182
0.351026
0.350869
0.350713
0.350556
0.350399
0.350243
0.350086
0.34993
0.349774
0.349617
0.349461
0.349304
0.349148
0.348992
0.348835
0.348679
0.348523
0.348367
0.34821
0.348054
0.347898
0.347742
0.347586
0.34743
0.347273
0.347117
0.346961
0.346805
0.346649
0.346493
0.346337
0.346181
0.346026
0.34587
0.345714
0.345558
0.345402
0.345246
0.345091
0.344935
0.344779
0.344623
0.344468
0.344312
0.344156
0.344001
0.343845
0.34369
0.343534
0.343379
0.343223
0.343068
0.342912
0.342757
0.342601
0.342446
0.34229
0.342135
0.34198
0.341824
0.341669
0.341514
0.341359
0.341204
0.341048
0.340893
0.340738
0.340583
0.340428
0.340273
0.340118
0.339963
0.339808
0.339653
0.339498
0.339343
0.339188
0.339033
0.338878
0.338723
0.338569
0.338414
0.338259
0.338104
0.33795
0.337795
0.33764
0.337486
0.337331
0.337176
0.337022
0.336867
0.336713
0.336558
0.336404
0.336249
0.336095
0.335941
0.335786
0.335632
0.335478
0.335323
0.335169
0.335015
0.33486
0.334706
0.334552
0.334398
0.334244
0.33409
0.333936
0.333782
0.333628
0.333474
0.33332
0.333166
0.333012
0.332858
0.332704
0.33255
0.332396
0.332242
0.332089
0.331935
0.331781
0.331627
0.331474
0.33132
0.331166
0.331013
0.330859
0.330706
0.330552
0.330399
0.330245
0.330092
0.329938
0.329785
0.329631
0.329478
0.329325
0.329171
0.329018
0.328865
0.328712
0.328558
0.328405
0.328252
0.328099
0.327946
0.327793
0.32764
0.327487
0.327334
0.327181
0.327028
0.326875
0.326722
0.326569
0.326416
0.326263
0.326111
0.325958
0.325805
0.325652
0.3255
0.325347
0.325195
0.325042
0.324889
0.324737
0.324584
0.324432
0.324279
0.324127
0.323974
0.323822
0.32367
0.323517
0.323365
0.323213
0.32306
0.322908
0.322756
0.322604
0.322452
0.322299
0.322147
0.321995
0.321843
0.321691
0.321539
0.321387
0.321235
0.321083
0.320931
0.32078
0.320628
0.320476
0.320324
0.320172
0.320021
0.319869
0.319717
0.319566
0.319414
0.319262
0.319111
0.318959
0.318808
0.318656
0.318505
0.318353
0.318202
0.318051
0.317899
0.317748
0.317597
0.317445
0.317294
0.317143
0.316992
0.316841
0.31669
0.316538
0.316387
0.316236
0.316085
0.315934
0.315783
0.315632
0.315482
0.315331
0.31518
0.315029
0.314878
0.314727
0.314577
0.314426
0.314275
0.314125
0.313974
0.313823
0.313673
0.313522
0.313372
0.313221
0.313071
0.31292
0.31277
0.31262
0.312469
0.312319
0.312169
0.312019
0.311868
0.311718
0.311568
0.311418
0.311268
0.311118
0.310968
0.310818
0.310668
0.310518
0.310368
0.310218
0.310068
0.309918
0.309768
0.309618
0.309469
0.309319
0.309169
0.309019
0.30887
0.30872
0.308571
0.308421
0.308272
0.308122
0.307973
0.307823
0.307674
0.307524
0.307375
0.307226
0.307076
0.306927
0.306778
0.306629
0.306479
0.30633
0.306181
0.306032
0.305883
0.305734
0.305585
0.305436
0.305287
0.305138
0.304989
0.30484
0.304692
0.304543
0.304394
0.304245
0.304097
0.303948
0.303799
0.303651
0.303502
0.303353
0.303205
0.303056
0.302908
0.30276
0.302611
0.302463
0.302314
0.302166
0.302018
0.30187
0.301721
0.301573
0.301425
0.301277
0.301129
0.300981
0.300833
0.300685
0.300537
0.300389
0.300241
0.300093
0.299945
0.299797
0.299649
0.299502
0.299354
0.299206
0.299059
0.298911
0.298763
0.298616
0.298468
0.298321
0.298173
0.298026
0.297878
0.297731
0.297584
0.297436
0.297289
0.297142
0.296994
0.296847
0.2967
0.296553
0.296406
0.296259
0.296112
0.295965
0.295818
0.295671
0.295524
0.295377
0.29523
0.295083
0.294936
0.29479
0.294643
0.294496
0.294349
0.294203
0.294056
0.29391
0.293763
0.293617
0.29347
0.293324
0.293177
0.293031
0.292884
0.292738
0.292592
0.292446
0.292299
0.292153
0.292007
0.291861
0.291715
0.291569
0.291423
0.291277
0.291131
0.290985
0.290839
0.290693
0.290547
0.290401
0.290255
0.29011
0.289964
0.289818
0.289673
0.289527
0.289381
0.289236
0.28909
0.288945
0.288799
0.288654
0.288509
0.288363
0.288218
0.288073
0.287927
0.287782
0.287637
0.287492
0.287347
0.287202
0.287056
0.286911
0.286766
0.286621
0.286477
0.286332
0.286187
0.286042
0.285897
0.285752
0.285608
0.285463
0.285318
0.285174
0.285029
0.284884
0.28474
0.284595
0.284451
0.284307
0.284162
0.284018
0.283873
0.283729
0.283585
0.283441
0.283296
0.283152
0.283008
0.282864
0.28272
0.282576
0.282432
0.282288
0.282144
0.282
0.281856
0.281712
0.281569
0.281425
0.281281
0.281137
0.280994
0.28085
0.280706
0.280563
0.280419
0.280276
0.280132
0.279989
0.279846
0.279702
0.279559
0.279416
0.279272
0.279129
0.278986
0.278843
0.2787
0.278557
0.278414
0.278271
0.278128
0.277985
0.277842
0.277699
0.277556
0.277413
0.27727
0.277128
0.276985
0.276842
0.2767
0.276557
0.276414
0.276272
0.276129
0.275987
0.275844
0.275702
0.27556
0.275417
0.275275
0.275133
0.274991
0.274848
0.274706
0.274564
0.274422
0.27428
0.274138
0.273996
0.273854
0.273712
0.27357
0.273428
0.273287
0.273145
0.273003
0.272861
0.27272
0.272578
0.272437
0.272295
0.272153
0.272012
0.271871
0.271729
0.271588
0.271446
0.271305
0.271164
0.271023
0.270881
0.27074
0.270599
0.270458
0.270317
0.270176
0.270035
0.269894
0.269753
0.269612
0.269471
0.26933
0.26919
0.269049
0.268908
0.268767
0.268627
0.268486
0.268346
0.268205
0.268065
0.267924
0.267784
0.267643
0.267503
0.267363
0.267222
0.267082
0.266942
0.266802
0.266662
0.266522
0.266382
0.266242
0.266102
0.265962
0.265822
0.265682
0.265542
0.265402
0.265262
0.265123
0.264983
0.264843
0.264704
0.264564
0.264424
0.264285
0.264145
0.264006
0.263867
0.263727
0.263588
0.263449
0.263309
0.26317
0.263031
0.262892
0.262753
0.262614
0.262475
0.262336
0.262197
0.262058
0.261919
0.26178
0.261641
0.261502
0.261364
0.261225
0.261086
0.260947
0.260809
0.26067
0.260532
0.260393
0.260255
0.260116
0.259978
0.25984
0.259701
0.259563
0.259425
0.259287
0.259149
0.25901
0.258872
0.258734
0.258596
0.258458
0.25832
0.258183
0.258045
0.257907
0.257769
0.257631
0.257494
0.257356
0.257218
0.257081
0.256943
0.256806
0.256668
0.256531
0.256393
0.256256
0.256119
0.255981
0.255844
0.255707
0.25557
0.255433
0.255295
0.255158
0.255021
0.254884
0.254747
0.25461
0.254474
0.254337
0.2542
0.254063
0.253926
0.25379
0.253653
0.253516
0.25338
0.253243
0.253107
0.25297
0.252834
0.252698
0.252561
0.252425
0.252289
0.252152
0.252016
0.25188
0.251744
0.251608
0.251472
0.251336
0.2512
0.251064
0.250928
0.250792
0.250656
0.250521
0.250385
0.250249
0.250114
0.249978
0.249842
0.249707
0.249571
0.249436
0.2493
0.249165
0.24903
0.248894
0.248759
0.248624
0.248489
0.248354
0.248218
0.248083
0.247948
0.247813
0.247678
0.247543
0.247409
0.247274
0.247139
0.247004
0.246869
0.246735
0.2466
0.246465
0.246331
0.246196
0.246062
0.245927
0.245793
0.245659
0.245524
0.24539
0.245256
0.245122
0.244987
0.244853
0.244719
0.244585
0.244451
0.244317
0.244183
0.244049
0.243915
0.243781
0.243648
0.243514
0.24338
0.243247
0.243113
0.242979
0.242846
0.242712
0.242579
0.242445
0.242312
0.242179
0.242045
0.241912
0.241779
0.241646
0.241512
0.241379
0.241246
0.241113
0.24098
0.240847
0.240714
0.240581
0.240449
0.240316
0.240183
0.24005
0.239918
0.239785
0.239652
0.23952
0.239387
0.239255
0.239122
0.23899
0.238858
0.238725
0.238593
0.238461
0.238329
0.238197
0.238064
0.237932
0.2378
0.237668
0.237536
0.237404
0.237273
0.237141
0.237009
0.236877
0.236745
0.236614
0.236482
0.236351
0.236219
0.236088
0.235956
0.235825
0.235693
0.235562
0.235431
0.235299
0.235168
0.235037
0.234906
0.234775
0.234644
0.234513
0.234382
0.234251
0.23412
0.233989
0.233858
0.233727
0.233596
0.233466
0.233335
0.233204
0.233074
0.232943
0.232813
0.232682
0.232552
0.232422
0.232291
0.232161
0.232031
0.2319
0.23177
0.23164
0.23151
0.23138
0.23125
0.23112
0.23099
0.23086
0.23073
0.230601
0.230471
0.230341
0.230211
0.230082
0.229952
0.229823
0.229693
0.229564
0.229434
0.229305
0.229176
0.229046
0.228917
0.228788
0.228659
0.228529
0.2284
0.228271
0.228142
0.228013
0.227884
0.227755
0.227627
0.227498
0.227369
0.22724
0.227112
0.226983
0.226854
0.226726
0.226597
0.226469
0.22634
0.226212
0.226084
0.225955
0.225827
0.225699
0.22557
0.225442
0.225314
0.225186
0.225058
0.22493
0.224802
0.224674
0.224546
0.224419
0.224291
0.224163
0.224035
0.223908
0.22378
0.223653
0.223525
0.223398
0.22327
0.223143
0.223015
0.222888
0.222761
0.222634
0.222506
0.222379
0.222252
0.222125
0.221998
0.221871
0.221744
0.221617
0.22149
0.221364
0.221237
0.22111
0.220984
0.220857
0.22073
0.220604
0.220477
0.220351
0.220224
0.220098
0.219972
0.219845
0.219719
0.219593
0.219467
0.219341
0.219214
0.219088
0.218962
0.218836
0.21871
0.218585
0.218459
0.218333
0.218207
0.218082
0.217956
0.21783
0.217705
0.217579
0.217454
0.217328
0.217203
0.217077
0.216952
0.216827
0.216702
0.216576
0.216451
0.216326
0.216201
0.216076
0.215951
0.215826
0.215701
0.215576
0.215452
0.215327
0.215202
0.215077
0.214953
0.214828
0.214704
0.214579
0.214455
0.21433
0.214206
0.214081
0.213957
0.213833
0.213709
0.213584
0.21346
0.213336
0.213212
0.213088
0.212964
0.21284
0.212716
0.212593
0.212469
0.212345
0.212221
0.212098
0.211974
0.211851
0.211727
0.211604
0.21148
0.211357
0.211233
0.21111
0.210987
0.210864
0.21074
0.210617
0.210494
0.210371
0.210248
0.210125
0.210002
0.209879
0.209757
0.209634
0.209511
0.209388
0.209266
0.209143
0.20902
0.208898
0.208775
0.208653
0.208531
0.208408
0.208286
0.208164
0.208041
0.207919
0.207797
0.207675
0.207553
0.207431
0.207309
0.207187
0.207065
0.206943
0.206822
0.2067
0.206578
0.206457
0.206335
0.206213
0.206092
0.20597
0.205849
0.205727
0.205606
0.205485
0.205364
0.205242
0.205121
0.205
0.204879
0.204758
0.204637
0.204516
0.204395
0.204274
0.204153
0.204033
0.203912
0.203791
0.20367
0.20355
0.203429
0.203309
0.203188
0.203068
0.202947
0.202827
0.202707
0.202587
0.202466
0.202346
0.202226
0.202106
0.201986
0.201866
0.201746
0.201626
0.201506
0.201386
0.201267
0.201147
0.201027
0.200908
0.200788
0.200668
0.200549
0.200429
0.20031
0.200191
0.200071
0.199952
0.199833
0.199714
0.199594
0.199475
0.199356
0.199237
0.199118
0.198999
0.19888
0.198762
0.198643
0.198524
0.198405
0.198287
0.198168
0.198049
0.197931
0.197812
0.197694
0.197576
0.197457
0.197339
0.197221
0.197102
0.196984
0.196866
0.196748
0.19663
0.196512
0.196394
0.196276
0.196158
0.19604
0.195923
0.195805
0.195687
0.19557
0.195452
0.195334
0.195217
0.195099
0.194982
0.194865
0.194747
0.19463
0.194513
0.194396
0.194278
0.194161
0.194044
0.193927
0.19381
0.193693
0.193576
0.19346
0.193343
0.193226
0.193109
0.192993
0.192876
0.192759
0.192643
0.192526
0.19241
0.192294
0.192177
0.192061
0.191945
0.191829
0.191712
0.191596
0.19148
0.191364
0.191248
0.191132
0.191016
0.1909
0.190785
0.190669
0.190553
0.190437
0.190322
0.190206
0.190091
0.189975
0.18986
0.189744
0.189629
0.189514
0.189398
0.189283
0.189168
0.189053
0.188938
0.188823
0.188708
0.188593
0.188478
0.188363
0.188248
0.188133
0.188019
0.187904
0.187789
0.187675
0.18756
0.187446
0.187331
0.187217
0.187102
0.186988
0.186874
0.18676
0.186645
0.186531
0.186417
0.186303
0.186189
0.186075
0.185961
0.185847
0.185733
0.18562
0.185506
0.185392
0.185279
0.185165
0.185051
0.184938
0.184824
0.184711
0.184598
0.184484
0.184371
0.184258
0.184145
0.184031
0.183918
0.183805
0.183692
0.183579
0.183466
0.183353
0.183241
0.183128
0.183015
0.182902
0.18279
0.182677
0.182565
0.182452
0.18234
0.182227
0.182115
0.182002
0.18189
0.181778
0.181666
0.181554
0.181441
0.181329
0.181217
0.181105
0.180993
0.180882
0.18077
0.180658
0.180546
0.180435
0.180323
0.180211
0.1801
0.179988
0.179877
0.179765
0.179654
0.179543
0.179431
0.17932
0.179209
0.179098
0.178987
0.178876
0.178764
0.178654
0.178543
0.178432
0.178321
0.17821
0.178099
0.177989
0.177878
0.177767
0.177657
0.177546
0.177436
0.177325
0.177215
0.177105
0.176994
0.176884
0.176774
0.176664
0.176554
0.176444
0.176334
0.176224
0.176114
0.176004
0.175894
0.175784
0.175675
0.175565
0.175455
0.175346
0.175236
0.175127
0.175017
0.174908
0.174798
0.174689
0.17458
0.17447
0.174361
0.174252
0.174143
0.174034
0.173925
0.173816
0.173707
0.173598
0.173489
0.173381
0.173272
0.173163
0.173055
0.172946
0.172837
0.172729
0.17262
0.172512
0.172404
0.172295
0.172187
0.172079
0.171971
0.171863
0.171754
0.171646
0.171538
0.17143
0.171323
0.171215
0.171107
0.170999
0.170891
0.170784
0.170676
0.170569
0.170461
0.170353
0.170246
0.170139
0.170031
0.169924
0.169817
0.16971
0.169602
0.169495
0.169388
0.169281
0.169174
0.169067
0.16896
0.168853
0.168747
0.16864
0.168533
0.168426
0.16832
0.168213
0.168107
0.168
0.167894
0.167787
0.167681
0.167575
0.167469
0.167362
0.167256
0.16715
0.167044
0.166938
0.166832
0.166726
0.16662
0.166514
0.166409
0.166303
0.166197
0.166091
0.165986
0.16588
0.165775
0.165669
0.165564
0.165458
0.165353
0.165248
0.165143
0.165037
0.164932
0.164827
0.164722
0.164617
0.164512
0.164407
0.164302
0.164197
0.164093
0.163988
0.163883
0.163779
0.163674
0.16357
0.163465
0.163361
0.163256
0.163152
0.163047
0.162943
0.162839
0.162735
0.162631
0.162527
0.162422
0.162318
0.162215
0.162111
0.162007
0.161903
0.161799
0.161695
0.161592
0.161488
0.161385
0.161281
0.161178
0.161074
0.160971
0.160867
0.160764
0.160661
0.160558
0.160454
0.160351
0.160248
0.160145
0.160042
0.159939
0.159836
0.159734
0.159631
0.159528
0.159425
0.159323
0.15922
0.159117
0.159015
0.158912
0.15881
0.158708
0.158605
0.158503
0.158401
0.158299
0.158196
0.158094
0.157992
0.15789
0.157788
0.157686
0.157584
0.157483
0.157381
0.157279
0.157177
0.157076
0.156974
0.156873
0.156771
0.15667
0.156568
0.156467
0.156365
0.156264
0.156163
0.156062
0.155961
0.15586
0.155759
0.155658
0.155557
0.155456
0.155355
0.155254
0.155153
0.155052
0.154952
0.154851
0.154751
0.15465
0.15455
0.154449
0.154349
0.154248
0.154148
0.154048
0.153948
0.153847
0.153747
0.153647
0.153547
0.153447
0.153347
0.153247
0.153147
0.153048
0.152948
0.152848
0.152749
0.152649
0.152549
0.15245
0.15235
0.152251
0.152152
0.152052
0.151953
0.151854
0.151754
0.151655
0.151556
0.151457
0.151358
0.151259
0.15116
0.151061
0.150962
0.150864
0.150765
0.150666
0.150568
0.150469
0.15037
0.150272
0.150173
0.150075
0.149977
0.149878
0.14978
0.149682
0.149584
0.149486
0.149387
0.149289
0.149191
0.149093
0.148995
0.148898
0.1488
0.148702
0.148604
0.148507
0.148409
0.148311
0.148214
0.148116
0.148019
0.147921
0.147824
0.147727
0.14763
0.147532
0.147435
0.147338
0.147241
0.147144
0.147047
0.14695
0.146853
0.146756
0.146659
0.146563
0.146466
0.146369
0.146273
0.146176
0.14608
0.145983
0.145887
0.14579
0.145694
0.145598
0.145501
0.145405
0.145309
0.145213
0.145117
0.145021
0.144925
0.144829
0.144733
0.144637
0.144541
0.144446
0.14435
0.144254
0.144159
0.144063
0.143967
0.143872
0.143777
0.143681
0.143586
0.143491
0.143395
0.1433
0.143205
0.14311
0.143015
0.14292
0.142825
0.14273
0.142635
0.14254
0.142445
0.142351
0.142256
0.142161
0.142067
0.141972
0.141878
0.141783
0.141689
0.141594
0.1415
0.141406
0.141312
0.141217
0.141123
0.141029
0.140935
0.140841
0.140747
0.140653
0.140559
0.140466
0.140372
0.140278
0.140184
0.140091
0.139997
0.139904
0.13981
0.139717
0.139623
0.13953
0.139437
0.139343
0.13925
0.139157
0.139064
0.138971
0.138878
0.138785
0.138692
0.138599
0.138506
0.138413
0.13832
0.138228
0.138135
0.138042
0.13795
0.137857
0.137765
0.137672
0.13758
0.137487
0.137395
0.137303
0.137211
0.137119
0.137026
0.136934
0.136842
0.13675
0.136658
0.136566
0.136475
0.136383
0.136291
0.136199
0.136108
0.136016
0.135924
0.135833
0.135741
0.13565
0.135559
0.135467
0.135376
0.135285
0.135193
0.135102
0.135011
0.13492
0.134829
0.134738
0.134647
0.134556
0.134465
0.134375
0.134284
0.134193
0.134102
0.134012
0.133921
0.133831
0.13374
0.13365
0.133559
0.133469
0.133379
0.133288
0.133198
0.133108
0.133018
0.132928
0.132838
0.132748
0.132658
0.132568
0.132478
0.132388
0.132299
0.132209
0.132119
0.13203
0.13194
0.131851
0.131761
0.131672
0.131582
0.131493
0.131404
0.131314
0.131225
0.131136
0.131047
0.130958
0.130869
0.13078
0.130691
0.130602
0.130513
0.130424
0.130335
0.130247
0.130158
0.130069
0.129981
0.129892
0.129804
0.129715
0.129627
0.129539
0.12945
0.129362
0.129274
0.129186
0.129098
0.12901
0.128921
0.128833
0.128746
0.128658
0.12857
0.128482
0.128394
0.128306
0.128219
0.128131
0.128044
0.127956
0.127869
0.127781
0.127694
0.127606
0.127519
0.127432
0.127345
0.127257
0.12717
0.127083
0.126996
0.126909
0.126822
0.126735
0.126648
0.126562
0.126475
0.126388
0.126301
0.126215
0.126128
0.126042
0.125955
0.125869
0.125782
0.125696
0.12561
0.125523
0.125437
0.125351
0.125265
0.125179
0.125093
0.125007
0.124921
0.124835
0.124749
0.124663
0.124577
0.124492
0.124406
0.12432
0.124235
0.124149
0.124064
0.123978
0.123893
0.123807
0.123722
0.123637
0.123551
0.123466
0.123381
0.123296
0.123211
0.123126
0.123041
0.122956
0.122871
0.122786
0.122701
0.122617
0.122532
0.122447
0.122363
0.122278
0.122194
0.122109
0.122025
0.12194
0.121856
0.121772
0.121687
0.121603
0.121519
0.121435
0.121351
0.121267
0.121183
0.121099
0.121015
0.120931
0.120847
0.120764
0.12068
0.120596
0.120513
0.120429
0.120345
0.120262
0.120178
0.120095
0.120012
0.119928
0.119845
0.119762
0.119679
0.119596
0.119512
0.119429
0.119346
0.119263
0.11918
0.119098
0.119015
0.118932
0.118849
0.118767
0.118684
0.118601
0.118519
0.118436
0.118354
0.118271
0.118189
0.118107
0.118024
0.117942
0.11786
0.117778
0.117695
0.117613
0.117531
0.117449
0.117367
0.117286
0.117204
0.117122
0.11704
0.116958
0.116877
0.116795
0.116713
0.116632
0.11655
0.116469
0.116388
0.116306
0.116225
0.116144
0.116062
0.115981
0.1159
0.115819
0.115738
0.115657
0.115576
0.115495
0.115414
0.115333
0.115252
0.115172
0.115091
0.11501
0.11493
0.114849
0.114768
0.114688
0.114608
0.114527
0.114447
0.114366
