Vec Object: Vec_0x55b5d11c19c0_0 1 MPI process
  type: seq
1.
0.999915
0.999831
0.999746
0.999662
0.999577
0.999492
0.999408
0.999323
0.999238
0.999153
0.999068
0.998983
0.998898
0.998813
0.998728
0.998643
0.998558
0.998473
0.998388
0.998303
0.998217
0.998132
0.998047
0.997961
0.997876
0.997791
0.997705
0.99762
0.997534
0.997448
0.997363
0.997277
0.997192
0.997106
0.99702
0.996934
0.996848
0.996763
0.996677
0.996591
0.996505
0.996419
0.996333
0.996247
0.996161
0.996074
0.995988
0.995902
0.995816
0.995729
0.995643
0.995557
0.99547
0.995384
0.995297
0.995211
0.995124
0.995038
0.994951
0.994865
0.994778
0.994691
0.994604
0.994518
0.994431
0.994344
0.994257
0.99417
0.994083
0.993996
0.993909
0.993822
0.993735
0.993647
0.99356
0.993473
0.993386
0.993298
0.993211
0.993124
0.993036
0.992949
0.992861
0.992774
0.992686
0.992599
0.992511
0.992423
0.992336
0.992248
0.99216
0.992072
0.991984
0.991897
0.991809
0.991721
0.991633
0.991545
0.991457
0.991368
0.99128
0.991192
0.991104
0.991016
0.990927
0.990839
0.990751
0.990662
0.990574
0.990485
0.990397
0.990308
0.99022
0.990131
0.990042
0.989954
0.989865
0.989776
0.989687
0.989598
0.98951
0.989421
0.989332
0.989243
0.989154
0.989065
0.988976
0.988886
0.988797
0.988708
0.988619
0.98853
0.98844
0.988351
0.988261
0.988172
0.988083
0.987993
0.987903
0.987814
0.987724
0.987635
0.987545
0.987455
0.987365
0.987276
0.987186
0.987096
0.987006
0.986916
0.986826
0.986736
0.986646
0.986556
0.986466
0.986376
0.986285
0.986195
0.986105
0.986015
0.985924
0.985834
0.985743
0.985653
0.985563
0.985472
0.985381
0.985291
0.9852
0.985109
0.985019
0.984928
0.984837
0.984746
0.984655
0.984565
0.984474
0.984383
0.984292
0.984201
0.98411
0.984018
0.983927
0.983836
0.983745
0.983654
0.983562
0.983471
0.983379
0.983288
0.983197
0.983105
0.983014
0.982922
0.98283
0.982739
0.982647
0.982555
0.982464
0.982372
0.98228
0.982188
0.982096
0.982004
0.981912
0.98182
0.981728
0.981636
0.981544
0.981452
0.98136
0.981267
0.981175
0.981083
0.98099
0.980898
0.980806
0.980713
0.980621
0.980528
0.980436
0.980343
0.98025
0.980158
0.980065
0.979972
0.979879
0.979786
0.979694
0.979601
0.979508
0.979415
0.979322
0.979229
0.979136
0.979042
0.978949
0.978856
0.978763
0.97867
0.978576
0.978483
0.978389
0.978296
0.978203
0.978109
0.978015
0.977922
0.977828
0.977735
0.977641
0.977547
0.977453
0.97736
0.977266
0.977172
0.977078
0.976984
0.97689
0.976796
0.976702
0.976608
0.976514
0.976419
0.976325
0.976231
0.976137
0.976042
0.975948
0.975854
0.975759
0.975665
0.97557
0.975476
0.975381
0.975286
0.975192
0.975097
0.975002
0.974907
0.974813
0.974718
0.974623
0.974528
0.974433
0.974338
0.974243
0.974148
0.974053
0.973958
0.973862
0.973767
0.973672
0.973577
0.973481
0.973386
0.97329
0.973195
0.973099
0.973004
0.972908
0.972813
0.972717
0.972621
0.972526
0.97243
0.972334
0.972238
0.972142
0.972046
0.97195
0.971855
0.971758
0.971662
0.971566
0.97147
0.971374
0.971278
0.971182
0.971085
0.970989
0.970893
0.970796
0.9707
0.970603
0.970507
0.97041
0.970314
0.970217
0.97012
0.970024
0.969927
0.96983
0.969733
0.969636
0.969539
0.969442
0.969345
0.969248
0.969151
0.969054
0.968957
0.96886
0.968763
0.968666
0.968568
0.968471
0.968374
0.968276
0.968179
0.968081
0.967984
0.967886
0.967789
0.967691
0.967593
0.967496
0.967398
0.9673
0.967202
0.967105
0.967007
0.966909
0.966811
0.966713
0.966615
0.966517
0.966419
0.96632
0.966222
0.966124
0.966026
0.965927
0.965829
0.965731
0.965632
0.965534
0.965435
0.965337
0.965238
0.96514
0.965041
0.964942
0.964844
0.964745
0.964646
0.964547
0.964448
0.964349
0.96425
0.964151
0.964052
0.963953
0.963854
0.963755
0.963656
0.963557
0.963457
0.963358
0.963259
0.963159
0.96306
0.962961
0.962861
0.962761
0.962662
0.962562
0.962463
0.962363
0.962263
0.962164
0.962064
0.961964
0.961864
0.961764
0.961664
0.961564
0.961464
0.961364
0.961264
0.961164
0.961064
0.960963
0.960863
0.960763
0.960663
0.960562
0.960462
0.960361
0.960261
0.96016
0.96006
0.959959
0.959858
0.959758
0.959657
0.959556
0.959455
0.959355
0.959254
0.959153
0.959052
0.958951
0.95885
0.958749
0.958648
0.958547
0.958445
0.958344
0.958243
0.958142
0.95804
0.957939
0.957837
0.957736
0.957635
0.957533
0.957431
0.95733
0.957228
0.957127
0.957025
0.956923
0.956821
0.956719
0.956618
0.956516
0.956414
0.956312
0.95621
0.956108
0.956005
0.955903
0.955801
0.955699
0.955597
0.955494
0.955392
0.95529
0.955187
0.955085
0.954982
0.95488
0.954777
0.954674
0.954572
0.954469
0.954366
0.954264
0.954161
0.954058
0.953955
0.953852
0.953749
0.953646
0.953543
0.95344
0.953337
0.953234
0.953131
0.953027
0.952924
0.952821
0.952717
0.952614
0.952511
0.952407
0.952304
0.9522
0.952097
0.951993
0.951889
0.951786
0.951682
0.951578
0.951474
0.95137
0.951266
0.951163
0.951059
0.950955
0.95085
0.950746
0.950642
0.950538
0.950434
0.95033
0.950225
0.950121
0.950017
0.949912
0.949808
0.949703
0.949599
0.949494
0.94939
0.949285
0.94918
0.949076
0.948971
0.948866
0.948761
0.948656
0.948551
0.948447
0.948342
0.948237
0.948131
0.948026
0.947921
0.947816
0.947711
0.947606
0.9475
0.947395
0.94729
0.947184
0.947079
0.946973
0.946868
0.946762
0.946656
0.946551
0.946445
0.946339
0.946234
0.946128
0.946022
0.945916
0.94581
0.945704
0.945598
0.945492
0.945386
0.94528
0.945174
0.945067
0.944961
0.944855
0.944749
0.944642
0.944536
0.944429
0.944323
0.944216
0.94411
0.944003
0.943897
0.94379
0.943683
0.943577
0.94347
0.943363
0.943256
0.943149
0.943042
0.942935
0.942828
0.942721
0.942614
0.942507
0.9424
0.942292
0.942185
0.942078
0.941971
0.941863
0.941756
0.941648
0.941541
0.941433
0.941326
0.941218
0.94111
0.941003
0.940895
0.940787
0.940679
0.940571
0.940464
0.940356
0.940248
0.94014
0.940032
0.939924
0.939815
0.939707
0.939599
0.939491
0.939382
0.939274
0.939166
0.939057
0.938949
0.93884
0.938732
0.938623
0.938515
0.938406
0.938297
0.938189
0.93808
0.937971
0.937862
0.937753
0.937644
0.937536
0.937427
0.937317
0.937208
0.937099
0.93699
0.936881
0.936772
0.936662
0.936553
0.936444
0.936334
0.936225
0.936115
0.936006
0.935896
0.935787
0.935677
0.935567
0.935458
0.935348
0.935238
0.935128
0.935018
0.934909
0.934799
0.934689
0.934579
0.934469
0.934358
0.934248
0.934138
0.934028
0.933918
0.933807
0.933697
0.933587
0.933476
0.933366
0.933255
0.933145
0.933034
0.932923
0.932813
0.932702
0.932591
0.93248
0.93237
0.932259
0.932148
0.932037
0.931926
0.931815
0.931704
0.931593
0.931482
0.93137
0.931259
0.931148
0.931037
0.930925
0.930814
0.930702
0.930591
0.93048
0.930368
0.930256
0.930145
0.930033
0.929921
0.92981
0.929698
0.929586
0.929474
0.929362
0.92925
0.929138
0.929026
0.928914
0.928802
0.92869
0.928578
0.928466
0.928353
0.928241
0.928129
0.928016
0.927904
0.927791
0.927679
0.927566
0.927454
0.927341
0.927229
0.927116
0.927003
0.92689
0.926778
0.926665
0.926552
0.926439
0.926326
0.926213
0.9261
0.925987
0.925874
0.92576
0.925647
0.925534
0.925421
0.925307
0.925194
0.92508
0.924967
0.924853
0.92474
0.924626
0.924513
0.924399
0.924285
0.924172
0.924058
0.923944
0.92383
0.923716
0.923602
0.923488
0.923374
0.92326
0.923146
0.923032
0.922918
0.922804
0.922689
0.922575
0.922461
0.922346
0.922232
0.922117
0.922003
0.921888
0.921774
0.921659
0.921545
0.92143
0.921315
0.9212
0.921085
0.920971
0.920856
0.920741
0.920626
0.920511
0.920396
0.920281
0.920165
0.92005
0.919935
0.91982
0.919704
0.919589
0.919474
0.919358
0.919243
0.919127
0.919012
0.918896
0.918781
0.918665
0.918549
0.918433
0.918318
0.918202
0.918086
0.91797
0.917854
0.917738
0.917622
0.917506
0.91739
0.917274
0.917158
0.917041
0.916925
0.916809
0.916692
0.916576
0.91646
0.916343
0.916227
0.91611
0.915993
0.915877
0.91576
0.915643
0.915527
0.91541
0.915293
0.915176
0.915059
0.914942
0.914825
0.914708
0.914591
0.914474
0.914357
0.91424
0.914122
0.914005
0.913888
0.91377
0.913653
0.913536
0.913418
0.913301
0.913183
0.913065
0.912948
0.91283
0.912712
0.912595
0.912477
0.912359
0.912241
0.912123
0.912005
0.911887
0.911769
0.911651
0.911533
0.911415
0.911297
0.911178
0.91106
0.910942
0.910823
0.910705
0.910586
0.910468
0.910349
0.910231
0.910112
0.909994
0.909875
0.909756
0.909637
0.909519
0.9094
0.909281
0.909162
0.909043
0.908924
0.908805
0.908686
0.908567
0.908447
0.908328
0.908209
0.90809
0.90797
0.907851
0.907731
0.907612
0.907492
0.907373
0.907253
0.907134
0.907014
0.906894
0.906775
0.906655
0.906535
0.906415
0.906295
0.906175
0.906055
0.905935
0.905815
0.905695
0.905575
0.905455
0.905334
0.905214
0.905094
0.904973
0.904853
0.904733
0.904612
0.904492
0.904371
0.90425
0.90413
0.904009
0.903888
0.903768
0.903647
0.903526
0.903405
0.903284
0.903163
0.903042
0.902921
0.9028
0.902679
0.902558
0.902437
0.902315
0.902194
0.902073
0.901951
0.90183
0.901708
0.901587
0.901465
0.901344
0.901222
0.901101
0.900979
0.900857
0.900735
0.900614
0.900492
0.90037
0.900248
0.900126
0.900004
0.899882
0.89976
0.899638
0.899515
0.899393
0.899271
0.899149
0.899026
0.898904
0.898781
0.898659
0.898536
0.898414
0.898291
0.898169
0.898046
0.897923
0.897801
0.897678
0.897555
0.897432
0.897309
0.897186
0.897063
0.89694
0.896817
0.896694
0.896571
0.896448
0.896324
0.896201
0.896078
0.895954
0.895831
0.895707
0.895584
0.89546
0.895337
0.895213
0.89509
0.894966
0.894842
0.894718
0.894595
0.894471
0.894347
0.894223
0.894099
0.893975
0.893851
0.893727
0.893603
0.893478
0.893354
0.89323
0.893106
0.892981
0.892857
0.892733
0.892608
0.892484
0.892359
0.892234
0.89211
0.891985
0.89186
0.891736
0.891611
0.891486
0.891361
0.891236
0.891111
0.890986
0.890861
0.890736
0.890611
0.890486
0.890361
0.890235
0.89011
0.889985
0.889859
0.889734
0.889609
0.889483
0.889358
0.889232
0.889106
0.888981
0.888855
0.888729
0.888604
0.888478
0.888352
0.888226
0.8881
0.887974
0.887848
0.887722
0.887596
0.88747
0.887344
0.887217
0.887091
0.886965
0.886839
0.886712
0.886586
0.886459
0.886333
0.886206
0.88608
0.885953
0.885826
0.8857
0.885573
0.885446
0.885319
0.885192
0.885065
0.884939
0.884812
0.884684
0.884557
0.88443
0.884303
0.884176
0.884049
0.883921
0.883794
0.883667
0.883539
0.883412
0.883284
0.883157
0.883029
0.882902
0.882774
0.882646
0.882519
0.882391
0.882263
0.882135
0.882007
0.881879
0.881751
0.881623
0.881495
0.881367
0.881239
0.881111
0.880983
0.880854
0.880726
0.880598
0.880469
0.880341
0.880212
0.880084
0.879955
0.879827
0.879698
0.87957
0.879441
0.879312
0.879183
0.879054
0.878926
0.878797
0.878668
0.878539
0.87841
0.878281
0.878151
0.878022
0.877893
0.877764
0.877635
0.877505
0.877376
0.877246
0.877117
0.876988
0.876858
0.876728
0.876599
0.876469
0.87634
0.87621
0.87608
0.87595
0.87582
0.87569
0.87556
0.875431
0.875301
0.87517
0.87504
0.87491
0.87478
0.87465
0.87452
0.874389
0.874259
0.874129
0.873998
0.873868
0.873737
0.873607
0.873476
0.873345
0.873215
0.873084
0.872953
0.872822
0.872692
0.872561
0.87243
0.872299
0.872168
0.872037
0.871906
0.871775
0.871643
0.871512
0.871381
0.87125
0.871118
0.870987
0.870856
0.870724
0.870593
0.870461
0.87033
0.870198
0.870066
0.869935
0.869803
0.869671
0.869539
0.869407
0.869276
0.869144
0.869012
0.86888
0.868748
0.868615
0.868483
0.868351
0.868219
0.868087
0.867954
0.867822
0.86769
0.867557
0.867425
0.867292
0.86716
0.867027
0.866894
0.866762
0.866629
0.866496
0.866363
0.866231
0.866098
0.865965
0.865832
0.865699
0.865566
0.865433
0.8653
0.865166
0.865033
0.8649
0.864767
0.864633
0.8645
0.864367
0.864233
0.8641
0.863966
0.863833
0.863699
0.863565
0.863432
0.863298
0.863164
0.86303
0.862896
0.862763
0.862629
0.862495
0.862361
0.862227
0.862092
0.861958
0.861824
0.86169
0.861556
0.861421
0.861287
0.861153
0.861018
0.860884
0.860749
0.860615
0.86048
0.860345
0.860211
0.860076
0.859941
0.859807
0.859672
0.859537
0.859402
0.859267
0.859132
0.858997
0.858862
0.858727
0.858592
0.858456
0.858321
0.858186
0.858051
0.857915
0.85778
0.857644
0.857509
0.857373
0.857238
0.857102
0.856967
0.856831
0.856695
0.856559
0.856424
0.856288
0.856152
0.856016
0.85588
0.855744
0.855608
0.855472
0.855336
0.855199
0.855063
0.854927
0.854791
0.854654
0.854518
0.854381
0.854245
0.854108
0.853972
0.853835
0.853699
0.853562
0.853425
0.853289
0.853152
0.853015
0.852878
0.852741
0.852604
0.852467
0.85233
0.852193
0.852056
0.851919
0.851782
0.851645
0.851507
0.85137
0.851233
0.851095
0.850958
0.85082
0.850683
0.850545
0.850408
0.85027
0.850132
0.849995
0.849857
0.849719
0.849581
0.849443
0.849305
0.849167
0.849029
0.848891
0.848753
0.848615
0.848477
0.848339
0.8482
0.848062
0.847924
0.847785
0.847647
0.847509
0.84737
0.847232
0.847093
0.846954
0.846816
0.846677
0.846538
0.8464
0.846261
0.846122
0.845983
0.845844
0.845705
0.845566
0.845427
0.845288
0.845149
0.84501
0.84487
0.844731
0.844592
0.844452
0.844313
0.844174
0.844034
0.843895
0.843755
0.843616
0.843476
0.843336
0.843197
0.843057
0.842917
0.842777
0.842637
0.842497
0.842357
0.842218
0.842077
0.841937
0.841797
0.841657
0.841517
0.841377
0.841236
0.841096
0.840956
0.840815
0.840675
0.840534
0.840394
0.840253
0.840113
0.839972
0.839832
0.839691
0.83955
0.839409
0.839268
0.839128
0.838987
0.838846
0.838705
0.838564
0.838423
0.838281
0.83814
0.837999
0.837858
0.837717
0.837575
0.837434
0.837292
0.837151
0.83701
0.836868
0.836726
0.836585
0.836443
0.836302
0.83616
0.836018
0.835876
0.835734
0.835593
0.835451
0.835309
0.835167
0.835025
0.834883
0.83474
0.834598
0.834456
0.834314
0.834171
0.834029
0.833887
0.833744
0.833602
0.833459
0.833317
0.833174
0.833032
0.832889
0.832746
0.832604
0.832461
0.832318
0.832175
0.832032
0.831889
0.831747
0.831603
0.83146
0.831317
0.831174
0.831031
0.830888
0.830745
0.830601
0.830458
0.830315
0.830171
0.830028
0.829884
0.829741
0.829597
0.829454
0.82931
0.829166
0.829023
0.828879
0.828735
0.828591
0.828447
0.828303
0.828159
0.828015
0.827871
0.827727
0.827583
0.827439
0.827295
0.82715
0.827006
0.826862
0.826717
0.826573
0.826429
0.826284
0.82614
0.825995
0.82585
0.825706
0.825561
0.825416
0.825272
0.825127
0.824982
0.824837
0.824692
0.824547
0.824402
0.824257
0.824112
0.823967
0.823822
0.823676
0.823531
0.823386
0.823241
0.823095
0.82295
0.822804
0.822659
0.822513
0.822368
0.822222
0.822077
0.821931
0.821785
0.821639
0.821494
0.821348
0.821202
0.821056
0.82091
0.820764
0.820618
0.820472
0.820326
0.82018
0.820033
0.819887
0.819741
0.819595
0.819448
0.819302
0.819155
0.819009
0.818862
0.818716
0.818569
0.818423
0.818276
0.818129
0.817982
0.817836
0.817689
0.817542
0.817395
0.817248
0.817101
0.816954
0.816807
0.81666
0.816513
0.816366
0.816218
0.816071
0.815924
0.815776
0.815629
0.815482
0.815334
0.815187
0.815039
0.814891
0.814744
0.814596
0.814449
0.814301
0.814153
0.814005
0.813857
0.813709
0.813561
0.813413
0.813265
0.813117
0.812969
0.812821
0.812673
0.812525
0.812377
0.812228
0.81208
0.811932
0.811783
0.811635
0.811486
0.811338
0.811189
0.81104
0.810892
0.810743
0.810594
0.810446
0.810297
0.810148
0.809999
0.80985
0.809701
0.809552
0.809403
0.809254
0.809105
0.808956
0.808807
0.808657
0.808508
0.808359
0.80821
0.80806
0.807911
0.807761
0.807612
0.807462
0.807313
0.807163
0.807013
0.806864
0.806714
0.806564
0.806414
0.806264
0.806114
0.805965
0.805815
0.805665
0.805514
0.805364
0.805214
0.805064
0.804914
0.804764
0.804613
0.804463
0.804313
0.804162
0.804012
0.803861
0.803711
0.80356
0.80341
0.803259
0.803108
0.802958
0.802807
0.802656
0.802505
0.802354
0.802203
0.802052
0.801901
0.80175
0.801599
0.801448
0.801297
0.801146
0.800995
0.800843
0.800692
0.800541
0.800389
0.800238
0.800087
0.799935
0.799784
0.799632
0.79948
0.799329
0.799177
0.799025
0.798874
0.798722
0.79857
0.798418
0.798266
0.798114
0.797962
0.79781
0.797658
0.797506
0.797354
0.797202
0.797049
0.796897
0.796745
0.796592
0.79644
0.796288
0.796135
0.795983
0.79583
0.795678
0.795525
0.795372
0.79522
0.795067
0.794914
0.794761
0.794609
0.794456
0.794303
0.79415
0.793997
0.793844
0.793691
0.793538
0.793384
0.793231
0.793078
0.792925
0.792771
0.792618
0.792465
0.792311
0.792158
0.792004
0.791851
0.791697
0.791544
0.79139
0.791236
0.791083
0.790929
0.790775
0.790621
0.790467
0.790313
0.790159
0.790005
0.789851
0.789697
0.789543
0.789389
0.789235
0.789081
0.788926
0.788772
0.788618
0.788463
0.788309
0.788155
0.788
0.787846
0.787691
0.787536
0.787382
0.787227
0.787072
0.786918
0.786763
0.786608
0.786453
0.786298
0.786143
0.785988
0.785833
0.785678
0.785523
0.785368
0.785213
0.785058
0.784902
0.784747
0.784592
0.784436
0.784281
0.784126
0.78397
0.783815
0.783659
0.783504
0.783348
0.783192
0.783037
0.782881
0.782725
0.782569
0.782413
0.782258
0.782102
0.781946
0.78179
0.781634
0.781478
0.781321
0.781165
0.781009
0.780853
0.780697
0.78054
0.780384
0.780228
0.780071
0.779915
0.779758
0.779602
0.779445
0.779289
0.779132
0.778975
0.778819
0.778662
0.778505
0.778348
0.778191
0.778034
0.777877
0.777721
0.777564
0.777406
0.777249
0.777092
0.776935
0.776778
0.776621
0.776463
0.776306
0.776149
0.775991
0.775834
0.775676
0.775519
0.775361
0.775204
0.775046
0.774889
0.774731
0.774573
0.774415
0.774258
0.7741
0.773942
0.773784
0.773626
0.773468
0.77331
0.773152
0.772994
0.772836
0.772678
0.77252
0.772361
0.772203
0.772045
0.771886
0.771728
0.77157
0.771411
0.771253
0.771094
0.770936
0.770777
0.770618
0.77046
0.770301
0.770142
0.769983
0.769825
0.769666
0.769507
0.769348
0.769189
0.76903
0.768871
0.768712
0.768553
0.768393
0.768234
0.768075
0.767916
0.767756
0.767597
0.767438
0.767278
0.767119
0.766959
0.7668
0.76664
0.766481
0.766321
0.766161
0.766002
0.765842
0.765682
0.765522
0.765363
0.765203
0.765043
0.764883
0.764723
0.764563
0.764403
0.764243
0.764082
0.763922
0.763762
0.763602
0.763442
0.763281
0.763121
0.76296
0.7628
0.76264
0.762479
0.762319
0.762158
0.761997
0.761837
0.761676
0.761515
0.761355
0.761194
0.761033
0.760872
0.760711
0.76055
0.760389
0.760228
0.760067
0.759906
0.759745
0.759584
0.759423
0.759261
0.7591
0.758939
0.758777
0.758616
0.758455
0.758293
0.758132
0.75797
0.757809
0.757647
0.757486
0.757324
0.757162
0.757
0.756839
0.756677
0.756515
0.756353
0.756191
0.756029
0.755867
0.755705
0.755543
0.755381
0.755219
0.755057
0.754895
0.754733
0.75457
0.754408
0.754246
0.754083
0.753921
0.753758
0.753596
0.753433
0.753271
0.753108
0.752946
0.752783
0.75262
0.752458
0.752295
0.752132
0.751969
0.751806
0.751643
0.751481
0.751318
0.751155
0.750992
0.750828
0.750665
0.750502
0.750339
0.750176
0.750013
0.749849
0.749686
0.749523
0.749359
0.749196
0.749032
0.748869
0.748705
0.748542
0.748378
0.748214
0.748051
0.747887
0.747723
0.74756
0.747396
0.747232
0.747068
0.746904
0.74674
0.746576
0.746412
0.746248
0.746084
0.74592
0.745756
0.745591
0.745427
0.745263
0.745099
0.744934
0.74477
0.744606
0.744441
0.744277
0.744112
0.743948
0.743783
0.743618
0.743454
0.743289
0.743124
0.74296
0.742795
0.74263
0.742465
0.7423
0.742135
0.74197
0.741805
0.74164
0.741475
0.74131
0.741145
0.74098
0.740815
0.740649
0.740484
0.740319
0.740154
0.739988
0.739823
0.739657
0.739492
0.739326
0.739161
0.738995
0.73883
0.738664
0.738498
0.738333
0.738167
0.738001
0.737835
0.737669
0.737503
0.737338
0.737172
0.737006
0.73684
0.736674
0.736507
0.736341
0.736175
0.736009
0.735843
0.735677
0.73551
0.735344
0.735178
0.735011
0.734845
0.734678
0.734512
0.734345
0.734179
0.734012
0.733845
0.733679
0.733512
0.733345
0.733179
0.733012
0.732845
0.732678
0.732511
0.732344
0.732177
0.73201
0.731843
0.731676
0.731509
0.731342
0.731175
0.731008
0.73084
0.730673
0.730506
0.730338
0.730171
0.730004
0.729836
0.729669
0.729501
0.729334
0.729166
0.728999
0.728831
0.728663
0.728496
0.728328
0.72816
0.727992
0.727824
0.727657
0.727489
0.727321
0.727153
0.726985
0.726817
0.726649
0.726481
0.726312
0.726144
0.725976
0.725808
0.72564
0.725471
0.725303
0.725135
0.724966
0.724798
0.724629
0.724461
0.724292
0.724124
0.723955
0.723787
0.723618
0.723449
0.723281
0.723112
0.722943
0.722774
0.722605
0.722436
0.722267
0.722099
0.72193
0.721761
0.721592
0.721422
0.721253
0.721084
0.720915
0.720746
0.720577
0.720407
0.720238
0.720069
0.719899
0.71973
0.71956
0.719391
0.719221
0.719052
0.718882
0.718713
0.718543
0.718373
0.718204
0.718034
0.717864
0.717694
0.717525
0.717355
0.717185
0.717015
0.716845
0.716675
0.716505
0.716335
0.716165
0.715995
0.715825
0.715655
0.715484
0.715314
0.715144
0.714974
0.714803
0.714633
0.714462
0.714292
0.714122
0.713951
0.713781
0.71361
0.713439
0.713269
0.713098
0.712927
0.712757
0.712586
0.712415
0.712244
0.712074
0.711903
0.711732
0.711561
0.71139
0.711219
0.711048
0.710877
0.710706
0.710535
0.710363
0.710192
0.710021
0.70985
0.709679
0.709507
0.709336
0.709164
0.708993
0.708822
0.70865
0.708479
0.708307
0.708136
0.707964
0.707792
0.707621
0.707449
0.707277
0.707106
0.706934
0.706762
0.70659
0.706418
0.706246
0.706075
0.705903
0.705731
0.705559
0.705386
0.705214
0.705042
0.70487
0.704698
0.704526
0.704354
0.704181
0.704009
0.703837
0.703664
0.703492
0.703319
0.703147
0.702975
0.702802
0.702629
0.702457
0.702284
0.702112
0.701939
0.701766
0.701594
0.701421
0.701248
0.701075
0.700902
0.70073
0.700557
0.700384
0.700211
0.700038
0.699865
0.699692
0.699519
0.699345
0.699172
0.698999
0.698826
0.698653
0.698479
0.698306
0.698133
0.697959
0.697786
0.697613
0.697439
0.697266
0.697092
0.696919
0.696745
0.696571
0.696398
0.696224
0.69605
0.695877
0.695703
0.695529
0.695355
0.695182
0.695008
0.694834
0.69466
0.694486
0.694312
0.694138
0.693964
0.69379
0.693616
0.693442
0.693268
0.693093
0.692919
0.692745
0.692571
0.692396
0.692222
0.692048
0.691873
0.691699
0.691524
0.69135
0.691175
0.691001
0.690826
0.690652
0.690477
0.690302
0.690128
0.689953
0.689778
0.689603
0.689429
0.689254
0.689079
0.688904
0.688729
0.688554
0.688379
0.688204
0.688029
0.687854
0.687679
0.687504
0.687329
0.687154
0.686978
0.686803
0.686628
0.686453
0.686277
0.686102
0.685927
0.685751
0.685576
0.6854
0.685225
0.685049
0.684874
0.684698
0.684523
0.684347
0.684171
0.683996
0.68382
0.683644
0.683468
0.683293
0.683117
0.682941
0.682765
0.682589
0.682413
0.682237
0.682061
0.681885
0.681709
0.681533
0.681357
0.681181
0.681005
0.680829
0.680652
0.680476
0.6803
0.680124
0.679947
0.679771
0.679594
0.679418
0.679242
0.679065
0.678889
0.678712
0.678536
0.678359
0.678182
0.678006
0.677829
0.677652
0.677476
0.677299
0.677122
0.676945
0.676769
0.676592
0.676415
0.676238
0.676061
0.675884
0.675707
0.67553
0.675353
0.675176
0.674999
0.674822
0.674645
0.674467
0.67429
0.674113
0.673936
0.673758
0.673581
0.673404
0.673226
0.673049
0.672872
0.672694
0.672517
0.672339
0.672162
0.671984
0.671806
0.671629
0.671451
0.671274
0.671096
0.670918
0.67074
0.670563
0.670385
0.670207
0.670029
0.669851
0.669673
0.669496
0.669318
0.66914
0.668962
0.668784
0.668605
0.668427
0.668249
0.668071
0.667893
0.667715
0.667537
0.667358
0.66718
0.667002
0.666823
0.666645
0.666467
0.666288
0.66611
0.665931
0.665753
0.665575
0.665396
0.665217
0.665039
0.66486
0.664682
0.664503
0.664324
0.664146
0.663967
0.663788
0.663609
0.66343
0.663252
0.663073
0.662894
0.662715
0.662536
0.662357
0.662178
0.661999
0.66182
0.661641
0.661462
0.661283
0.661104
0.660924
0.660745
0.660566
0.660387
0.660208
0.660028
0.659849
0.65967
0.65949
0.659311
0.659131
0.658952
0.658773
0.658593
0.658413
0.658234
0.658054
0.657875
0.657695
0.657516
0.657336
0.657156
0.656976
0.656797
0.656617
0.656437
0.656257
0.656077
0.655898
0.655718
0.655538
0.655358
0.655178
0.654998
0.654818
0.654638
0.654458
0.654278
0.654098
0.653918
0.653737
0.653557
0.653377
0.653197
0.653016
0.652836
0.652656
0.652476
0.652295
0.652115
0.651934
0.651754
0.651574
0.651393
0.651213
0.651032
0.650852
0.650671
0.65049
0.65031
0.650129
0.649948
0.649768
0.649587
0.649406
0.649226
0.649045
0.648864
0.648683
0.648502
0.648321
0.648141
0.64796
0.647779
0.647598
0.647417
0.647236
0.647055
0.646874
0.646692
0.646511
0.64633
0.646149
0.645968
0.645787
0.645605
0.645424
0.645243
0.645062
0.64488
0.644699
0.644518
0.644336
0.644155
0.643973
0.643792
0.64361
0.643429
0.643247
0.643066
0.642884
0.642703
0.642521
0.642339
0.642158
0.641976
0.641794
0.641613
0.641431
0.641249
0.641067
0.640886
0.640704
0.640522
0.64034
0.640158
0.639976
0.639794
0.639612
0.63943
0.639248
0.639066
0.638884
0.638702
0.63852
0.638338
0.638156
0.637973
0.637791
0.637609
0.637427
0.637245
0.637062
0.63688
0.636698
0.636515
0.636333
0.63615
0.635968
0.635786
0.635603
0.635421
0.635238
0.635056
0.634873
0.634691
0.634508
0.634325
0.634143
0.63396
0.633777
0.633595
0.633412
0.633229
0.633046
0.632864
0.632681
0.632498
0.632315
0.632132
0.631949
0.631767
0.631584
0.631401
0.631218
0.631035
0.630852
0.630669
0.630486
0.630302
0.630119
0.629936
0.629753
0.62957
0.629387
0.629204
0.62902
0.628837
0.628654
0.628471
0.628287
0.628104
0.627921
0.627737
0.627554
0.62737
0.627187
0.627004
0.62682
0.626637
0.626453
0.62627
0.626086
0.625902
0.625719
0.625535
0.625352
0.625168
0.624984
0.624801
0.624617
0.624433
0.624249
0.624066
0.623882
0.623698
0.623514
0.62333
0.623146
0.622962
0.622779
0.622595
0.622411
0.622227
0.622043
0.621859
0.621675
0.621491
0.621307
0.621122
0.620938
0.620754
0.62057
0.620386
0.620202
0.620018
0.619833
0.619649
0.619465
0.619281
0.619096
0.618912
0.618728
0.618543
0.618359
0.618174
0.61799
0.617806
0.617621
0.617437
0.617252
0.617068
0.616883
0.616699
0.616514
0.616329
0.616145
0.61596
0.615775
0.615591
0.615406
0.615221
0.615037
0.614852
0.614667
0.614482
0.614298
0.614113
0.613928
0.613743
0.613558
0.613373
0.613188
0.613004
0.612819
0.612634
0.612449
0.612264
0.612079
0.611894
0.611709
0.611524
0.611338
0.611153
0.610968
0.610783
0.610598
0.610413
0.610228
0.610042
0.609857
0.609672
0.609487
0.609301
0.609116
0.608931
0.608745
0.60856
0.608375
0.608189
0.608004
0.607818
0.607633
0.607448
0.607262
0.607077
0.606891
0.606706
0.60652
0.606334
0.606149
0.605963
0.605778
0.605592
0.605406
0.605221
0.605035
0.604849
0.604664
0.604478
0.604292
0.604106
0.603921
0.603735
0.603549
0.603363
0.603177
0.602991
0.602806
0.60262
0.602434
0.602248
0.602062
0.601876
0.60169
0.601504
0.601318
0.601132
0.600946
0.60076
0.600574
0.600388
0.600201
0.600015
0.599829
0.599643
0.599457
0.599271
0.599084
0.598898
0.598712
0.598526
0.598339
0.598153
0.597967
0.59778
0.597594
0.597408
0.597221
0.597035
0.596849
0.596662
0.596476
0.596289
0.596103
0.595916
0.59573
0.595543
0.595357
0.59517
0.594984
0.594797
0.594611
0.594424
0.594237
0.594051
0.593864
0.593677
0.593491
0.593304
0.593117
0.592931
0.592744
0.592557
0.59237
0.592184
0.591997
0.59181
0.591623
0.591436
0.591249
0.591063
0.590876
0.590689
0.590502
0.590315
0.590128
0.589941
0.589754
0.589567
0.58938
0.589193
0.589006
0.588819
0.588632
0.588445
0.588258
0.588071
0.587883
0.587696
0.587509
0.587322
0.587135
0.586948
0.58676
0.586573
0.586386
0.586199
0.586011
0.585824
0.585637
0.58545
0.585262
0.585075
0.584888
0.5847
0.584513
0.584326
0.584138
0.583951
0.583763
0.583576
0.583388
0.583201
0.583013
0.582826
0.582638
0.582451
0.582263
0.582076
0.581888
0.581701
0.581513
0.581326
0.581138
0.58095
0.580763
0.580575
0.580387
0.5802
0.580012
0.579824
0.579637
0.579449
0.579261
0.579073
0.578886
0.578698
0.57851
0.578322
0.578134
0.577947
0.577759
0.577571
0.577383
0.577195
0.577007
0.576819
0.576631
0.576444
0.576256
0.576068
0.57588
0.575692
0.575504
0.575316
0.575128
0.57494
0.574752
0.574564
0.574376
0.574187
0.573999
0.573811
0.573623
0.573435
0.573247
0.573059
0.572871
0.572682
0.572494
0.572306
0.572118
0.57193
0.571741
0.571553
0.571365
0.571177
0.570988
0.5708
0.570612
0.570424
0.570235
0.570047
0.569859
0.56967
0.569482
0.569293
0.569105
0.568917
0.568728
0.56854
0.568351
0.568163
0.567975
0.567786
0.567598
0.567409
0.567221
0.567032
0.566844
0.566655
0.566467
0.566278
0.56609
0.565901
0.565712
0.565524
0.565335
0.565147
0.564958
0.564769
0.564581
0.564392
0.564203
0.564015
0.563826
0.563637
0.563449
0.56326
0.563071
0.562883
0.562694
0.562505
0.562316
0.562128
0.561939
0.56175
0.561561
0.561372
0.561184
0.560995
0.560806
0.560617
0.560428
0.560239
0.56005
0.559862
0.559673
0.559484
0.559295
0.559106
0.558917
0.558728
0.558539
0.55835
0.558161
0.557972
0.557783
0.557594
0.557405
0.557216
0.557027
0.556838
0.556649
0.55646
0.556271
0.556082
0.555893
0.555704
0.555515
0.555326
0.555137
0.554948
0.554758
0.554569
0.55438
0.554191
0.554002
0.553813
0.553624
0.553434
0.553245
0.553056
0.552867
0.552678
0.552488
0.552299
0.55211
0.551921
0.551731
0.551542
0.551353
0.551164
0.550974
0.550785
0.550596
0.550406
0.550217
0.550028
0.549838
0.549649
0.54946
0.54927
0.549081
0.548892
0.548702
0.548513
0.548323
0.548134
0.547945
0.547755
0.547566
0.547376
0.547187
0.546998
0.546808
0.546619
0.546429
0.54624
0.54605
0.545861
0.545671
0.545482
0.545292
0.545103
0.544913
0.544724
0.544534
0.544345
0.544155
0.543966
0.543776
0.543586
0.543397
0.543207
0.543018
0.542828
0.542639
0.542449
0.542259
0.54207
0.54188
0.541691
0.541501
0.541311
0.541122
0.540932
0.540742
0.540553
0.540363
0.540173
0.539984
0.539794
0.539604
0.539415
0.539225
0.539035
0.538845
0.538656
0.538466
0.538276
0.538087
0.537897
0.537707
0.537517
0.537328
0.537138
0.536948
0.536758
0.536569
0.536379
0.536189
0.535999
0.535809
0.53562
0.53543
0.53524
0.53505
0.53486
0.53467
0.534481
0.534291
0.534101
0.533911
0.533721
0.533531
0.533342
0.533152
0.532962
0.532772
0.532582
0.532392
0.532202
0.532012
0.531823
0.531633
0.531443
0.531253
0.531063
0.530873
0.530683
0.530493
0.530303
0.530113
0.529923
0.529733
0.529544
0.529354
0.529164
0.528974
0.528784
0.528594
0.528404
0.528214
0.528024
0.527834
0.527644
0.527454
0.527264
0.527074
0.526884
0.526694
0.526504
0.526314
0.526124
0.525934
0.525744
0.525554
0.525364
0.525174
0.524984
0.524794
0.524604
0.524414
0.524224
0.524034
0.523844
0.523654
0.523464
0.523274
0.523084
0.522893
0.522703
0.522513
0.522323
0.522133
0.521943
0.521753
0.521563
0.521373
0.521183
0.520993
0.520803
0.520613
0.520423
0.520233
0.520042
0.519852
0.519662
0.519472
0.519282
0.519092
0.518902
0.518712
0.518522
0.518332
0.518141
0.517951
0.517761
0.517571
0.517381
0.517191
0.517001
0.516811
0.516621
0.51643
0.51624
0.51605
0.51586
0.51567
0.51548
0.51529
0.5151
0.514909
0.514719
0.514529
0.514339
0.514149
0.513959
0.513769
0.513579
0.513388
0.513198
0.513008
0.512818
0.512628
0.512438
0.512248
0.512057
0.511867
0.511677
0.511487
0.511297
0.511107
0.510917
0.510726
0.510536
0.510346
0.510156
0.509966
0.509776
0.509586
0.509395
0.509205
0.509015
0.508825
0.508635
0.508445
0.508255
0.508064
0.507874
0.507684
0.507494
0.507304
0.507114
0.506924
0.506734
0.506543
0.506353
0.506163
0.505973
0.505783
0.505593
0.505403
0.505212
0.505022
0.504832
0.504642
0.504452
0.504262
0.504072
0.503882
0.503691
0.503501
0.503311
0.503121
0.502931
0.502741
0.502551
0.502361
0.50217
0.50198
0.50179
0.5016
0.50141
0.50122
0.50103
0.50084
0.50065
0.50046
0.500269
0.500079
0.499889
0.499699
0.499509
0.499319
0.499129
0.498939
0.498749
0.498559
0.498369
0.498179
0.497988
0.497798
0.497608
0.497418
0.497228
0.497038
0.496848
0.496658
0.496468
0.496278
0.496088
0.495898
0.495708
0.495518
0.495328
0.495138
0.494948
0.494758
0.494568
0.494378
0.494188
0.493997
0.493807
0.493617
0.493427
0.493237
0.493047
0.492857
0.492667
0.492477
0.492287
0.492098
0.491908
0.491718
0.491528
0.491338
0.491148
0.490958
0.490768
0.490578
0.490388
0.490198
0.490008
0.489818
0.489628
0.489438
0.489248
0.489058
0.488868
0.488678
0.488489
0.488299
0.488109
0.487919
0.487729
0.487539
0.487349
0.487159
0.486969
0.48678
0.48659
0.4864
0.48621
0.48602
0.48583
0.48564
0.485451
0.485261
0.485071
0.484881
0.484691
0.484501
0.484312
0.484122
0.483932
0.483742
0.483552
0.483363
0.483173
0.482983
0.482793
0.482604
0.482414
0.482224
0.482034
0.481845
0.481655
0.481465
0.481275
0.481086
0.480896
0.480706
0.480516
0.480327
0.480137
0.479947
0.479758
0.479568
0.479378
0.479189
0.478999
0.478809
0.47862
0.47843
0.47824
0.478051
0.477861
0.477672
0.477482
0.477292
0.477103
0.476913
0.476724
0.476534
0.476345
0.476155
0.475965
0.475776
0.475586
0.475397
0.475207
0.475018
0.474828
0.474639
0.474449
0.47426
0.47407
0.473881
0.473691
0.473502
0.473312
0.473123
0.472933
0.472744
0.472555
0.472365
0.472176
0.471986
0.471797
0.471608
0.471418
0.471229
0.471039
0.47085
0.470661
0.470471
0.470282
0.470093
0.469903
0.469714
0.469525
0.469335
0.469146
0.468957
0.468768
0.468578
0.468389
0.4682
0.468011
0.467821
0.467632
0.467443
0.467254
0.467065
0.466875
0.466686
0.466497
0.466308
0.466119
0.46593
0.46574
0.465551
0.465362
0.465173
0.464984
0.464795
0.464606
0.464417
0.464228
0.464039
0.46385
0.46366
0.463471
0.463282
0.463093
0.462904
0.462715
0.462526
0.462337
0.462149
0.46196
0.461771
0.461582
0.461393
0.461204
0.461015
0.460826
0.460637
0.460448
0.460259
0.460071
0.459882
0.459693
0.459504
0.459315
0.459126
0.458938
0.458749
0.45856
0.458371
0.458183
0.457994
0.457805
0.457616
0.457428
0.457239
0.45705
0.456862
0.456673
0.456484
0.456296
0.456107
0.455918
0.45573
0.455541
0.455352
0.455164
0.454975
0.454787
0.454598
0.45441
0.454221
0.454033
0.453844
0.453656
0.453467
0.453279
0.45309
0.452902
0.452713
0.452525
0.452336
0.452148
0.45196
0.451771
0.451583
0.451394
0.451206
0.451018
0.450829
0.450641
0.450453
0.450265
0.450076
0.449888
0.4497
0.449511
0.449323
0.449135
0.448947
0.448759
0.44857
0.448382
0.448194
0.448006
0.447818
0.44763
0.447442
0.447254
0.447065
0.446877
0.446689
0.446501
0.446313
0.446125
0.445937
0.445749
0.445561
0.445373
0.445185
0.444997
0.444809
0.444622
0.444434
0.444246
0.444058
0.44387
0.443682
0.443494
0.443307
0.443119
0.442931
0.442743
0.442555
0.442368
0.44218
0.441992
0.441804
0.441617
0.441429
0.441241
0.441054
0.440866
0.440678
0.440491
0.440303
0.440116
0.439928
0.439741
0.439553
0.439365
0.439178
0.43899
0.438803
0.438615
0.438428
0.438241
0.438053
0.437866
0.437678
0.437491
0.437304
0.437116
0.436929
0.436741
0.436554
0.436367
0.43618
0.435992
0.435805
0.435618
0.435431
0.435243
0.435056
0.434869
0.434682
0.434495
0.434308
0.43412
0.433933
0.433746
0.433559
0.433372
0.433185
0.432998
0.432811
0.432624
0.432437
0.43225
0.432063
0.431876
0.431689
0.431502
0.431316
0.431129
0.430942
0.430755
0.430568
0.430381
0.430195
0.430008
0.429821
0.429634
0.429448
0.429261
0.429074
0.428887
0.428701
0.428514
0.428328
0.428141
0.427954
0.427768
0.427581
0.427395
0.427208
0.427022
0.426835
0.426649
0.426462
0.426276
0.426089
0.425903
0.425717
0.42553
0.425344
0.425157
0.424971
0.424785
0.424599
0.424412
0.424226
0.42404
0.423854
0.423667
0.423481
0.423295
0.423109
0.422923
0.422737
0.42255
0.422364
0.422178
0.421992
0.421806
0.42162
0.421434
0.421248
0.421062
0.420876
0.420691
0.420505
0.420319
0.420133
0.419947
0.419761
0.419575
0.41939
0.419204
0.419018
0.418832
0.418647
0.418461
0.418275
0.41809
0.417904
0.417718
0.417533
0.417347
0.417162
0.416976
0.41679
0.416605
0.416419
0.416234
0.416049
0.415863
0.415678
0.415492
0.415307
0.415122
0.414936
0.414751
0.414566
0.41438
0.414195
0.41401
0.413825
0.413639
0.413454
0.413269
0.413084
0.412899
0.412714
0.412529
0.412344
0.412158
0.411973
0.411788
0.411603
0.411419
0.411234
0.411049
0.410864
0.410679
0.410494
0.410309
0.410124
0.40994
0.409755
0.40957
0.409385
0.409201
0.409016
0.408831
0.408646
0.408462
0.408277
0.408093
0.407908
0.407723
0.407539
0.407354
0.40717
0.406985
0.406801
0.406617
0.406432
0.406248
0.406063
0.405879
0.405695
0.40551
0.405326
0.405142
0.404958
0.404773
0.404589
0.404405
0.404221
0.404037
0.403853
0.403669
0.403485
0.4033
0.403116
0.402932
0.402748
0.402565
0.402381
0.402197
0.402013
0.401829
0.401645
0.401461
0.401277
0.401094
0.40091
0.400726
0.400542
0.400359
0.400175
0.399991
0.399808
0.399624
0.399441
0.399257
0.399074
0.39889
0.398707
0.398523
0.39834
0.398156
0.397973
0.397789
0.397606
0.397423
0.397239
0.397056
0.396873
0.39669
0.396506
0.396323
0.39614
0.395957
0.395774
0.395591
0.395408
0.395225
0.395042
0.394859
0.394676
0.394493
0.39431
0.394127
0.393944
0.393761
0.393578
0.393395
0.393213
0.39303
0.392847
0.392664
0.392482
0.392299
0.392116
0.391934
0.391751
0.391568
0.391386
0.391203
0.391021
0.390838
0.390656
0.390474
0.390291
0.390109
0.389926
0.389744
0.389562
0.389379
0.389197
0.389015
0.388833
0.388651
0.388468
0.388286
0.388104
0.387922
0.38774
0.387558
0.387376
0.387194
0.387012
0.38683
0.386648
0.386466
0.386284
0.386103
0.385921
0.385739
0.385557
0.385376
0.385194
0.385012
0.384831
0.384649
0.384467
0.384286
0.384104
0.383923
0.383741
0.38356
0.383378
0.383197
0.383015
0.382834
0.382653
0.382471
0.38229
0.382109
0.381928
0.381746
0.381565
0.381384
0.381203
0.381022
0.380841
0.38066
0.380479
0.380298
0.380117
0.379936
0.379755
0.379574
0.379393
0.379212
0.379031
0.37885
0.37867
0.378489
0.378308
0.378128
0.377947
0.377766
0.377586
0.377405
0.377225
0.377044
0.376864
0.376683
0.376503
0.376322
0.376142
0.375962
0.375781
0.375601
0.375421
0.37524
0.37506
0.37488
0.3747
0.37452
0.37434
0.374159
0.373979
0.373799
0.373619
0.373439
0.373259
0.37308
0.3729
0.37272
0.37254
0.37236
0.37218
0.372001
0.371821
0.371641
0.371462
0.371282
0.371102
0.370923
0.370743
0.370564
0.370384
0.370205
0.370025
0.369846
0.369667
0.369487
0.369308
0.369129
0.368949
0.36877
0.368591
0.368412
0.368233
0.368054
0.367874
0.367695
0.367516
0.367337
0.367158
0.366979
0.366801
0.366622
0.366443
0.366264
0.366085
0.365906
0.365728
0.365549
0.36537
0.365192
0.365013
0.364835
0.364656
0.364477
0.364299
0.364121
0.363942
0.363764
0.363585
0.363407
0.363229
0.36305
0.362872
0.362694
0.362516
0.362338
0.362159
0.361981
0.361803
0.361625
0.361447
0.361269
0.361091
0.360913
0.360735
0.360558
0.36038
0.360202
0.360024
0.359846
0.359669
0.359491
0.359313
0.359136
0.358958
0.358781
0.358603
0.358426
0.358248
0.358071
0.357893
0.357716
0.357539
0.357361
0.357184
0.357007
0.35683
0.356652
0.356475
0.356298
0.356121
0.355944
0.355767
0.35559
0.355413
0.355236
0.355059
0.354882
0.354706
0.354529
0.354352
0.354175
0.353999
0.353822
0.353645
0.353469
0.353292
0.353116
0.352939
0.352763
0.352586
0.35241
0.352233
0.352057
0.351881
0.351704
0.351528
0.351352
0.351176
0.351
0.350823
0.350647
0.350471
0.350295
0.350119
0.349943
0.349767
0.349591
0.349416
0.34924
0.349064
0.348888
0.348713
0.348537
0.348361
0.348186
0.34801
0.347834
0.347659
0.347483
0.347308
0.347132
0.346957
0.346782
0.346606
0.346431
0.346256
0.346081
0.345905
0.34573
0.345555
0.34538
0.345205
0.34503
0.344855
0.34468
0.344505
0.34433
0.344155
0.34398
0.343806
0.343631
0.343456
0.343281
0.343107
0.342932
0.342758
0.342583
0.342409
0.342234
0.34206
0.341885
0.341711
0.341536
0.341362
0.341188
0.341014
0.340839
0.340665
0.340491
0.340317
0.340143
0.339969
0.339795
0.339621
0.339447
0.339273
0.339099
0.338925
0.338752
0.338578
0.338404
0.33823
0.338057
0.337883
0.33771
0.337536
0.337363
0.337189
0.337016
0.336842
0.336669
0.336496
0.336322
0.336149
0.335976
0.335803
0.335629
0.335456
0.335283
0.33511
0.334937
0.334764
0.334591
0.334418
0.334245
0.334073
0.3339
0.333727
0.333554
0.333382
0.333209
0.333036
0.332864
0.332691
0.332519
0.332346
0.332174
0.332001
0.331829
0.331657
0.331485
0.331312
0.33114
0.330968
0.330796
0.330624
0.330452
0.330279
0.330107
0.329936
0.329764
0.329592
0.32942
0.329248
0.329076
0.328905
0.328733
0.328561
0.32839
0.328218
0.328046
0.327875
0.327703
0.327532
0.327361
0.327189
0.327018
0.326847
0.326675
0.326504
0.326333
0.326162
0.325991
0.32582
0.325649
0.325478
0.325307
0.325136
0.324965
0.324794
0.324623
0.324452
0.324282
0.324111
0.32394
0.32377
0.323599
0.323429
0.323258
0.323088
0.322917
0.322747
0.322576
0.322406
0.322236
0.322066
0.321895
0.321725
0.321555
0.321385
0.321215
0.321045
0.320875
0.320705
0.320535
0.320365
0.320196
0.320026
0.319856
0.319686
0.319517
0.319347
0.319177
0.319008
0.318838
0.318669
0.318499
0.31833
0.318161
0.317991
0.317822
0.317653
0.317484
0.317315
0.317145
0.316976
0.316807
0.316638
0.316469
0.316301
0.316132
0.315963
0.315794
0.315625
0.315457
0.315288
0.315119
0.314951
0.314782
0.314614
0.314445
0.314277
0.314108
0.31394
0.313771
0.313603
0.313435
0.313267
0.313099
0.31293
0.312762
0.312594
0.312426
0.312258
0.31209
0.311923
0.311755
0.311587
0.311419
0.311251
0.311084
0.310916
0.310748
0.310581
0.310413
0.310246
0.310078
0.309911
0.309744
0.309576
0.309409
0.309242
0.309075
0.308908
0.30874
0.308573
0.308406
0.308239
0.308072
0.307905
0.307739
0.307572
0.307405
0.307238
0.307072
0.306905
0.306738
0.306572
0.306405
0.306239
0.306072
0.305906
0.305739
0.305573
0.305407
0.30524
0.305074
0.304908
0.304742
0.304576
0.30441
0.304244
0.304078
0.303912
0.303746
0.30358
0.303414
0.303249
0.303083
0.302917
0.302752
0.302586
0.302421
0.302255
0.30209
0.301924
0.301759
0.301593
0.301428
0.301263
0.301098
0.300933
0.300767
0.300602
0.300437
0.300272
0.300107
0.299942
0.299778
0.299613
0.299448
0.299283
0.299118
0.298954
0.298789
0.298625
0.29846
0.298296
0.298131
0.297967
0.297802
0.297638
0.297474
0.29731
0.297145
0.296981
0.296817
0.296653
0.296489
0.296325
0.296161
0.295997
0.295833
0.29567
0.295506
0.295342
0.295179
0.295015
0.294851
0.294688
0.294524
0.294361
0.294197
0.294034
0.293871
0.293707
0.293544
0.293381
0.293218
0.293055
0.292892
0.292729
0.292566
0.292403
0.29224
0.292077
0.291914
0.291751
0.291589
0.291426
0.291263
0.291101
0.290938
0.290776
0.290613
0.290451
0.290289
0.290126
0.289964
0.289802
0.28964
0.289477
0.289315
0.289153
0.288991
0.288829
0.288667
0.288505
0.288344
0.288182
0.28802
0.287858
0.287697
0.287535
0.287374
0.287212
0.287051
0.286889
0.286728
0.286566
0.286405
0.286244
0.286083
0.285922
0.28576
0.285599
0.285438
0.285277
0.285116
0.284955
0.284795
0.284634
0.284473
0.284312
0.284152
0.283991
0.28383
0.28367
0.283509
0.283349
0.283189
0.283028
0.282868
0.282708
0.282547
0.282387
0.282227
0.282067
0.281907
0.281747
0.281587
0.281427
0.281267
0.281108
0.280948
0.280788
0.280628
0.280469
0.280309
0.28015
0.27999
0.279831
0.279671
0.279512
0.279353
0.279193
0.279034
0.278875
0.278716
0.278557
0.278398
0.278239
0.27808
0.277921
0.277762
0.277603
0.277445
0.277286
0.277127
0.276969
0.27681
0.276652
0.276493
0.276335
0.276176
0.276018
0.27586
0.275701
0.275543
0.275385
0.275227
0.275069
0.274911
0.274753
0.274595
0.274437
0.274279
0.274122
0.273964
0.273806
0.273649
0.273491
0.273333
0.273176
0.273019
0.272861
0.272704
0.272546
0.272389
0.272232
0.272075
0.271918
0.271761
0.271604
0.271447
0.27129
0.271133
0.270976
0.270819
0.270662
0.270506
0.270349
0.270193
0.270036
0.269879
0.269723
0.269567
0.26941
0.269254
0.269098
0.268941
0.268785
0.268629
0.268473
0.268317
0.268161
0.268005
0.267849
0.267693
0.267538
0.267382
0.267226
0.267071
0.266915
0.266759
0.266604
0.266448
0.266293
0.266138
0.265982
0.265827
0.265672
0.265517
0.265362
0.265207
0.265052
0.264897
0.264742
0.264587
0.264432
0.264277
0.264122
0.263968
0.263813
0.263659
0.263504
0.263349
0.263195
0.263041
0.262886
0.262732
0.262578
0.262424
0.262269
0.262115
0.261961
0.261807
0.261653
0.261499
0.261346
0.261192
0.261038
0.260884
0.260731
0.260577
0.260423
0.26027
0.260116
0.259963
0.25981
0.259656
0.259503
0.25935
0.259197
0.259044
0.25889
0.258737
0.258584
0.258432
0.258279
0.258126
0.257973
0.25782
0.257668
0.257515
0.257362
0.25721
0.257057
0.256905
0.256753
0.2566
0.256448
0.256296
0.256144
0.255991
0.255839
0.255687
0.255535
0.255383
0.255231
0.25508
0.254928
0.254776
0.254624
0.254473
0.254321
0.25417
0.254018
0.253867
0.253715
0.253564
0.253413
0.253261
0.25311
0.252959
0.252808
0.252657
0.252506
0.252355
0.252204
0.252053
0.251902
0.251752
0.251601
0.25145
0.2513
0.251149
0.250999
0.250848
0.250698
0.250548
0.250397
0.250247
0.250097
0.249947
0.249797
0.249647
0.249497
0.249347
0.249197
0.249047
0.248897
0.248747
0.248598
0.248448
0.248299
0.248149
0.247999
0.24785
0.247701
0.247551
0.247402
0.247253
0.247104
0.246955
0.246805
0.246656
0.246507
0.246359
0.24621
0.246061
0.245912
0.245763
0.245615
0.245466
0.245317
0.245169
0.24502
0.244872
0.244724
0.244575
0.244427
0.244279
0.244131
0.243983
0.243835
0.243687
0.243539
0.243391
0.243243
0.243095
0.242947
0.2428
0.242652
0.242504
0.242357
0.242209
0.242062
0.241915
0.241767
0.24162
0.241473
0.241325
0.241178
0.241031
0.240884
0.240737
0.24059
0.240443
0.240297
0.24015
0.240003
0.239856
0.23971
0.239563
0.239417
0.23927
0.239124
0.238978
0.238831
0.238685
0.238539
0.238393
0.238247
0.2381
0.237954
0.237809
0.237663
0.237517
0.237371
0.237225
0.23708
0.236934
0.236788
0.236643
0.236497
0.236352
0.236207
0.236061
0.235916
0.235771
0.235626
0.235481
0.235335
0.23519
0.235045
0.234901
0.234756
0.234611
0.234466
0.234322
0.234177
0.234032
0.233888
0.233743
0.233599
0.233454
0.23331
0.233166
0.233022
0.232877
0.232733
0.232589
0.232445
0.232301
0.232157
0.232014
0.23187
0.231726
0.231582
0.231439
0.231295
0.231152
0.231008
0.230865
0.230721
0.230578
0.230435
0.230291
0.230148
0.230005
0.229862
0.229719
0.229576
0.229433
0.22929
0.229148
0.229005
0.228862
0.22872
0.228577
0.228434
0.228292
0.22815
0.228007
0.227865
0.227723
0.22758
0.227438
0.227296
0.227154
0.227012
0.22687
0.226728
0.226586
0.226445
0.226303
0.226161
0.22602
0.225878
0.225737
0.225595
0.225454
0.225312
0.225171
0.22503
0.224889
0.224747
0.224606
0.224465
0.224324
0.224183
0.224042
0.223902
0.223761
0.22362
0.223479
0.223339
0.223198
0.223058
0.222917
0.222777
0.222637
0.222496
0.222356
0.222216
0.222076
0.221936
0.221796
0.221656
0.221516
0.221376
0.221236
0.221096
0.220957
0.220817
0.220677
0.220538
0.220398
0.220259
0.22012
0.21998
0.219841
0.219702
0.219563
0.219424
0.219285
0.219146
0.219007
0.218868
0.218729
0.21859
0.218451
0.218313
0.218174
0.218036
0.217897
0.217759
0.21762
0.217482
0.217344
0.217205
0.217067
0.216929
0.216791
0.216653
0.216515
0.216377
0.216239
0.216101
0.215964
0.215826
0.215688
0.215551
0.215413
0.215276
0.215138
0.215001
0.214864
0.214726
0.214589
0.214452
0.214315
0.214178
0.214041
0.213904
0.213767
0.21363
0.213493
0.213357
0.21322
0.213083
0.212947
0.21281
0.212674
0.212538
0.212401
0.212265
0.212129
0.211993
0.211856
0.21172
0.211584
0.211448
0.211313
0.211177
0.211041
0.210905
0.21077
0.210634
0.210498
0.210363
0.210227
0.210092
0.209957
0.209821
0.209686
0.209551
0.209416
0.209281
0.209146
0.209011
0.208876
0.208741
0.208606
0.208471
0.208337
0.208202
0.208068
0.207933
0.207799
0.207664
0.20753
0.207395
0.207261
0.207127
0.206993
0.206859
0.206725
0.206591
0.206457
0.206323
0.206189
0.206055
0.205922
0.205788
0.205655
0.205521
0.205388
0.205254
0.205121
0.204987
0.204854
0.204721
0.204588
0.204455
0.204322
0.204189
0.204056
0.203923
0.20379
0.203657
0.203525
0.203392
0.203259
0.203127
0.202994
0.202862
0.20273
0.202597
0.202465
0.202333
0.202201
0.202069
0.201937
0.201805
0.201673
0.201541
0.201409
0.201277
0.201146
0.201014
0.200882
0.200751
0.200619
0.200488
0.200356
0.200225
0.200094
0.199963
0.199832
0.1997
0.199569
0.199438
0.199307
0.199177
0.199046
0.198915
0.198784
0.198654
0.198523
0.198393
0.198262
0.198132
0.198001
0.197871
0.197741
0.197611
0.19748
0.19735
0.19722
0.19709
0.19696
0.19683
0.196701
0.196571
0.196441
0.196312
0.196182
0.196052
0.195923
0.195794
0.195664
0.195535
0.195406
0.195276
0.195147
0.195018
0.194889
0.19476
0.194631
0.194502
0.194374
0.194245
0.194116
0.193988
0.193859
0.19373
0.193602
0.193474
0.193345
0.193217
0.193089
0.19296
0.192832
0.192704
0.192576
0.192448
0.19232
0.192193
0.192065
0.191937
0.191809
0.191682
0.191554
0.191427
0.191299
0.191172
0.191044
0.190917
0.19079
0.190663
0.190536
0.190408
0.190281
0.190155
0.190028
0.189901
0.189774
0.189647
0.189521
0.189394
0.189267
0.189141
0.189014
0.188888
0.188762
0.188635
0.188509
0.188383
0.188257
0.188131
0.188005
0.187879
0.187753
0.187627
0.187501
0.187376
0.18725
0.187124
0.186999
0.186873
0.186748
0.186623
0.186497
0.186372
0.186247
0.186122
0.185997
0.185872
0.185747
0.185622
0.185497
0.185372
0.185247
0.185122
0.184998
0.184873
0.184749
0.184624
0.1845
0.184375
0.184251
0.184127
0.184003
0.183879
0.183754
0.18363
0.183506
0.183383
0.183259
0.183135
0.183011
0.182887
0.182764
0.18264
0.182517
0.182393
0.18227
0.182147
0.182023
0.1819
0.181777
0.181654
0.181531
0.181408
0.181285
0.181162
0.181039
0.180916
0.180793
0.180671
0.180548
0.180426
0.180303
0.180181
0.180058
0.179936
0.179814
0.179691
0.179569
0.179447
0.179325
0.179203
0.179081
0.178959
0.178838
0.178716
0.178594
0.178472
0.178351
0.178229
0.178108
0.177986
0.177865
0.177744
0.177622
0.177501
0.17738
0.177259
0.177138
0.177017
0.176896
0.176775
0.176654
0.176534
0.176413
0.176292
0.176172
0.176051
0.175931
0.17581
0.17569
0.17557
0.17545
0.175329
0.175209
0.175089
0.174969
0.174849
0.174729
0.174609
0.17449
0.17437
0.17425
0.174131
0.174011
0.173892
0.173772
0.173653
0.173533
0.173414
0.173295
0.173176
0.173057
0.172938
0.172819
0.1727
0.172581
0.172462
0.172343
0.172225
0.172106
0.171987
0.171869
0.17175
0.171632
0.171514
0.171395
0.171277
0.171159
0.171041
0.170923
0.170805
0.170687
0.170569
0.170451
0.170333
0.170215
0.170098
0.16998
0.169862
0.169745
0.169627
0.16951
0.169393
0.169275
0.169158
0.169041
0.168924
0.168807
0.16869
0.168573
0.168456
0.168339
0.168222
0.168106
0.167989
0.167872
0.167756
0.167639
0.167523
0.167407
0.16729
0.167174
0.167058
0.166942
0.166826
0.166709
0.166594
0.166478
0.166362
0.166246
0.16613
0.166014
0.165899
0.165783
0.165668
0.165552
0.165437
0.165321
0.165206
0.165091
0.164976
0.164861
0.164746
0.164631
0.164516
0.164401
0.164286
0.164171
0.164056
0.163942
0.163827
0.163712
0.163598
0.163483
0.163369
0.163255
0.16314
0.163026
0.162912
0.162798
0.162684
0.16257
0.162456
0.162342
0.162228
0.162114
0.162001
0.161887
0.161774
0.16166
0.161547
0.161433
0.16132
0.161206
0.161093
0.16098
0.160867
0.160754
0.160641
0.160528
0.160415
0.160302
0.160189
0.160076
0.159964
0.159851
0.159738
0.159626
0.159513
0.159401
0.159289
0.159176
0.159064
0.158952
0.15884
0.158728
0.158616
0.158504
0.158392
0.15828
0.158168
0.158057
0.157945
0.157833
0.157722
0.15761
0.157499
0.157387
0.157276
0.157165
0.157054
0.156942
0.156831
0.15672
0.156609
0.156498
0.156387
0.156277
0.156166
0.156055
0.155945
0.155834
0.155723
0.155613
0.155502
0.155392
0.155282
0.155172
0.155061
0.154951
0.154841
0.154731
0.154621
0.154511
0.154401
0.154292
0.154182
0.154072
0.153962
0.153853
0.153743
0.153634
0.153524
0.153415
0.153306
0.153197
0.153087
0.152978
0.152869
0.15276
0.152651
0.152542
0.152434
0.152325
0.152216
0.152107
0.151999
0.15189
0.151782
0.151673
0.151565
0.151456
0.151348
0.15124
0.151132
0.151024
0.150916
0.150808
0.1507
0.150592
0.150484
0.150376
0.150268
0.150161
0.150053
0.149946
0.149838
0.149731
0.149623
0.149516
0.149409
0.149302
0.149194
0.149087
0.14898
0.148873
0.148766
0.14866
0.148553
0.148446
0.148339
0.148233
0.148126
0.14802
0.147913
0.147807
0.1477
0.147594
0.147488
0.147381
0.147275
0.147169
0.147063
0.146957
0.146851
0.146746
0.14664
0.146534
0.146428
0.146323
0.146217
0.146112
0.146006
0.145901
0.145795
0.14569
0.145585
0.14548
0.145374
0.145269
0.145164
0.145059
0.144955
0.14485
0.144745
0.14464
0.144535
0.144431
0.144326
0.144222
0.144117
0.144013
0.143909
0.143804
0.1437
0.143596
0.143492
0.143388
0.143284
0.14318
0.143076
0.142972
0.142868
0.142765
0.142661
0.142557
0.142454
0.14235
0.142247
0.142143
0.14204
0.141937
0.141834
0.14173
0.141627
0.141524
0.141421
0.141318
0.141215
0.141113
0.14101
0.140907
0.140804
0.140702
0.140599
0.140497
0.140394
0.140292
0.14019
0.140087
0.139985
0.139883
0.139781
0.139679
0.139577
0.139475
0.139373
0.139271
0.139169
0.139068
0.138966
0.138864
0.138763
0.138661
0.13856
0.138459
0.138357
0.138256
0.138155
0.138054
0.137952
0.137851
0.13775
0.13765
0.137549
0.137448
0.137347
0.137246
0.137146
0.137045
0.136945
0.136844
0.136744
0.136643
0.136543
0.136443
0.136342
0.136242
0.136142
0.136042
0.135942
0.135842
0.135742
0.135642
0.135543
0.135443
0.135343
0.135244
0.135144
0.135045
0.134945
0.134846
0.134747
0.134647
0.134548
0.134449
0.13435
0.134251
0.134152
0.134053
0.133954
0.133855
0.133756
0.133658
0.133559
0.13346
0.133362
0.133263
0.133165
0.133066
0.132968
0.13287
0.132772
0.132673
0.132575
0.132477
0.132379
0.132281
0.132184
0.132086
0.131988
0.13189
0.131792
0.131695
0.131597
0.1315
0.131402
0.131305
0.131208
0.13111
0.131013
0.130916
0.130819
0.130722
0.130625
0.130528
0.130431
0.130334
0.130237
0.130141
0.130044
0.129947
0.129851
0.129754
0.129658
0.129561
0.129465
0.129369
0.129272
0.129176
0.12908
0.128984
0.128888
0.128792
0.128696
0.1286
0.128504
0.128409
0.128313
0.128217
0.128122
0.128026
0.127931
0.127835
0.12774
0.127645
0.127549
0.127454
0.127359
0.127264
0.127169
0.127074
0.126979
0.126884
0.126789
0.126695
0.1266
0.126505
0.126411
0.126316
0.126222
0.126127
0.126033
0.125938
0.125844
0.12575
0.125656
0.125562
0.125468
0.125374
0.12528
0.125186
0.125092
0.124998
0.124904
0.124811
0.124717
0.124624
0.12453
0.124437
0.124343
0.12425
0.124157
0.124063
0.12397
0.123877
0.123784
0.123691
0.123598
0.123505
0.123412
0.123319
0.123227
0.123134
0.123041
0.122949
0.122856
0.122764
0.122671
0.122579
0.122487
0.122394
0.122302
0.12221
0.122118
0.122026
0.121934
0.121842
0.12175
0.121658
0.121566
0.121475
0.121383
0.121291
0.1212
0.121108
0.121017
0.120925
0.120834
0.120743
0.120652
0.12056
0.120469
0.120378
0.120287
0.120196
0.120105
0.120014
0.119924
0.119833
0.119742
0.119651
0.119561
0.11947
0.11938
0.119289
0.119199
0.119109
0.119018
0.118928
0.118838
0.118748
0.118658
0.118568
0.118478
0.118388
0.118298
0.118208
0.118119
0.118029
0.117939
0.11785
0.11776
0.117671
0.117581
0.117492
0.117403
0.117313
0.117224
0.117135
0.117046
0.116957
0.116868
0.116779
0.11669
0.116601
0.116512
0.116424
0.116335
0.116246
0.116158
0.116069
0.115981
0.115892
0.115804
0.115716
0.115628
0.115539
0.115451
0.115363
0.115275
0.115187
0.115099
0.115011
0.114923
0.114836
0.114748
0.11466
0.114573
0.114485
0.114398
0.11431
0.114223
0.114135
0.114048
0.113961
0.113874
0.113787
0.113699
0.113612
0.113525
0.113439
0.113352
0.113265
0.113178
0.113091
0.113005
0.112918
0.112832
0.112745
0.112659
0.112572
0.112486
0.1124
0.112313
0.112227
0.112141
0.112055
0.111969
0.111883
0.111797
0.111711
0.111625
0.111539
0.111454
0.111368
0.111282
0.111197
0.111111
0.111026
0.110941
0.110855
0.11077
0.110685
0.110599
0.110514
0.110429
0.110344
0.110259
0.110174
0.110089
0.110005
0.10992
0.109835
0.10975
0.109666
0.109581
0.109497
0.109412
0.109328
0.109243
0.109159
0.109075
0.108991
0.108907
0.108822
0.108738
0.108654
0.108571
0.108487
0.108403
0.108319
0.108235
0.108152
0.108068
0.107984
0.107901
0.107817
0.107734
0.107651
0.107567
0.107484
0.107401
0.107318
0.107234
0.107151
0.107068
0.106985
0.106903
0.10682
0.106737
0.106654
0.106571
0.106489
0.106406
0.106324
0.106241
0.106159
0.106076
0.105994
0.105912
0.105829
0.105747
0.105665
0.105583
0.105501
0.105419
0.105337
0.105255
0.105173
0.105092
0.10501
0.104928
0.104847
0.104765
0.104683
0.104602
0.104521
0.104439
0.104358
0.104277
0.104195
0.104114
0.104033
0.103952
0.103871
0.10379
0.103709
0.103628
0.103548
0.103467
0.103386
0.103305
0.103225
0.103144
0.103064
0.102983
0.102903
0.102823
0.102742
0.102662
0.102582
0.102502
0.102422
0.102342
0.102262
0.102182
0.102102
0.102022
0.101942
0.101862
0.101783
0.101703
0.101623
0.101544
0.101464
0.101385
0.101306
0.101226
0.101147
0.101068
0.100989
0.100909
0.10083
0.100751
0.100672
0.100593
0.100515
0.100436
0.100357
0.100278
0.1002
0.100121
0.100042
0.0999638
0.0998853
0.0998069
0.0997285
0.0996502
0.0995719
0.0994937
0.0994155
0.0993374
0.0992593
0.0991813
0.0991033
0.0990254
0.0989475
0.0988697
0.0987919
0.0987142
0.0986365
0.0985589
0.0984813
0.0984038
0.0983263
0.0982489
0.0981715
0.0980941
0.0980169
0.0979396
0.0978625
0.0977853
0.0977083
0.0976312
0.0975542
0.0974773
0.0974004
0.0973236
0.0972468
0.0971701
0.0970934
0.0970168
0.0969402
0.0968637
0.0967872
0.0967107
0.0966344
0.096558
0.0964817
0.0964055
0.0963293
0.0962532
0.0961771
0.096101
0.0960251
0.0959491
0.0958732
0.0957974
0.0957216
0.0956458
0.0955702
0.0954945
0.0954189
0.0953434
0.0952679
0.0951924
0.095117
0.0950417
0.0949664
0.0948911
0.0948159
0.0947408
0.0946657
0.0945906
0.0945156
0.0944406
0.0943657
0.0942909
0.0942161
0.0941413
0.0940666
0.0939919
0.0939173
0.0938428
0.0937682
0.0936938
0.0936193
0.093545
0.0934707
0.0933964
0.0933222
0.093248
0.0931739
0.0930998
0.0930257
0.0929518
0.0928778
0.092804
0.0927301
0.0926563
0.0925826
0.0925089
0.0924353
0.0923617
0.0922881
0.0922146
0.0921412
0.0920678
0.0919944
0.0919211
0.0918479
0.0917747
0.0917015
0.0916284
0.0915553
0.0914823
0.0914094
0.0913364
0.0912636
0.0911908
0.091118
0.0910453
0.0909726
0.0909
0.0908274
0.0907549
0.0906824
0.0906099
0.0905376
0.0904652
0.0903929
0.0903207
0.0902485
0.0901763
0.0901042
0.0900322
0.0899602
0.0898882
0.0898163
0.0897445
0.0896727
0.0896009
0.0895292
0.0894575
0.0893859
0.0893143
0.0892428
0.0891713
0.0890999
0.0890285
0.0889572
0.0888859
0.0888146
0.0887434
0.0886723
0.0886012
0.0885302
0.0884592
0.0883882
0.0883173
0.0882464
0.0881756
0.0881049
0.0880341
0.0879635
0.0878928
0.0878223
0.0877517
0.0876813
0.0876108
0.0875404
0.0874701
0.0873998
0.0873296
0.0872594
0.0871892
0.0871191
0.0870491
0.0869791
0.0869091
0.0868392
0.0867693
0.0866995
0.0866297
0.08656
0.0864903
0.0864207
0.0863511
0.0862816
0.0862121
0.0861426
0.0860732
0.0860039
0.0859346
0.0858653
0.0857961
0.0857269
0.0856578
0.0855887
0.0855197
0.0854507
0.0853818
0.0853129
0.0852441
0.0851753
0.0851066
0.0850379
0.0849692
0.0849006
0.084832
0.0847635
0.0846951
0.0846266
0.0845583
0.0844899
0.0844217
0.0843534
0.0842852
0.0842171
0.084149
0.084081
0.084013
0.083945
0.0838771
0.0838092
0.0837414
0.0836736
0.0836059
0.0835382
0.0834706
0.083403
0.0833355
0.083268
0.0832005
0.0831331
0.0830658
0.0829985
0.0829312
0.082864
0.0827968
0.0827297
0.0826626
0.0825956
0.0825286
0.0824616
0.0823948
0.0823279
0.0822611
0.0821943
0.0821276
0.082061
0.0819943
0.0819278
0.0818612
0.0817947
0.0817283
0.0816619
0.0815956
0.0815293
0.081463
0.0813968
0.0813306
0.0812645
0.0811984
0.0811324
0.0810664
0.0810005
0.0809346
0.0808687
0.0808029
0.0807372
0.0806714
0.0806058
0.0805402
0.0804746
0.080409
0.0803436
0.0802781
0.0802127
0.0801474
0.0800821
0.0800168
0.0799516
0.0798864
0.0798213
0.0797562
0.0796912
0.0796262
0.0795612
0.0794963
0.0794315
0.0793667
0.0793019
0.0792372
0.0791725
0.0791079
0.0790433
0.0789788
0.0789143
0.0788498
0.0787854
0.078721
0.0786567
0.0785924
0.0785282
0.078464
0.0783999
0.0783358
0.0782717
0.0782077
0.0781438
0.0780799
0.078016
0.0779522
0.0778884
0.0778246
0.0777609
0.0776973
0.0776337
0.0775701
0.0775066
0.0774431
0.0773797
0.0773163
0.077253
0.0771897
0.0771264
0.0770632
0.0770001
0.0769369
0.0768739
0.0768108
0.0767478
0.0766849
0.076622
0.0765591
0.0764963
0.0764336
0.0763708
0.0763082
0.0762455
0.0761829
0.0761204
0.0760579
0.0759954
0.075933
0.0758706
0.0758083
0.075746
0.0756838
0.0756216
0.0755594
0.0754973
0.0754353
0.0753732
0.0753113
0.0752493
0.0751874
0.0751256
0.0750638
0.075002
0.0749403
0.0748786
0.074817
0.0747554
0.0746939
0.0746324
0.0745709
0.0745095
0.0744481
0.0743868
0.0743255
0.0742643
0.0742031
0.0741419
0.0740808
0.0740197
0.0739587
0.0738977
0.0738368
0.0737759
0.0737151
0.0736542
0.0735935
0.0735328
0.0734721
0.0734114
0.0733508
0.0732903
0.0732298
0.0731693
0.0731089
0.0730485
0.0729882
0.0729279
0.0728676
0.0728074
0.0727473
0.0726871
0.0726271
0.072567
0.072507
0.0724471
0.0723872
0.0723273
0.0722675
0.0722077
0.072148
0.0720883
0.0720286
0.071969
0.0719094
0.0718499
0.0717904
0.071731
0.0716716
0.0716122
0.0715529
0.0714936
0.0714344
0.0713752
0.0713161
0.071257
0.0711979
0.0711389
0.0710799
0.071021
0.0709621
0.0709032
0.0708444
0.0707857
0.070727
0.0706683
0.0706096
0.070551
0.0704925
0.070434
0.0703755
0.0703171
0.0702587
0.0702003
0.070142
0.0700838
0.0700255
0.0699674
0.0699092
0.0698511
0.0697931
0.0697351
0.0696771
0.0696192
0.0695613
0.0695034
0.0694456
0.0693879
0.0693302
0.0692725
0.0692148
0.0691572
0.0690997
0.0690422
0.0689847
0.0689273
0.0688699
0.0688125
0.0687552
0.068698
0.0686408
0.0685836
0.0685264
0.0684693
0.0684123
0.0683553
0.0682983
0.0682414
0.0681845
0.0681276
0.0680708
0.068014
0.0679573
0.0679006
0.067844
0.0677874
0.0677308
0.0676743
0.0676178
0.0675613
0.0675049
0.0674486
0.0673923
0.067336
0.0672798
0.0672236
0.0671674
0.0671113
0.0670552
0.0669992
0.0669432
0.0668872
0.0668313
0.0667755
0.0667196
0.0666638
0.0666081
0.0665524
0.0664967
0.0664411
0.0663855
0.0663299
0.0662744
0.066219
0.0661636
0.0661082
0.0660528
0.0659975
0.0659423
0.065887
0.0658319
0.0657767
0.0657216
0.0656665
0.0656115
0.0655565
0.0655016
0.0654467
0.0653918
0.065337
0.0652822
0.0652275
0.0651728
0.0651181
0.0650635
0.0650089
0.0649544
0.0648999
0.0648454
0.064791
0.0647366
0.0646823
0.064628
0.0645737
0.0645195
0.0644653
0.0644112
0.0643571
0.064303
0.064249
0.064195
0.064141
0.0640871
0.0640333
0.0639795
0.0639257
0.0638719
0.0638182
0.0637645
0.0637109
0.0636573
0.0636038
0.0635503
0.0634968
0.0634434
0.06339
0.0633366
0.0632833
0.06323
0.0631768
0.0631236
0.0630705
0.0630173
0.0629643
0.0629112
0.0628582
0.0628053
0.0627523
0.0626995
0.0626466
0.0625938
0.062541
0.0624883
0.0624356
0.062383
0.0623304
0.0622778
0.0622253
0.0621728
0.0621203
0.0620679
0.0620155
0.0619632
0.0619109
0.0618586
0.0618064
0.0617542
0.0617021
0.06165
0.0615979
0.0615459
0.0614939
0.061442
0.0613901
0.0613382
0.0612863
0.0612345
0.0611828
0.0611311
0.0610794
0.0610277
0.0609761
0.0609246
0.060873
0.0608216
0.0607701
0.0607187
0.0606673
0.060616
0.0605647
0.0605134
0.0604622
0.060411
0.0603599
0.0603088
0.0602577
0.0602067
0.0601557
0.0601047
0.0600538
0.0600029
0.0599521
0.0599013
0.0598505
0.0597998
0.0597491
0.0596985
0.0596478
0.0595973
0.0595467
0.0594962
0.0594458
0.0593953
0.059345
0.0592946
0.0592443
0.059194
0.0591438
0.0590936
0.0590434
0.0589933
0.0589432
0.0588932
0.0588432
0.0587932
0.0587432
0.0586934
0.0586435
0.0585937
0.0585439
0.0584941
0.0584444
0.0583947
0.0583451
0.0582955
0.0582459
0.0581964
0.0581469
0.0580975
0.0580481
0.0579987
0.0579494
0.0579001
0.0578508
0.0578016
0.0577524
0.0577032
0.0576541
0.057605
0.057556
0.057507
0.057458
0.0574091
0.0573602
0.0573113
0.0572625
0.0572137
0.057165
0.0571163
0.0570676
0.0570189
0.0569703
0.0569218
0.0568733
0.0568248
0.0567763
0.0567279
0.0566795
0.0566312
0.0565829
0.0565346
0.0564864
0.0564382
0.05639
0.0563419
0.0562938
0.0562457
0.0561977
0.0561497
0.0561018
0.0560539
0.056006
0.0559582
0.0559104
0.0558626
0.0558149
0.0557672
0.0557196
0.0556719
0.0556244
0.0555768
0.0555293
0.0554818
0.0554344
0.055387
0.0553396
0.0552923
0.055245
0.0551978
0.0551505
0.0551033
0.0550562
0.0550091
0.054962
0.054915
0.054868
0.054821
0.0547741
0.0547272
0.0546803
0.0546335
0.0545867
0.0545399
0.0544932
0.0544465
0.0543999
0.0543533
0.0543067
0.0542601
0.0542136
0.0541672
0.0541207
0.0540743
0.054028
0.0539816
0.0539353
0.0538891
0.0538429
0.0537967
0.0537505
0.0537044
0.0536583
0.0536123
0.0535663
0.0535203
0.0534743
0.0534284
0.0533826
0.0533367
0.0532909
0.0532452
0.0531994
0.0531537
0.0531081
0.0530625
0.0530169
0.0529713
0.0529258
0.0528803
0.0528349
0.0527894
0.0527441
0.0526987
0.0526534
0.0526081
0.0525629
0.0525177
0.0524725
0.0524274
0.0523823
0.0523372
0.0522922
0.0522472
0.0522022
0.0521573
0.0521124
0.0520675
0.0520227
0.0519779
0.0519332
0.0518884
0.0518437
0.0517991
0.0517545
0.0517099
0.0516653
0.0516208
0.0515763
0.0515319
0.0514875
0.0514431
0.0513988
0.0513544
0.0513102
0.0512659
0.0512217
0.0511775
0.0511334
0.0510893
0.0510452
0.0510012
0.0509572
0.0509132
0.0508693
0.0508254
0.0507815
0.0507377
0.0506939
0.0506501
0.0506064
0.0505627
0.050519
0.0504754
0.0504318
0.0503882
0.0503447
0.0503012
0.0502578
0.0502143
0.0501709
0.0501276
0.0500842
0.0500409
0.0499977
0.0499545
0.0499113
0.0498681
0.049825
0.0497819
0.0497388
0.0496958
0.0496528
0.0496099
0.0495669
0.049524
0.0494812
0.0494384
0.0493956
0.0493528
0.0493101
0.0492674
0.0492247
0.0491821
0.0491395
0.049097
0.0490544
0.0490119
0.0489695
0.0489271
0.0488847
0.0488423
0.0488
0.0487577
0.0487154
0.0486732
0.048631
0.0485888
0.0485467
0.0485046
0.0484625
0.0484205
0.0483785
0.0483365
0.0482946
0.0482527
0.0482108
0.048169
0.0481272
0.0480854
0.0480437
0.048002
0.0479603
0.0479187
0.0478771
0.0478355
0.047794
0.0477525
0.047711
0.0476695
0.0476281
0.0475868
0.0475454
0.0475041
0.0474628
0.0474216
0.0473803
0.0473392
0.047298
0.0472569
0.0472158
0.0471747
0.0471337
0.0470927
0.0470518
0.0470108
0.04697
0.0469291
0.0468883
0.0468475
0.0468067
0.046766
0.0467253
0.0466846
0.046644
0.0466033
0.0465628
0.0465222
0.0464817
0.0464412
0.0464008
0.0463604
0.04632
0.0462796
0.0462393
0.046199
0.0461588
0.0461186
0.0460784
0.0460382
0.0459981
0.045958
0.0459179
0.0458779
0.0458379
0.0457979
0.045758
0.0457181
0.0456782
0.0456383
0.0455985
0.0455587
0.045519
0.0454793
0.0454396
0.0453999
0.0453603
0.0453207
0.0452811
0.0452416
0.0452021
0.0451626
0.0451232
0.0450838
0.0450444
0.0450051
0.0449658
0.0449265
0.0448872
0.044848
0.0448088
0.0447697
0.0447305
0.0446914
0.0446524
0.0446133
0.0445743
0.0445354
0.0444964
0.0444575
0.0444186
0.0443798
0.044341
0.0443022
0.0442634
0.0442247
0.044186
0.0441473
0.0441087
0.0440701
0.0440315
0.043993
0.0439545
0.043916
0.0438775
0.0438391
0.0438007
0.0437624
0.043724
0.0436857
0.0436475
0.0436092
0.043571
0.0435329
0.0434947
0.0434566
0.0434185
0.0433805
0.0433424
0.0433044
0.0432665
0.0432285
0.0431906
0.0431528
0.0431149
0.0430771
0.0430393
0.0430016
0.0429639
0.0429262
0.0428885
0.0428509
0.0428133
0.0427757
0.0427382
0.0427006
0.0426632
0.0426257
0.0425883
0.0425509
0.0425135
0.0424762
0.0424389
0.0424016
0.0423644
0.0423272
0.04229
0.0422528
0.0422157
0.0421786
0.0421416
0.0421045
0.0420675
0.0420305
0.0419936
0.0419567
0.0419198
0.0418829
0.0418461
0.0418093
0.0417725
0.0417358
0.0416991
0.0416624
0.0416258
0.0415891
0.0415526
0.041516
0.0414795
0.041443
0.0414065
0.04137
0.0413336
0.0412972
0.0412609
0.0412245
0.0411882
0.041152
0.0411157
0.0410795
0.0410433
0.0410072
0.0409711
0.040935
0.0408989
0.0408629
0.0408268
0.0407909
0.0407549
0.040719
0.0406831
0.0406472
0.0406114
0.0405756
0.0405398
0.0405041
0.0404684
0.0404327
0.040397
0.0403614
0.0403258
0.0402902
0.0402546
0.0402191
0.0401836
0.0401482
0.0401127
0.0400773
0.040042
0.0400066
0.0399713
0.039936
0.0399007
0.0398655
0.0398303
0.0397951
0.03976
0.0397249
0.0396898
0.0396547
0.0396197
0.0395847
0.0395497
0.0395147
0.0394798
0.0394449
0.0394101
0.0393752
0.0393404
0.0393056
0.0392709
0.0392362
0.0392015
0.0391668
0.0391321
0.0390975
0.039063
0.0390284
0.0389939
0.0389594
0.0389249
0.0388905
0.038856
0.0388216
0.0387873
0.038753
0.0387187
0.0386844
0.0386501
0.0386159
0.0385817
0.0385475
0.0385134
0.0384793
0.0384452
0.0384112
0.0383771
0.0383431
0.0383092
0.0382752
0.0382413
0.0382074
0.0381736
0.0381397
0.0381059
0.0380721
0.0380384
0.0380047
0.037971
0.0379373
0.0379037
0.03787
0.0378365
0.0378029
0.0377694
0.0377359
0.0377024
0.0376689
0.0376355
0.0376021
0.0375687
0.0375354
0.0375021
0.0374688
0.0374355
0.0374023
0.0373691
0.0373359
0.0373028
0.0372696
0.0372366
0.0372035
0.0371704
0.0371374
0.0371044
0.0370715
0.0370385
0.0370056
0.0369727
0.0369399
0.0369071
0.0368743
0.0368415
0.0368087
0.036776
0.0367433
0.0367107
0.036678
0.0366454
0.0366128
0.0365802
0.0365477
0.0365152
0.0364827
0.0364503
0.0364178
0.0363854
0.0363531
0.0363207
0.0362884
0.0362561
0.0362238
0.0361916
0.0361594
0.0361272
0.036095
0.0360629
0.0360308
0.0359987
0.0359666
0.0359346
0.0359026
0.0358706
0.0358387
0.0358067
0.0357748
0.035743
0.0357111
0.0356793
0.0356475
0.0356157
0.035584
0.0355523
0.0355206
0.0354889
0.0354573
0.0354257
0.0353941
0.0353625
0.035331
0.0352995
0.035268
0.0352365
0.0352051
0.0351737
0.0351423
0.035111
0.0350796
0.0350483
0.035017
0.0349858
0.0349546
0.0349234
0.0348922
0.0348611
0.0348299
0.0347988
0.0347678
0.0347367
0.0347057
0.0346747
0.0346437
0.0346128
0.0345819
0.034551
0.0345201
0.0344893
0.0344585
0.0344277
0.0343969
0.0343662
0.0343354
0.0343048
0.0342741
0.0342435
0.0342128
0.0341823
0.0341517
0.0341212
0.0340906
0.0340602
0.0340297
0.0339993
0.0339688
0.0339385
0.0339081
0.0338778
0.0338475
0.0338172
0.0337869
0.0337567
0.0337265
0.0336963
0.0336661
0.033636
0.0336059
0.0335758
0.0335457
0.0335157
0.0334857
0.0334557
0.0334257
0.0333958
0.0333659
0.033336
0.0333061
0.0332763
0.0332465
0.0332167
0.0331869
0.0331572
0.0331275
0.0330978
0.0330681
0.0330385
0.0330089
0.0329793
0.0329497
0.0329202
0.0328907
0.0328612
0.0328317
0.0328023
0.0327728
0.0327434
0.0327141
0.0326847
0.0326554
0.0326261
0.0325968
0.0325676
0.0325384
0.0325092
0.03248
0.0324508
0.0324217
0.0323926
0.0323635
0.0323345
0.0323054
0.0322764
0.0322475
0.0322185
0.0321896
0.0321607
0.0321318
0.0321029
0.0320741
0.0320453
0.0320165
0.0319877
0.031959
0.0319302
0.0319015
0.0318729
0.0318442
0.0318156
0.031787
0.0317584
0.0317299
0.0317014
0.0316729
0.0316444
0.0316159
0.0315875
0.0315591
0.0315307
0.0315023
0.031474
0.0314457
0.0314174
0.0313891
0.0313609
0.0313327
0.0313045
0.0312763
0.0312482
0.03122
0.0311919
0.0311639
0.0311358
0.0311078
0.0310798
0.0310518
0.0310238
0.0309959
0.030968
0.0309401
0.0309122
0.0308844
0.0308566
0.0308288
0.030801
0.0307733
0.0307455
0.0307178
0.0306901
0.0306625
0.0306349
0.0306072
0.0305797
0.0305521
0.0305246
0.030497
0.0304695
0.0304421
0.0304146
0.0303872
0.0303598
0.0303324
0.0303051
0.0302777
0.0302504
0.0302231
0.0301959
0.0301686
0.0301414
0.0301142
0.030087
0.0300599
0.0300328
0.0300056
0.0299786
0.0299515
0.0299245
0.0298975
0.0298705
0.0298435
0.0298165
0.0297896
0.0297627
0.0297358
0.029709
0.0296822
0.0296553
0.0296286
0.0296018
0.0295751
0.0295483
0.0295216
0.029495
0.0294683
0.0294417
0.0294151
0.0293885
0.0293619
0.0293354
0.0293089
0.0292824
0.0292559
0.0292294
0.029203
0.0291766
0.0291502
0.0291239
0.0290975
0.0290712
0.0290449
0.0290186
0.0289924
0.0289662
0.02894
0.0289138
0.0288876
0.0288615
0.0288353
0.0288092
0.0287832
0.0287571
0.0287311
0.0287051
0.0286791
0.0286531
0.0286272
0.0286013
0.0285754
0.0285495
0.0285236
0.0284978
0.028472
0.0284462
0.0284204
0.0283947
0.028369
0.0283433
0.0283176
0.0282919
0.0282663
0.0282407
0.0282151
0.0281895
0.028164
0.0281384
0.0281129
0.0280874
0.028062
0.0280365
0.0280111
0.0279857
0.0279603
0.027935
0.0279096
0.0278843
0.027859
0.0278338
0.0278085
0.0277833
0.0277581
0.0277329
0.0277077
0.0276826
0.0276575
0.0276324
0.0276073
0.0275822
0.0275572
0.0275322
0.0275072
0.0274822
0.0274573
0.0274324
0.0274074
0.0273826
0.0273577
0.0273329
0.027308
0.0272832
0.0272584
0.0272337
0.0272089
0.0271842
0.0271595
0.0271349
0.0271102
0.0270856
0.027061
0.0270364
0.0270118
0.0269872
0.0269627
0.0269382
0.0269137
0.0268892
0.0268648
0.0268404
0.026816
0.0267916
0.0267672
0.0267429
0.0267186
0.0266943
0.02667
0.0266457
0.0266215
0.0265973
0.0265731
0.0265489
0.0265247
0.0265006
0.0264765
0.0264524
0.0264283
0.0264043
0.0263802
0.0263562
0.0263322
0.0263082
0.0262843
0.0262604
0.0262365
0.0262126
0.0261887
0.0261648
0.026141
0.0261172
0.0260934
0.0260697
0.0260459
0.0260222
0.0259985
0.0259748
0.0259511
0.0259275
0.0259039
0.0258802
0.0258567
0.0258331
0.0258096
0.025786
0.0257625
0.025739
0.0257156
0.0256921
0.0256687
0.0256453
0.0256219
0.0255985
0.0255752
0.0255519
0.0255286
0.0255053
0.025482
0.0254588
0.0254356
0.0254124
0.0253892
0.025366
0.0253429
0.0253197
0.0252966
0.0252735
0.0252505
0.0252274
0.0252044
0.0251814
0.0251584
0.0251354
0.0251125
0.0250896
0.0250667
0.0250438
0.0250209
0.0249981
0.0249752
0.0249524
0.0249296
0.0249068
0.0248841
0.0248614
0.0248387
0.024816
0.0247933
0.0247706
0.024748
0.0247254
0.0247028
0.0246802
0.0246577
0.0246351
0.0246126
0.0245901
0.0245676
0.0245452
0.0245227
0.0245003
0.0244779
0.0244555
0.0244332
0.0244108
0.0243885
0.0243662
0.0243439
0.0243216
0.0242994
0.0242771
0.0242549
0.0242327
0.0242106
0.0241884
0.0241663
0.0241442
0.0241221
0.0241
0.0240779
0.0240559
0.0240339
0.0240119
0.0239899
0.0239679
0.023946
0.0239241
0.0239022
0.0238803
0.0238584
0.0238366
0.0238147
0.0237929
0.0237711
0.0237493
0.0237276
0.0237059
0.0236841
0.0236624
0.0236408
0.0236191
0.0235975
0.0235758
0.0235542
0.0235326
0.0235111
0.0234895
0.023468
0.0234465
0.023425
0.0234035
0.023382
0.0233606
0.0233392
0.0233178
0.0232964
0.023275
0.0232537
0.0232324
0.0232111
0.0231898
0.0231685
0.0231472
0.023126
0.0231048
0.0230836
0.0230624
0.0230413
0.0230201
0.022999
0.0229779
0.0229568
0.0229357
0.0229147
0.0228936
0.0228726
0.0228516
0.0228306
0.0228097
0.0227887
0.0227678
0.0227469
0.022726
0.0227051
0.0226843
0.0226635
0.0226426
0.0226218
0.0226011
0.0225803
0.0225596
0.0225388
0.0225181
0.0224974
0.0224768
0.0224561
0.0224355
0.0224148
0.0223942
0.0223737
0.0223531
0.0223326
0.022312
0.0222915
0.022271
0.0222505
0.0222301
0.0222096
0.0221892
0.0221688
0.0221484
0.0221281
0.0221077
0.0220874
0.0220671
0.0220468
0.0220265
0.0220062
0.021986
0.0219657
0.0219455
0.0219253
0.0219052
0.021885
0.0218649
0.0218447
0.0218246
0.0218045
0.0217845
0.0217644
0.0217444
0.0217244
0.0217044
0.0216844
0.0216644
0.0216445
0.0216245
0.0216046
0.0215847
0.0215648
0.021545
0.0215251
0.0215053
0.0214855
0.0214657
0.0214459
0.0214262
0.0214064
0.0213867
0.021367
0.0213473
0.0213276
0.021308
0.0212883
0.0212687
0.0212491
0.0212295
0.02121
0.0211904
0.0211709
0.0211514
0.0211319
0.0211124
0.0210929
0.0210735
0.021054
0.0210346
0.0210152
0.0209958
0.0209765
0.0209571
0.0209378
0.0209185
0.0208992
0.0208799
0.0208606
0.0208414
0.0208221
0.0208029
0.0207837
0.0207645
0.0207454
0.0207262
0.0207071
0.020688
0.0206689
0.0206498
0.0206308
0.0206117
0.0205927
0.0205737
0.0205547
0.0205357
0.0205167
0.0204978
0.0204788
0.0204599
0.020441
0.0204221
0.0204033
0.0203844
0.0203656
0.0203468
0.020328
0.0203092
0.0202904
0.0202717
0.020253
0.0202342
0.0202155
0.0201969
0.0201782
0.0201595
0.0201409
0.0201223
0.0201037
0.0200851
0.0200665
0.020048
0.0200294
0.0200109
0.0199924
0.0199739
0.0199555
0.019937
0.0199186
0.0199001
0.0198817
0.0198633
0.019845
0.0198266
0.0198083
0.0197899
0.0197716
0.0197533
0.0197351
0.0197168
0.0196986
0.0196803
0.0196621
0.0196439
0.0196257
0.0196076
0.0195894
0.0195713
0.0195532
0.0195351
0.019517
0.0194989
0.0194808
0.0194628
0.0194448
0.0194268
0.0194088
0.0193908
0.0193729
0.0193549
0.019337
0.0193191
0.0193012
0.0192833
0.0192654
0.0192476
0.0192297
0.0192119
0.0191941
0.0191763
0.0191586
0.0191408
0.0191231
0.0191053
0.0190876
0.0190699
0.0190523
0.0190346
0.019017
0.0189993
0.0189817
0.0189641
0.0189465
0.018929
0.0189114
0.0188939
0.0188763
0.0188588
0.0188413
0.0188239
0.0188064
0.018789
0.0187715
0.0187541
0.0187367
0.0187193
0.018702
0.0186846
0.0186673
0.01865
0.0186327
0.0186154
0.0185981
0.0185808
0.0185636
0.0185463
0.0185291
0.0185119
0.0184947
0.0184776
0.0184604
0.0184433
0.0184262
0.018409
0.0183919
0.0183749
0.0183578
0.0183408
0.0183237
0.0183067
0.0182897
0.0182727
0.0182557
0.0182388
0.0182218
0.0182049
0.018188
0.0181711
0.0181542
0.0181373
0.0181205
0.0181036
0.0180868
0.01807
0.0180532
0.0180364
0.0180197
0.0180029
0.0179862
0.0179695
0.0179527
0.0179361
0.0179194
0.0179027
0.0178861
0.0178694
0.0178528
0.0178362
0.0178196
0.0178031
0.0177865
0.01777
0.0177534
0.0177369
0.0177204
0.0177039
0.0176875
0.017671
0.0176546
0.0176381
0.0176217
0.0176053
0.0175889
0.0175726
0.0175562
0.0175399
0.0175235
0.0175072
0.0174909
0.0174747
0.0174584
0.0174421
0.0174259
0.0174097
0.0173935
0.0173773
0.0173611
0.0173449
0.0173288
0.0173126
0.0172965
0.0172804
0.0172643
0.0172482
0.0172321
0.0172161
0.0172001
0.017184
0.017168
0.017152
0.017136
0.0171201
0.0171041
0.0170882
0.0170723
0.0170564
0.0170405
0.0170246
0.0170087
0.0169928
0.016977
0.0169612
0.0169454
0.0169296
0.0169138
0.016898
0.0168823
0.0168665
0.0168508
0.0168351
0.0168194
0.0168037
0.016788
0.0167724
0.0167567
0.0167411
0.0167255
0.0167099
0.0166943
0.0166787
0.0166631
0.0166476
0.0166321
0.0166165
