Vec Object: Vec_0x55b5d11c19c0_0 1 MPI process
  type: seq
1.
0.999489
0.998978
0.998467
0.997957
0.997446
0.996936
0.996426
0.995916
0.995406
0.994896
0.994386
0.993876
0.993367
0.992857
0.992348
0.991839
0.99133
0.990821
0.990312
0.989803
0.989295
0.988786
0.988278
0.98777
0.987262
0.986754
0.986246
0.985738
0.98523
0.984723
0.984216
0.983708
0.983201
0.982694
0.982187
0.98168
0.981174
0.980667
0.980161
0.979655
0.979148
0.978642
0.978137
0.977631
0.977125
0.976619
0.976114
0.975609
0.975104
0.974598
0.974094
0.973589
0.973084
0.972579
0.972075
0.971571
0.971066
0.970562
0.970058
0.969554
0.969051
0.968547
0.968044
0.96754
0.967037
0.966534
0.966031
0.965528
0.965025
0.964523
0.96402
0.963518
0.963015
0.962513
0.962011
0.961509
0.961007
0.960506
0.960004
0.959503
0.959002
0.9585
0.957999
0.957498
0.956998
0.956497
0.955996
0.955496
0.954996
0.954495
0.953995
0.953495
0.952996
0.952496
0.951996
0.951497
0.950997
0.950498
0.949999
0.9495
0.949001
0.948503
0.948004
0.947506
0.947007
0.946509
0.946011
0.945513
0.945015
0.944517
0.94402
0.943522
0.943025
0.942528
0.94203
0.941533
0.941037
0.94054
0.940043
0.939547
0.93905
0.938554
0.938058
0.937562
0.937066
0.93657
0.936075
0.935579
0.935084
0.934588
0.934093
0.933598
0.933103
0.932609
0.932114
0.931619
0.931125
0.930631
0.930137
0.929643
0.929149
0.928655
0.928161
0.927668
0.927174
0.926681
0.926188
0.925695
0.925202
0.924709
0.924216
0.923724
0.923231
0.922739
0.922247
0.921755
0.921263
0.920771
0.92028
0.919788
0.919297
0.918805
0.918314
0.917823
0.917332
0.916841
0.916351
0.91586
0.91537
0.914879
0.914389
0.913899
0.913409
0.91292
0.91243
0.91194
0.911451
0.910962
0.910472
0.909983
0.909495
0.909006
0.908517
0.908029
0.90754
0.907052
0.906564
0.906076
0.905588
0.9051
0.904612
0.904125
0.903637
0.90315
0.902663
0.902176
0.901689
0.901202
0.900715
0.900229
0.899743
0.899256
0.89877
0.898284
0.897798
0.897312
0.896827
0.896341
0.895856
0.895371
0.894885
0.8944
0.893915
0.893431
0.892946
0.892462
0.891977
0.891493
0.891009
0.890525
0.890041
0.889557
0.889073
0.88859
0.888107
0.887623
0.88714
0.886657
0.886174
0.885692
0.885209
0.884727
0.884244
0.883762
0.88328
0.882798
0.882316
0.881834
0.881353
0.880871
0.88039
0.879909
0.879428
0.878947
0.878466
0.877985
0.877504
0.877024
0.876544
0.876063
0.875583
0.875103
0.874624
0.874144
0.873664
0.873185
0.872706
0.872226
0.871747
0.871268
0.87079
0.870311
0.869832
0.869354
0.868876
0.868398
0.86792
0.867442
0.866964
0.866486
0.866009
0.865531
0.865054
0.864577
0.8641
0.863623
0.863146
0.86267
0.862193
0.861717
0.861241
0.860765
0.860289
0.859813
0.859337
0.858861
0.858386
0.857911
0.857435
0.85696
0.856485
0.85601
0.855536
0.855061
0.854587
0.854112
0.853638
0.853164
0.85269
0.852217
0.851743
0.851269
0.850796
0.850323
0.84985
0.849377
0.848904
0.848431
0.847958
0.847486
0.847013
0.846541
0.846069
0.845597
0.845125
0.844653
0.844182
0.84371
0.843239
0.842768
0.842297
0.841826
0.841355
0.840884
0.840414
0.839943
0.839473
0.839003
0.838533
0.838063
0.837593
0.837123
0.836654
0.836185
0.835715
0.835246
0.834777
0.834308
0.83384
0.833371
0.832902
0.832434
0.831966
0.831498
0.83103
0.830562
0.830094
0.829627
0.829159
0.828692
0.828225
0.827758
0.827291
0.826824
0.826357
0.825891
0.825424
0.824958
0.824492
0.824026
0.82356
0.823094
0.822629
0.822163
0.821698
0.821233
0.820768
0.820303
0.819838
0.819373
0.818909
0.818444
0.81798
0.817516
0.817052
0.816588
0.816124
0.81566
0.815197
0.814733
0.81427
0.813807
0.813344
0.812881
0.812419
0.811956
0.811493
0.811031
0.810569
0.810107
0.809645
0.809183
0.808721
0.80826
0.807799
0.807337
0.806876
0.806415
0.805954
0.805493
0.805033
0.804572
0.804112
0.803652
0.803192
0.802732
0.802272
0.801812
0.801353
0.800893
0.800434
0.799975
0.799516
0.799057
0.798598
0.798139
0.797681
0.797223
0.796764
0.796306
0.795848
0.79539
0.794933
0.794475
0.794018
0.79356
0.793103
0.792646
0.792189
0.791732
0.791276
0.790819
0.790363
0.789907
0.78945
0.788994
0.788539
0.788083
0.787627
0.787172
0.786717
0.786261
0.785806
0.785351
0.784897
0.784442
0.783987
0.783533
0.783079
0.782625
0.782171
0.781717
0.781263
0.78081
0.780356
0.779903
0.77945
0.778997
0.778544
0.778091
0.777638
0.777186
0.776733
0.776281
0.775829
0.775377
0.774925
0.774473
0.774022
0.77357
0.773119
0.772668
0.772217
0.771766
0.771315
0.770865
0.770414
0.769964
0.769513
0.769063
0.768613
0.768164
0.767714
0.767264
0.766815
0.766366
0.765916
0.765467
0.765018
0.76457
0.764121
0.763673
0.763224
0.762776
0.762328
0.76188
0.761432
0.760984
0.760537
0.760089
0.759642
0.759195
0.758748
0.758301
0.757854
0.757408
0.756961
0.756515
0.756069
0.755623
0.755177
0.754731
0.754285
0.75384
0.753394
0.752949
0.752504
0.752059
0.751614
0.75117
0.750725
0.750281
0.749836
0.749392
0.748948
0.748504
0.74806
0.747617
0.747173
0.74673
0.746287
0.745844
0.745401
0.744958
0.744515
0.744073
0.74363
0.743188
0.742746
0.742304
0.741862
0.74142
0.740979
0.740537
0.740096
0.739655
0.739214
0.738773
0.738332
0.737891
0.737451
0.737011
0.73657
0.73613
0.73569
0.73525
0.734811
0.734371
0.733932
0.733493
0.733053
0.732614
0.732176
0.731737
0.731298
0.73086
0.730421
0.729983
0.729545
0.729107
0.72867
0.728232
0.727794
0.727357
0.72692
0.726483
0.726046
0.725609
0.725172
0.724736
0.724299
0.723863
0.723427
0.722991
0.722555
0.72212
0.721684
0.721249
0.720813
0.720378
0.719943
0.719508
0.719073
0.718639
0.718204
0.71777
0.717336
0.716902
0.716468
0.716034
0.7156
0.715167
0.714734
0.7143
0.713867
0.713434
0.713001
0.712569
0.712136
0.711704
0.711272
0.710839
0.710407
0.709976
0.709544
0.709112
0.708681
0.70825
0.707818
0.707387
0.706956
0.706526
0.706095
0.705665
0.705234
0.704804
0.704374
0.703944
0.703514
0.703085
0.702655
0.702226
0.701797
0.701368
0.700939
0.70051
0.700081
0.699653
0.699224
0.698796
0.698368
0.69794
0.697512
0.697084
0.696657
0.696229
0.695802
0.695375
0.694948
0.694521
0.694094
0.693668
0.693241
0.692815
0.692389
0.691963
0.691537
0.691111
0.690686
0.69026
0.689835
0.68941
0.688984
0.68856
0.688135
0.68771
0.687286
0.686861
0.686437
0.686013
0.685589
0.685165
0.684742
0.684318
0.683895
0.683471
0.683048
0.682625
0.682203
0.68178
0.681357
0.680935
0.680513
0.680091
0.679669
0.679247
0.678825
0.678404
0.677982
0.677561
0.67714
0.676719
0.676298
0.675877
0.675457
0.675036
0.674616
0.674196
0.673776
0.673356
0.672936
0.672516
0.672097
0.671678
0.671259
0.67084
0.670421
0.670002
0.669583
0.669165
0.668746
0.668328
0.66791
0.667492
0.667075
0.666657
0.666239
0.665822
0.665405
0.664988
0.664571
0.664154
0.663738
0.663321
0.662905
0.662488
0.662072
0.661656
0.661241
0.660825
0.66041
0.659994
0.659579
0.659164
0.658749
0.658334
0.657919
0.657505
0.657091
0.656676
0.656262
0.655848
0.655434
0.655021
0.654607
0.654194
0.653781
0.653368
0.652955
0.652542
0.652129
0.651717
0.651304
0.650892
0.65048
0.650068
0.649656
0.649244
0.648833
0.648421
0.64801
0.647599
0.647188
0.646777
0.646367
0.645956
0.645546
0.645135
0.644725
0.644315
0.643905
0.643496
0.643086
0.642677
0.642268
0.641858
0.641449
0.641041
0.640632
0.640223
0.639815
0.639407
0.638999
0.638591
0.638183
0.637775
0.637368
0.63696
0.636553
0.636146
0.635739
0.635332
0.634925
0.634519
0.634112
0.633706
0.6333
0.632894
0.632488
0.632082
0.631677
0.631271
0.630866
0.630461
0.630056
0.629651
0.629247
0.628842
0.628438
0.628033
0.627629
0.627225
0.626821
0.626418
0.626014
0.625611
0.625207
0.624804
0.624401
0.623999
0.623596
0.623193
0.622791
0.622389
0.621987
0.621585
0.621183
0.620781
0.62038
0.619978
0.619577
0.619176
0.618775
0.618374
0.617973
0.617573
0.617173
0.616772
0.616372
0.615972
0.615572
0.615173
0.614773
0.614374
0.613975
0.613576
0.613177
0.612778
0.612379
0.611981
0.611582
0.611184
0.610786
0.610388
0.60999
0.609593
0.609195
0.608798
0.608401
0.608004
0.607607
0.60721
0.606813
0.606417
0.60602
0.605624
0.605228
0.604832
0.604437
0.604041
0.603645
0.60325
0.602855
0.60246
0.602065
0.60167
0.601276
0.600881
0.600487
0.600093
0.599699
0.599305
0.598911
0.598518
0.598124
0.597731
0.597338
0.596945
0.596552
0.596159
0.595767
0.595374
0.594982
0.59459
0.594198
0.593806
0.593414
0.593023
0.592631
0.59224
0.591849
0.591458
0.591067
0.590676
0.590286
0.589896
0.589505
0.589115
0.588725
0.588335
0.587946
0.587556
0.587167
0.586778
0.586389
0.586
0.585611
0.585222
0.584834
0.584445
0.584057
0.583669
0.583281
0.582894
0.582506
0.582118
0.581731
0.581344
0.580957
0.58057
0.580183
0.579797
0.57941
0.579024
0.578638
0.578252
0.577866
0.57748
0.577095
0.576709
0.576324
0.575939
0.575554
0.575169
0.574784
0.5744
0.574016
0.573631
0.573247
0.572863
0.572479
0.572096
0.571712
0.571329
0.570946
0.570563
0.57018
0.569797
0.569414
0.569032
0.568649
0.568267
0.567885
0.567503
0.567122
0.56674
0.566359
0.565977
0.565596
0.565215
0.564834
0.564454
0.564073
0.563693
0.563312
0.562932
0.562552
0.562172
0.561793
0.561413
0.561034
0.560654
0.560275
0.559896
0.559518
0.559139
0.55876
0.558382
0.558004
0.557626
0.557248
0.55687
0.556493
0.556115
0.555738
0.555361
0.554984
0.554607
0.55423
0.553853
0.553477
0.553101
0.552724
0.552348
0.551973
0.551597
0.551221
0.550846
0.550471
0.550096
0.549721
0.549346
0.548971
0.548597
0.548222
0.547848
0.547474
0.5471
0.546726
0.546353
0.545979
0.545606
0.545233
0.54486
0.544487
0.544114
0.543741
0.543369
0.542997
0.542625
0.542253
0.541881
0.541509
0.541138
0.540766
0.540395
0.540024
0.539653
0.539282
0.538911
0.538541
0.53817
0.5378
0.53743
0.53706
0.536691
0.536321
0.535951
0.535582
0.535213
0.534844
0.534475
0.534106
0.533738
0.533369
0.533001
0.532633
0.532265
0.531897
0.531529
0.531162
0.530795
0.530427
0.53006
0.529693
0.529327
0.52896
0.528593
0.528227
0.527861
0.527495
0.527129
0.526763
0.526398
0.526032
0.525667
0.525302
0.524937
0.524572
0.524207
0.523843
0.523478
0.523114
0.52275
0.522386
0.522022
0.521659
0.521295
0.520932
0.520569
0.520206
0.519843
0.51948
0.519117
0.518755
0.518393
0.51803
0.517668
0.517307
0.516945
0.516583
0.516222
0.515861
0.5155
0.515139
0.514778
0.514417
0.514057
0.513696
0.513336
0.512976
0.512616
0.512256
0.511897
0.511537
0.511178
0.510819
0.51046
0.510101
0.509742
0.509384
0.509025
0.508667
0.508309
0.507951
0.507593
0.507236
0.506878
0.506521
0.506164
0.505807
0.50545
0.505093
0.504736
0.50438
0.504024
0.503667
0.503311
0.502956
0.5026
0.502244
0.501889
0.501534
0.501179
0.500824
0.500469
0.500114
0.49976
0.499405
0.499051
0.498697
0.498343
0.49799
0.497636
0.497283
0.496929
0.496576
0.496223
0.49587
0.495518
0.495165
0.494813
0.494461
0.494108
0.493757
0.493405
0.493053
0.492702
0.49235
0.491999
0.491648
0.491297
0.490947
0.490596
0.490246
0.489895
0.489545
0.489195
0.488845
0.488496
0.488146
0.487797
0.487448
0.487099
0.48675
0.486401
0.486052
0.485704
0.485356
0.485008
0.48466
0.484312
0.483964
0.483616
0.483269
0.482922
0.482575
0.482228
0.481881
0.481534
0.481188
0.480842
0.480495
0.480149
0.479803
0.479458
0.479112
0.478767
0.478422
0.478076
0.477731
0.477387
0.477042
0.476697
0.476353
0.476009
0.475665
0.475321
0.474977
0.474634
0.47429
0.473947
0.473604
0.473261
0.472918
0.472575
0.472233
0.47189
0.471548
0.471206
0.470864
0.470522
0.470181
0.469839
0.469498
0.469157
0.468816
0.468475
0.468134
0.467794
0.467453
0.467113
0.466773
0.466433
0.466093
0.465753
0.465414
0.465075
0.464735
0.464396
0.464057
0.463719
0.46338
0.463042
0.462703
0.462365
0.462027
0.46169
0.461352
0.461014
0.460677
0.46034
0.460003
0.459666
0.459329
0.458992
0.458656
0.45832
0.457984
0.457648
0.457312
0.456976
0.456641
0.456305
0.45597
0.455635
0.4553
0.454965
0.454631
0.454296
0.453962
0.453628
0.453294
0.45296
0.452626
0.452292
0.451959
0.451626
0.451293
0.45096
0.450627
0.450294
0.449962
0.44963
0.449297
0.448965
0.448633
0.448302
0.44797
0.447639
0.447308
0.446976
0.446645
0.446315
0.445984
0.445654
0.445323
0.444993
0.444663
0.444333
0.444003
0.443674
0.443344
0.443015
0.442686
0.442357
0.442028
0.4417
0.441371
0.441043
0.440715
0.440386
0.440059
0.439731
0.439403
0.439076
0.438749
0.438421
0.438094
0.437768
0.437441
0.437114
0.436788
0.436462
0.436136
0.43581
0.435484
0.435159
0.434833
0.434508
0.434183
0.433858
0.433533
0.433208
0.432884
0.432559
0.432235
0.431911
0.431587
0.431263
0.43094
0.430616
0.430293
0.42997
0.429647
0.429324
0.429001
0.428679
0.428356
0.428034
0.427712
0.42739
0.427068
0.426747
0.426425
0.426104
0.425783
0.425462
0.425141
0.42482
0.4245
0.42418
0.423859
0.423539
0.423219
0.4229
0.42258
0.42226
0.421941
0.421622
0.421303
0.420984
0.420665
0.420347
0.420029
0.41971
0.419392
0.419074
0.418757
0.418439
0.418121
0.417804
0.417487
0.41717
0.416853
0.416536
0.41622
0.415904
0.415587
0.415271
0.414955
0.41464
0.414324
0.414008
0.413693
0.413378
0.413063
0.412748
0.412433
0.412119
0.411804
0.41149
0.411176
0.410862
0.410548
0.410235
0.409921
0.409608
0.409295
0.408982
0.408669
0.408356
0.408044
0.407731
0.407419
0.407107
0.406795
0.406483
0.406172
0.40586
0.405549
0.405238
0.404927
0.404616
0.404305
0.403995
0.403684
0.403374
0.403064
0.402754
0.402444
0.402135
0.401825
0.401516
0.401207
0.400898
0.400589
0.40028
0.399972
0.399663
0.399355
0.399047
0.398739
0.398431
0.398124
0.397816
0.397509
0.397202
0.396895
0.396588
0.396281
0.395975
0.395668
0.395362
0.395056
0.39475
0.394444
0.394139
0.393833
0.393528
0.393223
0.392918
0.392613
0.392308
0.392004
0.391699
0.391395
0.391091
0.390787
0.390483
0.39018
0.389876
0.389573
0.38927
0.388967
0.388664
0.388361
0.388059
0.387756
0.387454
0.387152
0.38685
0.386548
0.386247
0.385945
0.385644
0.385343
0.385042
0.384741
0.38444
0.38414
0.38384
0.383539
0.383239
0.382939
0.38264
0.38234
0.382041
0.381741
0.381442
0.381143
0.380844
0.380546
0.380247
0.379949
0.37965
0.379352
0.379054
0.378757
0.378459
0.378162
0.377864
0.377567
0.37727
0.376973
0.376677
0.37638
0.376084
0.375788
0.375492
0.375196
0.3749
0.374604
0.374309
0.374014
0.373718
0.373424
0.373129
0.372834
0.372539
0.372245
0.371951
0.371657
0.371363
0.371069
0.370776
0.370482
0.370189
0.369896
0.369603
0.36931
0.369017
0.368725
0.368432
0.36814
0.367848
0.367556
0.367265
0.366973
0.366682
0.36639
0.366099
0.365808
0.365517
0.365227
0.364936
0.364646
0.364356
0.364066
0.363776
0.363486
0.363196
0.362907
0.362618
0.362328
0.36204
0.361751
0.361462
0.361174
0.360885
0.360597
0.360309
0.360021
0.359733
0.359446
0.359158
0.358871
0.358584
0.358297
0.35801
0.357723
0.357437
0.357151
0.356864
0.356578
0.356292
0.356007
0.355721
0.355436
0.35515
0.354865
0.35458
0.354296
0.354011
0.353726
0.353442
0.353158
0.352874
0.35259
0.352306
0.352023
0.351739
0.351456
0.351173
0.35089
0.350607
0.350324
0.350042
0.34976
0.349477
0.349195
0.348913
0.348632
0.34835
0.348069
0.347787
0.347506
0.347225
0.346945
0.346664
0.346383
0.346103
0.345823
0.345543
0.345263
0.344983
0.344704
0.344424
0.344145
0.343866
0.343587
0.343308
0.343029
0.342751
0.342473
0.342194
0.341916
0.341638
0.341361
0.341083
0.340806
0.340528
0.340251
0.339974
0.339698
0.339421
0.339144
0.338868
0.338592
0.338316
0.33804
0.337764
0.337489
0.337213
0.336938
0.336663
0.336388
0.336113
0.335838
0.335564
0.335289
0.335015
0.334741
0.334467
0.334194
0.33392
0.333647
0.333373
0.3331
0.332827
0.332554
0.332282
0.332009
0.331737
0.331465
0.331193
0.330921
0.330649
0.330377
0.330106
0.329835
0.329564
0.329293
0.329022
0.328751
0.328481
0.32821
0.32794
0.32767
0.3274
0.32713
0.326861
0.326591
0.326322
0.326053
0.325784
0.325515
0.325246
0.324978
0.324709
0.324441
0.324173
0.323905
0.323638
0.32337
0.323102
0.322835
0.322568
0.322301
0.322034
0.321768
0.321501
0.321235
0.320968
0.320702
0.320436
0.320171
0.319905
0.31964
0.319374
0.319109
0.318844
0.318579
0.318315
0.31805
0.317786
0.317521
0.317257
0.316993
0.31673
0.316466
0.316202
0.315939
0.315676
0.315413
0.31515
0.314887
0.314625
0.314362
0.3141
0.313838
0.313576
0.313314
0.313053
0.312791
0.31253
0.312269
0.312008
0.311747
0.311486
0.311225
0.310965
0.310705
0.310445
0.310185
0.309925
0.309665
0.309406
0.309146
0.308887
0.308628
0.308369
0.308111
0.307852
0.307593
0.307335
0.307077
0.306819
0.306561
0.306304
0.306046
0.305789
0.305531
0.305274
0.305017
0.304761
0.304504
0.304248
0.303991
0.303735
0.303479
0.303223
0.302968
0.302712
0.302457
0.302201
0.301946
0.301691
0.301437
0.301182
0.300928
0.300673
0.300419
0.300165
0.299911
0.299657
0.299404
0.29915
0.298897
0.298644
0.298391
0.298138
0.297886
0.297633
0.297381
0.297129
0.296876
0.296625
0.296373
0.296121
0.29587
0.295618
0.295367
0.295116
0.294865
0.294615
0.294364
0.294114
0.293864
0.293614
0.293364
0.293114
0.292864
0.292615
0.292365
0.292116
0.291867
0.291618
0.29137
0.291121
0.290873
0.290624
0.290376
0.290128
0.28988
0.289633
0.289385
0.289138
0.288891
0.288644
0.288397
0.28815
0.287903
0.287657
0.287411
0.287165
0.286919
0.286673
0.286427
0.286181
0.285936
0.285691
0.285446
0.285201
0.284956
0.284711
0.284467
0.284222
0.283978
0.283734
0.28349
0.283247
0.283003
0.28276
0.282516
0.282273
0.28203
0.281787
0.281545
0.281302
0.28106
0.280817
0.280575
0.280333
0.280092
0.27985
0.279609
0.279367
0.279126
0.278885
0.278644
0.278403
0.278163
0.277922
0.277682
0.277442
0.277202
0.276962
0.276722
0.276483
0.276244
0.276004
0.275765
0.275526
0.275288
0.275049
0.27481
0.274572
0.274334
0.274096
0.273858
0.27362
0.273383
0.273145
0.272908
0.272671
0.272434
0.272197
0.27196
0.271724
0.271487
0.271251
0.271015
0.270779
0.270543
0.270308
0.270072
0.269837
0.269602
0.269367
0.269132
0.268897
0.268662
0.268428
0.268194
0.26796
0.267726
0.267492
0.267258
0.267024
0.266791
0.266558
0.266325
0.266092
0.265859
0.265626
0.265394
0.265161
0.264929
0.264697
0.264465
0.264233
0.264002
0.26377
0.263539
0.263308
0.263077
0.262846
0.262615
0.262385
0.262154
0.261924
0.261694
0.261464
0.261234
0.261004
0.260775
0.260545
0.260316
0.260087
0.259858
0.259629
0.259401
0.259172
0.258944
0.258716
0.258488
0.25826
0.258032
0.257804
0.257577
0.257349
0.257122
0.256895
0.256668
0.256442
0.256215
0.255989
0.255762
0.255536
0.25531
0.255084
0.254859
0.254633
0.254408
0.254183
0.253957
0.253733
0.253508
0.253283
0.253059
0.252834
0.25261
0.252386
0.252162
0.251938
0.251715
0.251491
0.251268
0.251045
0.250822
0.250599
0.250376
0.250153
0.249931
0.249709
0.249486
0.249264
0.249043
0.248821
0.248599
0.248378
0.248157
0.247935
0.247714
0.247494
0.247273
0.247052
0.246832
0.246612
0.246392
0.246172
0.245952
0.245732
0.245513
0.245293
0.245074
0.244855
0.244636
0.244417
0.244199
0.24398
0.243762
0.243544
0.243325
0.243108
0.24289
0.242672
0.242455
0.242237
0.24202
0.241803
0.241586
0.24137
0.241153
0.240936
0.24072
0.240504
0.240288
0.240072
0.239856
0.239641
0.239425
0.23921
0.238995
0.23878
0.238565
0.23835
0.238136
0.237921
0.237707
0.237493
0.237279
0.237065
0.236851
0.236638
0.236424
0.236211
0.235998
0.235785
0.235572
0.23536
0.235147
0.234935
0.234722
0.23451
0.234298
0.234087
0.233875
0.233663
0.233452
0.233241
0.23303
0.232819
0.232608
0.232397
0.232187
0.231976
0.231766
0.231556
0.231346
0.231136
0.230927
0.230717
0.230508
0.230299
0.23009
0.229881
0.229672
0.229463
0.229255
0.229046
0.228838
0.22863
0.228422
0.228214
0.228007
0.227799
0.227592
0.227385
0.227178
0.226971
0.226764
0.226557
0.226351
0.226144
0.225938
0.225732
0.225526
0.22532
0.225115
0.224909
0.224704
0.224499
0.224294
0.224089
0.223884
0.223679
0.223475
0.223271
0.223066
0.222862
0.222658
0.222455
0.222251
0.222048
0.221844
0.221641
0.221438
0.221235
0.221032
0.22083
0.220627
0.220425
0.220222
0.22002
0.219818
0.219617
0.219415
0.219214
0.219012
0.218811
0.21861
0.218409
0.218208
0.218008
0.217807
0.217607
0.217406
0.217206
0.217006
0.216807
0.216607
0.216407
0.216208
0.216009
0.21581
0.215611
0.215412
0.215213
0.215015
0.214816
0.214618
0.21442
0.214222
0.214024
0.213826
0.213629
0.213431
0.213234
0.213037
0.21284
0.212643
0.212447
0.21225
0.212054
0.211857
0.211661
0.211465
0.211269
0.211074
0.210878
0.210683
0.210487
0.210292
0.210097
0.209902
0.209707
0.209513
0.209318
0.209124
0.20893
0.208736
0.208542
0.208348
0.208155
0.207961
0.207768
0.207574
0.207381
0.207188
0.206996
0.206803
0.206611
0.206418
0.206226
0.206034
0.205842
0.20565
0.205458
0.205267
0.205075
0.204884
0.204693
0.204502
0.204311
0.204121
0.20393
0.20374
0.203549
0.203359
0.203169
0.202979
0.202789
0.2026
0.20241
0.202221
0.202032
0.201843
0.201654
0.201465
0.201277
0.201088
0.2009
0.200712
0.200523
0.200335
0.200148
0.19996
0.199772
0.199585
0.199398
0.199211
0.199024
0.198837
0.19865
0.198464
0.198277
0.198091
0.197905
0.197719
0.197533
0.197347
0.197162
0.196976
0.196791
0.196606
0.19642
0.196236
0.196051
0.195866
0.195682
0.195497
0.195313
0.195129
0.194945
0.194761
0.194577
0.194394
0.19421
0.194027
0.193844
0.193661
0.193478
0.193295
0.193113
0.19293
0.192748
0.192566
0.192384
0.192202
0.19202
0.191838
0.191657
0.191475
0.191294
0.191113
0.190932
0.190751
0.19057
0.19039
0.190209
0.190029
0.189849
0.189669
0.189489
0.189309
0.18913
0.18895
0.188771
0.188592
0.188412
0.188234
0.188055
0.187876
0.187697
0.187519
0.187341
0.187163
0.186985
0.186807
0.186629
0.186451
0.186274
0.186097
0.185919
0.185742
0.185565
0.185389
0.185212
0.185035
0.184859
0.184683
0.184507
0.184331
0.184155
0.183979
0.183803
0.183628
0.183453
0.183277
0.183102
0.182927
0.182752
0.182578
0.182403
0.182229
0.182055
0.18188
0.181706
0.181533
0.181359
0.181185
0.181012
0.180838
0.180665
0.180492
0.180319
0.180146
0.179974
0.179801
0.179629
0.179456
0.179284
0.179112
0.17894
0.178769
0.178597
0.178425
0.178254
0.178083
0.177912
0.177741
0.17757
0.177399
0.177229
0.177058
0.176888
0.176718
0.176548
0.176378
0.176208
0.176038
0.175869
0.175699
0.17553
0.175361
0.175192
0.175023
0.174854
0.174686
0.174517
0.174349
0.174181
0.174013
0.173845
0.173677
0.173509
0.173342
0.173174
0.173007
0.17284
0.172673
0.172506
0.172339
0.172172
0.172006
0.17184
0.171673
0.171507
0.171341
0.171175
0.171009
0.170844
0.170678
0.170513
0.170348
0.170183
0.170018
0.169853
0.169688
0.169524
0.169359
0.169195
0.169031
0.168867
0.168703
0.168539
0.168375
0.168212
0.168048
0.167885
0.167722
0.167559
0.167396
0.167233
0.16707
0.166908
0.166745
0.166583
0.166421
0.166259
0.166097
0.165935
0.165774
0.165612
0.165451
0.16529
0.165129
0.164968
0.164807
0.164646
0.164485
0.164325
0.164164
0.164004
0.163844
0.163684
0.163524
0.163365
0.163205
0.163046
0.162886
0.162727
0.162568
0.162409
0.16225
0.162091
0.161933
0.161774
0.161616
0.161458
0.1613
0.161142
0.160984
0.160826
0.160669
0.160511
0.160354
0.160197
0.16004
0.159883
0.159726
0.159569
0.159413
0.159256
0.1591
0.158944
0.158788
0.158632
0.158476
0.15832
0.158165
0.158009
0.157854
0.157699
0.157544
0.157389
0.157234
0.157079
0.156925
0.15677
0.156616
0.156462
0.156308
0.156154
0.156
0.155846
0.155693
0.155539
0.155386
0.155233
0.15508
0.154927
0.154774
0.154621
0.154469
0.154316
0.154164
0.154012
0.15386
0.153708
0.153556
0.153404
0.153253
0.153101
0.15295
0.152799
0.152648
0.152497
0.152346
0.152195
0.152044
0.151894
0.151744
0.151593
0.151443
0.151293
0.151143
0.150994
0.150844
0.150695
0.150545
0.150396
0.150247
0.150098
0.149949
0.1498
0.149652
0.149503
0.149355
0.149206
0.149058
0.14891
0.148762
0.148614
0.148467
0.148319
0.148172
0.148024
0.147877
0.14773
0.147583
0.147436
0.14729
0.147143
0.146997
0.14685
0.146704
0.146558
0.146412
0.146266
0.146121
0.145975
0.145829
0.145684
0.145539
0.145394
0.145249
0.145104
0.144959
0.144814
0.14467
0.144525
0.144381
0.144237
0.144093
0.143949
0.143805
0.143661
0.143518
0.143374
0.143231
0.143088
0.142945
0.142802
0.142659
0.142516
0.142374
0.142231
0.142089
0.141946
0.141804
0.141662
0.14152
0.141379
0.141237
0.141095
0.140954
0.140813
0.140671
0.14053
0.140389
0.140248
0.140108
0.139967
0.139827
0.139686
0.139546
0.139406
0.139266
0.139126
0.138986
0.138846
0.138707
0.138567
0.138428
0.138289
0.13815
0.138011
0.137872
0.137733
0.137595
0.137456
0.137318
0.13718
0.137041
0.136903
0.136765
0.136628
0.13649
0.136352
0.136215
0.136078
0.13594
0.135803
0.135666
0.13553
0.135393
0.135256
0.13512
0.134983
0.134847
0.134711
0.134575
0.134439
0.134303
0.134167
0.134032
0.133896
0.133761
0.133625
0.13349
0.133355
0.13322
0.133086
0.132951
0.132816
0.132682
0.132548
0.132413
0.132279
0.132145
0.132011
0.131878
0.131744
0.13161
0.131477
0.131344
0.131211
0.131078
0.130945
0.130812
0.130679
0.130546
0.130414
0.130281
0.130149
0.130017
0.129885
0.129753
0.129621
0.129489
0.129358
0.129226
0.129095
0.128964
0.128833
0.128702
0.128571
0.12844
0.128309
0.128179
0.128048
0.127918
0.127787
0.127657
0.127527
0.127397
0.127268
0.127138
0.127008
0.126879
0.12675
0.12662
0.126491
0.126362
0.126233
0.126104
0.125976
0.125847
0.125719
0.12559
0.125462
0.125334
0.125206
0.125078
0.12495
0.124823
0.124695
0.124568
0.12444
0.124313
0.124186
0.124059
0.123932
0.123805
0.123678
0.123552
0.123425
0.123299
0.123173
0.123047
0.122921
0.122795
0.122669
0.122543
0.122418
0.122292
0.122167
0.122042
0.121916
0.121791
0.121666
0.121542
0.121417
0.121292
0.121168
0.121043
0.120919
0.120795
0.120671
0.120547
0.120423
0.120299
0.120176
0.120052
0.119929
0.119806
0.119682
0.119559
0.119436
0.119314
0.119191
0.119068
0.118946
0.118823
0.118701
0.118579
0.118457
0.118335
0.118213
0.118091
0.117969
0.117848
0.117726
0.117605
0.117484
0.117362
0.117241
0.11712
0.117
0.116879
0.116758
0.116638
0.116517
0.116397
0.116277
0.116157
0.116037
0.115917
0.115797
0.115678
0.115558
0.115439
0.115319
0.1152
0.115081
0.114962
0.114843
0.114724
0.114606
0.114487
0.114369
0.11425
0.114132
0.114014
0.113896
0.113778
0.11366
0.113542
0.113424
0.113307
0.113189
0.113072
0.112955
0.112838
0.112721
0.112604
0.112487
0.11237
0.112254
0.112137
0.112021
0.111905
0.111788
0.111672
0.111556
0.111441
0.111325
0.111209
0.111094
0.110978
0.110863
0.110748
0.110632
0.110517
0.110402
0.110288
0.110173
0.110058
0.109944
0.109829
0.109715
0.109601
0.109487
0.109373
0.109259
0.109145
0.109031
0.108918
0.108804
0.108691
0.108577
0.108464
0.108351
0.108238
0.108125
0.108013
0.1079
0.107787
0.107675
0.107562
0.10745
0.107338
0.107226
0.107114
0.107002
0.10689
0.106779
0.106667
0.106556
0.106444
0.106333
0.106222
0.106111
0.106
0.105889
0.105778
0.105668
0.105557
0.105447
0.105336
0.105226
0.105116
0.105006
0.104896
0.104786
0.104676
0.104567
0.104457
0.104348
0.104238
0.104129
0.10402
0.103911
0.103802
0.103693
0.103584
0.103476
0.103367
0.103259
0.10315
0.103042
0.102934
0.102826
0.102718
0.10261
0.102502
0.102395
0.102287
0.10218
0.102072
0.101965
0.101858
0.101751
0.101644
0.101537
0.10143
0.101323
0.101217
0.10111
0.101004
0.100898
0.100791
0.100685
0.100579
0.100473
0.100368
0.100262
0.100156
0.100051
0.0999454
0.0998401
0.0997349
0.0996298
0.0995248
0.0994198
0.099315
0.0992103
0.0991056
0.0990011
0.0988967
0.0987923
0.0986881
0.0985839
0.0984799
0.0983759
0.098272
0.0981683
0.0980646
0.097961
0.0978575
0.0977542
0.0976509
0.0975477
0.0974446
0.0973416
0.0972387
0.0971359
0.0970331
0.0969305
0.096828
0.0967256
0.0966232
0.096521
0.0964188
0.0963168
0.0962148
0.096113
0.0960112
0.0959096
0.095808
0.0957065
0.0956051
0.0955038
0.0954026
0.0953015
0.0952005
0.0950996
0.0949988
0.094898
0.0947974
0.0946969
0.0945964
0.0944961
0.0943958
0.0942957
0.0941956
0.0940956
0.0939957
0.0938959
0.0937962
0.0936966
0.0935971
0.0934977
0.0933984
0.0932991
0.0932
0.093101
0.093002
0.0929032
0.0928044
0.0927057
0.0926071
0.0925086
0.0924102
0.0923119
0.0922137
0.0921156
0.0920176
0.0919196
0.0918218
0.091724
0.0916264
0.0915288
0.0914313
0.091334
0.0912367
0.0911395
0.0910424
0.0909453
0.0908484
0.0907516
0.0906548
0.0905582
0.0904616
0.0903651
0.0902688
0.0901725
0.0900763
0.0899802
0.0898842
0.0897882
0.0896924
0.0895966
0.089501
0.0894054
0.08931
0.0892146
0.0891193
0.0890241
0.088929
0.0888339
0.088739
0.0886442
0.0885494
0.0884548
0.0883602
0.0882657
0.0881713
0.088077
0.0879828
0.0878887
0.0877946
0.0877007
0.0876068
0.087513
0.0874194
0.0873258
0.0872323
0.0871389
0.0870455
0.0869523
0.0868592
0.0867661
0.0866731
0.0865803
0.0864875
0.0863948
0.0863021
0.0862096
0.0861172
0.0860248
0.0859326
0.0858404
0.0857483
0.0856563
0.0855644
0.0854726
0.0853808
0.0852892
0.0851976
0.0851061
0.0850148
0.0849235
0.0848323
0.0847411
0.0846501
0.0845591
0.0844683
0.0843775
0.0842868
0.0841962
0.0841057
0.0840153
0.0839249
0.0838347
0.0837445
0.0836544
0.0835644
0.0834745
0.0833847
0.083295
0.0832053
0.0831157
0.0830263
0.0829369
0.0828476
0.0827583
0.0826692
0.0825802
0.0824912
0.0824023
0.0823135
0.0822248
0.0821362
0.0820477
0.0819592
0.0818708
0.0817826
0.0816944
0.0816063
0.0815182
0.0814303
0.0813424
0.0812547
0.081167
0.0810794
0.0809919
0.0809044
0.0808171
0.0807298
0.0806426
0.0805555
0.0804685
0.0803816
0.0802948
0.080208
0.0801213
0.0800347
0.0799482
0.0798618
0.0797755
0.0796892
0.079603
0.0795169
0.0794309
0.079345
0.0792592
0.0791734
0.0790878
0.0790022
0.0789167
0.0788312
0.0787459
0.0786606
0.0785755
0.0784904
0.0784054
0.0783204
0.0782356
0.0781508
0.0780661
0.0779815
0.077897
0.0778126
0.0777283
0.077644
0.0775598
0.0774757
0.0773917
0.0773077
0.0772239
0.0771401
0.0770564
0.0769728
0.0768893
0.0768058
0.0767224
0.0766391
0.0765559
0.0764728
0.0763898
0.0763068
0.0762239
0.0761411
0.0760584
0.0759758
0.0758932
0.0758107
0.0757283
0.075646
0.0755638
0.0754816
0.0753996
0.0753176
0.0752356
0.0751538
0.0750721
0.0749904
0.0749088
0.0748273
0.0747458
0.0746645
0.0745832
0.074502
0.0744209
0.0743399
0.0742589
0.074178
0.0740972
0.0740165
0.0739359
0.0738553
0.0737749
0.0736945
0.0736141
0.0735339
0.0734537
0.0733737
0.0732936
0.0732137
0.0731339
0.0730541
0.0729744
0.0728948
0.0728153
0.0727358
0.0726564
0.0725771
0.0724979
0.0724188
0.0723397
0.0722607
0.0721818
0.072103
0.0720242
0.0719456
0.071867
0.0717884
0.07171
0.0716316
0.0715534
0.0714751
0.071397
0.071319
0.071241
0.0711631
0.0710853
0.0710075
0.0709298
0.0708523
0.0707747
0.0706973
0.0706199
0.0705427
0.0704654
0.0703883
0.0703113
0.0702343
0.0701574
0.0700805
0.0700038
0.0699271
0.0698505
0.069774
0.0696976
0.0696212
0.0695449
0.0694687
0.0693925
0.0693165
0.0692405
0.0691646
0.0690887
0.069013
0.0689373
0.0688617
0.0687861
0.0687107
0.0686353
0.06856
0.0684847
0.0684096
0.0683345
0.0682595
0.0681845
0.0681097
0.0680349
0.0679602
0.0678855
0.067811
0.0677365
0.067662
0.0675877
0.0675134
0.0674392
0.0673651
0.0672911
0.0672171
0.0671432
0.0670694
0.0669956
0.066922
0.0668484
0.0667748
0.0667014
0.066628
0.0665547
0.0664815
0.0664083
0.0663352
0.0662622
0.0661893
0.0661164
0.0660436
0.0659709
0.0658982
0.0658256
0.0657531
0.0656807
0.0656084
0.0655361
0.0654639
0.0653917
0.0653197
0.0652477
0.0651757
0.0651039
0.0650321
0.0649604
0.0648888
0.0648172
0.0647457
0.0646743
0.0646029
0.0645317
0.0644605
0.0643893
0.0643183
0.0642473
0.0641764
0.0641055
0.0640348
0.0639641
0.0638934
0.0638229
0.0637524
0.063682
0.0636116
0.0635413
0.0634711
0.063401
0.0633309
0.063261
0.063191
0.0631212
0.0630514
0.0629817
0.0629121
0.0628425
0.062773
0.0627036
0.0626342
0.0625649
0.0624957
0.0624265
0.0623575
0.0622885
0.0622195
0.0621507
0.0620819
0.0620131
0.0619445
0.0618759
0.0618074
0.0617389
0.0616705
0.0616022
0.061534
0.0614658
0.0613977
0.0613297
0.0612617
0.0611938
0.061126
0.0610582
0.0609905
0.0609229
0.0608554
0.0607879
0.0607205
0.0606531
0.0605858
0.0605186
0.0604515
0.0603844
0.0603174
0.0602505
0.0601836
0.0601168
0.0600501
0.0599834
0.0599168
0.0598503
0.0597838
0.0597174
0.0596511
0.0595849
0.0595187
0.0594525
0.0593865
0.0593205
0.0592546
0.0591887
0.0591229
0.0590572
0.0589916
0.058926
0.0588605
0.058795
0.0587296
0.0586643
0.0585991
0.0585339
0.0584688
0.0584037
0.0583387
0.0582738
0.058209
0.0581442
0.0580795
0.0580148
0.0579502
0.0578857
0.0578213
0.0577569
0.0576925
0.0576283
0.0575641
0.0575
0.0574359
0.0573719
0.057308
0.0572441
0.0571803
0.0571166
0.057053
0.0569894
0.0569258
0.0568624
0.0567989
0.0567356
0.0566723
0.0566091
0.056546
0.0564829
0.0564199
0.0563569
0.0562941
0.0562312
0.0561685
0.0561058
0.0560432
0.0559806
0.0559181
0.0558557
0.0557933
0.055731
0.0556688
0.0556066
0.0555445
0.0554824
0.0554204
0.0553585
0.0552967
0.0552349
0.0551731
0.0551115
0.0550499
0.0549883
0.0549269
0.0548655
0.0548041
0.0547428
0.0546816
0.0546205
0.0545594
0.0544983
0.0544374
0.0543765
0.0543156
0.0542548
0.0541941
0.0541335
0.0540729
0.0540123
0.0539519
0.0538915
0.0538311
0.0537709
0.0537106
0.0536505
0.0535904
0.0535304
0.0534704
0.0534105
0.0533507
0.0532909
0.0532312
0.0531715
0.0531119
0.0530524
0.0529929
0.0529335
0.0528741
0.0528149
0.0527556
0.0526965
0.0526374
0.0525783
0.0525194
0.0524604
0.0524016
0.0523428
0.0522841
0.0522254
0.0521668
0.0521082
0.0520497
0.0519913
0.0519329
0.0518746
0.0518164
0.0517582
0.0517001
0.051642
0.051584
0.051526
0.0514682
0.0514103
0.0513526
0.0512949
0.0512372
0.0511796
0.0511221
0.0510647
0.0510073
0.0509499
0.0508926
0.0508354
0.0507782
0.0507211
0.0506641
0.0506071
0.0505502
0.0504933
0.0504365
0.0503798
0.0503231
0.0502664
0.0502099
0.0501534
0.0500969
0.0500405
0.0499842
0.0499279
0.0498717
0.0498155
0.0497594
0.0497034
0.0496474
0.0495915
0.0495356
0.0494798
0.0494241
0.0493684
0.0493128
0.0492572
0.0492017
0.0491462
0.0490908
0.0490355
0.0489802
0.048925
0.0488698
0.0488147
0.0487596
0.0487047
0.0486497
0.0485948
0.04854
0.0484853
0.0484306
0.0483759
0.0483213
0.0482668
0.0482123
0.0481579
0.0481035
0.0480492
0.047995
0.0479408
0.0478867
0.0478326
0.0477786
0.0477246
0.0476707
0.0476169
0.0475631
0.0475093
0.0474557
0.047402
0.0473485
0.047295
0.0472415
0.0471881
0.0471348
0.0470815
0.0470283
0.0469751
0.046922
0.0468689
0.0468159
0.046763
0.0467101
0.0466572
0.0466045
0.0465517
0.0464991
0.0464464
0.0463939
0.0463414
0.0462889
0.0462366
0.0461842
0.0461319
0.0460797
0.0460275
0.0459754
0.0459234
0.0458714
0.0458194
0.0457675
0.0457157
0.0456639
0.0456122
0.0455605
0.0455089
0.0454573
0.0454058
0.0453543
0.0453029
0.0452516
0.0452003
0.045149
0.0450979
0.0450467
0.0449957
0.0449446
0.0448937
0.0448427
0.0447919
0.0447411
0.0446903
0.0446396
0.044589
0.0445384
0.0444879
0.0444374
0.0443869
0.0443366
0.0442862
0.044236
0.0441857
0.0441356
0.0440855
0.0440354
0.0439854
0.0439355
0.0438856
0.0438357
0.0437859
0.0437362
0.0436865
0.0436369
0.0435873
0.0435378
0.0434883
0.0434389
0.0433895
0.0433402
0.0432909
0.0432417
0.0431925
0.0431434
0.0430944
0.0430454
0.0429964
0.0429475
0.0428987
0.0428499
0.0428012
0.0427525
0.0427038
0.0426552
0.0426067
0.0425582
0.0425098
0.0424614
0.0424131
0.0423648
0.0423166
0.0422684
0.0422203
0.0421722
0.0421242
0.0420762
0.0420283
0.0419805
0.0419326
0.0418849
0.0418372
0.0417895
0.0417419
0.0416943
0.0416468
0.0415994
0.041552
0.0415046
0.0414573
0.0414101
0.0413628
0.0413157
0.0412686
0.0412215
0.0411745
0.0411276
0.0410807
0.0410338
0.040987
0.0409403
0.0408936
0.0408469
0.0408003
0.0407538
0.0407073
0.0406608
0.0406144
0.0405681
0.0405218
0.0404755
0.0404293
0.0403832
0.0403371
0.040291
0.040245
0.040199
0.0401531
0.0401073
0.0400615
0.0400157
0.03997
0.0399244
0.0398787
0.0398332
0.0397877
0.0397422
0.0396968
0.0396514
0.0396061
0.0395608
0.0395156
0.0394704
0.0394253
0.0393802
0.0393352
0.0392902
0.0392453
0.0392004
0.0391556
0.0391108
0.0390661
0.0390214
0.0389768
0.0389322
0.0388876
0.0388431
0.0387987
0.0387543
0.0387099
0.0386656
0.0386214
0.0385772
0.038533
0.0384889
0.0384448
0.0384008
0.0383568
0.0383129
0.038269
0.0382252
0.0381814
0.0381377
0.038094
0.0380504
0.0380068
0.0379632
0.0379197
0.0378763
0.0378329
0.0377895
0.0377462
0.037703
0.0376597
0.0376166
0.0375735
0.0375304
0.0374874
0.0374444
0.0374014
0.0373585
0.0373157
0.0372729
0.0372302
0.0371874
0.0371448
0.0371022
0.0370596
0.0370171
0.0369746
0.0369322
0.0368898
0.0368475
0.0368052
0.0367629
0.0367207
0.0366786
0.0366365
0.0365944
0.0365524
0.0365104
0.0364685
0.0364266
0.0363848
0.036343
0.0363013
0.0362596
0.0362179
0.0361763
0.0361347
0.0360932
0.0360518
0.0360103
0.0359689
0.0359276
0.0358863
0.0358451
0.0358039
0.0357627
0.0357216
0.0356805
0.0356395
0.0355985
0.0355576
0.0355167
0.0354759
0.0354351
0.0353943
0.0353536
0.0353129
0.0352723
0.0352317
0.0351912
0.0351507
0.0351102
0.0350698
0.0350295
0.0349892
0.0349489
0.0349087
0.0348685
0.0348283
0.0347883
0.0347482
0.0347082
0.0346682
0.0346283
0.0345884
0.0345486
0.0345088
0.0344691
0.0344294
0.0343897
0.0343501
0.0343105
0.034271
0.0342315
0.034192
0.0341526
0.0341133
0.034074
0.0340347
0.0339955
0.0339563
0.0339171
0.033878
0.033839
0.0338
0.033761
0.0337221
0.0336832
0.0336443
0.0336055
0.0335668
0.033528
0.0334894
0.0334507
0.0334121
0.0333736
0.0333351
0.0332966
0.0332582
0.0332198
0.0331815
0.0331432
0.0331049
0.0330667
0.0330285
0.0329904
0.0329523
0.0329143
0.0328763
0.0328383
0.0328004
0.0327625
0.0327247
0.0326869
0.0326491
0.0326114
0.0325737
0.0325361
0.0324985
0.032461
0.0324235
0.032386
0.0323486
0.0323112
0.0322738
0.0322365
0.0321993
0.0321621
0.0321249
0.0320877
0.0320506
0.0320136
0.0319766
0.0319396
0.0319027
0.0318658
0.0318289
0.0317921
0.0317553
0.0317186
0.0316819
0.0316453
0.0316086
0.0315721
0.0315355
0.0314991
0.0314626
0.0314262
0.0313898
0.0313535
0.0313172
0.031281
0.0312447
0.0312086
0.0311724
0.0311364
0.0311003
0.0310643
0.0310283
0.0309924
0.0309565
0.0309206
0.0308848
0.0308491
0.0308133
0.0307776
0.030742
0.0307064
0.0306708
0.0306352
0.0305997
0.0305643
0.0305289
0.0304935
0.0304581
0.0304228
0.0303876
0.0303523
0.0303172
0.030282
0.0302469
0.0302118
0.0301768
0.0301418
0.0301068
0.0300719
0.0300371
0.0300022
0.0299674
0.0299327
0.0298979
0.0298632
0.0298286
0.029794
0.0297594
0.0297249
0.0296904
0.0296559
0.0296215
0.0295871
0.0295528
0.0295185
0.0294842
0.02945
0.0294158
0.0293817
0.0293476
0.0293135
0.0292794
0.0292454
0.0292115
0.0291776
0.0291437
0.0291098
0.029076
0.0290422
0.0290085
0.0289748
0.0289411
0.0289075
0.0288739
0.0288404
0.0288068
0.0287734
0.0287399
0.0287065
0.0286732
0.0286398
0.0286065
0.0285733
0.0285401
0.0285069
0.0284737
0.0284406
0.0284076
0.0283745
0.0283415
0.0283086
0.0282756
0.0282428
0.0282099
0.0281771
0.0281443
0.0281116
0.0280789
0.0280462
0.0280136
0.027981
0.0279484
0.0279159
0.0278834
0.0278509
0.0278185
0.0277861
0.0277538
0.0277215
0.0276892
0.027657
0.0276248
0.0275926
0.0275605
0.0275284
0.0274963
0.0274643
0.0274323
0.0274004
0.0273685
0.0273366
0.0273047
0.0272729
0.0272412
0.0272094
0.0271777
0.0271461
0.0271144
0.0270828
0.0270513
0.0270197
0.0269883
0.0269568
0.0269254
0.026894
0.0268626
0.0268313
0.0268
0.0267688
0.0267376
0.0267064
0.0266753
0.0266442
0.0266131
0.0265821
0.0265511
0.0265201
0.0264892
0.0264583
0.0264274
0.0263966
0.0263658
0.026335
0.0263043
0.0262736
0.0262429
0.0262123
0.0261817
0.0261512
0.0261206
0.0260901
0.0260597
0.0260293
0.0259989
0.0259685
0.0259382
0.0259079
0.0258777
0.0258475
0.0258173
0.0257871
0.025757
0.0257269
0.0256969
0.0256669
0.0256369
0.025607
0.025577
0.0255472
0.0255173
0.0254875
0.0254577
0.025428
0.0253983
0.0253686
0.0253389
0.0253093
0.0252797
0.0252502
0.0252207
0.0251912
0.0251618
0.0251323
0.025103
0.0250736
0.0250443
0.025015
0.0249858
0.0249565
0.0249274
0.0248982
0.0248691
0.02484
0.0248109
0.0247819
0.0247529
0.024724
0.0246951
0.0246662
0.0246373
0.0246085
0.0245797
0.0245509
0.0245222
0.0244935
0.0244648
0.0244362
0.0244076
0.024379
0.0243505
0.024322
0.0242935
0.0242651
0.0242367
0.0242083
0.0241799
0.0241516
0.0241234
0.0240951
0.0240669
0.0240387
0.0240105
0.0239824
0.0239543
0.0239263
0.0238982
0.0238702
0.0238423
0.0238143
0.0237864
0.0237586
0.0237307
0.0237029
0.0236752
0.0236474
0.0236197
0.023592
0.0235644
0.0235367
0.0235091
0.0234816
0.0234541
0.0234266
0.0233991
0.0233717
0.0233443
0.0233169
0.0232895
0.0232622
0.023235
0.0232077
0.0231805
0.0231533
0.0231261
0.023099
0.0230719
0.0230448
0.0230178
0.0229908
0.0229638
0.0229369
0.02291
0.0228831
0.0228562
0.0228294
0.0228026
0.0227759
0.0227491
0.0227224
0.0226958
0.0226691
0.0226425
0.0226159
0.0225894
0.0225628
0.0225364
0.0225099
0.0224835
0.0224571
0.0224307
0.0224043
0.022378
0.0223518
0.0223255
0.0222993
0.0222731
0.0222469
0.0222208
0.0221947
0.0221686
0.0221426
0.0221165
0.0220906
0.0220646
0.0220387
0.0220128
0.0219869
0.0219611
0.0219352
0.0219095
0.0218837
0.021858
0.0218323
0.0218066
0.021781
0.0217554
0.0217298
0.0217042
0.0216787
0.0216532
0.0216278
0.0216023
0.0215769
0.0215516
0.0215262
0.0215009
0.0214756
0.0214503
0.0214251
0.0213999
0.0213747
0.0213496
0.0213245
0.0212994
0.0212743
0.0212493
0.0212243
0.0211993
0.0211743
0.0211494
0.0211245
0.0210997
0.0210748
0.02105
0.0210252
0.0210005
0.0209758
0.0209511
0.0209264
0.0209018
0.0208771
0.0208526
0.020828
0.0208035
0.020779
0.0207545
0.0207301
0.0207056
0.0206813
0.0206569
0.0206326
0.0206083
0.020584
0.0205597
0.0205355
0.0205113
0.0204871
0.020463
0.0204389
0.0204148
0.0203907
0.0203667
0.0203427
0.0203187
0.0202948
0.0202709
0.020247
0.0202231
0.0201993
0.0201754
0.0201517
0.0201279
0.0201042
0.0200805
0.0200568
0.0200331
0.0200095
0.0199859
0.0199623
0.0199388
0.0199153
0.0198918
0.0198683
0.0198449
0.0198215
0.0197981
0.0197747
0.0197514
0.0197281
0.0197048
0.0196816
0.0196583
0.0196352
0.019612
0.0195888
0.0195657
0.0195426
0.0195196
0.0194965
0.0194735
0.0194505
0.0194276
0.0194046
0.0193817
0.0193588
0.019336
0.0193131
0.0192903
0.0192676
0.0192448
0.0192221
0.0191994
0.0191767
0.0191541
0.0191314
0.0191088
0.0190863
0.0190637
0.0190412
0.0190187
0.0189962
0.0189738
0.0189514
0.018929
0.0189066
0.0188843
0.018862
0.0188397
0.0188174
0.0187952
0.018773
0.0187508
0.0187286
0.0187065
0.0186844
0.0186623
0.0186402
0.0186182
0.0185962
0.0185742
0.0185522
0.0185303
0.0185084
0.0184865
0.0184646
0.0184428
0.018421
0.0183992
0.0183774
0.0183557
0.018334
0.0183123
0.0182906
0.018269
0.0182474
0.0182258
0.0182042
0.0181827
0.0181612
0.0181397
0.0181182
0.0180968
0.0180754
0.018054
0.0180326
0.0180113
0.01799
0.0179687
0.0179474
0.0179262
0.0179049
0.0178838
0.0178626
0.0178414
0.0178203
0.0177992
0.0177781
0.0177571
0.0177361
0.0177151
0.0176941
0.0176731
0.0176522
0.0176313
0.0176104
0.0175896
0.0175687
0.0175479
0.0175271
0.0175064
0.0174856
0.0174649
0.0174442
0.0174236
0.0174029
0.0173823
0.0173617
0.0173411
0.0173206
0.0173
0.0172795
0.0172591
0.0172386
0.0172182
0.0171978
0.0171774
0.017157
0.0171367
0.0171164
0.0170961
0.0170758
0.0170556
0.0170354
0.0170152
0.016995
0.0169748
0.0169547
0.0169346
0.0169145
0.0168945
0.0168744
0.0168544
0.0168344
0.0168144
0.0167945
0.0167746
0.0167547
0.0167348
0.016715
0.0166951
0.0166753
0.0166555
0.0166358
0.016616
0.0165963
0.0165766
0.016557
0.0165373
0.0165177
0.0164981
0.0164785
0.0164589
0.0164394
0.0164199
0.0164004
0.0163809
0.0163615
0.0163421
0.0163227
0.0163033
0.0162839
0.0162646
0.0162453
0.016226
0.0162067
0.0161875
0.0161683
0.0161491
0.0161299
0.0161107
0.0160916
0.0160725
0.0160534
0.0160343
0.0160153
0.0159962
0.0159772
0.0159583
0.0159393
0.0159204
0.0159015
0.0158826
0.0158637
0.0158448
0.015826
0.0158072
0.0157884
0.0157697
0.0157509
0.0157322
0.0157135
0.0156948
0.0156762
0.0156575
0.0156389
0.0156203
0.0156018
0.0155832
0.0155647
0.0155462
0.0155277
0.0155092
0.0154908
0.0154724
0.015454
0.0154356
0.0154172
0.0153989
0.0153806
0.0153623
0.015344
0.0153258
0.0153076
0.0152893
0.0152712
0.015253
0.0152348
0.0152167
0.0151986
0.0151805
0.0151625
0.0151444
0.0151264
0.0151084
0.0150904
0.0150725
0.0150545
0.0150366
0.0150187
0.0150009
0.014983
0.0149652
0.0149474
0.0149296
0.0149118
0.014894
0.0148763
0.0148586
0.0148409
0.0148232
0.0148056
0.014788
0.0147704
0.0147528
0.0147352
0.0147177
0.0147001
0.0146826
0.0146651
0.0146477
0.0146302
0.0146128
0.0145954
0.014578
0.0145607
0.0145433
0.014526
0.0145087
0.0144914
0.0144741
0.0144569
0.0144397
0.0144225
0.0144053
0.0143881
0.014371
0.0143538
0.0143367
0.0143196
0.0143026
0.0142855
0.0142685
0.0142515
0.0142345
0.0142176
0.0142006
0.0141837
0.0141668
0.0141499
0.014133
0.0141162
0.0140993
0.0140825
0.0140657
0.014049
0.0140322
0.0140155
0.0139988
0.0139821
0.0139654
0.0139487
0.0139321
0.0139155
0.0138989
0.0138823
0.0138658
0.0138492
0.0138327
0.0138162
0.0137997
0.0137833
0.0137668
0.0137504
0.013734
0.0137176
0.0137012
0.0136849
0.0136685
0.0136522
0.0136359
0.0136197
0.0136034
0.0135872
0.013571
0.0135548
0.0135386
0.0135224
0.0135063
0.0134902
0.0134741
0.013458
0.0134419
0.0134259
0.0134098
0.0133938
0.0133778
0.0133619
0.0133459
0.01333
0.0133141
0.0132982
0.0132823
0.0132664
0.0132506
0.0132348
0.0132189
0.0132032
0.0131874
0.0131716
0.0131559
0.0131402
0.0131245
0.0131088
0.0130932
0.0130775
0.0130619
0.0130463
0.0130307
0.0130151
0.0129996
0.012984
0.0129685
0.012953
0.0129376
0.0129221
0.0129066
0.0128912
0.0128758
0.0128604
0.0128451
0.0128297
0.0128144
0.0127991
0.0127838
0.0127685
0.0127532
0.012738
0.0127227
0.0127075
0.0126923
0.0126772
0.012662
0.0126469
0.0126317
0.0126166
0.0126015
0.0125865
0.0125714
0.0125564
0.0125414
0.0125264
0.0125114
0.0124964
0.0124815
0.0124665
0.0124516
0.0124367
0.0124219
0.012407
0.0123922
0.0123773
0.0123625
0.0123477
0.012333
0.0123182
0.0123035
0.0122887
0.012274
0.0122594
0.0122447
0.01223
0.0122154
0.0122008
0.0121862
0.0121716
0.012157
0.0121425
0.0121279
0.0121134
0.0120989
0.0120844
0.01207
0.0120555
0.0120411
0.0120267
0.0120123
0.0119979
0.0119835
0.0119692
0.0119548
0.0119405
0.0119262
0.0119119
0.0118977
0.0118834
0.0118692
0.011855
0.0118408
0.0118266
0.0118124
0.0117983
0.0117842
0.01177
0.0117559
0.0117419
0.0117278
0.0117137
0.0116997
0.0116857
0.0116717
0.0116577
0.0116437
0.0116298
0.0116159
0.0116019
0.011588
0.0115741
0.0115603
0.0115464
0.0115326
0.0115188
0.011505
0.0114912
0.0114774
0.0114636
0.0114499
0.0114362
0.0114225
0.0114088
0.0113951
0.0113814
0.0113678
0.0113542
0.0113405
0.011327
0.0113134
0.0112998
0.0112863
0.0112727
0.0112592
0.0112457
0.0112322
0.0112187
0.0112053
0.0111919
0.0111784
0.011165
0.0111516
0.0111383
0.0111249
0.0111116
0.0110982
0.0110849
0.0110716
0.0110583
0.0110451
0.0110318
0.0110186
0.0110054
0.0109922
0.010979
0.0109658
0.0109526
0.0109395
0.0109264
0.0109132
0.0109002
0.0108871
0.010874
0.010861
0.0108479
0.0108349
0.0108219
0.0108089
0.0107959
0.010783
0.01077
0.0107571
0.0107442
0.0107313
0.0107184
0.0107055
0.0106927
0.0106798
0.010667
0.0106542
0.0106414
0.0106286
0.0106159
0.0106031
0.0105904
0.0105777
0.010565
0.0105523
0.0105396
0.010527
0.0105143
0.0105017
0.0104891
0.0104765
0.0104639
0.0104513
0.0104388
0.0104262
0.0104137
0.0104012
0.0103887
0.0103762
0.0103637
0.0103513
0.0103389
0.0103264
0.010314
0.0103016
0.0102893
0.0102769
0.0102645
0.0102522
0.0102399
0.0102276
0.0102153
0.010203
0.0101907
0.0101785
0.0101663
0.010154
0.0101418
0.0101296
0.0101175
0.0101053
0.0100932
0.010081
0.0100689
0.0100568
0.0100447
0.0100326
0.0100206
0.0100085
0.00999648
0.00998446
0.00997245
0.00996046
0.00994848
0.00993652
0.00992457
0.00991263
0.00990071
0.0098888
0.00987691
0.00986503
0.00985316
0.00984131
0.00982947
0.00981765
0.00980584
0.00979404
0.00978226
0.00977049
0.00975874
0.009747
0.00973527
0.00972356
0.00971186
0.00970017
0.0096885
0.00967684
0.0096652
0.00965357
0.00964195
0.00963035
0.00961876
0.00960718
0.00959562
0.00958407
0.00957253
0.00956101
0.00954951
0.00953801
0.00952653
0.00951506
0.00950361
0.00949217
0.00948074
0.00946933
0.00945793
0.00944654
0.00943517
0.00942381
0.00941246
0.00940113
0.00938981
0.0093785
0.00936721
0.00935593
0.00934466
0.00933341
0.00932217
0.00931094
0.00929973
0.00928853
0.00927734
0.00926617
0.00925501
0.00924386
0.00923273
0.00922161
0.0092105
0.0091994
0.00918832
0.00917725
0.0091662
0.00915515
0.00914412
0.00913311
0.0091221
0.00911111
0.00910013
0.00908917
0.00907822
0.00906728
0.00905635
0.00904544
0.00903454
0.00902365
0.00901278
0.00900192
0.00899107
0.00898023
0.00896941
0.0089586
0.0089478
0.00893701
0.00892624
0.00891548
0.00890473
0.008894
0.00888328
0.00887257
0.00886187
0.00885119
0.00884052
0.00882986
0.00881922
0.00880858
0.00879796
0.00878735
0.00877676
0.00876617
0.0087556
0.00874505
0.0087345
0.00872397
0.00871345
0.00870294
0.00869244
0.00868196
0.00867149
0.00866103
0.00865058
0.00864015
0.00862973
0.00861932
0.00860892
0.00859853
0.00858816
0.0085778
0.00856745
0.00855712
0.00854679
0.00853648
0.00852618
0.0085159
0.00850562
0.00849536
0.00848511
0.00847487
0.00846464
0.00845443
0.00844423
0.00843404
0.00842386
0.00841369
0.00840354
0.0083934
0.00838327
0.00837315
0.00836304
0.00835295
0.00834287
0.0083328
0.00832274
0.00831269
0.00830266
0.00829263
0.00828262
0.00827262
0.00826264
0.00825266
0.0082427
0.00823275
0.00822281
0.00821288
0.00820296
0.00819306
0.00818316
0.00817328
0.00816341
0.00815355
0.00814371
0.00813387
0.00812405
0.00811424
0.00810444
0.00809465
0.00808488
0.00807511
0.00806536
0.00805562
0.00804588
0.00803617
0.00802646
0.00801676
0.00800708
0.00799741
0.00798774
0.00797809
0.00796846
0.00795883
0.00794921
0.00793961
0.00793002
0.00792044
0.00791086
0.00790131
0.00789176
0.00788222
0.0078727
0.00786318
0.00785368
0.00784419
0.00783471
0.00782524
0.00781579
0.00780634
0.0077969
0.00778748
0.00777807
0.00776867
0.00775928
0.0077499
0.00774053
0.00773117
0.00772183
0.00771249
0.00770317
0.00769386
0.00768455
0.00767526
0.00766598
0.00765672
0.00764746
0.00763821
0.00762898
0.00761975
0.00761054
0.00760133
0.00759214
0.00758296
0.00757379
0.00756463
0.00755548
0.00754635
0.00753722
0.0075281
0.007519
0.00750991
0.00750082
0.00749175
0.00748269
0.00747364
0.0074646
0.00745557
0.00744655
0.00743754
0.00742854
0.00741956
0.00741058
0.00740161
0.00739266
0.00738372
0.00737478
0.00736586
0.00735695
0.00734805
0.00733915
0.00733027
0.0073214
0.00731254
0.00730369
0.00729486
0.00728603
0.00727721
0.0072684
0.00725961
0.00725082
0.00724205
0.00723328
0.00722453
0.00721578
0.00720705
0.00719832
0.00718961
0.00718091
0.00717221
0.00716353
0.00715486
0.0071462
0.00713755
0.00712891
0.00712027
0.00711165
0.00710304
0.00709444
0.00708585
0.00707727
0.0070687
0.00706015
0.0070516
0.00704306
0.00703453
0.00702601
0.0070175
0.007009
0.00700051
0.00699204
0.00698357
0.00697511
0.00696666
0.00695822
0.0069498
0.00694138
0.00693297
0.00692457
0.00691619
0.00690781
0.00689944
0.00689108
0.00688273
0.0068744
0.00686607
0.00685775
0.00684944
0.00684114
0.00683285
0.00682457
0.00681631
0.00680805
0.0067998
0.00679156
0.00678333
0.00677511
0.0067669
0.0067587
0.00675051
0.00674233
0.00673416
0.006726
0.00671784
0.0067097
0.00670157
0.00669345
0.00668533
0.00667723
0.00666914
0.00666105
0.00665298
0.00664492
0.00663686
0.00662881
0.00662078
0.00661275
0.00660474
0.00659673
0.00658873
0.00658074
0.00657276
0.0065648
0.00655684
0.00654889
0.00654095
0.00653301
0.00652509
0.00651718
0.00650928
0.00650138
0.0064935
0.00648562
0.00647776
0.0064699
0.00646206
0.00645422
0.00644639
0.00643857
0.00643076
0.00642296
0.00641517
0.00640739
0.00639962
0.00639186
0.0063841
0.00637636
0.00636863
0.0063609
0.00635318
0.00634548
0.00633778
0.00633009
0.00632241
0.00631474
0.00630708
0.00629942
0.00629178
0.00628415
0.00627652
0.00626891
0.0062613
0.0062537
0.00624611
0.00623853
0.00623096
0.0062234
0.00621585
0.0062083
0.00620077
0.00619324
0.00618573
0.00617822
0.00617072
0.00616323
0.00615575
0.00614828
0.00614082
0.00613336
0.00612592
0.00611848
0.00611105
0.00610363
0.00609622
0.00608882
0.00608143
0.00607405
0.00606667
0.00605931
0.00605195
0.0060446
0.00603726
0.00602993
0.00602261
0.0060153
0.006008
0.0060007
0.00599341
0.00598613
0.00597887
0.0059716
0.00596435
0.00595711
0.00594987
0.00594265
0.00593543
0.00592822
0.00592102
0.00591383
0.00590665
0.00589947
0.00589231
0.00588515
0.005878
0.00587086
0.00586373
0.00585661
0.00584949
0.00584238
0.00583529
0.0058282
0.00582112
0.00581404
0.00580698
0.00579993
0.00579288
0.00578584
0.00577881
0.00577179
0.00576477
0.00575777
0.00575077
0.00574379
0.00573681
0.00572983
0.00572287
0.00571592
0.00570897
0.00570203
0.0056951
0.00568818
0.00568127
0.00567436
0.00566746
0.00566058
0.0056537
0.00564682
0.00563996
0.0056331
0.00562626
0.00561942
0.00561259
0.00560576
0.00559895
0.00559214
0.00558534
0.00557855
0.00557177
0.005565
0.00555823
0.00555147
0.00554472
0.00553798
0.00553125
0.00552452
0.0055178
0.00551109
0.00550439
0.0054977
0.00549101
0.00548434
0.00547767
0.005471
0.00546435
0.0054577
0.00545107
0.00544444
0.00543782
0.0054312
0.0054246
0.005418
0.00541141
0.00540483
0.00539825
0.00539168
0.00538513
0.00537858
0.00537203
0.0053655
0.00535897
0.00535245
0.00534594
0.00533944
0.00533294
0.00532645
0.00531997
0.0053135
0.00530703
0.00530058
0.00529413
0.00528768
0.00528125
0.00527482
0.0052684
0.00526199
0.00525559
0.00524919
0.00524281
0.00523643
0.00523005
0.00522369
0.00521733
0.00521098
0.00520464
0.0051983
0.00519198
0.00518566
0.00517935
0.00517304
0.00516675
0.00516046
0.00515417
0.0051479
0.00514163
0.00513537
0.00512912
0.00512288
0.00511664
0.00511041
0.00510419
0.00509798
0.00509177
0.00508557
0.00507938
0.00507319
0.00506702
0.00506085
0.00505469
0.00504853
0.00504238
0.00503624
0.00503011
0.00502399
0.00501787
0.00501176
0.00500565
0.00499956
0.00499347
0.00498739
0.00498131
0.00497525
0.00496919
0.00496313
0.00495709
0.00495105
0.00494502
0.004939
0.00493298
0.00492697
0.00492097
0.00491498
0.00490899
0.00490301
0.00489704
0.00489107
0.00488511
0.00487916
0.00487322
0.00486728
0.00486135
0.00485543
0.00484951
0.0048436
0.0048377
0.0048318
0.00482592
0.00482004
0.00481416
0.0048083
0.00480244
0.00479659
0.00479074
0.0047849
0.00477907
0.00477325
0.00476743
0.00476162
0.00475582
0.00475002
0.00474423
0.00473845
0.00473267
0.0047269
0.00472114
0.00471539
0.00470964
0.0047039
0.00469817
0.00469244
0.00468672
0.00468101
0.0046753
0.0046696
0.00466391
0.00465822
0.00465254
0.00464687
0.0046412
0.00463555
0.00462989
0.00462425
0.00461861
0.00461298
0.00460735
0.00460174
0.00459612
0.00459052
0.00458492
0.00457933
0.00457375
0.00456817
0.0045626
0.00455703
0.00455148
0.00454593
0.00454038
0.00453484
0.00452931
0.00452379
0.00451827
0.00451276
0.00450726
0.00450176
0.00449627
0.00449078
0.00448531
0.00447983
0.00447437
0.00446891
0.00446346
0.00445802
0.00445258
0.00444715
0.00444172
0.0044363
0.00443089
0.00442548
0.00442008
0.00441469
0.0044093
0.00440392
0.00439855
0.00439318
0.00438782
0.00438247
0.00437712
0.00437178
0.00436645
0.00436112
0.0043558
0.00435048
0.00434517
0.00433987
0.00433457
0.00432928
0.004324
0.00431872
0.00431345
0.00430819
0.00430293
0.00429768
0.00429243
0.00428719
0.00428196
0.00427673
0.00427151
0.0042663
0.00426109
0.00425589
0.00425069
0.0042455
0.00424032
0.00423514
0.00422997
0.00422481
0.00421965
0.0042145
0.00420935
0.00420421
0.00419908
0.00419395
0.00418883
0.00418372
0.00417861
0.00417351
0.00416841
0.00416332
0.00415824
0.00415316
0.00414809
0.00414302
0.00413796
0.00413291
0.00412786
0.00412282
0.00411779
0.00411276
0.00410773
0.00410272
0.00409771
0.0040927
0.0040877
0.00408271
0.00407772
0.00407274
0.00406777
0.0040628
0.00405784
0.00405288
0.00404793
0.00404298
0.00403804
0.00403311
0.00402818
0.00402326
0.00401835
0.00401344
0.00400854
0.00400364
0.00399875
0.00399386
0.00398898
0.00398411
0.00397924
0.00397438
0.00396952
0.00396467
0.00395983
0.00395499
0.00395015
0.00394533
0.00394051
0.00393569
0.00393088
0.00392608
0.00392128
0.00391649
0.0039117
0.00390692
0.00390214
0.00389738
0.00389261
0.00388785
0.0038831
0.00387836
0.00387362
0.00386888
0.00386415
0.00385943
0.00385471
0.00385
0.00384529
0.00384059
0.0038359
0.00383121
0.00382652
0.00382185
0.00381717
0.00381251
0.00380785
0.00380319
0.00379854
0.0037939
0.00378926
0.00378462
0.00378
0.00377537
0.00377076
0.00376615
0.00376154
0.00375694
0.00375235
0.00374776
0.00374318
0.0037386
0.00373403
0.00372946
0.0037249
0.00372035
0.0037158
0.00371125
0.00370671
0.00370218
0.00369765
0.00369313
0.00368861
0.0036841
0.00367959
0.00367509
0.0036706
0.00366611
0.00366162
0.00365714
0.00365267
0.0036482
0.00364374
0.00363928
0.00363483
0.00363038
0.00362594
0.00362151
0.00361707
0.00361265
0.00360823
0.00360381
0.00359941
0.003595
0.0035906
0.00358621
0.00358182
0.00357744
0.00357306
0.00356869
0.00356432
0.00355996
0.0035556
0.00355125
0.00354691
0.00354257
0.00353823
0.0035339
0.00352958
0.00352526
0.00352094
0.00351663
0.00351233
0.00350803
0.00350374
0.00349945
0.00349517
0.00349089
0.00348662
0.00348235
0.00347809
0.00347383
0.00346958
0.00346533
0.00346109
0.00345685
0.00345262
0.00344839
0.00344417
0.00343995
0.00343574
0.00343154
0.00342733
0.00342314
0.00341895
0.00341476
0.00341058
0.0034064
0.00340223
0.00339807
0.00339391
0.00338975
0.0033856
0.00338146
0.00337732
0.00337318
0.00336905
0.00336492
0.0033608
0.00335669
0.00335258
0.00334847
0.00334437
0.00334027
0.00333618
0.0033321
0.00332802
0.00332394
0.00331987
0.0033158
0.00331174
0.00330769
0.00330363
0.00329959
0.00329555
0.00329151
0.00328748
0.00328345
0.00327943
0.00327541
0.0032714
0.00326739
0.00326339
0.00325939
0.0032554
0.00325141
0.00324743
0.00324345
0.00323947
0.00323551
0.00323154
0.00322758
0.00322363
0.00321968
0.00321573
0.00321179
0.00320786
0.00320393
0.0032
0.00319608
0.00319216
0.00318825
0.00318434
0.00318044
0.00317654
0.00317265
0.00316876
0.00316488
0.003161
0.00315713
0.00315326
0.00314939
0.00314553
0.00314168
0.00313783
0.00313398
0.00313014
0.0031263
0.00312247
0.00311865
0.00311482
0.003111
0.00310719
0.00310338
0.00309958
0.00309578
0.00309198
0.00308819
0.00308441
0.00308063
0.00307685
0.00307308
0.00306931
0.00306555
0.00306179
0.00305804
0.00305429
0.00305054
0.0030468
0.00304307
0.00303933
0.00303561
0.00303189
0.00302817
0.00302445
0.00302075
0.00301704
0.00301334
0.00300965
0.00300596
0.00300227
0.00299859
0.00299491
0.00299124
0.00298757
0.00298391
0.00298025
0.00297659
0.00297294
0.00296929
0.00296565
0.00296202
0.00295838
0.00295475
0.00295113
0.00294751
0.00294389
0.00294028
0.00293668
0.00293307
0.00292948
0.00292588
0.00292229
0.00291871
0.00291513
0.00291155
0.00290798
0.00290441
0.00290085
0.00289729
0.00289374
0.00289019
0.00288664
0.0028831
0.00287956
0.00287603
0.0028725
0.00286898
0.00286546
0.00286194
0.00285843
0.00285492
0.00285142
0.00284792
0.00284442
0.00284093
0.00283745
0.00283396
0.00283049
0.00282701
0.00282354
0.00282008
0.00281662
0.00281316
0.00280971
0.00280626
0.00280282
0.00279938
0.00279594
0.00279251
0.00278908
0.00278566
0.00278224
0.00277882
0.00277541
0.00277201
0.0027686
0.00276521
0.00276181
0.00275842
0.00275503
0.00275165
0.00274827
0.0027449
0.00274153
0.00273817
0.0027348
0.00273145
0.00272809
0.00272474
0.0027214
0.00271806
0.00271472
0.00271139
0.00270806
0.00270473
0.00270141
0.00269809
0.00269478
0.00269147
0.00268817
0.00268487
0.00268157
0.00267828
0.00267499
0.0026717
0.00266842
0.00266515
0.00266187
0.0026586
0.00265534
0.00265208
0.00264882
0.00264557
0.00264232
0.00263907
0.00263583
0.00263259
0.00262936
0.00262613
0.00262291
0.00261968
0.00261647
0.00261325
0.00261004
0.00260684
0.00260363
0.00260044
0.00259724
0.00259405
0.00259086
0.00258768
0.0025845
0.00258133
0.00257816
0.00257499
0.00257183
0.00256867
0.00256551
0.00256236
0.00255921
0.00255607
0.00255293
0.00254979
0.00254666
0.00254353
0.0025404
0.00253728
0.00253416
0.00253105
0.00252794
0.00252483
0.00252173
0.00251863
0.00251554
0.00251244
0.00250936
0.00250627
0.00250319
0.00250012
0.00249704
0.00249398
0.00249091
0.00248785
0.00248479
0.00248174
0.00247869
0.00247564
0.0024726
0.00246956
0.00246652
0.00246349
0.00246046
0.00245744
0.00245442
0.0024514
0.00244839
0.00244538
0.00244237
0.00243937
0.00243637
0.00243338
0.00243039
0.0024274
0.00242441
0.00242143
0.00241846
0.00241548
0.00241251
0.00240955
0.00240658
0.00240363
0.00240067
0.00239772
0.00239477
0.00239183
0.00238889
0.00238595
0.00238301
0.00238008
0.00237716
0.00237423
0.00237131
0.0023684
0.00236549
0.00236258
0.00235967
0.00235677
0.00235387
0.00235098
0.00234809
0.0023452
0.00234231
0.00233943
0.00233656
0.00233368
0.00233081
0.00232795
0.00232508
0.00232222
0.00231937
0.00231651
0.00231366
0.00231082
0.00230798
0.00230514
0.0023023
0.00229947
0.00229664
0.00229382
0.00229099
0.00228818
0.00228536
0.00228255
0.00227974
0.00227694
0.00227414
0.00227134
0.00226854
0.00226575
0.00226297
0.00226018
0.0022574
0.00225462
0.00225185
0.00224908
0.00224631
0.00224355
0.00224079
0.00223803
0.00223528
0.00223253
0.00222978
0.00222703
0.00222429
0.00222156
0.00221882
0.00221609
0.00221337
0.00221064
0.00220792
0.0022052
0.00220249
0.00219978
0.00219707
0.00219437
0.00219167
0.00218897
0.00218628
0.00218359
0.0021809
0.00217821
0.00217553
0.00217285
0.00217018
0.00216751
0.00216484
0.00216218
0.00215951
0.00215686
0.0021542
0.00215155
0.0021489
0.00214626
0.00214361
0.00214098
0.00213834
0.00213571
0.00213308
0.00213045
0.00212783
0.00212521
0.00212259
0.00211998
0.00211737
0.00211476
0.00211216
0.00210956
0.00210696
0.00210437
0.00210178
0.00209919
0.0020966
0.00209402
0.00209144
0.00208887
0.0020863
0.00208373
0.00208116
0.0020786
0.00207604
0.00207348
0.00207093
0.00206838
0.00206583
0.00206329
0.00206075
0.00205821
0.00205567
0.00205314
0.00205061
0.00204809
0.00204556
0.00204304
0.00204053
0.00203801
0.0020355
0.002033
0.00203049
0.00202799
0.00202549
0.002023
0.00202051
0.00201802
0.00201553
0.00201305
0.00201057
0.00200809
0.00200562
0.00200315
0.00200068
0.00199822
0.00199575
0.0019933
0.00199084
0.00198839
0.00198594
0.00198349
0.00198105
0.00197861
0.00197617
0.00197373
0.0019713
0.00196887
0.00196645
0.00196402
0.0019616
0.00195919
0.00195677
0.00195436
0.00195195
0.00194955
0.00194715
0.00194475
0.00194235
0.00193996
0.00193757
0.00193518
0.00193279
0.00193041
0.00192803
0.00192566
0.00192328
0.00192091
0.00191854
0.00191618
0.00191382
0.00191146
0.0019091
0.00190675
0.0019044
0.00190205
0.00189971
0.00189737
0.00189503
0.00189269
0.00189036
0.00188803
0.0018857
0.00188338
0.00188106
0.00187874
0.00187642
0.00187411
0.0018718
0.00186949
0.00186719
0.00186488
0.00186258
0.00186029
0.00185799
0.0018557
0.00185342
0.00185113
0.00184885
0.00184657
0.00184429
0.00184202
0.00183975
0.00183748
0.00183521
0.00183295
0.00183069
0.00182843
0.00182618
0.00182393
0.00182168
0.00181943
0.00181719
0.00181495
0.00181271
0.00181047
0.00180824
0.00180601
0.00180378
0.00180156
0.00179934
0.00179712
0.0017949
0.00179269
0.00179048
0.00178827
0.00178606
0.00178386
0.00178166
0.00177946
0.00177727
0.00177507
0.00177289
0.0017707
0.00176851
0.00176633
0.00176415
0.00176198
0.0017598
0.00175763
0.00175547
0.0017533
0.00175114
0.00174898
0.00174682
0.00174466
0.00174251
0.00174036
0.00173822
0.00173607
0.00173393
0.00173179
0.00172965
0.00172752
0.00172539
0.00172326
0.00172113
0.00171901
0.00171689
0.00171477
0.00171265
0.00171054
0.00170843
0.00170632
0.00170422
0.00170211
0.00170001
0.00169792
0.00169582
0.00169373
0.00169164
0.00168955
0.00168746
0.00168538
0.0016833
0.00168123
0.00167915
0.00167708
0.00167501
0.00167294
0.00167088
0.00166881
0.00166675
0.0016647
0.00166264
0.00166059
0.00165854
0.00165649
0.00165445
0.00165241
0.00165037
0.00164833
0.0016463
0.00164426
0.00164223
0.00164021
0.00163818
0.00163616
0.00163414
0.00163212
0.00163011
0.0016281
0.00162609
0.00162408
0.00162207
0.00162007
0.00161807
0.00161607
0.00161408
0.00161208
0.00161009
0.00160811
0.00160612
0.00160414
0.00160216
0.00160018
0.0015982
0.00159623
0.00159426
0.00159229
0.00159032
0.00158836
0.0015864
0.00158444
0.00158248
0.00158053
0.00157858
0.00157663
0.00157468
0.00157274
0.0015708
0.00156886
0.00156692
0.00156498
0.00156305
0.00156112
0.00155919
0.00155727
0.00155534
0.00155342
0.0015515
0.00154959
0.00154767
0.00154576
0.00154385
0.00154195
0.00154004
0.00153814
0.00153624
0.00153434
0.00153245
0.00153055
0.00152866
0.00152677
0.00152489
0.001523
0.00152112
0.00151924
0.00151737
0.00151549
0.00151362
0.00151175
0.00150988
0.00150802
0.00150615
0.00150429
0.00150244
0.00150058
0.00149873
0.00149687
0.00149502
0.00149318
0.00149133
0.00148949
0.00148765
0.00148581
0.00148398
0.00148214
0.00148031
0.00147848
0.00147665
0.00147483
0.00147301
0.00147119
0.00146937
0.00146755
0.00146574
0.00146393
0.00146212
0.00146031
0.00145851
0.00145671
0.0014549
0.00145311
0.00145131
0.00144952
0.00144773
0.00144594
0.00144415
0.00144236
0.00144058
0.0014388
0.00143702
0.00143525
0.00143347
0.0014317
0.00142993
0.00142816
0.0014264
0.00142464
0.00142287
0.00142112
0.00141936
0.0014176
0.00141585
0.0014141
0.00141235
0.00141061
0.00140886
0.00140712
0.00140538
0.00140365
0.00140191
0.00140018
0.00139845
0.00139672
0.00139499
0.00139327
0.00139154
0.00138982
0.0013881
0.00138639
0.00138467
0.00138296
0.00138125
0.00137954
0.00137784
0.00137613
0.00137443
0.00137273
0.00137104
0.00136934
0.00136765
0.00136596
0.00136427
0.00136258
0.0013609
0.00135921
0.00135753
0.00135585
0.00135418
0.0013525
0.00135083
0.00134916
0.00134749
0.00134582
0.00134416
0.0013425
0.00134084
0.00133918
0.00133752
0.00133587
0.00133421
0.00133256
0.00133092
0.00132927
0.00132763
0.00132598
0.00132434
0.00132271
0.00132107
0.00131944
0.0013178
0.00131617
0.00131455
0.00131292
0.00131129
0.00130967
0.00130805
0.00130643
0.00130482
0.0013032
0.00130159
0.00129998
0.00129837
0.00129677
0.00129516
0.00129356
0.00129196
0.00129036
0.00128877
0.00128717
0.00128558
0.00128399
0.0012824
0.00128081
0.00127923
0.00127764
0.00127606
0.00127448
0.00127291
0.00127133
0.00126976
0.00126819
0.00126662
0.00126505
0.00126349
0.00126192
0.00126036
0.0012588
0.00125724
0.00125569
0.00125413
0.00125258
0.00125103
0.00124948
0.00124794
0.00124639
0.00124485
0.00124331
0.00124177
0.00124023
0.0012387
0.00123717
0.00123563
0.0012341
0.00123258
0.00123105
0.00122953
0.00122801
0.00122649
0.00122497
0.00122345
0.00122194
0.00122042
0.00121891
0.00121741
0.0012159
0.00121439
0.00121289
0.00121139
0.00120989
0.00120839
0.0012069
0.0012054
0.00120391
0.00120242
0.00120093
0.00119944
0.00119796
0.00119647
0.00119499
0.00119351
0.00119204
0.00119056
0.00118909
0.00118761
0.00118614
0.00118467
0.00118321
0.00118174
0.00118028
0.00117882
0.00117736
0.0011759
0.00117444
0.00117299
0.00117154
0.00117009
0.00116864
0.00116719
0.00116575
0.0011643
0.00116286
0.00116142
0.00115998
0.00115855
0.00115711
0.00115568
0.00115425
0.00115282
0.00115139
0.00114996
0.00114854
0.00114712
0.0011457
0.00114428
0.00114286
0.00114144
0.00114003
0.00113862
0.00113721
0.0011358
0.00113439
0.00113299
0.00113158
0.00113018
0.00112878
0.00112738
0.00112599
0.00112459
0.0011232
0.00112181
0.00112042
0.00111903
0.00111764
0.00111626
0.00111488
0.0011135
0.00111212
0.00111074
0.00110936
0.00110799
0.00110662
0.00110524
0.00110387
0.00110251
0.00110114
0.00109978
0.00109841
0.00109705
0.00109569
0.00109434
0.00109298
0.00109163
0.00109027
0.00108892
0.00108757
0.00108623
0.00108488
0.00108354
0.00108219
0.00108085
0.00107951
0.00107817
0.00107684
0.0010755
0.00107417
0.00107284
0.00107151
0.00107018
0.00106886
0.00106753
0.00106621
0.00106489
0.00106357
0.00106225
0.00106093
0.00105962
0.0010583
0.00105699
0.00105568
0.00105437
0.00105307
0.00105176
0.00105046
0.00104916
0.00104786
0.00104656
0.00104526
0.00104396
0.00104267
0.00104138
0.00104009
0.0010388
0.00103751
0.00103622
0.00103494
0.00103366
0.00103238
0.0010311
0.00102982
0.00102854
0.00102727
0.00102599
0.00102472
0.00102345
0.00102218
0.00102091
0.00101965
0.00101838
0.00101712
0.00101586
0.0010146
0.00101334
0.00101209
0.00101083
0.00100958
0.00100833
0.00100708
0.00100583
0.00100458
0.00100333
0.00100209
0.00100085
0.000999607
0.000998367
0.000997129
0.000995893
0.000994658
0.000993424
0.000992192
0.000990962
0.000989733
0.000988506
0.00098728
0.000986055
0.000984833
0.000983611
0.000982391
0.000981173
0.000979956
0.000978741
0.000977527
0.000976314
0.000975104
0.000973894
0.000972686
0.00097148
0.000970275
0.000969071
0.000967869
0.000966669
0.00096547
0.000964272
0.000963076
0.000961882
0.000960689
0.000959497
0.000958307
0.000957118
0.000955931
0.000954745
0.00095356
0.000952378
0.000951196
0.000950016
0.000948838
0.00094766
0.000946485
0.000945311
0.000944138
0.000942967
0.000941797
0.000940628
0.000939461
0.000938296
0.000937132
0.000935969
0.000934808
0.000933648
0.000932489
0.000931332
0.000930177
0.000929023
0.00092787
0.000926719
0.000925569
0.00092442
0.000923273
0.000922128
0.000920983
0.000919841
0.000918699
0.000917559
0.000916421
0.000915283
0.000914148
0.000913013
0.00091188
0.000910748
0.000909618
0.000908489
0.000907362
0.000906236
0.000905111
0.000903988
0.000902866
0.000901745
0.000900626
0.000899509
0.000898392
0.000897277
0.000896163
0.000895051
0.00089394
0.000892831
0.000891723
0.000890616
0.00088951
0.000888406
0.000887303
0.000886202
0.000885102
0.000884003
0.000882906
0.00088181
0.000880716
0.000879622
0.00087853
0.00087744
0.000876351
0.000875263
0.000874176
0.000873091
0.000872007
0.000870925
0.000869843
0.000868763
0.000867685
0.000866608
0.000865532
0.000864457
0.000863384
0.000862312
0.000861241
0.000860172
0.000859104
0.000858038
0.000856972
0.000855908
0.000854845
0.000853784
0.000852724
0.000851665
0.000850608
0.000849551
0.000848497
0.000847443
0.000846391
0.00084534
0.00084429
0.000843242
0.000842194
0.000841149
0.000840104
0.000839061
0.000838019
0.000836978
0.000835939
0.000834901
0.000833864
0.000832828
0.000831794
0.000830761
0.000829729
0.000828699
0.000827669
0.000826642
0.000825615
0.000824589
0.000823565
0.000822542
0.000821521
0.0008205
0.000819481
0.000818463
0.000817447
0.000816432
0.000815417
0.000814405
0.000813393
0.000812383
0.000811374
0.000810366
0.000809359
0.000808354
0.00080735
0.000806347
0.000805345
0.000804345
0.000803345
0.000802347
0.000801351
0.000800355
0.000799361
0.000798368
0.000797376
0.000796385
0.000795396
0.000794408
0.000793421
0.000792435
0.000791451
0.000790467
0.000789485
0.000788504
0.000787525
0.000786546
0.000785569
0.000784593
0.000783618
0.000782644
0.000781672
0.000780701
0.00077973
0.000778762
0.000777794
0.000776827
0.000775862
0.000774898
0.000773935
0.000772973
0.000772013
0.000771054
0.000770095
0.000769138
0.000768183
0.000767228
0.000766274
0.000765322
0.000764371
0.000763421
0.000762472
0.000761525
0.000760578
0.000759633
0.000758689
0.000757746
0.000756804
0.000755864
0.000754924
0.000753986
0.000753049
0.000752113
0.000751178
0.000750244
0.000749312
0.000748381
0.00074745
0.000746521
0.000745593
0.000744667
0.000743741
0.000742816
0.000741893
0.000740971
0.00074005
0.00073913
0.000738211
0.000737293
0.000736377
0.000735461
0.000734547
0.000733634
0.000732722
0.000731811
0.000730901
0.000729993
0.000729085
0.000728179
0.000727273
0.000726369
0.000725466
0.000724564
0.000723663
0.000722763
0.000721865
0.000720967
0.000720071
0.000719176
0.000718281
0.000717388
0.000716496
0.000715605
0.000714716
0.000713827
0.000712939
0.000712053
0.000711167
0.000710283
0.0007094
0.000708518
0.000707637
0.000706757
0.000705878
0.000705
0.000704123
0.000703248
0.000702373
0.0007015
0.000700627
0.000699756
0.000698886
0.000698017
0.000697149
0.000696282
0.000695416
0.000694551
0.000693687
0.000692824
0.000691962
0.000691102
0.000690242
0.000689384
0.000688526
0.00068767
0.000686815
0.00068596
0.000685107
0.000684255
0.000683404
0.000682554
0.000681705
0.000680857
0.00068001
0.000679164
0.000678319
0.000677475
0.000676633
0.000675791
0.00067495
0.000674111
0.000673272
0.000672435
0.000671598
0.000670763
0.000669928
0.000669095
0.000668262
0.000667431
0.000666601
0.000665771
0.000664943
0.000664116
0.000663289
0.000662464
0.00066164
0.000660817
0.000659995
0.000659173
0.000658353
0.000657534
0.000656716
0.000655899
0.000655083
0.000654268
0.000653454
0.000652641
0.000651828
0.000651017
0.000650207
0.000649398
0.00064859
0.000647783
0.000646977
0.000646172
0.000645368
0.000644565
0.000643763
0.000642961
0.000642161
0.000641362
0.000640564
0.000639767
0.000638971
0.000638175
0.000637381
0.000636588
0.000635796
0.000635004
0.000634214
0.000633425
0.000632636
0.000631849
0.000631063
0.000630277
0.000629493
0.000628709
0.000627927
0.000627145
0.000626365
0.000625585
0.000624806
0.000624029
0.000623252
0.000622476
0.000621701
0.000620927
0.000620154
0.000619382
0.000618611
0.000617841
0.000617072
0.000616304
0.000615537
0.000614771
0.000614005
0.000613241
0.000612477
0.000611715
0.000610953
0.000610193
0.000609433
0.000608675
0.000607917
0.00060716
0.000606404
0.000605649
0.000604895
0.000604142
0.00060339
0.000602638
0.000601888
0.000601139
0.00060039
0.000599643
0.000598896
0.00059815
0.000597406
0.000596662
0.000595919
0.000595177
0.000594436
0.000593695
0.000592956
0.000592218
0.00059148
0.000590744
0.000590008
0.000589274
0.00058854
0.000587807
0.000587075
0.000586344
0.000585614
0.000584884
0.000584156
0.000583428
0.000582702
0.000581976
0.000581251
0.000580527
0.000579804
0.000579082
0.000578361
0.000577641
0.000576921
0.000576203
0.000575485
0.000574768
0.000574053
0.000573338
0.000572623
0.00057191
0.000571198
0.000570486
0.000569776
0.000569066
0.000568357
0.000567649
0.000566942
0.000566236
0.000565531
0.000564826
0.000564123
0.00056342
0.000562718
0.000562017
0.000561317
0.000560618
0.000559919
0.000559222
0.000558525
0.000557829
0.000557134
0.00055644
0.000555747
0.000555055
0.000554363
0.000553673
0.000552983
0.000552294
0.000551606
0.000550919
0.000550232
0.000549547
0.000548862
0.000548178
0.000547495
0.000546813
0.000546132
0.000545451
0.000544772
0.000544093
0.000543415
0.000542738
0.000542061
0.000541386
0.000540711
0.000540038
0.000539365
0.000538693
0.000538021
0.000537351
0.000536681
0.000536013
0.000535345
0.000534677
0.000534011
0.000533346
0.000532681
0.000532017
0.000531354
0.000530692
0.000530031
0.00052937
0.00052871
0.000528051
0.000527393
0.000526736
0.000526079
0.000525424
0.000524769
0.000524115
0.000523462
0.000522809
0.000522158
0.000521507
0.000520857
0.000520208
0.000519559
0.000518912
0.000518265
0.000517619
0.000516974
0.000516329
0.000515686
0.000515043
0.000514401
0.00051376
0.000513119
0.00051248
0.000511841
0.000511203
0.000510565
0.000509929
0.000509293
0.000508658
0.000508024
0.000507391
0.000506758
0.000506127
0.000505496
0.000504865
0.000504236
0.000503607
0.000502979
0.000502352
0.000501726
0.000501101
0.000500476
0.000499852
0.000499229
0.000498606
0.000497984
0.000497364
0.000496743
0.000496124
0.000495505
0.000494888
0.000494271
0.000493654
0.000493039
0.000492424
0.00049181
0.000491197
0.000490584
0.000489972
0.000489361
0.000488751
0.000488142
0.000487533
0.000486925
0.000486318
0.000485711
0.000485106
0.000484501
0.000483897
0.000483293
0.00048269
0.000482088
0.000481487
0.000480887
0.000480287
0.000479688
0.00047909
0.000478492
0.000477895
0.000477299
0.000476704
0.00047611
0.000475516
0.000474923
0.00047433
0.000473739
0.000473148
0.000472558
0.000471968
0.00047138
0.000470792
0.000470204
0.000469618
0.000469032
0.000468447
0.000467863
0.000467279
0.000466696
0.000466114
0.000465533
0.000464952
0.000464372
0.000463793
0.000463214
0.000462636
0.000462059
0.000461483
0.000460907
0.000460332
0.000459758
0.000459184
0.000458611
0.000458039
0.000457468
0.000456897
0.000456327
0.000455758
0.000455189
0.000454621
0.000454054
0.000453487
0.000452921
0.000452356
0.000451792
0.000451228
0.000450665
0.000450103
0.000449541
0.00044898
0.00044842
0.000447861
0.000447302
0.000446744
0.000446186
0.00044563
0.000445073
0.000444518
0.000443963
0.000443409
0.000442856
0.000442303
0.000441751
0.0004412
0.00044065
0.0004401
0.000439551
0.000439002
0.000438454
0.000437907
0.00043736
0.000436815
0.000436269
0.000435725
0.000435181
0.000434638
0.000434096
0.000433554
0.000433013
0.000432472
0.000431933
0.000431393
0.000430855
0.000430317
0.00042978
0.000429244
0.000428708
0.000428173
0.000427638
0.000427105
0.000426572
0.000426039
0.000425507
0.000424976
0.000424446
0.000423916
0.000423387
0.000422858
0.00042233
0.000421803
0.000421277
0.000420751
0.000420226
0.000419701
0.000419177
0.000418654
0.000418131
0.000417609
0.000417088
0.000416567
0.000416047
0.000415528
0.000415009
0.000414491
0.000413973
0.000413456
0.00041294
0.000412425
0.00041191
0.000411395
0.000410882
0.000410369
0.000409856
0.000409345
0.000408834
0.000408323
0.000407813
0.000407304
0.000406796
0.000406288
0.00040578
0.000405274
0.000404768
0.000404262
0.000403757
0.000403253
0.00040275
0.000402247
0.000401744
0.000401243
0.000400742
0.000400241
0.000399741
0.000399242
0.000398744
0.000398246
0.000397748
0.000397252
0.000396756
0.00039626
0.000395765
0.000395271
0.000394777
0.000394284
0.000393792
0.0003933
0.000392809
0.000392318
0.000391828
0.000391339
0.00039085
0.000390362
0.000389874
0.000389387
0.000388901
0.000388415
0.00038793
0.000387446
0.000386962
0.000386478
0.000385996
0.000385514
0.000385032
0.000384551
0.000384071
0.000383591
0.000383112
0.000382633
0.000382155
0.000381678
0.000381201
0.000380725
0.000380249
0.000379774
0.0003793
0.000378826
0.000378353
0.00037788
0.000377408
0.000376937
0.000376466
0.000375995
0.000375526
0.000375056
0.000374588
0.00037412
0.000373652
0.000373186
0.000372719
0.000372254
0.000371789
0.000371324
0.00037086
0.000370397
0.000369934
0.000369472
0.00036901
0.000368549
0.000368089
0.000367629
0.000367169
0.00036671
0.000366252
0.000365795
0.000365338
0.000364881
0.000364425
0.00036397
0.000363515
0.000363061
0.000362607
0.000362154
0.000361701
0.000361249
0.000360798
0.000360347
0.000359897
0.000359447
0.000358998
0.000358549
0.000358101
0.000357653
0.000357206
0.00035676
0.000356314
0.000355869
0.000355424
0.00035498
0.000354536
0.000354093
0.000353651
0.000353209
0.000352767
0.000352326
0.000351886
0.000351446
0.000351007
0.000350568
0.00035013
0.000349692
0.000349255
0.000348819
0.000348383
0.000347947
0.000347512
0.000347078
0.000346644
0.000346211
0.000345778
0.000345346
0.000344914
0.000344483
0.000344052
0.000343622
0.000343192
0.000342763
0.000342335
0.000341907
0.00034148
0.000341053
0.000340626
0.0003402
0.000339775
0.00033935
0.000338926
0.000338502
0.000338079
0.000337657
0.000337234
0.000336813
0.000336392
0.000335971
0.000335551
0.000335132
0.000334713
0.000334294
0.000333876
0.000333459
0.000333042
0.000332625
0.000332209
0.000331794
0.000331379
0.000330965
0.000330551
0.000330138
0.000329725
0.000329312
0.000328901
0.000328489
0.000328079
0.000327668
0.000327259
0.000326849
0.000326441
0.000326032
0.000325625
0.000325218
0.000324811
0.000324405
0.000323999
0.000323594
0.000323189
0.000322785
0.000322381
0.000321978
0.000321575
0.000321173
0.000320772
0.00032037
0.00031997
0.000319569
0.00031917
0.000318771
0.000318372
0.000317974
0.000317576
0.000317179
0.000316782
0.000316386
0.00031599
0.000315595
0.0003152
0.000314806
0.000314412
0.000314019
0.000313626
0.000313234
0.000312842
0.000312451
0.00031206
0.000311669
0.00031128
0.00031089
0.000310501
0.000310113
0.000309725
0.000309337
0.000308951
0.000308564
0.000308178
0.000307792
0.000307407
0.000307023
0.000306639
0.000306255
0.000305872
0.000305489
0.000305107
0.000304725
0.000304344
0.000303963
0.000303583
0.000303203
0.000302824
0.000302445
0.000302067
0.000301689
0.000301311
0.000300934
0.000300558
0.000300182
0.000299806
0.000299431
0.000299056
0.000298682
0.000298308
0.000297935
0.000297562
0.00029719
0.000296818
0.000296447
0.000296076
0.000295705
0.000295335
0.000294966
0.000294597
0.000294228
0.00029386
0.000293492
0.000293125
0.000292758
0.000292392
0.000292026
0.00029166
0.000291295
0.000290931
0.000290567
0.000290203
0.00028984
0.000289477
0.000289115
0.000288753
0.000288391
0.000288031
0.00028767
0.00028731
0.00028695
0.000286591
0.000286233
0.000285874
0.000285516
0.000285159
0.000284802
0.000284446
0.00028409
0.000283734
0.000283379
0.000283024
0.00028267
0.000282316
0.000281963
0.00028161
0.000281257
0.000280905
0.000280554
0.000280202
0.000279852
0.000279501
0.000279152
0.000278802
0.000278453
0.000278104
0.000277756
0.000277409
0.000277061
0.000276715
0.000276368
0.000276022
0.000275677
0.000275331
0.000274987
0.000274642
0.000274299
0.000273955
0.000273612
0.00027327
0.000272928
0.000272586
0.000272245
0.000271904
0.000271563
0.000271223
0.000270884
0.000270545
0.000270206
0.000269867
0.00026953
0.000269192
0.000268855
0.000268518
0.000268182
0.000267846
0.000267511
0.000267176
0.000266841
0.000266507
0.000266174
0.00026584
0.000265507
0.000265175
0.000264843
0.000264511
0.00026418
0.000263849
0.000263519
0.000263189
0.000262859
0.00026253
0.000262201
0.000261873
0.000261545
0.000261217
0.00026089
0.000260563
0.000260237
0.000259911
0.000259586
0.000259261
0.000258936
0.000258612
0.000258288
0.000257964
0.000257641
0.000257318
0.000256996
0.000256674
0.000256353
0.000256032
0.000255711
0.000255391
0.000255071
0.000254751
0.000254432
0.000254114
0.000253795
0.000253477
0.00025316
0.000252843
0.000252526
0.00025221
0.000251894
0.000251578
0.000251263
0.000250948
0.000250634
0.00025032
0.000250006
0.000249693
0.00024938
0.000249068
0.000248756
0.000248444
0.000248133
0.000247822
0.000247512
0.000247202
0.000246892
0.000246583
0.000246274
0.000245965
0.000245657
0.000245349
0.000245042
0.000244735
0.000244428
0.000244122
0.000243816
0.000243511
0.000243206
0.000242901
0.000242597
0.000242293
0.000241989
0.000241686
0.000241383
0.000241081
0.000240778
0.000240477
0.000240175
0.000239875
0.000239574
0.000239274
0.000238974
0.000238674
0.000238375
0.000238077
0.000237778
0.00023748
0.000237183
0.000236886
0.000236589
0.000236292
0.000235996
0.0002357
0.000235405
0.00023511
0.000234815
0.000234521
0.000234227
0.000233934
0.00023364
0.000233348
0.000233055
0.000232763
0.000232471
0.00023218
0.000231889
0.000231598
0.000231308
0.000231018
0.000230729
0.000230439
0.000230151
0.000229862
0.000229574
0.000229286
0.000228999
0.000228712
0.000228425
0.000228139
0.000227853
0.000227567
0.000227282
0.000226997
0.000226713
0.000226429
0.000226145
0.000225861
0.000225578
0.000225295
0.000225013
0.000224731
0.000224449
0.000224168
0.000223887
0.000223606
0.000223326
0.000223046
0.000222766
0.000222487
0.000222208
0.000221929
0.000221651
0.000221373
0.000221096
0.000220819
0.000220542
0.000220265
0.000219989
0.000219713
0.000219438
0.000219163
0.000218888
0.000218614
0.000218339
0.000218066
0.000217792
0.000217519
0.000217246
0.000216974
0.000216702
0.00021643
0.000216159
0.000215888
0.000215617
0.000215347
0.000215077
0.000214807
0.000214538
0.000214269
0.000214
0.000213732
0.000213464
0.000213196
0.000212929
0.000212662
0.000212395
0.000212129
0.000211863
0.000211597
0.000211332
0.000211067
0.000210802
0.000210538
0.000210274
0.00021001
0.000209746
0.000209483
0.000209221
0.000208958
0.000208696
0.000208434
0.000208173
0.000207912
0.000207651
0.000207391
0.000207131
0.000206871
0.000206611
0.000206352
0.000206093
0.000205835
0.000205577
0.000205319
0.000205061
0.000204804
0.000204547
0.000204291
0.000204035
0.000203779
0.000203523
0.000203268
0.000203013
0.000202758
0.000202504
0.00020225
0.000201996
0.000201743
0.00020149
0.000201237
0.000200984
0.000200732
0.00020048
0.000200229
0.000199978
0.000199727
0.000199476
0.000199226
0.000198976
0.000198727
0.000198477
0.000198228
0.00019798
0.000197731
0.000197483
0.000197235
0.000196988
0.000196741
0.000196494
0.000196247
0.000196001
0.000195755
0.00019551
0.000195264
0.000195019
0.000194775
0.00019453
0.000194286
0.000194043
0.000193799
0.000193556
0.000193313
0.00019307
0.000192828
0.000192586
0.000192345
0.000192103
0.000191862
0.000191621
0.000191381
0.000191141
0.000190901
0.000190661
0.000190422
0.000190183
0.000189945
0.000189706
0.000189468
0.00018923
0.000188993
0.000188756
0.000188519
0.000188282
0.000188046
0.00018781
0.000187574
0.000187339
0.000187104
0.000186869
0.000186634
0.0001864
0.000186166
0.000185933
0.000185699
0.000185466
0.000185233
0.000185001
