Vec Object: Vec_0x3_0 1 MPI process
  type: seq
1.
0.999751
0.999502
0.999254
0.999005
0.998756
0.998507
0.998258
0.998009
0.997761
0.997512
0.997263
0.997014
0.996765
0.996516
0.996267
0.996018
0.995769
0.995521
0.995272
0.995023
0.994774
0.994525
0.994276
0.994027
0.993778
0.993529
0.99328
0.993031
0.992782
0.992533
0.992284
0.992035
0.991786
0.991537
0.991288
0.991039
0.99079
0.990541
0.990292
0.990042
0.989793
0.989544
0.989295
0.989046
0.988797
0.988548
0.988299
0.98805
0.9878
0.987551
0.987302
0.987053
0.986804
0.986555
0.986305
0.986056
0.985807
0.985558
0.985309
0.985059
0.98481
0.984561
0.984312
0.984062
0.983813
0.983564
0.983314
0.983065
0.982816
0.982567
0.982317
0.982068
0.981819
0.981569
0.98132
0.981071
0.980821
0.980572
0.980323
0.980073
0.979824
0.979574
0.979325
0.979076
0.978826
0.978577
0.978327
0.978078
0.977828
0.977579
0.97733
0.97708
0.976831
0.976581
0.976332
0.976082
0.975833
0.975583
0.975334
0.975084
0.974835
0.974585
0.974335
0.974086
0.973836
0.973587
0.973337
0.973088
0.972838
0.972588
0.972339
0.972089
0.97184
0.97159
0.97134
0.971091
0.970841
0.970591
0.970342
0.970092
0.969842
0.969593
0.969343
0.969093
0.968844
0.968594
0.968344
0.968094
0.967845
0.967595
0.967345
0.967095
0.966846
0.966596
0.966346
0.966096
0.965846
0.965597
0.965347
0.965097
0.964847
0.964597
0.964347
0.964098
0.963848
0.963598
0.963348
0.963098
0.962848
0.962598
0.962348
0.962099
0.961849
0.961599
0.961349
0.961099
0.960849
0.960599
0.960349
0.960099
0.959849
0.959599
0.959349
0.959099
0.958849
0.958599
0.958349
0.958099
0.957849
0.957599
0.957349
0.957099
0.956849
0.956599
0.956349
0.956098
0.955848
0.955598
0.955348
0.955098
0.954848
0.954598
0.954348
0.954097
0.953847
0.953597
0.953347
0.953097
0.952847
0.952596
0.952346
0.952096
0.951846
0.951596
0.951345
0.951095
0.950845
0.950595
0.950344
0.950094
0.949844
0.949593
0.949343
0.949093
0.948843
0.948592
0.948342
0.948092
0.947841
0.947591
0.947341
0.94709
0.94684
0.946589
0.946339
0.946089
0.945838
0.945588
0.945337
0.945087
0.944837
0.944586
0.944336
0.944085
0.943835
0.943584
0.943334
0.943083
0.942833
0.942582
0.942332
0.942081
0.941831
0.94158
0.94133
0.941079
0.940829
0.940578
0.940328
0.940077
0.939826
0.939576
0.939325
0.939075
0.938824
0.938573
0.938323
0.938072
0.937822
0.937571
0.93732
0.93707
0.936819
0.936568
0.936318
0.936067
0.935816
0.935566
0.935315
0.935064
0.934813
0.934563
0.934312
0.934061
0.93381
0.93356
0.933309
0.933058
0.932807
0.932557
0.932306
0.932055
0.931804
0.931553
0.931302
0.931052
0.930801
0.93055
0.930299
0.930048
0.929797
0.929546
0.929296
0.929045
0.928794
0.928543
0.928292
0.928041
0.92779
0.927539
0.927288
0.927037
0.926786
0.926535
0.926284
0.926033
0.925782
0.925531
0.92528
0.925029
0.924778
0.924527
0.924276
0.924025
0.923774
0.923523
0.923272
0.923021
0.92277
0.922519
0.922268
0.922017
0.921765
0.921514
0.921263
0.921012
0.920761
0.92051
0.920259
0.920007
0.919756
0.919505
0.919254
0.919003
0.918752
0.9185
0.918249
0.917998
0.917747
0.917495
0.917244
0.916993
0.916742
0.91649
0.916239
0.915988
0.915737
0.915485
0.915234
0.914983
0.914731
0.91448
0.914229
0.913977
0.913726
0.913475
0.913223
0.912972
0.912721
0.912469
0.912218
0.911966
0.911715
0.911464
0.911212
0.910961
0.910709
0.910458
0.910207
0.909955
0.909704
0.909452
0.909201
0.908949
0.908698
0.908446
0.908195
0.907943
0.907692
0.90744
0.907189
0.906937
0.906686
0.906434
0.906182
0.905931
0.905679
0.905428
0.905176
0.904924
0.904673
0.904421
0.90417
0.903918
0.903666
0.903415
0.903163
0.902911
0.90266
0.902408
0.902156
0.901905
0.901653
0.901401
0.90115
0.900898
0.900646
0.900395
0.900143
0.899891
0.899639
0.899388
0.899136
0.898884
0.898632
0.89838
0.898129
0.897877
0.897625
0.897373
0.897121
0.89687
0.896618
0.896366
0.896114
0.895862
0.89561
0.895359
0.895107
0.894855
0.894603
0.894351
0.894099
0.893847
0.893595
0.893343
0.893091
0.892839
0.892588
0.892336
0.892084
0.891832
0.89158
0.891328
0.891076
0.890824
0.890572
0.89032
0.890068
0.889816
0.889564
0.889312
0.88906
0.888808
0.888555
0.888303
0.888051
0.887799
0.887547
0.887295
0.887043
0.886791
0.886539
0.886287
0.886035
0.885782
0.88553
0.885278
0.885026
0.884774
0.884522
0.884269
0.884017
0.883765
0.883513
0.883261
0.883008
0.882756
0.882504
0.882252
0.882
0.881747
0.881495
0.881243
0.880991
0.880738
0.880486
0.880234
0.879981
0.879729
0.879477
0.879225
0.878972
0.87872
0.878468
0.878215
0.877963
0.877711
0.877458
0.877206
0.876953
0.876701
0.876449
0.876196
0.875944
0.875692
0.875439
0.875187
0.874934
0.874682
0.874429
0.874177
0.873925
0.873672
0.87342
0.873167
0.872915
0.872662
0.87241
0.872157
0.871905
0.871652
0.8714
0.871147
0.870895
0.870642
0.87039
0.870137
0.869884
0.869632
0.869379
0.869127
0.868874
0.868622
0.868369
0.868116
0.867864
0.867611
0.867358
0.867106
0.866853
0.866601
0.866348
0.866095
0.865843
0.86559
0.865337
0.865085
0.864832
0.864579
0.864327
0.864074
0.863821
0.863568
0.863316
0.863063
0.86281
0.862557
0.862305
0.862052
0.861799
0.861546
0.861294
0.861041
0.860788
0.860535
0.860282
0.86003
0.859777
0.859524
0.859271
0.859018
0.858766
0.858513
0.85826
0.858007
0.857754
0.857501
0.857248
0.856995
0.856743
0.85649
0.856237
0.855984
0.855731
0.855478
0.855225
0.854972
0.854719
0.854466
0.854213
0.85396
0.853707
0.853454
0.853201
0.852949
0.852696
0.852443
0.85219
0.851937
0.851684
0.85143
0.851177
0.850924
0.850671
0.850418
0.850165
0.849912
0.849659
0.849406
0.849153
0.8489
0.848647
0.848394
0.848141
0.847888
0.847634
0.847381
0.847128
0.846875
0.846622
0.846369
0.846116
0.845863
0.845609
0.845356
0.845103
0.84485
0.844597
0.844344
0.84409
0.843837
0.843584
0.843331
0.843078
0.842824
0.842571
0.842318
0.842065
0.841811
0.841558
0.841305
0.841052
0.840798
0.840545
0.840292
0.840039
0.839785
0.839532
0.839279
0.839025
0.838772
0.838519
0.838265
0.838012
0.837759
0.837505
0.837252
0.836999
0.836745
0.836492
0.836239
0.835985
0.835732
0.835478
0.835225
0.834972
0.834718
0.834465
0.834211
0.833958
0.833705
0.833451
0.833198
0.832944
0.832691
0.832437
0.832184
0.83193
0.831677
0.831424
0.83117
0.830917
0.830663
0.83041
0.830156
0.829903
0.829649
0.829396
0.829142
0.828889
0.828635
0.828381
0.828128
0.827874
0.827621
0.827367
0.827114
0.82686
0.826607
0.826353
0.826099
0.825846
0.825592
0.825339
0.825085
0.824831
0.824578
0.824324
0.824071
0.823817
0.823563
0.82331
0.823056
0.822802
0.822549
0.822295
0.822041
0.821788
0.821534
0.82128
0.821027
0.820773
0.820519
0.820266
0.820012
0.819758
0.819504
0.819251
0.818997
0.818743
0.818489
0.818236
0.817982
0.817728
0.817474
0.817221
0.816967
0.816713
0.816459
0.816206
0.815952
0.815698
0.815444
0.81519
0.814937
0.814683
0.814429
0.814175
0.813921
0.813668
0.813414
0.81316
0.812906
0.812652
0.812398
0.812144
0.811891
0.811637
0.811383
0.811129
0.810875
0.810621
0.810367
0.810113
0.80986
0.809606
0.809352
0.809098
0.808844
0.80859
0.808336
0.808082
0.807828
0.807574
0.80732
0.807066
0.806812
0.806559
0.806305
0.806051
0.805797
0.805543
0.805289
0.805035
0.804781
0.804527
0.804273
0.804019
0.803765
0.803511
0.803257
0.803003
0.802749
0.802495
0.802241
0.801987
0.801733
0.801479
0.801225
0.80097
0.800716
0.800462
0.800208
0.799954
0.7997
0.799446
0.799192
0.798938
0.798684
0.79843
0.798176
0.797922
0.797667
0.797413
0.797159
0.796905
0.796651
0.796397
0.796143
0.795889
0.795635
0.79538
0.795126
0.794872
0.794618
0.794364
0.79411
0.793856
0.793601
0.793347
0.793093
0.792839
0.792585
0.79233
0.792076
0.791822
0.791568
0.791314
0.79106
0.790805
0.790551
0.790297
0.790043
0.789789
0.789534
0.78928
0.789026
0.788772
0.788517
0.788263
0.788009
0.787755
0.7875
0.787246
0.786992
0.786738
0.786483
0.786229
0.785975
0.785721
0.785466
0.785212
0.784958
0.784703
0.784449
0.784195
0.783941
0.783686
0.783432
0.783178
0.782923
0.782669
0.782415
0.78216
0.781906
0.781652
0.781398
0.781143
0.780889
0.780635
0.78038
0.780126
0.779872
0.779617
0.779363
0.779108
0.778854
0.7786
0.778345
0.778091
0.777837
0.777582
0.777328
0.777074
0.776819
0.776565
0.77631
0.776056
0.775802
0.775547
0.775293
0.775038
0.774784
0.77453
0.774275
0.774021
0.773766
0.773512
0.773258
0.773003
0.772749
0.772494
0.77224
0.771986
0.771731
0.771477
0.771222
0.770968
0.770713
0.770459
0.770204
0.76995
0.769696
0.769441
0.769187
0.768932
0.768678
0.768423
0.768169
0.767914
0.76766
0.767405
0.767151
0.766896
0.766642
0.766388
0.766133
0.765879
0.765624
0.76537
0.765115
0.764861
0.764606
0.764352
0.764097
0.763843
0.763588
0.763334
0.763079
0.762825
0.76257
0.762316
0.762061
0.761807
0.761552
0.761298
0.761043
0.760789
0.760534
0.760279
0.760025
0.75977
0.759516
0.759261
0.759007
0.758752
0.758498
0.758243
0.757989
0.757734
0.75748
0.757225
0.75697
0.756716
0.756461
0.756207
0.755952
0.755698
0.755443
0.755189
0.754934
0.75468
0.754425
0.75417
0.753916
0.753661
0.753407
0.753152
0.752898
0.752643
0.752388
0.752134
0.751879
0.751625
0.75137
0.751116
0.750861
0.750606
0.750352
0.750097
0.749843
0.749588
0.749334
0.749079
0.748824
0.74857
0.748315
0.748061
0.747806
0.747551
0.747297
0.747042
0.746788
0.746533
0.746278
0.746024
0.745769
0.745515
0.74526
0.745005
0.744751
0.744496
0.744242
0.743987
0.743732
0.743478
0.743223
0.742969
0.742714
0.742459
0.742205
0.74195
0.741696
0.741441
0.741186
0.740932
0.740677
0.740423
0.740168
0.739913
0.739659
0.739404
0.73915
0.738895
0.73864
0.738386
0.738131
0.737877
0.737622
0.737367
0.737113
0.736858
0.736604
0.736349
0.736094
0.73584
0.735585
0.735331
0.735076
0.734821
0.734567
0.734312
0.734058
0.733803
0.733548
0.733294
0.733039
0.732784
0.73253
0.732275
0.732021
0.731766
0.731511
0.731257
0.731002
0.730748
0.730493
0.730238
0.729984
0.729729
0.729475
0.72922
0.728965
0.728711
0.728456
0.728202
0.727947
0.727692
0.727438
0.727183
0.726929
0.726674
0.72642
0.726165
0.72591
0.725656
0.725401
0.725147
0.724892
0.724637
0.724383
0.724128
0.723874
0.723619
0.723364
0.72311
0.722855
0.722601
0.722346
0.722092
0.721837
0.721582
0.721328
0.721073
0.720819
0.720564
0.72031
0.720055
0.7198
0.719546
0.719291
0.719037
0.718782
0.718528
0.718273
0.718019
0.717764
0.717509
0.717255
0.717
0.716746
0.716491
0.716237
0.715982
0.715728
0.715473
0.715219
0.714964
0.71471
0.714455
0.714201
0.713946
0.713691
0.713437
0.713182
0.712928
0.712673
0.712419
0.712164
0.71191
0.711655
0.711401
0.711146
0.710892
0.710637
0.710383
0.710128
0.709874
0.709619
0.709365
0.70911
0.708856
0.708601
0.708347
0.708092
0.707838
0.707584
0.707329
0.707075
0.70682
0.706566
0.706311
0.706057
0.705802
0.705548
0.705293
0.705039
0.704785
0.70453
0.704276
0.704021
0.703767
0.703512
0.703258
0.703004
0.702749
0.702495
0.70224
0.701986
0.701731
0.701477
0.701223
0.700968
0.700714
0.700459
0.700205
0.699951
0.699696
0.699442
0.699188
0.698933
0.698679
0.698424
0.69817
0.697916
0.697661
0.697407
0.697153
0.696898
0.696644
0.69639
0.696135
0.695881
0.695627
0.695372
0.695118
0.694864
0.694609
0.694355
0.694101
0.693847
0.693592
0.693338
0.693084
0.692829
0.692575
0.692321
0.692067
0.691812
0.691558
0.691304
0.691049
0.690795
0.690541
0.690287
0.690032
0.689778
0.689524
0.68927
0.689016
0.688761
0.688507
0.688253
0.687999
0.687744
0.68749
0.687236
0.686982
0.686728
0.686474
0.686219
0.685965
0.685711
0.685457
0.685203
0.684949
0.684694
0.68444
0.684186
0.683932
0.683678
0.683424
0.68317
0.682916
0.682661
0.682407
0.682153
0.681899
0.681645
0.681391
0.681137
0.680883
0.680629
0.680375
0.680121
0.679867
0.679613
0.679358
0.679104
0.67885
0.678596
0.678342
0.678088
0.677834
0.67758
0.677326
0.677072
0.676818
0.676564
0.67631
0.676056
0.675802
0.675549
0.675295
0.675041
0.674787
0.674533
0.674279
0.674025
0.673771
0.673517
0.673263
0.673009
0.672755
0.672501
0.672248
0.671994
0.67174
0.671486
0.671232
0.670978
0.670724
0.670471
0.670217
0.669963
0.669709
0.669455
0.669201
0.668948
0.668694
0.66844
0.668186
0.667933
0.667679
0.667425
0.667171
0.666918
0.666664
0.66641
0.666156
0.665903
0.665649
0.665395
0.665141
0.664888
0.664634
0.66438
0.664127
0.663873
0.663619
0.663366
0.663112
0.662858
0.662605
0.662351
0.662098
0.661844
0.66159
0.661337
0.661083
0.66083
0.660576
0.660322
0.660069
0.659815
0.659562
0.659308
0.659055
0.658801
0.658548
0.658294
0.658041
0.657787
0.657534
0.65728
0.657027
0.656773
0.65652
0.656266
0.656013
0.65576
0.655506
0.655253
0.654999
0.654746
0.654493
0.654239
0.653986
0.653733
0.653479
0.653226
0.652972
0.652719
0.652466
0.652213
0.651959
0.651706
0.651453
0.651199
0.650946
0.650693
0.65044
0.650186
0.649933
0.64968
0.649427
0.649173
0.64892
0.648667
0.648414
0.648161
0.647908
0.647654
0.647401
0.647148
0.646895
0.646642
0.646389
0.646136
0.645883
0.645629
0.645376
0.645123
0.64487
0.644617
0.644364
0.644111
0.643858
0.643605
0.643352
0.643099
0.642846
0.642593
0.64234
0.642087
0.641834
0.641581
0.641329
0.641076
0.640823
0.64057
0.640317
0.640064
0.639811
0.639558
0.639305
0.639053
0.6388
0.638547
0.638294
0.638041
0.637789
0.637536
0.637283
0.63703
0.636778
0.636525
0.636272
0.636019
0.635767
0.635514
0.635261
0.635009
0.634756
0.634503
0.634251
0.633998
0.633746
0.633493
0.63324
0.632988
0.632735
0.632483
0.63223
0.631978
0.631725
0.631473
0.63122
0.630968
0.630715
0.630463
0.63021
0.629958
0.629705
0.629453
0.6292
0.628948
0.628696
0.628443
0.628191
0.627938
0.627686
0.627434
0.627181
0.626929
0.626677
0.626425
0.626172
0.62592
0.625668
0.625416
0.625163
0.624911
0.624659
0.624407
0.624154
0.623902
0.62365
0.623398
0.623146
0.622894
0.622642
0.62239
0.622137
0.621885
0.621633
0.621381
0.621129
0.620877
0.620625
0.620373
0.620121
0.619869
0.619617
0.619365
0.619113
0.618861
0.61861
0.618358
0.618106
0.617854
0.617602
0.61735
0.617098
0.616847
0.616595
0.616343
0.616091
0.615839
0.615588
0.615336
0.615084
0.614832
0.614581
0.614329
0.614077
0.613826
0.613574
0.613322
0.613071
0.612819
0.612568
0.612316
0.612064
0.611813
0.611561
0.61131
0.611058
0.610807
0.610555
0.610304
0.610052
0.609801
0.60955
0.609298
0.609047
0.608795
0.608544
0.608293
0.608041
0.60779
0.607539
0.607287
0.607036
0.606785
0.606534
0.606282
0.606031
0.60578
0.605529
0.605277
0.605026
0.604775
0.604524
0.604273
0.604022
0.603771
0.60352
0.603268
0.603017
0.602766
0.602515
0.602264
0.602013
0.601762
0.601511
0.60126
0.60101
0.600759
0.600508
0.600257
0.600006
0.599755
0.599504
0.599253
0.599003
0.598752
0.598501
0.59825
0.598
0.597749
0.597498
0.597247
0.596997
0.596746
0.596495
0.596245
0.595994
0.595744
0.595493
0.595242
0.594992
0.594741
0.594491
0.59424
0.59399
0.593739
0.593489
0.593238
0.592988
0.592738
0.592487
0.592237
0.591986
0.591736
0.591486
0.591236
0.590985
0.590735
0.590485
0.590234
0.589984
0.589734
0.589484
0.589234
0.588983
0.588733
0.588483
0.588233
0.587983
0.587733
0.587483
0.587233
0.586983
0.586733
0.586483
0.586233
0.585983
0.585733
0.585483
0.585233
0.584983
0.584733
0.584484
0.584234
0.583984
0.583734
0.583484
0.583235
0.582985
0.582735
0.582486
0.582236
0.581986
0.581737
0.581487
0.581237
0.580988
0.580738
0.580489
0.580239
0.579989
0.57974
0.579491
0.579241
0.578992
0.578742
0.578493
0.578243
0.577994
0.577745
0.577495
0.577246
0.576997
0.576747
0.576498
0.576249
0.576
0.575751
0.575501
0.575252
0.575003
0.574754
0.574505
0.574256
0.574007
0.573758
0.573509
0.57326
0.573011
0.572762
0.572513
0.572264
0.572015
0.571766
0.571517
0.571268
0.571019
0.570771
0.570522
0.570273
0.570024
0.569776
0.569527
0.569278
0.569029
0.568781
0.568532
0.568284
0.568035
0.567786
0.567538
0.567289
0.567041
0.566792
0.566544
0.566295
0.566047
0.565799
0.56555
0.565302
0.565054
0.564805
0.564557
0.564309
0.56406
0.563812
0.563564
0.563316
0.563068
0.562819
0.562571
0.562323
0.562075
0.561827
0.561579
0.561331
0.561083
0.560835
0.560587
0.560339
0.560091
0.559843
0.559595
0.559347
0.5591
0.558852
0.558604
0.558356
0.558109
0.557861
0.557613
0.557365
0.557118
0.55687
0.556622
0.556375
0.556127
0.55588
0.555632
0.555385
0.555137
0.55489
0.554642
0.554395
0.554148
0.5539
0.553653
0.553406
0.553158
0.552911
0.552664
0.552417
0.552169
0.551922
0.551675
0.551428
0.551181
0.550934
0.550687
0.55044
0.550192
0.549945
0.549699
0.549452
0.549205
0.548958
0.548711
0.548464
0.548217
0.54797
0.547724
0.547477
0.54723
0.546983
0.546737
0.54649
0.546243
0.545997
0.54575
0.545504
0.545257
0.54501
0.544764
0.544517
0.544271
0.544025
0.543778
0.543532
0.543285
0.543039
0.542793
0.542547
0.5423
0.542054
0.541808
0.541562
0.541316
0.541069
0.540823
0.540577
0.540331
0.540085
0.539839
0.539593
0.539347
0.539101
0.538855
0.538609
0.538364
0.538118
0.537872
0.537626
0.53738
0.537135
0.536889
0.536643
0.536398
0.536152
0.535906
0.535661
0.535415
0.53517
0.534924
0.534679
0.534433
0.534188
0.533942
0.533697
0.533452
0.533206
0.532961
0.532716
0.532471
0.532225
0.53198
0.531735
0.53149
0.531245
0.531
0.530755
0.53051
0.530265
0.53002
0.529775
0.52953
0.529285
0.52904
0.528795
0.52855
0.528306
0.528061
0.527816
0.527571
0.527327
0.527082
0.526837
0.526593
0.526348
0.526104
0.525859
0.525615
0.52537
0.525126
0.524881
0.524637
0.524393
0.524148
0.523904
0.52366
0.523416
0.523171
0.522927
0.522683
0.522439
0.522195
0.521951
0.521707
0.521463
0.521219
0.520975
0.520731
0.520487
0.520243
0.519999
0.519755
0.519512
0.519268
0.519024
0.51878
0.518537
0.518293
0.51805
0.517806
0.517562
0.517319
0.517075
0.516832
0.516588
0.516345
0.516102
0.515858
0.515615
0.515372
0.515128
0.514885
0.514642
0.514399
0.514156
0.513913
0.513669
0.513426
0.513183
0.51294
0.512697
0.512454
0.512212
0.511969
0.511726
0.511483
0.51124
0.510997
0.510755
0.510512
0.510269
0.510027
0.509784
0.509542
0.509299
0.509056
0.508814
0.508572
0.508329
0.508087
0.507844
0.507602
0.50736
0.507117
0.506875
0.506633
0.506391
0.506149
0.505907
0.505664
0.505422
0.50518
0.504938
0.504696
0.504455
0.504213
0.503971
0.503729
0.503487
0.503245
0.503004
0.502762
0.50252
0.502279
0.502037
0.501795
0.501554
0.501312
0.501071
0.500829
0.500588
0.500347
0.500105
0.499864
0.499623
0.499381
0.49914
0.498899
0.498658
0.498417
0.498175
0.497934
0.497693
0.497452
0.497211
0.49697
0.49673
0.496489
0.496248
0.496007
0.495766
0.495526
0.495285
0.495044
0.494804
0.494563
0.494322
0.494082
0.493841
0.493601
0.49336
0.49312
0.49288
0.492639
0.492399
0.492159
0.491918
0.491678
0.491438
0.491198
0.490958
0.490718
0.490478
0.490238
0.489998
0.489758
0.489518
0.489278
0.489038
0.488798
0.488559
0.488319
0.488079
0.48784
0.4876
0.48736
0.487121
0.486881
0.486642
0.486402
0.486163
0.485923
0.485684
0.485445
0.485206
0.484966
0.484727
0.484488
0.484249
0.48401
0.483771
0.483532
0.483293
0.483054
0.482815
0.482576
0.482337
0.482098
0.481859
0.481621
0.481382
0.481143
0.480904
0.480666
0.480427
0.480189
0.47995
0.479712
0.479473
0.479235
0.478997
0.478758
0.47852
0.478282
0.478044
0.477805
0.477567
0.477329
0.477091
0.476853
0.476615
0.476377
0.476139
0.475901
0.475663
0.475426
0.475188
0.47495
0.474712
0.474475
0.474237
0.474
0.473762
0.473524
0.473287
0.47305
0.472812
0.472575
0.472337
0.4721
0.471863
0.471626
0.471388
0.471151
0.470914
0.470677
0.47044
0.470203
0.469966
0.469729
0.469492
0.469256
0.469019
0.468782
0.468545
0.468309
0.468072
0.467835
0.467599
0.467362
0.467126
0.466889
0.466653
0.466416
0.46618
0.465944
0.465708
0.465471
0.465235
0.464999
0.464763
0.464527
0.464291
0.464055
0.463819
0.463583
0.463347
0.463111
0.462875
0.46264
0.462404
0.462168
0.461933
0.461697
0.461461
0.461226
0.46099
0.460755
0.46052
0.460284
0.460049
0.459814
0.459578
0.459343
0.459108
0.458873
0.458638
0.458403
0.458168
0.457933
0.457698
0.457463
0.457228
0.456993
0.456758
0.456524
0.456289
0.456054
0.45582
0.455585
0.455351
0.455116
0.454882
0.454647
0.454413
0.454179
0.453944
0.45371
0.453476
0.453242
0.453008
0.452774
0.45254
0.452306
0.452072
0.451838
0.451604
0.45137
0.451136
0.450903
0.450669
0.450435
0.450202
0.449968
0.449734
0.449501
0.449268
0.449034
0.448801
0.448567
0.448334
0.448101
0.447868
0.447635
0.447401
0.447168
0.446935
0.446702
0.446469
0.446236
0.446004
0.445771
0.445538
0.445305
0.445073
0.44484
0.444607
0.444375
0.444142
0.44391
0.443677
0.443445
0.443213
0.44298
0.442748
0.442516
0.442284
0.442052
0.441819
0.441587
0.441355
0.441123
0.440892
0.44066
0.440428
0.440196
0.439964
0.439733
0.439501
0.439269
0.439038
0.438806
0.438575
0.438343
0.438112
0.437881
0.437649
0.437418
0.437187
0.436956
0.436725
0.436493
0.436262
0.436031
0.4358
0.43557
0.435339
0.435108
0.434877
0.434646
0.434416
0.434185
0.433954
0.433724
0.433493
0.433263
0.433033
0.432802
0.432572
0.432342
0.432111
0.431881
0.431651
0.431421
0.431191
0.430961
0.430731
0.430501
0.430271
0.430041
0.429812
0.429582
0.429352
0.429122
0.428893
0.428663
0.428434
0.428204
0.427975
0.427746
0.427516
0.427287
0.427058
0.426829
0.426599
0.42637
0.426141
0.425912
0.425683
0.425454
0.425226
0.424997
0.424768
0.424539
0.424311
0.424082
0.423853
0.423625
0.423396
0.423168
0.42294
0.422711
0.422483
0.422255
0.422027
0.421798
0.42157
0.421342
0.421114
0.420886
0.420658
0.42043
0.420203
0.419975
0.419747
0.419519
0.419292
0.419064
0.418837
0.418609
0.418382
0.418154
0.417927
0.4177
0.417472
0.417245
0.417018
0.416791
0.416564
0.416337
0.41611
0.415883
0.415656
0.415429
0.415203
0.414976
0.414749
0.414523
0.414296
0.41407
0.413843
0.413617
0.41339
0.413164
0.412938
0.412711
0.412485
0.412259
0.412033
0.411807
0.411581
0.411355
0.411129
0.410903
0.410678
0.410452
0.410226
0.410001
0.409775
0.409549
0.409324
0.409098
0.408873
0.408648
0.408422
0.408197
0.407972
0.407747
0.407522
0.407297
0.407072
0.406847
0.406622
0.406397
0.406172
0.405948
0.405723
0.405498
0.405274
0.405049
0.404825
0.4046
0.404376
0.404151
0.403927
0.403703
0.403479
0.403255
0.403031
0.402806
0.402583
0.402359
0.402135
0.401911
0.401687
0.401463
0.40124
0.401016
0.400793
0.400569
0.400346
0.400122
0.399899
0.399675
0.399452
0.399229
0.399006
0.398783
0.39856
0.398337
0.398114
0.397891
0.397668
0.397445
0.397222
0.397
0.396777
0.396554
0.396332
0.396109
0.395887
0.395665
0.395442
0.39522
0.394998
0.394776
0.394554
0.394331
0.394109
0.393887
0.393666
0.393444
0.393222
0.393
0.392778
0.392557
0.392335
0.392114
0.391892
0.391671
0.391449
0.391228
0.391007
0.390786
0.390564
0.390343
0.390122
0.389901
0.38968
0.389459
0.389239
0.389018
0.388797
0.388576
0.388356
0.388135
0.387915
0.387694
0.387474
0.387253
0.387033
0.386813
0.386593
0.386372
0.386152
0.385932
0.385712
0.385492
0.385273
0.385053
0.384833
0.384613
0.384394
0.384174
0.383954
0.383735
0.383516
0.383296
0.383077
0.382858
0.382638
0.382419
0.3822
0.381981
0.381762
0.381543
0.381324
0.381105
0.380887
0.380668
0.380449
0.380231
0.380012
0.379794
0.379575
0.379357
0.379138
0.37892
0.378702
0.378484
0.378266
0.378047
0.377829
0.377612
0.377394
0.377176
0.376958
0.37674
0.376523
0.376305
0.376087
0.37587
0.375653
0.375435
0.375218
0.375001
0.374783
0.374566
0.374349
0.374132
0.373915
0.373698
0.373481
0.373264
0.373048
0.372831
0.372614
0.372398
0.372181
0.371965
0.371748
0.371532
0.371316
0.371099
0.370883
0.370667
0.370451
0.370235
0.370019
0.369803
0.369587
0.369371
0.369156
0.36894
0.368724
0.368509
0.368293
0.368078
0.367862
0.367647
0.367432
0.367217
0.367001
0.366786
0.366571
0.366356
0.366141
0.365926
0.365712
0.365497
0.365282
0.365068
0.364853
0.364638
0.364424
0.36421
0.363995
0.363781
0.363567
0.363353
0.363138
0.362924
0.36271
0.362496
0.362283
0.362069
0.361855
0.361641
0.361428
0.361214
0.361
0.360787
0.360574
0.36036
0.360147
0.359934
0.359721
0.359507
0.359294
0.359081
0.358868
0.358656
0.358443
0.35823
0.358017
0.357805
0.357592
0.35738
0.357167
0.356955
0.356742
0.35653
0.356318
0.356106
0.355894
0.355682
0.35547
0.355258
0.355046
0.354834
0.354622
0.354411
0.354199
0.353987
0.353776
0.353564
0.353353
0.353142
0.35293
0.352719
0.352508
0.352297
0.352086
0.351875
0.351664
0.351453
0.351243
0.351032
0.350821
0.350611
0.3504
0.35019
0.349979
0.349769
0.349559
0.349348
0.349138
0.348928
0.348718
0.348508
0.348298
0.348088
0.347878
0.347669
0.347459
0.347249
0.34704
0.34683
0.346621
0.346412
0.346202
0.345993
0.345784
0.345575
0.345366
0.345157
0.344948
0.344739
0.34453
0.344321
0.344113
0.343904
0.343695
0.343487
0.343278
0.34307
0.342862
0.342653
0.342445
0.342237
0.342029
0.341821
0.341613
0.341405
0.341197
0.34099
0.340782
0.340574
0.340367
0.340159
0.339952
0.339745
0.339537
0.33933
0.339123
0.338916
0.338709
0.338502
0.338295
0.338088
0.337881
0.337674
0.337468
0.337261
0.337054
0.336848
0.336641
0.336435
0.336229
0.336022
0.335816
0.33561
0.335404
0.335198
0.334992
0.334786
0.334581
0.334375
0.334169
0.333964
0.333758
0.333553
0.333347
0.333142
0.332936
0.332731
0.332526
0.332321
0.332116
0.331911
0.331706
0.331501
0.331297
0.331092
0.330887
0.330683
0.330478
0.330274
0.330069
0.329865
0.329661
0.329456
0.329252
0.329048
0.328844
0.32864
0.328436
0.328233
0.328029
0.327825
0.327622
0.327418
0.327215
0.327011
0.326808
0.326605
0.326401
0.326198
0.325995
0.325792
0.325589
0.325386
0.325183
0.324981
0.324778
0.324575
0.324373
0.32417
0.323968
0.323765
0.323563
0.323361
0.323159
0.322957
0.322755
0.322553
0.322351
0.322149
0.321947
0.321745
0.321544
0.321342
0.321141
0.320939
0.320738
0.320536
0.320335
0.320134
0.319933
0.319732
0.319531
0.31933
0.319129
0.318928
0.318728
0.318527
0.318326
0.318126
0.317925
0.317725
0.317525
0.317324
0.317124
0.316924
0.316724
0.316524
0.316324
0.316124
0.315924
0.315725
0.315525
0.315325
0.315126
0.314927
0.314727
0.314528
0.314329
0.314129
0.31393
0.313731
0.313532
0.313333
0.313134
0.312936
0.312737
0.312538
0.31234
0.312141
0.311943
0.311744
0.311546
0.311348
0.31115
0.310952
0.310754
0.310556
0.310358
0.31016
0.309962
0.309764
0.309567
0.309369
0.309172
0.308974
0.308777
0.30858
0.308382
0.308185
0.307988
0.307791
0.307594
0.307397
0.3072
0.307004
0.306807
0.30661
0.306414
0.306217
0.306021
0.305825
0.305628
0.305432
0.305236
0.30504
0.304844
0.304648
0.304452
0.304256
0.304061
0.303865
0.303669
0.303474
0.303279
0.303083
0.302888
0.302693
0.302497
0.302302
0.302107
0.301912
0.301717
0.301523
0.301328
0.301133
0.300939
0.300744
0.30055
0.300355
0.300161
0.299967
0.299772
0.299578
0.299384
0.29919
0.298996
0.298802
0.298609
0.298415
0.298221
0.298028
0.297834
0.297641
0.297447
0.297254
0.297061
0.296868
0.296675
0.296482
0.296289
0.296096
0.295903
0.29571
0.295518
0.295325
0.295132
0.29494
0.294748
0.294555
0.294363
0.294171
0.293979
0.293787
0.293595
0.293403
0.293211
0.293019
0.292828
0.292636
0.292444
0.292253
0.292062
0.29187
0.291679
0.291488
0.291297
0.291106
0.290915
0.290724
0.290533
0.290342
0.290151
0.289961
0.28977
0.28958
0.289389
0.289199
0.289009
0.288819
0.288628
0.288438
0.288248
0.288059
0.287869
0.287679
0.287489
0.2873
0.28711
0.286921
0.286731
0.286542
0.286353
0.286163
0.285974
0.285785
0.285596
0.285407
0.285218
0.28503
0.284841
0.284652
0.284464
0.284275
0.284087
0.283899
0.28371
0.283522
0.283334
0.283146
0.282958
0.28277
0.282582
0.282394
0.282207
0.282019
0.281831
0.281644
0.281457
0.281269
0.281082
0.280895
0.280708
0.280521
0.280334
0.280147
0.27996
0.279773
0.279586
0.2794
0.279213
0.279027
0.27884
0.278654
0.278468
0.278282
0.278096
0.27791
0.277724
0.277538
0.277352
0.277166
0.27698
0.276795
0.276609
0.276424
0.276239
0.276053
0.275868
0.275683
0.275498
0.275313
0.275128
0.274943
0.274758
0.274573
0.274389
0.274204
0.27402
0.273835
0.273651
0.273467
0.273282
0.273098
0.272914
0.27273
0.272546
0.272362
0.272179
0.271995
0.271811
0.271628
0.271444
0.271261
0.271077
0.270894
0.270711
0.270528
0.270345
0.270162
0.269979
0.269796
0.269613
0.269431
0.269248
0.269066
0.268883
0.268701
0.268518
0.268336
0.268154
0.267972
0.26779
0.267608
0.267426
0.267244
0.267063
0.266881
0.266699
0.266518
0.266337
0.266155
0.265974
0.265793
0.265612
0.265431
0.26525
0.265069
0.264888
0.264707
0.264526
0.264346
0.264165
0.263985
0.263804
0.263624
0.263444
0.263264
0.263084
0.262904
0.262724
0.262544
0.262364
0.262184
0.262005
0.261825
0.261646
0.261466
0.261287
0.261108
0.260928
0.260749
0.26057
0.260391
0.260212
0.260033
0.259855
0.259676
0.259497
0.259319
0.25914
0.258962
0.258784
0.258606
0.258427
0.258249
0.258071
0.257893
0.257716
0.257538
0.25736
0.257182
0.257005
0.256827
0.25665
0.256473
0.256295
0.256118
0.255941
0.255764
0.255587
0.25541
0.255234
0.255057
0.25488
0.254704
0.254527
0.254351
0.254174
0.253998
0.253822
0.253646
0.25347
0.253294
0.253118
0.252942
0.252766
0.252591
0.252415
0.252239
0.252064
0.251889
0.251713
0.251538
0.251363
0.251188
0.251013
0.250838
0.250663
0.250488
0.250314
0.250139
0.249965
0.24979
0.249616
0.249441
0.249267
0.249093
0.248919
0.248745
0.248571
0.248397
0.248223
0.24805
0.247876
0.247703
0.247529
0.247356
0.247182
0.247009
0.246836
0.246663
0.24649
0.246317
0.246144
0.245971
0.245798
0.245626
0.245453
0.245281
0.245108
0.244936
0.244764
0.244592
0.244419
0.244247
0.244075
0.243904
0.243732
0.24356
0.243388
0.243217
0.243045
0.242874
0.242703
0.242531
0.24236
0.242189
0.242018
0.241847
0.241676
0.241505
0.241335
0.241164
0.240993
0.240823
0.240652
0.240482
0.240312
0.240142
0.239971
0.239801
0.239631
0.239462
0.239292
0.239122
0.238952
0.238783
0.238613
0.238444
0.238274
0.238105
0.237936
0.237767
0.237598
0.237429
0.23726
0.237091
0.236922
0.236754
0.236585
0.236417
0.236248
0.23608
0.235912
0.235743
0.235575
0.235407
0.235239
0.235071
0.234904
0.234736
0.234568
0.234401
0.234233
0.234066
0.233898
0.233731
0.233564
0.233397
0.23323
0.233063
0.232896
0.232729
0.232562
0.232395
0.232229
0.232062
0.231896
0.23173
0.231563
0.231397
0.231231
0.231065
0.230899
0.230733
0.230567
0.230402
0.230236
0.23007
0.229905
0.229739
0.229574
0.229409
0.229244
0.229078
0.228913
0.228748
0.228584
0.228419
0.228254
0.228089
0.227925
0.22776
0.227596
0.227432
0.227267
0.227103
0.226939
0.226775
0.226611
0.226447
0.226283
0.22612
0.225956
0.225792
0.225629
0.225466
0.225302
0.225139
0.224976
0.224813
0.22465
0.224487
0.224324
0.224161
0.223998
0.223836
0.223673
0.223511
0.223348
0.223186
0.223024
0.222861
0.222699
0.222537
0.222375
0.222214
0.222052
0.22189
0.221728
0.221567
0.221405
0.221244
0.221083
0.220922
0.22076
0.220599
0.220438
0.220277
0.220117
0.219956
0.219795
0.219634
0.219474
0.219313
0.219153
0.218993
0.218833
0.218672
0.218512
0.218352
0.218192
0.218033
0.217873
0.217713
0.217554
0.217394
0.217235
0.217075
0.216916
0.216757
0.216598
0.216439
0.21628
0.216121
0.215962
0.215803
0.215644
0.215486
0.215327
0.215169
0.215011
0.214852
0.214694
0.214536
0.214378
0.21422
0.214062
0.213904
0.213747
0.213589
0.213431
0.213274
0.213117
0.212959
0.212802
0.212645
0.212488
0.212331
0.212174
0.212017
0.21186
0.211703
0.211547
0.21139
0.211234
0.211077
0.210921
0.210765
0.210609
0.210452
0.210296
0.210141
0.209985
0.209829
0.209673
0.209518
0.209362
0.209207
0.209051
0.208896
0.208741
0.208586
0.208431
0.208276
0.208121
0.207966
0.207811
0.207656
0.207502
0.207347
0.207193
0.207038
0.206884
0.20673
0.206576
0.206422
0.206268
0.206114
0.20596
0.205806
0.205653
0.205499
0.205346
0.205192
0.205039
0.204886
0.204733
0.204579
0.204426
0.204273
0.204121
0.203968
0.203815
0.203662
0.20351
0.203357
0.203205
0.203053
0.2029
0.202748
0.202596
0.202444
0.202292
0.20214
0.201989
0.201837
0.201685
0.201534
0.201382
0.201231
0.20108
0.200928
0.200777
0.200626
0.200475
0.200324
0.200173
0.200023
0.199872
0.199721
0.199571
0.199421
0.19927
0.19912
0.19897
0.19882
0.19867
0.19852
0.19837
0.19822
0.19807
0.19792
0.197771
0.197621
0.197472
0.197323
0.197173
0.197024
0.196875
0.196726
0.196577
0.196428
0.196279
0.196131
0.195982
0.195834
0.195685
0.195537
0.195388
0.19524
0.195092
0.194944
0.194796
0.194648
0.1945
0.194352
0.194205
0.194057
0.19391
0.193762
0.193615
0.193467
0.19332
0.193173
0.193026
0.192879
0.192732
0.192585
0.192439
0.192292
0.192145
0.191999
0.191852
0.191706
0.19156
0.191413
0.191267
0.191121
0.190975
0.190829
0.190684
0.190538
0.190392
0.190247
0.190101
0.189956
0.18981
0.189665
0.18952
0.189375
0.18923
0.189085
0.18894
0.188795
0.188651
0.188506
0.188361
0.188217
0.188073
0.187928
0.187784
0.18764
0.187496
0.187352
0.187208
0.187064
0.18692
0.186777
0.186633
0.186489
0.186346
0.186203
0.186059
0.185916
0.185773
0.18563
0.185487
0.185344
0.185201
0.185058
0.184916
0.184773
0.184631
0.184488
0.184346
0.184204
0.184061
0.183919
0.183777
0.183635
0.183493
0.183352
0.18321
0.183068
0.182927
0.182785
0.182644
0.182502
0.182361
0.18222
0.182079
0.181938
0.181797
0.181656
0.181515
0.181375
0.181234
0.181093
0.180953
0.180812
0.180672
0.180532
0.180392
0.180252
0.180112
0.179972
0.179832
0.179692
0.179552
0.179413
0.179273
0.179134
0.178994
0.178855
0.178716
0.178577
0.178438
0.178299
0.17816
0.178021
0.177882
0.177744
0.177605
0.177466
0.177328
0.17719
0.177051
0.176913
0.176775
0.176637
0.176499
0.176361
0.176223
0.176085
0.175948
0.17581
0.175673
0.175535
0.175398
0.175261
0.175123
0.174986
0.174849
0.174712
0.174575
0.174439
0.174302
0.174165
0.174029
0.173892
0.173756
0.173619
0.173483
0.173347
0.173211
0.173075
0.172939
0.172803
0.172667
0.172532
0.172396
0.17226
0.172125
0.17199
0.171854
0.171719
0.171584
0.171449
0.171314
0.171179
0.171044
0.170909
0.170774
0.17064
0.170505
0.170371
0.170236
0.170102
0.169968
0.169834
0.1697
0.169566
0.169432
0.169298
0.169164
0.16903
0.168897
0.168763
0.16863
0.168496
0.168363
0.16823
0.168097
0.167964
0.167831
0.167698
0.167565
0.167432
0.167299
0.167167
0.167034
0.166902
0.166769
0.166637
0.166505
0.166373
0.166241
0.166109
0.165977
0.165845
0.165713
0.165582
0.16545
0.165319
0.165187
0.165056
0.164924
0.164793
0.164662
0.164531
0.1644
0.164269
0.164138
0.164008
0.163877
0.163746
0.163616
0.163485
0.163355
0.163225
0.163094
0.162964
0.162834
0.162704
0.162574
0.162445
0.162315
0.162185
0.162056
0.161926
0.161797
0.161667
0.161538
0.161409
0.16128
0.161151
0.161022
0.160893
0.160764
0.160635
0.160507
0.160378
0.160249
0.160121
0.159993
0.159864
0.159736
0.159608
0.15948
0.159352
0.159224
0.159096
0.158969
0.158841
0.158713
0.158586
0.158458
0.158331
0.158204
0.158077
0.157949
0.157822
0.157695
0.157569
0.157442
0.157315
0.157188
0.157062
0.156935
0.156809
0.156682
0.156556
0.15643
0.156304
0.156178
0.156052
0.155926
0.1558
0.155674
0.155549
0.155423
0.155297
0.155172
0.155047
0.154921
0.154796
0.154671
0.154546
0.154421
0.154296
0.154171
0.154046
0.153922
0.153797
0.153673
0.153548
0.153424
0.1533
0.153175
0.153051
0.152927
0.152803
0.152679
0.152555
0.152432
0.152308
0.152184
0.152061
0.151937
0.151814
0.151691
0.151567
0.151444
0.151321
0.151198
0.151075
0.150952
0.15083
0.150707
0.150584
0.150462
0.150339
0.150217
0.150095
0.149972
0.14985
0.149728
0.149606
0.149484
0.149362
0.14924
0.149119
0.148997
0.148876
0.148754
0.148633
0.148511
0.14839
0.148269
0.148148
0.148027
0.147906
0.147785
0.147664
0.147543
0.147423
0.147302
0.147182
0.147061
0.146941
0.146821
0.1467
0.14658
0.14646
0.14634
0.14622
0.146101
0.145981
0.145861
0.145742
0.145622
0.145503
0.145383
0.145264
0.145145
0.145025
0.144906
0.144787
0.144669
0.14455
0.144431
0.144312
0.144194
0.144075
0.143957
0.143838
0.14372
0.143602
0.143483
0.143365
0.143247
0.143129
0.143012
0.142894
0.142776
0.142658
0.142541
0.142423
0.142306
0.142189
0.142071
0.141954
0.141837
0.14172
0.141603
0.141486
0.141369
0.141252
0.141136
0.141019
0.140903
0.140786
0.14067
0.140554
0.140437
0.140321
0.140205
0.140089
0.139973
0.139857
0.139742
0.139626
0.13951
0.139395
0.139279
0.139164
0.139048
0.138933
0.138818
0.138703
0.138588
0.138473
0.138358
0.138243
0.138128
0.138014
0.137899
0.137785
0.13767
0.137556
0.137442
0.137327
0.137213
0.137099
0.136985
0.136871
0.136757
0.136644
0.13653
0.136416
0.136303
0.136189
0.136076
0.135962
0.135849
0.135736
0.135623
0.13551
0.135397
0.135284
0.135171
0.135058
0.134946
0.134833
0.134721
0.134608
0.134496
0.134384
0.134271
0.134159
0.134047
0.133935
0.133823
0.133711
0.133599
0.133488
0.133376
0.133265
0.133153
0.133042
0.13293
0.132819
0.132708
0.132597
0.132486
0.132375
0.132264
0.132153
0.132042
0.131931
0.131821
0.13171
0.1316
0.131489
0.131379
0.131269
0.131159
0.131049
0.130939
0.130829
0.130719
0.130609
0.130499
0.130389
0.13028
0.13017
0.130061
0.129952
0.129842
0.129733
0.129624
0.129515
0.129406
0.129297
0.129188
0.129079
0.12897
0.128862
0.128753
0.128645
0.128536
0.128428
0.12832
0.128211
0.128103
0.127995
0.127887
0.127779
0.127671
0.127564
0.127456
0.127348
0.127241
0.127133
0.127026
0.126918
0.126811
0.126704
0.126597
0.12649
0.126383
0.126276
0.126169
0.126062
0.125956
0.125849
0.125742
0.125636
0.125529
0.125423
0.125317
0.125211
0.125105
0.124998
0.124892
0.124787
0.124681
0.124575
0.124469
0.124364
0.124258
0.124153
0.124047
0.123942
0.123837
0.123731
0.123626
0.123521
0.123416
0.123311
0.123206
0.123102
0.122997
0.122892
0.122788
0.122683
0.122579
0.122475
0.12237
0.122266
0.122162
0.122058
0.121954
0.12185
0.121746
0.121642
0.121539
0.121435
0.121332
0.121228
0.121125
0.121021
0.120918
0.120815
0.120712
0.120609
0.120506
0.120403
0.1203
0.120197
0.120094
0.119992
0.119889
0.119787
0.119684
0.119582
0.11948
0.119377
0.119275
0.119173
0.119071
0.118969
0.118867
0.118766
0.118664
0.118562
0.118461
0.118359
0.118258
0.118156
0.118055
0.117954
0.117853
0.117751
0.11765
0.11755
0.117449
0.117348
0.117247
0.117146
0.117046
0.116945
0.116845
0.116744
0.116644
0.116544
0.116444
0.116344
0.116243
0.116144
0.116044
0.115944
0.115844
0.115744
0.115645
0.115545
0.115446
0.115346
0.115247
0.115148
0.115048
0.114949
0.11485
0.114751
0.114652
0.114553
0.114455
0.114356
0.114257
0.114159
0.11406
0.113962
0.113863
0.113765
0.113667
0.113569
0.11347
0.113372
0.113274
0.113177
0.113079
0.112981
0.112883
0.112786
0.112688
0.112591
0.112493
0.112396
0.112299
0.112201
0.112104
0.112007
0.11191
0.111813
0.111716
0.11162
0.111523
0.111426
0.11133
0.111233
0.111137
0.11104
0.110944
0.110848
0.110752
0.110655
0.110559
0.110463
0.110367
0.110272
0.110176
0.11008
0.109985
0.109889
0.109793
0.109698
0.109603
0.109507
0.109412
0.109317
0.109222
0.109127
0.109032
0.108937
0.108842
0.108747
0.108653
0.108558
0.108464
0.108369
0.108275
0.10818
0.108086
0.107992
0.107898
0.107804
0.10771
0.107616
0.107522
0.107428
0.107334
0.107241
0.107147
0.107053
0.10696
0.106867
0.106773
0.10668
0.106587
0.106494
0.106401
0.106308
0.106215
0.106122
0.106029
0.105936
0.105844
0.105751
0.105658
0.105566
0.105474
0.105381
0.105289
0.105197
0.105105
0.105013
0.104921
0.104829
0.104737
0.104645
0.104553
0.104462
0.10437
0.104278
0.104187
0.104096
0.104004
0.103913
0.103822
0.103731
0.10364
0.103549
0.103458
0.103367
0.103276
0.103185
0.103095
0.103004
0.102913
0.102823
0.102733
0.102642
0.102552
0.102462
0.102372
0.102281
0.102191
0.102102
0.102012
0.101922
0.101832
0.101742
0.101653
0.101563
0.101474
0.101384
0.101295
0.101206
0.101116
0.101027
0.100938
0.100849
0.10076
0.100671
0.100582
0.100494
0.100405
0.100316
0.100228
0.100139
0.100051
0.0999625
0.0998742
0.0997859
0.0996977
0.0996096
0.0995216
0.0994336
0.0993457
0.0992578
0.09917
0.0990823
0.0989946
0.098907
0.0988195
0.098732
0.0986446
0.0985573
0.09847
0.0983828
0.0982956
0.0982086
0.0981215
0.0980346
0.0979477
0.0978609
0.0977741
0.0976874
0.0976008
0.0975142
0.0974277
0.0973413
0.0972549
0.0971686
0.0970824
0.0969962
0.0969101
0.096824
0.096738
0.0966521
0.0965662
0.0964804
0.0963947
0.096309
0.0962234
0.0961379
0.0960524
0.095967
0.0958817
0.0957964
0.0957111
0.095626
0.0955409
0.0954559
0.0953709
0.095286
0.0952011
0.0951164
0.0950317
0.094947
0.0948624
0.0947779
0.0946934
0.094609
0.0945247
0.0944404
0.0943562
0.0942721
0.094188
0.094104
0.09402
0.0939361
0.0938523
0.0937685
0.0936848
0.0936012
0.0935176
0.0934341
0.0933507
0.0932673
0.0931839
0.0931007
0.0930175
0.0929343
0.0928513
0.0927683
0.0926853
0.0926024
0.0925196
0.0924368
0.0923541
0.0922715
0.0921889
0.0921064
0.092024
0.0919416
0.0918593
0.091777
0.0916948
0.0916127
0.0915306
0.0914486
0.0913666
0.0912847
0.0912029
0.0911211
0.0910394
0.0909578
0.0908762
0.0907947
0.0907132
0.0906318
0.0905505
0.0904692
0.090388
0.0903069
0.0902258
0.0901448
0.0900638
0.0899829
0.0899021
0.0898213
0.0897406
0.0896599
0.0895794
0.0894988
0.0894184
0.0893379
0.0892576
0.0891773
0.0890971
0.0890169
0.0889368
0.0888568
0.0887768
0.0886969
0.088617
0.0885372
0.0884575
0.0883778
0.0882982
0.0882187
0.0881392
0.0880598
0.0879804
0.0879011
0.0878218
0.0877427
0.0876635
0.0875845
0.0875055
0.0874265
0.0873476
0.0872688
0.0871901
0.0871114
0.0870327
0.0869541
0.0868756
0.0867972
0.0867188
0.0866404
0.0865622
0.0864839
0.0864058
0.0863277
0.0862496
0.0861717
0.0860938
0.0860159
0.0859381
0.0858604
0.0857827
0.0857051
0.0856275
0.08555
0.0854726
0.0853952
0.0853179
0.0852406
0.0851635
0.0850863
0.0850092
0.0849322
0.0848553
0.0847784
0.0847015
0.0846248
0.084548
0.0844714
0.0843948
0.0843182
0.0842418
0.0841653
0.084089
0.0840127
0.0839364
0.0838602
0.0837841
0.0837081
0.083632
0.0835561
0.0834802
0.0834044
0.0833286
0.0832529
0.0831773
0.0831017
0.0830261
0.0829507
0.0828752
0.0827999
0.0827246
0.0826493
0.0825742
0.082499
0.082424
0.082349
0.082274
0.0821991
0.0821243
0.0820495
0.0819748
0.0819002
0.0818256
0.081751
0.0816766
0.0816021
0.0815278
0.0814535
0.0813792
0.081305
0.0812309
0.0811568
0.0810828
0.0810089
0.080935
0.0808611
0.0807874
0.0807136
0.08064
0.0805664
0.0804928
0.0804193
0.0803459
0.0802725
0.0801992
0.080126
0.0800528
0.0799796
0.0799065
0.0798335
0.0797605
0.0796876
0.0796148
0.079542
0.0794692
0.0793965
0.0793239
0.0792513
0.0791788
0.0791064
0.079034
0.0789616
0.0788894
0.0788171
0.078745
0.0786729
0.0786008
0.0785288
0.0784569
0.078385
0.0783132
0.0782414
0.0781697
0.078098
0.0780264
0.0779549
0.0778834
0.077812
0.0777406
0.0776693
0.077598
0.0775268
0.0774557
0.0773846
0.0773136
0.0772426
0.0771717
0.0771008
0.07703
0.0769592
0.0768886
0.0768179
0.0767473
0.0766768
0.0766063
0.0765359
0.0764656
0.0763953
0.076325
0.0762548
0.0761847
0.0761146
0.0760446
0.0759747
0.0759047
0.0758349
0.0757651
0.0756954
0.0756257
0.075556
0.0754865
0.075417
0.0753475
0.0752781
0.0752087
0.0751394
0.0750702
0.075001
0.0749319
0.0748628
0.0747938
0.0747248
0.0746559
0.0745871
0.0745183
0.0744495
0.0743809
0.0743122
0.0742436
0.0741751
0.0741067
0.0740382
0.0739699
0.0739016
0.0738333
0.0737652
0.073697
0.0736289
0.0735609
0.0734929
0.073425
0.0733572
0.0732894
0.0732216
0.0731539
0.0730863
0.0730187
0.0729511
0.0728837
0.0728162
0.0727489
0.0726816
0.0726143
0.0725471
0.0724799
0.0724128
0.0723458
0.0722788
0.0722119
0.072145
0.0720782
0.0720114
0.0719447
0.071878
0.0718114
0.0717448
0.0716783
0.0716119
0.0715455
0.0714791
0.0714129
0.0713466
0.0712804
0.0712143
0.0711482
0.0710822
0.0710163
0.0709503
0.0708845
0.0708187
0.0707529
0.0706872
0.0706216
0.070556
0.0704905
0.070425
0.0703595
0.0702942
0.0702288
0.0701636
0.0700983
0.0700332
0.0699681
0.069903
0.069838
0.0697731
0.0697082
0.0696433
0.0695785
0.0695138
0.0694491
0.0693845
0.0693199
0.0692553
0.0691909
0.0691264
0.0690621
0.0689978
0.0689335
0.0688693
0.0688051
0.068741
0.0686769
0.0686129
0.068549
0.0684851
0.0684213
0.0683575
0.0682937
0.06823
0.0681664
0.0681028
0.0680393
0.0679758
0.0679124
0.067849
0.0677857
0.0677224
0.0676592
0.067596
0.0675329
0.0674698
0.0674068
0.0673439
0.0672809
0.0672181
0.0671553
0.0670925
0.0670298
0.0669672
0.0669046
0.066842
0.0667795
0.0667171
0.0666547
0.0665924
0.0665301
0.0664678
0.0664057
0.0663435
0.0662814
0.0662194
0.0661574
0.0660955
0.0660336
0.0659718
0.06591
0.0658483
0.0657866
0.065725
0.0656634
0.0656019
0.0655404
0.065479
0.0654176
0.0653563
0.065295
0.0652338
0.0651727
0.0651116
0.0650505
0.0649895
0.0649285
0.0648676
0.0648067
0.0647459
0.0646852
0.0646245
0.0645638
0.0645032
0.0644426
0.0643821
0.0643217
0.0642613
0.0642009
0.0641406
0.0640803
0.0640201
0.06396
0.0638999
0.0638398
0.0637798
0.0637198
0.0636599
0.0636001
0.0635403
0.0634805
0.0634208
0.0633611
0.0633015
0.063242
0.0631825
0.063123
0.0630636
0.0630042
0.0629449
0.0628857
0.0628265
0.0627673
0.0627082
0.0626491
0.0625901
0.0625312
0.0624722
0.0624134
0.0623546
0.0622958
0.0622371
0.0621784
0.0621198
0.0620612
0.0620027
0.0619442
0.0618858
0.0618274
0.0617691
0.0617108
0.0616526
0.0615944
0.0615363
0.0614782
0.0614202
0.0613622
0.0613043
0.0612464
0.0611885
0.0611308
0.061073
0.0610153
0.0609577
0.0609001
0.0608425
0.060785
0.0607276
0.0606702
0.0606128
0.0605555
0.0604983
0.0604411
0.0603839
0.0603268
0.0602697
0.0602127
0.0601558
0.0600988
0.060042
0.0599852
0.0599284
0.0598717
0.059815
0.0597583
0.0597018
0.0596452
0.0595887
0.0595323
0.0594759
0.0594196
0.0593633
0.059307
0.0592508
0.0591947
0.0591386
0.0590825
0.0590265
0.0589705
0.0589146
0.0588587
0.0588029
0.0587471
0.0586914
0.0586357
0.0585801
0.0585245
0.058469
0.0584135
0.058358
0.0583026
0.0582473
0.058192
0.0581367
0.0580815
0.0580264
0.0579713
0.0579162
0.0578612
0.0578062
0.0577513
0.0576964
0.0576415
0.0575868
0.057532
0.0574773
0.0574227
0.0573681
0.0573135
0.057259
0.0572045
0.0571501
0.0570958
0.0570414
0.0569872
0.0569329
0.0568787
0.0568246
0.0567705
0.0567165
0.0566625
0.0566085
0.0565546
0.0565008
0.0564469
0.0563932
0.0563394
0.0562858
0.0562321
0.0561786
0.056125
0.0560715
0.0560181
0.0559647
0.0559113
0.055858
0.0558047
0.0557515
0.0556983
0.0556452
0.0555921
0.0555391
0.0554861
0.0554332
0.0553803
0.0553274
0.0552746
0.0552218
0.0551691
0.0551164
0.0550638
0.0550112
0.0549587
0.0549062
0.0548537
0.0548013
0.054749
0.0546967
0.0546444
0.0545922
0.05454
0.0544879
0.0544358
0.0543837
0.0543317
0.0542798
0.0542279
0.054176
0.0541242
0.0540724
0.0540207
0.053969
0.0539173
0.0538657
0.0538142
0.0537627
0.0537112
0.0536598
0.0536084
0.0535571
0.0535058
0.0534546
0.0534034
0.0533522
0.0533011
0.05325
0.053199
0.053148
0.0530971
0.0530462
0.0529954
0.0529446
0.0528938
0.0528431
0.0527924
0.0527418
0.0526912
0.0526407
0.0525902
0.0525397
0.0524893
0.052439
0.0523887
0.0523384
0.0522881
0.052238
0.0521878
0.0521377
0.0520877
0.0520376
0.0519877
0.0519377
0.0518879
0.051838
0.0517882
0.0517385
0.0516887
0.0516391
0.0515895
0.0515399
0.0514903
0.0514408
0.0513914
0.051342
0.0512926
0.0512433
0.051194
0.0511448
0.0510956
0.0510464
0.0509973
0.0509482
0.0508992
0.0508502
0.0508013
0.0507524
0.0507035
0.0506547
0.050606
0.0505572
0.0505086
0.0504599
0.0504113
0.0503628
0.0503143
0.0502658
0.0502174
0.050169
0.0501206
0.0500723
0.0500241
0.0499758
0.0499277
0.0498795
0.0498314
0.0497834
0.0497354
0.0496874
0.0496395
0.0495916
0.0495438
0.049496
0.0494482
0.0494005
0.0493528
0.0493052
0.0492576
0.0492101
0.0491626
0.0491151
0.0490677
0.0490203
0.048973
0.0489257
0.0488784
0.0488312
0.048784
0.0487369
0.0486898
0.0486428
0.0485957
0.0485488
0.0485019
0.048455
0.0484081
0.0483613
0.0483146
0.0482678
0.0482212
0.0481745
0.0481279
0.0480814
0.0480349
0.0479884
0.047942
0.0478956
0.0478492
0.0478029
0.0477566
0.0477104
0.0476642
0.0476181
0.047572
0.0475259
0.0474799
0.0474339
0.047388
0.0473421
0.0472962
0.0472504
0.0472046
0.0471589
0.0471132
0.0470675
0.0470219
0.0469763
0.0469308
0.0468853
0.0468398
0.0467944
0.046749
0.0467037
0.0466584
0.0466131
0.0465679
0.0465227
0.0464776
0.0464325
0.0463874
0.0463424
0.0462974
0.0462525
0.0462076
0.0461627
0.0461179
0.0460731
0.0460284
0.0459837
0.045939
0.0458944
0.0458498
0.0458053
0.0457608
0.0457163
0.0456719
0.0456275
0.0455832
0.0455388
0.0454946
0.0454504
0.0454062
0.045362
0.0453179
0.0452738
0.0452298
0.0451858
0.0451419
0.045098
0.0450541
0.0450102
0.0449664
0.0449227
0.044879
0.0448353
0.0447917
0.0447481
0.0447045
0.044661
0.0446175
0.044574
0.0445306
0.0444873
0.0444439
0.0444006
0.0443574
0.0443142
0.044271
0.0442279
0.0441848
0.0441417
0.0440987
0.0440557
0.0440127
0.0439698
0.043927
0.0438841
0.0438413
0.0437986
0.0437559
0.0437132
0.0436706
0.043628
0.0435854
0.0435429
0.0435004
0.0434579
0.0434155
0.0433731
0.0433308
0.0432885
0.0432462
0.043204
0.0431618
0.0431197
0.0430776
0.0430355
0.0429935
0.0429515
0.0429095
0.0428676
0.0428257
0.0427839
0.0427421
0.0427003
0.0426586
0.0426169
0.0425752
0.0425336
0.042492
0.0424505
0.042409
0.0423675
0.0423261
0.0422847
0.0422433
0.042202
0.0421607
0.0421194
0.0420782
0.0420371
0.0419959
0.0419548
0.0419138
0.0418727
0.0418317
0.0417908
0.0417499
0.041709
0.0416682
0.0416273
0.0415866
0.0415458
0.0415052
0.0414645
0.0414239
0.0413833
0.0413427
0.0413022
0.0412618
0.0412213
0.0411809
0.0411405
0.0411002
0.0410599
0.0410197
0.0409794
0.0409393
0.0408991
0.040859
0.0408189
0.0407789
0.0407389
0.0406989
0.040659
0.0406191
0.0405792
0.0405394
0.0404996
0.0404599
0.0404202
0.0403805
0.0403408
0.0403012
0.0402617
0.0402221
0.0401826
0.0401432
0.0401037
0.0400643
0.040025
0.0399857
0.0399464
0.0399071
0.0398679
0.0398287
0.0397896
0.0397505
0.0397114
0.0396724
0.0396334
0.0395944
0.0395555
0.0395166
0.0394777
0.0394389
0.0394001
0.0393613
0.0393226
0.0392839
0.0392453
0.0392067
0.0391681
0.0391295
0.039091
0.0390526
0.0390141
0.0389757
0.0389374
0.038899
0.0388607
0.0388225
0.0387842
0.038746
0.0387079
0.0386697
0.0386317
0.0385936
0.0385556
0.0385176
0.0384796
0.0384417
0.0384038
0.038366
0.0383282
0.0382904
0.0382526
0.0382149
0.0381773
0.0381396
0.038102
0.0380644
0.0380269
0.0379894
0.0379519
0.0379145
0.0378771
0.0378397
0.0378024
0.0377651
0.0377278
0.0376906
0.0376534
0.0376162
0.0375791
0.037542
0.0375049
0.0374679
0.0374309
0.0373939
0.037357
0.0373201
0.0372833
0.0372464
0.0372096
0.0371729
0.0371362
0.0370995
0.0370628
0.0370262
0.0369896
0.036953
0.0369165
0.03688
0.0368436
0.0368071
0.0367708
0.0367344
0.0366981
0.0366618
0.0366255
0.0365893
0.0365531
0.036517
0.0364808
0.0364447
0.0364087
0.0363727
0.0363367
0.0363007
0.0362648
0.0362289
0.036193
0.0361572
0.0361214
0.0360856
0.0360499
0.0360142
0.0359786
0.0359429
0.0359073
0.0358718
0.0358362
0.0358007
0.0357653
0.0357298
0.0356944
0.0356591
0.0356237
0.0355884
0.0355532
0.0355179
0.0354827
0.0354475
0.0354124
0.0353773
0.0353422
0.0353072
0.0352722
0.0352372
0.0352022
0.0351673
0.0351324
0.0350976
0.0350628
0.035028
0.0349932
0.0349585
0.0349238
0.0348891
0.0348545
0.0348199
0.0347854
0.0347508
0.0347163
0.0346819
0.0346474
0.034613
0.0345787
0.0345443
0.03451
0.0344757
0.0344415
0.0344073
0.0343731
0.0343389
0.0343048
0.0342707
0.0342367
0.0342027
0.0341687
0.0341347
0.0341008
0.0340669
0.034033
0.0339992
0.0339654
0.0339316
0.0338979
0.0338641
0.0338305
0.0337968
0.0337632
0.0337296
0.0336961
0.0336625
0.033629
0.0335956
0.0335622
0.0335288
0.0334954
0.033462
0.0334287
0.0333955
0.0333622
0.033329
0.0332958
0.0332627
0.0332296
0.0331965
0.0331634
0.0331304
0.0330974
0.0330644
0.0330315
0.0329986
0.0329657
0.0329328
0.0329
0.0328672
0.0328345
0.0328018
0.0327691
0.0327364
0.0327038
0.0326712
0.0326386
0.0326061
0.0325735
0.0325411
0.0325086
0.0324762
0.0324438
0.0324114
0.0323791
0.0323468
0.0323145
0.0322823
0.0322501
0.0322179
0.0321858
0.0321536
0.0321216
0.0320895
0.0320575
0.0320255
0.0319935
0.0319616
0.0319296
0.0318978
0.0318659
0.0318341
0.0318023
0.0317705
0.0317388
0.0317071
0.0316754
0.0316438
0.0316122
0.0315806
0.031549
0.0315175
0.031486
0.0314545
0.0314231
0.0313917
0.0313603
0.031329
0.0312976
0.0312664
0.0312351
0.0312039
0.0311727
0.0311415
0.0311103
0.0310792
0.0310481
0.0310171
0.0309861
0.0309551
0.0309241
0.0308931
0.0308622
0.0308313
0.0308005
0.0307697
0.0307389
0.0307081
0.0306774
0.0306466
0.030616
0.0305853
0.0305547
0.0305241
0.0304935
0.030463
0.0304325
0.030402
0.0303715
0.0303411
0.0303107
0.0302804
0.03025
0.0302197
0.0301894
0.0301592
0.030129
0.0300988
0.0300686
0.0300385
0.0300083
0.0299783
0.0299482
0.0299182
0.0298882
0.0298582
0.0298283
0.0297984
0.0297685
0.0297386
0.0297088
0.029679
0.0296492
0.0296195
0.0295898
0.0295601
0.0295304
0.0295008
0.0294712
0.0294416
0.029412
0.0293825
0.029353
0.0293236
0.0292941
0.0292647
0.0292353
0.029206
0.0291766
0.0291473
0.0291181
0.0290888
0.0290596
0.0290304
0.0290013
0.0289721
0.028943
0.0289139
0.0288849
0.0288559
0.0288269
0.0287979
0.0287689
0.02874
0.0287111
0.0286823
0.0286534
0.0286246
0.0285959
0.0285671
0.0285384
0.0285097
0.028481
0.0284524
0.0284238
0.0283952
0.0283666
0.0283381
0.0283096
0.0282811
0.0282526
0.0282242
0.0281958
0.0281674
0.0281391
0.0281108
0.0280825
0.0280542
0.028026
0.0279977
0.0279696
0.0279414
0.0279133
0.0278852
0.0278571
0.027829
0.027801
0.027773
0.027745
0.0277171
0.0276892
0.0276613
0.0276334
0.0276056
0.0275777
0.0275499
0.0275222
0.0274945
0.0274667
0.0274391
0.0274114
0.0273838
0.0273562
0.0273286
0.027301
0.0272735
0.027246
0.0272185
0.0271911
0.0271637
0.0271363
0.0271089
0.0270816
0.0270542
0.0270269
0.0269997
0.0269724
0.0269452
0.026918
0.0268909
0.0268637
0.0268366
0.0268095
0.0267825
0.0267555
0.0267284
0.0267015
0.0266745
0.0266476
0.0266207
0.0265938
0.0265669
0.0265401
0.0265133
0.0264865
0.0264598
0.026433
0.0264063
0.0263797
0.026353
0.0263264
0.0262998
0.0262732
0.0262467
0.0262202
0.0261937
0.0261672
0.0261407
0.0261143
0.0260879
0.0260615
0.0260352
0.0260089
0.0259826
0.0259563
0.0259301
0.0259038
0.0258776
0.0258515
0.0258253
0.0257992
0.0257731
0.025747
0.025721
0.025695
0.025669
0.025643
0.025617
0.0255911
0.0255652
0.0255394
0.0255135
0.0254877
0.0254619
0.0254361
0.0254104
0.0253846
0.0253589
0.0253333
0.0253076
0.025282
0.0252564
0.0252308
0.0252052
0.0251797
0.0251542
0.0251287
0.0251033
0.0250778
0.0250524
0.025027
0.0250017
0.0249764
0.024951
0.0249258
0.0249005
0.0248753
0.02485
0.0248249
0.0247997
0.0247746
0.0247494
0.0247243
0.0246993
0.0246742
0.0246492
0.0246242
0.0245992
0.0245743
0.0245494
0.0245245
0.0244996
0.0244747
0.0244499
0.0244251
0.0244003
0.0243756
0.0243508
0.0243261
0.0243014
0.0242768
0.0242521
0.0242275
0.0242029
0.0241784
0.0241538
0.0241293
0.0241048
0.0240803
0.0240559
0.0240314
0.024007
0.0239827
0.0239583
0.023934
0.0239097
0.0238854
0.0238611
0.0238369
0.0238127
0.0237885
0.0237643
0.0237401
0.023716
0.0236919
0.0236678
0.0236438
0.0236198
0.0235957
0.0235718
0.0235478
0.0235239
0.0234999
0.0234761
0.0234522
0.0234283
0.0234045
0.0233807
0.0233569
0.0233332
0.0233095
0.0232857
0.0232621
0.0232384
0.0232148
0.0231911
0.0231675
0.023144
0.0231204
0.0230969
0.0230734
0.0230499
0.0230265
0.023003
0.0229796
0.0229562
0.0229328
0.0229095
0.0228862
0.0228629
0.0228396
0.0228163
0.0227931
0.0227699
0.0227467
0.0227235
0.0227004
0.0226773
0.0226542
0.0226311
0.0226081
0.022585
0.022562
0.022539
0.0225161
0.0224931
0.0224702
0.0224473
0.0224244
0.0224016
0.0223787
0.0223559
0.0223331
0.0223104
0.0222876
0.0222649
0.0222422
0.0222195
0.0221969
0.0221742
0.0221516
0.022129
0.0221065
0.0220839
0.0220614
0.0220389
0.0220164
0.021994
0.0219715
0.0219491
0.0219267
0.0219043
0.021882
0.0218597
0.0218373
0.0218151
0.0217928
0.0217706
0.0217483
0.0217261
0.021704
0.0216818
0.0216597
0.0216375
0.0216155
0.0215934
0.0215713
0.0215493
0.0215273
0.0215053
0.0214834
0.0214614
0.0214395
0.0214176
0.0213957
0.0213739
0.021352
0.0213302
0.0213084
0.0212866
0.0212649
0.0212432
0.0212214
0.0211998
0.0211781
0.0211564
0.0211348
0.0211132
0.0210916
0.0210701
0.0210485
0.021027
0.0210055
0.020984
0.0209626
0.0209411
0.0209197
0.0208983
0.020877
0.0208556
0.0208343
0.020813
0.0207917
0.0207704
0.0207491
0.0207279
0.0207067
0.0206855
0.0206644
0.0206432
0.0206221
0.020601
0.0205799
0.0205588
0.0205378
0.0205168
0.0204958
0.0204748
0.0204538
0.0204329
0.020412
0.0203911
0.0203702
0.0203493
0.0203285
0.0203077
0.0202869
0.0202661
0.0202453
0.0202246
0.0202039
0.0201832
0.0201625
0.0201418
0.0201212
0.0201006
0.02008
0.0200594
0.0200389
0.0200183
0.0199978
0.0199773
0.0199568
0.0199364
0.0199159
0.0198955
0.0198751
0.0198548
0.0198344
0.0198141
0.0197937
0.0197734
0.0197532
0.0197329
0.0197127
0.0196925
0.0196723
0.0196521
0.0196319
0.0196118
0.0195917
0.0195716
0.0195515
0.0195314
0.0195114
0.0194914
0.0194714
0.0194514
0.0194314
0.0194115
0.0193916
0.0193717
0.0193518
0.0193319
0.0193121
0.0192922
0.0192724
0.0192526
0.0192329
0.0192131
0.0191934
0.0191737
0.019154
0.0191343
0.0191147
0.019095
0.0190754
0.0190558
0.0190363
0.0190167
0.0189972
0.0189777
0.0189582
0.0189387
0.0189192
0.0188998
0.0188804
0.018861
0.0188416
0.0188222
0.0188029
0.0187835
0.0187642
0.0187449
0.0187257
0.0187064
0.0186872
0.018668
0.0186488
0.0186296
0.0186104
0.0185913
0.0185722
0.0185531
0.018534
0.0185149
0.0184959
0.0184769
0.0184579
0.0184389
0.0184199
0.018401
0.018382
0.0183631
0.0183442
0.0183253
0.0183065
0.0182876
0.0182688
0.01825
0.0182312
0.0182125
0.0181937
0.018175
0.0181563
0.0181376
0.0181189
0.0181003
0.0180816
0.018063
0.0180444
0.0180258
0.0180073
0.0179887
0.0179702
0.0179517
0.0179332
0.0179147
0.0178963
0.0178778
0.0178594
0.017841
0.0178227
0.0178043
0.0177859
0.0177676
0.0177493
0.017731
0.0177127
0.0176945
0.0176763
0.017658
0.0176398
0.0176217
0.0176035
0.0175853
0.0175672
0.0175491
0.017531
0.0175129
0.0174949
0.0174768
0.0174588
0.0174408
0.0174228
0.0174049
0.0173869
0.017369
0.0173511
0.0173332
0.0173153
0.0172974
0.0172796
0.0172617
0.0172439
0.0172261
0.0172084
0.0171906
0.0171729
0.0171552
0.0171374
0.0171198
0.0171021
0.0170844
0.0170668
0.0170492
0.0170316
0.017014
0.0169964
0.0169789
0.0169614
0.0169439
0.0169264
0.0169089
0.0168914
0.016874
0.0168565
0.0168391
0.0168217
0.0168044
0.016787
0.0167697
0.0167524
0.016735
0.0167178
0.0167005
0.0166832
0.016666
0.0166488
0.0166316
0.0166144
0.0165972
0.0165801
0.0165629
0.0165458
0.0165287
0.0165116
0.0164946
0.0164775
0.0164605
0.0164435
0.0164265
0.0164095
0.0163925
0.0163756
0.0163586
0.0163417
0.0163248
0.0163079
0.0162911
0.0162742
0.0162574
0.0162406
0.0162238
0.016207
0.0161902
0.0161735
0.0161567
0.01614
0.0161233
0.0161066
0.01609
0.0160733
0.0160567
0.0160401
0.0160235
0.0160069
0.0159903
0.0159738
0.0159572
0.0159407
0.0159242
0.0159077
0.0158913
0.0158748
0.0158584
0.0158419
0.0158255
0.0158092
0.0157928
0.0157764
0.0157601
0.0157438
0.0157275
0.0157112
0.0156949
0.0156786
0.0156624
0.0156462
0.01563
0.0156138
0.0155976
0.0155814
0.0155653
0.0155492
0.0155331
0.015517
0.0155009
0.0154848
0.0154688
0.0154527
0.0154367
0.0154207
0.0154047
0.0153888
0.0153728
0.0153569
0.015341
0.015325
0.0153092
0.0152933
0.0152774
0.0152616
0.0152458
0.01523
0.0152142
0.0151984
0.0151826
0.0151669
0.0151511
0.0151354
0.0151197
0.015104
0.0150884
0.0150727
0.0150571
0.0150414
0.0150258
0.0150103
0.0149947
0.0149791
0.0149636
0.014948
0.0149325
0.014917
0.0149015
0.0148861
0.0148706
0.0148552
0.0148398
0.0148244
0.014809
0.0147936
0.0147782
0.0147629
0.0147476
0.0147323
0.014717
0.0147017
0.0146864
0.0146712
0.0146559
0.0146407
0.0146255
0.0146103
0.0145951
0.01458
0.0145648
0.0145497
0.0145346
0.0145195
0.0145044
0.0144893
0.0144742
0.0144592
0.0144442
0.0144292
0.0144142
0.0143992
0.0143842
0.0143693
0.0143543
0.0143394
0.0143245
0.0143096
0.0142947
0.0142799
0.014265
0.0142502
0.0142354
0.0142206
0.0142058
0.014191
0.0141763
0.0141615
0.0141468
0.0141321
0.0141174
0.0141027
0.014088
0.0140734
0.0140587
0.0140441
0.0140295
0.0140149
0.0140003
0.0139858
0.0139712
0.0139567
0.0139421
0.0139276
0.0139131
0.0138987
0.0138842
0.0138698
0.0138553
0.0138409
0.0138265
0.0138121
0.0137977
0.0137834
0.013769
0.0137547
0.0137403
0.013726
0.0137117
0.0136975
0.0136832
0.013669
0.0136547
0.0136405
0.0136263
0.0136121
0.0135979
0.0135838
0.0135696
0.0135555
0.0135414
0.0135273
0.0135132
0.0134991
0.013485
0.013471
0.0134569
0.0134429
0.0134289
0.0134149
0.0134009
0.013387
0.013373
0.0133591
0.0133451
0.0133312
0.0133173
0.0133035
0.0132896
0.0132757
0.0132619
0.0132481
0.0132343
0.0132205
0.0132067
0.0131929
0.0131792
0.0131654
0.0131517
0.013138
0.0131243
0.0131106
0.0130969
0.0130832
0.0130696
0.013056
0.0130423
0.0130287
0.0130151
0.0130016
0.012988
0.0129744
0.0129609
0.0129474
0.0129339
0.0129204
0.0129069
0.0128934
0.01288
0.0128665
0.0128531
0.0128397
0.0128263
0.0128129
0.0127995
0.0127862
0.0127728
0.0127595
0.0127462
0.0127329
0.0127196
0.0127063
0.012693
0.0126798
0.0126665
0.0126533
0.0126401
0.0126269
0.0126137
0.0126005
0.0125874
0.0125742
0.0125611
0.0125479
0.0125348
0.0125217
0.0125087
0.0124956
0.0124825
0.0124695
0.0124565
0.0124435
0.0124305
0.0124175
0.0124045
0.0123915
0.0123786
0.0123656
0.0123527
0.0123398
0.0123269
0.012314
0.0123011
0.0122883
0.0122754
0.0122626
0.0122498
0.012237
0.0122242
0.0122114
0.0121986
0.0121859
0.0121731
0.0121604
0.0121477
0.012135
0.0121223
0.0121096
0.012097
0.0120843
0.0120717
0.012059
0.0120464
0.0120338
0.0120212
0.0120087
0.0119961
0.0119835
0.011971
0.0119585
0.011946
0.0119335
0.011921
0.0119085
0.011896
0.0118836
0.0118711
0.0118587
0.0118463
0.0118339
0.0118215
0.0118091
0.0117968
0.0117844
0.0117721
0.0117598
0.0117475
0.0117352
0.0117229
0.0117106
0.0116983
0.0116861
0.0116739
0.0116616
0.0116494
0.0116372
0.011625
0.0116128
0.0116007
0.0115885
0.0115764
0.0115643
0.0115522
0.0115401
0.011528
0.0115159
0.0115038
0.0114918
0.0114797
0.0114677
0.0114557
0.0114437
0.0114317
0.0114197
0.0114077
0.0113958
0.0113838
0.0113719
0.01136
0.0113481
0.0113362
0.0113243
0.0113124
0.0113006
0.0112887
0.0112769
0.0112651
0.0112533
0.0112415
0.0112297
0.0112179
0.0112061
0.0111944
0.0111826
0.0111709
0.0111592
0.0111475
0.0111358
0.0111241
0.0111124
0.0111008
0.0110891
0.0110775
0.0110659
0.0110543
0.0110427
0.0110311
0.0110195
0.011008
0.0109964
0.0109849
0.0109734
0.0109618
0.0109503
0.0109388
0.0109274
0.0109159
0.0109044
0.010893
0.0108816
0.0108701
0.0108587
0.0108473
0.0108359
0.0108246
0.0108132
0.0108018
0.0107905
0.0107792
0.0107679
0.0107565
0.0107453
0.010734
0.0107227
0.0107114
0.0107002
0.0106889
0.0106777
0.0106665
0.0106553
0.0106441
0.0106329
0.0106218
0.0106106
0.0105995
0.0105883
0.0105772
0.0105661
0.010555
0.0105439
0.0105328
0.0105217
0.0105107
0.0104996
0.0104886
0.0104776
0.0104666
0.0104556
0.0104446
0.0104336
0.0104226
0.0104117
0.0104007
0.0103898
0.0103789
0.010368
0.0103571
0.0103462
0.0103353
0.0103244
0.0103136
0.0103027
0.0102919
0.0102811
0.0102703
0.0102595
0.0102487
0.0102379
0.0102271
0.0102164
0.0102056
0.0101949
0.0101842
0.0101735
0.0101628
0.0101521
0.0101414
0.0101307
0.0101201
0.0101094
0.0100988
0.0100882
0.0100775
0.0100669
0.0100563
0.0100458
0.0100352
0.0100246
0.0100141
0.0100035
0.00999301
0.0099825
0.00997199
0.00996149
0.00995101
0.00994053
0.00993007
0.00991961
0.00990917
0.00989874
0.00988832
0.00987791
0.00986751
0.00985712
0.00984674
0.00983637
0.00982601
0.00981566
0.00980533
0.009795
0.00978468
0.00977438
0.00976408
0.0097538
0.00974353
0.00973326
0.00972301
0.00971277
0.00970254
0.00969231
0.0096821
0.0096719
0.00966171
0.00965153
0.00964136
0.00963121
0.00962106
0.00961092
0.00960079
0.00959067
0.00958057
0.00957047
0.00956038
0.00955031
0.00954024
0.00953019
0.00952014
0.00951011
0.00950008
0.00949007
0.00948006
0.00947007
0.00946008
0.00945011
0.00944015
0.00943019
0.00942025
0.00941032
0.0094004
0.00939048
0.00938058
0.00937069
0.00936081
0.00935093
0.00934107
0.00933122
0.00932138
0.00931155
0.00930172
0.00929191
0.00928211
0.00927232
0.00926254
0.00925277
0.00924301
0.00923325
0.00922351
0.00921378
0.00920406
0.00919435
0.00918465
0.00917495
0.00916527
0.0091556
0.00914594
0.00913629
0.00912664
0.00911701
0.00910739
0.00909778
0.00908817
0.00907858
0.009069
0.00905942
0.00904986
0.00904031
0.00903076
0.00902123
0.0090117
0.00900219
0.00899268
0.00898319
0.0089737
0.00896423
0.00895476
0.00894531
0.00893586
0.00892642
0.008917
0.00890758
0.00889817
0.00888877
0.00887938
0.00887
0.00886063
0.00885127
0.00884192
0.00883258
0.00882325
0.00881393
0.00880462
0.00879532
0.00878602
0.00877674
0.00876747
0.0087582
0.00874895
0.0087397
0.00873047
0.00872124
0.00871203
0.00870282
0.00869362
0.00868443
0.00867525
0.00866608
0.00865692
0.00864777
0.00863863
0.0086295
0.00862038
0.00861126
0.00860216
0.00859307
0.00858398
0.0085749
0.00856584
0.00855678
0.00854773
0.00853869
0.00852966
0.00852064
0.00851163
0.00850263
0.00849364
0.00848466
0.00847568
0.00846672
0.00845776
0.00844882
0.00843988
0.00843095
0.00842203
0.00841312
0.00840422
0.00839533
0.00838645
0.00837758
0.00836871
0.00835986
0.00835101
0.00834218
0.00833335
0.00832453
0.00831572
0.00830692
0.00829813
0.00828935
0.00828058
0.00827181
0.00826306
0.00825431
0.00824557
0.00823685
0.00822813
0.00821942
0.00821072
0.00820202
0.00819334
0.00818467
0.008176
0.00816735
0.0081587
0.00815006
0.00814143
0.00813281
0.0081242
0.00811559
0.008107
0.00809841
0.00808984
0.00808127
0.00807271
0.00806416
0.00805562
0.00804709
0.00803856
0.00803005
0.00802154
0.00801305
0.00800456
0.00799608
0.00798761
0.00797914
0.00797069
0.00796225
0.00795381
0.00794538
0.00793696
0.00792855
0.00792015
0.00791176
0.00790337
0.007895
0.00788663
0.00787827
0.00786992
0.00786158
0.00785325
0.00784493
0.00783661
0.0078283
0.00782
0.00781172
0.00780343
0.00779516
0.0077869
0.00777864
0.00777039
0.00776216
0.00775393
0.0077457
0.00773749
0.00772929
0.00772109
0.0077129
0.00770472
0.00769655
0.00768839
0.00768024
0.00767209
0.00766395
0.00765583
0.00764771
0.00763959
0.00763149
0.00762339
0.00761531
0.00760723
0.00759916
0.0075911
0.00758304
0.007575
0.00756696
0.00755893
0.00755091
0.0075429
0.0075349
0.0075269
0.00751891
0.00751094
0.00750297
0.007495
0.00748705
0.0074791
0.00747116
0.00746323
0.00745531
0.0074474
0.00743949
0.0074316
0.00742371
0.00741583
0.00740796
0.00740009
0.00739224
0.00738439
0.00737655
0.00736872
0.00736089
0.00735308
0.00734527
0.00733747
0.00732968
0.00732189
0.00731412
0.00730635
0.00729859
0.00729084
0.0072831
0.00727536
0.00726763
0.00725992
0.0072522
0.0072445
0.00723681
0.00722912
0.00722144
0.00721377
0.0072061
0.00719845
0.0071908
0.00718316
0.00717553
0.0071679
0.00716029
0.00715268
0.00714508
0.00713749
0.0071299
0.00712233
0.00711476
0.0071072
0.00709964
0.0070921
0.00708456
0.00707703
0.00706951
0.00706199
0.00705449
0.00704699
0.0070395
0.00703201
0.00702454
0.00701707
0.00700961
0.00700216
0.00699471
0.00698728
0.00697985
0.00697243
0.00696501
0.00695761
0.00695021
0.00694282
0.00693543
0.00692806
0.00692069
0.00691333
0.00690598
0.00689863
0.0068913
0.00688397
0.00687664
0.00686933
0.00686202
0.00685472
0.00684743
0.00684015
0.00683287
0.0068256
0.00681834
0.00681109
0.00680384
0.0067966
0.00678937
0.00678215
0.00677493
0.00676772
0.00676052
0.00675332
0.00674614
0.00673896
0.00673179
0.00672462
0.00671747
0.00671032
0.00670317
0.00669604
0.00668891
0.00668179
0.00667468
0.00666757
0.00666048
0.00665339
0.0066463
0.00663923
0.00663216
0.0066251
0.00661804
0.006611
0.00660396
0.00659693
0.0065899
0.00658289
0.00657588
0.00656887
0.00656188
0.00655489
0.00654791
0.00654094
0.00653397
0.00652701
0.00652006
0.00651311
0.00650618
0.00649925
0.00649232
0.00648541
0.0064785
0.0064716
0.0064647
0.00645782
0.00645094
0.00644406
0.0064372
0.00643034
0.00642349
0.00641664
0.00640981
0.00640298
0.00639615
0.00638934
0.00638253
0.00637573
0.00636893
0.00636215
0.00635537
0.00634859
0.00634183
0.00633507
0.00632831
0.00632157
0.00631483
0.0063081
0.00630137
0.00629466
0.00628795
0.00628124
0.00627455
0.00626786
0.00626117
0.0062545
0.00624783
0.00624117
0.00623451
0.00622787
0.00622123
0.00621459
0.00620796
0.00620134
0.00619473
0.00618812
0.00618152
0.00617493
0.00616835
0.00616177
0.00615519
0.00614863
0.00614207
0.00613552
0.00612897
0.00612244
0.00611591
0.00610938
0.00610286
0.00609635
0.00608985
0.00608335
0.00607686
0.00607038
0.0060639
0.00605743
0.00605097
0.00604451
0.00603806
0.00603162
0.00602518
0.00601875
0.00601233
0.00600591
0.0059995
0.0059931
0.0059867
0.00598031
0.00597393
0.00596755
0.00596118
0.00595482
0.00594846
0.00594211
0.00593577
0.00592943
0.0059231
0.00591678
0.00591046
0.00590415
0.00589784
0.00589155
0.00588526
0.00587897
0.00587269
0.00586642
0.00586016
0.0058539
0.00584765
0.0058414
0.00583517
0.00582893
0.00582271
0.00581649
0.00581028
0.00580407
0.00579787
0.00579168
0.00578549
0.00577931
0.00577314
0.00576697
0.00576081
0.00575466
0.00574851
0.00574237
0.00573623
0.0057301
0.00572398
0.00571786
0.00571175
0.00570565
0.00569955
0.00569346
0.00568738
0.0056813
0.00567523
0.00566916
0.00566311
0.00565705
0.00565101
0.00564497
0.00563893
0.00563291
0.00562689
0.00562087
0.00561486
0.00560886
0.00560286
0.00559687
0.00559089
0.00558491
0.00557894
0.00557298
0.00556702
0.00556107
0.00555512
0.00554918
0.00554325
0.00553732
0.0055314
0.00552549
0.00551958
0.00551367
0.00550778
0.00550189
0.005496
0.00549013
0.00548425
0.00547839
0.00547253
0.00546667
0.00546083
0.00545499
0.00544915
0.00544332
0.0054375
0.00543168
0.00542587
0.00542007
0.00541427
0.00540848
0.00540269
0.00539691
0.00539113
0.00538537
0.0053796
0.00537385
0.0053681
0.00536235
0.00535661
0.00535088
0.00534515
0.00533943
0.00533372
0.00532801
0.00532231
0.00531661
0.00531092
0.00530524
0.00529956
0.00529389
0.00528822
0.00528256
0.0052769
0.00527126
0.00526561
0.00525998
0.00525434
0.00524872
0.0052431
0.00523749
0.00523188
0.00522628
0.00522068
0.00521509
0.00520951
0.00520393
0.00519835
0.00519279
0.00518723
0.00518167
0.00517612
0.00517058
0.00516504
0.00515951
0.00515398
0.00514846
0.00514295
0.00513744
0.00513194
0.00512644
0.00512095
0.00511546
0.00510998
0.00510451
0.00509904
0.00509358
0.00508812
0.00508267
0.00507722
0.00507178
0.00506635
0.00506092
0.0050555
0.00505008
0.00504467
0.00503926
0.00503386
0.00502847
0.00502308
0.0050177
0.00501232
0.00500695
0.00500158
0.00499622
0.00499086
0.00498551
0.00498017
0.00497483
0.0049695
0.00496417
0.00495885
0.00495354
0.00494822
0.00494292
0.00493762
0.00493233
0.00492704
0.00492176
0.00491648
0.00491121
0.00490594
0.00490068
0.00489543
0.00489018
0.00488493
0.0048797
0.00487446
0.00486923
0.00486401
0.0048588
0.00485359
0.00484838
0.00484318
0.00483799
0.0048328
0.00482761
0.00482243
0.00481726
0.00481209
0.00480693
0.00480178
0.00479662
0.00479148
0.00478634
0.0047812
0.00477607
0.00477095
0.00476583
0.00476072
0.00475561
0.00475051
0.00474541
0.00474032
0.00473523
0.00473015
0.00472507
0.00472
0.00471494
0.00470988
0.00470482
0.00469977
0.00469473
0.00468969
0.00468466
0.00467963
0.0046746
0.00466959
0.00466457
0.00465957
0.00465457
0.00464957
0.00464458
0.00463959
0.00463461
0.00462963
0.00462466
0.0046197
0.00461474
0.00460978
0.00460483
0.00459989
0.00459495
0.00459002
0.00458509
0.00458016
0.00457525
0.00457033
0.00456542
0.00456052
0.00455562
0.00455073
0.00454584
0.00454096
0.00453608
0.00453121
0.00452634
0.00452148
0.00451663
0.00451177
0.00450693
0.00450209
0.00449725
0.00449242
0.00448759
0.00448277
0.00447795
0.00447314
0.00446834
0.00446354
0.00445874
0.00445395
0.00444916
0.00444438
0.00443961
0.00443484
0.00443007
0.00442531
0.00442055
0.0044158
0.00441106
0.00440632
0.00440158
0.00439685
0.00439213
0.00438741
0.00438269
0.00437798
0.00437327
0.00436857
0.00436388
0.00435918
0.0043545
0.00434982
0.00434514
0.00434047
0.0043358
0.00433114
0.00432649
0.00432183
0.00431719
0.00431254
0.00430791
0.00430328
0.00429865
0.00429403
0.00428941
0.0042848
0.00428019
0.00427559
0.00427099
0.00426639
0.00426181
0.00425722
0.00425264
0.00424807
0.0042435
0.00423894
0.00423438
0.00422982
0.00422527
0.00422073
0.00421619
0.00421165
0.00420712
0.00420259
0.00419807
0.00419356
0.00418904
0.00418454
0.00418004
0.00417554
0.00417104
0.00416656
0.00416207
0.0041576
0.00415312
0.00414865
0.00414419
0.00413973
0.00413527
0.00413082
0.00412638
0.00412194
0.0041175
0.00411307
0.00410864
0.00410422
0.0040998
0.00409539
0.00409098
0.00408658
0.00408218
0.00407778
0.00407339
0.00406901
0.00406463
0.00406025
0.00405588
0.00405151
0.00404715
0.0040428
0.00403844
0.00403409
0.00402975
0.00402541
0.00402108
0.00401675
0.00401242
0.0040081
0.00400379
0.00399947
0.00399517
0.00399086
0.00398657
0.00398227
0.00397798
0.0039737
0.00396942
0.00396514
0.00396087
0.00395661
0.00395234
0.00394809
0.00394383
0.00393959
0.00393534
0.0039311
0.00392687
0.00392264
0.00391841
0.00391419
0.00390997
0.00390576
0.00390155
0.00389735
0.00389315
0.00388895
0.00388476
0.00388058
0.0038764
0.00387222
0.00386805
0.00386388
0.00385971
0.00385555
0.0038514
0.00384725
0.0038431
0.00383896
0.00383482
0.00383069
0.00382656
0.00382244
0.00381831
0.0038142
0.00381009
0.00380598
0.00380188
0.00379778
0.00379368
0.00378959
0.00378551
0.00378143
0.00377735
0.00377328
0.00376921
0.00376515
0.00376109
0.00375703
0.00375298
0.00374893
0.00374489
0.00374085
0.00373682
0.00373279
0.00372876
0.00372474
0.00372073
0.00371671
0.0037127
0.0037087
0.0037047
0.0037007
0.00369671
0.00369273
0.00368874
0.00368476
0.00368079
0.00367682
0.00367285
0.00366889
0.00366493
0.00366098
0.00365703
0.00365308
0.00364914
0.0036452
0.00364127
0.00363734
0.00363342
0.0036295
0.00362558
0.00362167
0.00361776
0.00361386
0.00360996
0.00360606
0.00360217
0.00359828
0.0035944
0.00359052
0.00358665
0.00358278
0.00357891
0.00357505
0.00357119
0.00356733
0.00356348
0.00355964
0.00355579
0.00355196
0.00354812
0.00354429
0.00354046
0.00353664
0.00353282
0.00352901
0.0035252
0.00352139
0.00351759
0.0035138
0.00351
0.00350621
0.00350243
0.00349864
0.00349487
0.00349109
0.00348732
0.00348356
0.00347979
0.00347604
0.00347228
0.00346853
0.00346479
0.00346105
0.00345731
0.00345357
0.00344984
0.00344612
0.0034424
0.00343868
0.00343496
0.00343125
0.00342755
0.00342384
0.00342015
0.00341645
0.00341276
0.00340907
0.00340539
0.00340171
0.00339804
0.00339436
0.0033907
0.00338703
0.00338337
0.00337972
0.00337607
0.00337242
0.00336878
0.00336513
0.0033615
0.00335787
0.00335424
0.00335061
0.00334699
0.00334337
0.00333976
0.00333615
0.00333255
0.00332894
0.00332535
0.00332175
0.00331816
0.00331458
0.00331099
0.00330741
0.00330384
0.00330027
0.0032967
0.00329314
0.00328958
0.00328602
0.00328247
0.00327892
0.00327537
0.00327183
0.0032683
0.00326476
0.00326123
0.00325771
0.00325418
0.00325066
0.00324715
0.00324364
0.00324013
0.00323663
0.00323313
0.00322963
0.00322614
0.00322265
0.00321916
0.00321568
0.0032122
0.00320873
0.00320526
0.00320179
0.00319833
0.00319487
0.00319141
0.00318796
0.00318451
0.00318107
0.00317763
0.00317419
0.00317076
0.00316733
0.0031639
0.00316048
0.00315706
0.00315364
0.00315023
0.00314682
0.00314342
0.00314002
0.00313662
0.00313322
0.00312983
0.00312645
0.00312306
0.00311969
0.00311631
0.00311294
0.00310957
0.0031062
0.00310284
0.00309948
0.00309613
0.00309278
0.00308943
0.00308609
0.00308275
0.00307941
0.00307608
0.00307275
0.00306942
0.0030661
0.00306278
0.00305946
0.00305615
0.00305284
0.00304954
0.00304624
0.00304294
0.00303965
0.00303635
0.00303307
0.00302978
0.0030265
0.00302323
0.00301995
0.00301668
0.00301342
0.00301015
0.00300689
0.00300364
0.00300038
0.00299714
0.00299389
0.00299065
0.00298741
0.00298417
0.00298094
0.00297771
0.00297449
0.00297127
0.00296805
0.00296483
0.00296162
0.00295841
0.00295521
0.00295201
0.00294881
0.00294562
0.00294242
0.00293924
0.00293605
0.00293287
0.00292969
0.00292652
0.00292335
0.00292018
0.00291702
0.00291386
0.0029107
0.00290755
0.0029044
0.00290125
0.00289811
0.00289497
0.00289183
0.0028887
0.00288556
0.00288244
0.00287931
0.00287619
0.00287308
0.00286996
0.00286685
0.00286375
0.00286064
0.00285754
0.00285444
0.00285135
0.00284826
0.00284517
0.00284209
0.00283901
0.00283593
0.00283286
0.00282978
0.00282672
0.00282365
0.00282059
0.00281753
0.00281448
0.00281143
0.00280838
0.00280533
0.00280229
0.00279925
0.00279622
0.00279319
0.00279016
0.00278713
0.00278411
0.00278109
0.00277808
0.00277506
0.00277205
0.00276905
0.00276604
0.00276304
0.00276005
0.00275705
0.00275406
0.00275108
0.00274809
0.00274511
0.00274213
0.00273916
0.00273619
0.00273322
0.00273026
0.00272729
0.00272434
0.00272138
0.00271843
0.00271548
0.00271253
0.00270959
0.00270665
0.00270371
0.00270078
0.00269785
0.00269492
0.002692
0.00268908
0.00268616
0.00268325
0.00268033
0.00267743
0.00267452
0.00267162
0.00266872
0.00266582
0.00266293
0.00266004
0.00265715
0.00265427
0.00265139
0.00264851
0.00264564
0.00264276
0.0026399
0.00263703
0.00263417
0.00263131
0.00262845
0.0026256
0.00262275
0.0026199
0.00261706
0.00261422
0.00261138
0.00260854
0.00260571
0.00260288
0.00260006
0.00259724
0.00259442
0.0025916
0.00258878
0.00258597
0.00258317
0.00258036
0.00257756
0.00257476
0.00257196
0.00256917
0.00256638
0.00256359
0.00256081
0.00255803
0.00255525
0.00255248
0.0025497
0.00254693
0.00254417
0.00254141
0.00253865
0.00253589
0.00253313
0.00253038
0.00252763
0.00252489
0.00252215
0.00251941
0.00251667
0.00251393
0.0025112
0.00250848
0.00250575
0.00250303
0.00250031
0.00249759
0.00249488
0.00249217
0.00248946
0.00248676
0.00248405
0.00248135
0.00247866
0.00247596
0.00247327
0.00247059
0.0024679
0.00246522
0.00246254
0.00245987
0.00245719
0.00245452
0.00245185
0.00244919
0.00244653
0.00244387
0.00244121
0.00243856
0.00243591
0.00243326
0.00243062
0.00242797
0.00242533
0.0024227
0.00242006
0.00241743
0.00241481
0.00241218
0.00240956
0.00240694
0.00240432
0.00240171
0.0023991
0.00239649
0.00239388
0.00239128
0.00238868
0.00238608
0.00238349
0.0023809
0.00237831
0.00237572
0.00237314
0.00237056
0.00236798
0.00236541
0.00236283
0.00236026
0.0023577
0.00235513
0.00235257
0.00235001
0.00234746
0.0023449
0.00234235
0.00233981
0.00233726
0.00233472
0.00233218
0.00232964
0.00232711
0.00232458
0.00232205
0.00231952
0.002317
0.00231448
0.00231196
0.00230945
0.00230693
0.00230442
0.00230192
0.00229941
0.00229691
0.00229441
0.00229191
0.00228942
0.00228693
0.00228444
0.00228196
0.00227947
0.00227699
0.00227451
0.00227204
0.00226957
0.0022671
0.00226463
0.00226216
0.0022597
0.00225724
0.00225479
0.00225233
0.00224988
0.00224743
0.00224499
0.00224254
0.0022401
0.00223766
0.00223523
0.00223279
0.00223036
0.00222794
0.00222551
0.00222309
0.00222067
0.00221825
0.00221584
0.00221342
0.00221101
0.00220861
0.0022062
0.0022038
0.0022014
0.002199
0.00219661
0.00219422
0.00219183
0.00218944
0.00218706
0.00218468
0.0021823
0.00217992
0.00217755
0.00217518
0.00217281
0.00217044
0.00216808
0.00216572
0.00216336
0.002161
0.00215865
0.0021563
0.00215395
0.0021516
0.00214926
0.00214692
0.00214458
0.00214224
0.00213991
0.00213758
0.00213525
0.00213292
0.0021306
0.00212828
0.00212596
0.00212364
0.00212133
0.00211902
0.00211671
0.0021144
0.0021121
0.0021098
0.0021075
0.0021052
0.00210291
0.00210062
0.00209833
0.00209604
0.00209376
0.00209148
0.0020892
0.00208692
0.00208465
0.00208238
0.00208011
0.00207784
0.00207558
0.00207331
0.00207105
0.0020688
0.00206654
0.00206429
0.00206204
0.00205979
0.00205755
0.0020553
0.00205306
0.00205083
0.00204859
0.00204636
0.00204413
0.0020419
0.00203967
0.00203745
0.00203523
0.00203301
0.00203079
0.00202858
0.00202637
0.00202416
0.00202195
0.00201975
0.00201754
0.00201534
0.00201315
0.00201095
0.00200876
0.00200657
0.00200438
0.00200219
0.00200001
0.00199783
0.00199565
0.00199347
0.0019913
0.00198913
0.00198696
0.00198479
0.00198263
0.00198047
0.00197831
0.00197615
0.00197399
0.00197184
0.00196969
0.00196754
0.00196539
0.00196325
0.00196111
0.00195897
0.00195683
0.0019547
0.00195257
0.00195043
0.00194831
0.00194618
0.00194406
0.00194194
0.00193982
0.0019377
0.00193559
0.00193348
0.00193137
0.00192926
0.00192715
0.00192505
0.00192295
0.00192085
0.00191876
0.00191666
0.00191457
0.00191248
0.00191039
0.00190831
0.00190623
