Vec Object: Vec_0x564e6ef080c0_0 1 MPI process
  type: seq
1.
0.999941
0.999882
0.999823
0.999764
0.999705
0.999646
0.999586
0.999527
0.999468
0.999409
0.999349
0.99929
0.999231
0.999171
0.999112
0.999052
0.998993
0.998933
0.998874
0.998814
0.998754
0.998695
0.998635
0.998575
0.998516
0.998456
0.998396
0.998336
0.998276
0.998216
0.998156
0.998096
0.998036
0.997976
0.997916
0.997856
0.997796
0.997736
0.997675
0.997615
0.997555
0.997494
0.997434
0.997374
0.997313
0.997253
0.997192
0.997132
0.997071
0.997011
0.99695
0.996889
0.996829
0.996768
0.996707
0.996646
0.996585
0.996525
0.996464
0.996403
0.996342
0.996281
0.99622
0.996159
0.996098
0.996036
0.995975
0.995914
0.995853
0.995792
0.99573
0.995669
0.995608
0.995546
0.995485
0.995423
0.995362
0.9953
0.995239
0.995177
0.995115
0.995054
0.994992
0.99493
0.994869
0.994807
0.994745
0.994683
0.994621
0.994559
0.994497
0.994435
0.994373
0.994311
0.994249
0.994187
0.994125
0.994063
0.994
0.993938
0.993876
0.993814
0.993751
0.993689
0.993626
0.993564
0.993501
0.993439
0.993376
0.993314
0.993251
0.993188
0.993126
0.993063
0.993
0.992937
0.992875
0.992812
0.992749
0.992686
0.992623
0.99256
0.992497
0.992434
0.992371
0.992308
0.992244
0.992181
0.992118
0.992055
0.991991
0.991928
0.991865
0.991801
0.991738
0.991674
0.991611
0.991547
0.991484
0.99142
0.991357
0.991293
0.991229
0.991165
0.991102
0.991038
0.990974
0.99091
0.990846
0.990782
0.990718
0.990654
0.99059
0.990526
0.990462
0.990398
0.990334
0.990269
0.990205
0.990141
0.990077
0.990012
0.989948
0.989883
0.989819
0.989755
0.98969
0.989625
0.989561
0.989496
0.989432
0.989367
0.989302
0.989237
0.989173
0.989108
0.989043
0.988978
0.988913
0.988848
0.988783
0.988718
0.988653
0.988588
0.988523
0.988458
0.988393
0.988327
0.988262
0.988197
0.988131
0.988066
0.988001
0.987935
0.98787
0.987804
0.987739
0.987673
0.987607
0.987542
0.987476
0.98741
0.987345
0.987279
0.987213
0.987147
0.987081
0.987015
0.98695
0.986884
0.986818
0.986751
0.986685
0.986619
0.986553
0.986487
0.986421
0.986354
0.986288
0.986222
0.986155
0.986089
0.986023
0.985956
0.98589
0.985823
0.985757
0.98569
0.985623
0.985557
0.98549
0.985423
0.985357
0.98529
0.985223
0.985156
0.985089
0.985022
0.984955
0.984888
0.984821
0.984754
0.984687
0.98462
0.984553
0.984485
0.984418
0.984351
0.984284
0.984216
0.984149
0.984081
0.984014
0.983946
0.983879
0.983811
0.983744
0.983676
0.983608
0.983541
0.983473
0.983405
0.983337
0.98327
0.983202
0.983134
0.983066
0.982998
0.98293
0.982862
0.982794
0.982726
0.982657
0.982589
0.982521
0.982453
0.982385
0.982316
0.982248
0.982179
0.982111
0.982043
0.981974
0.981906
0.981837
0.981768
0.9817
0.981631
0.981562
0.981494
0.981425
0.981356
0.981287
0.981218
0.981149
0.98108
0.981012
0.980942
0.980873
0.980804
0.980735
0.980666
0.980597
0.980528
0.980458
0.980389
0.98032
0.98025
0.980181
0.980112
0.980042
0.979973
0.979903
0.979834
0.979764
0.979694
0.979625
0.979555
0.979485
0.979415
0.979346
0.979276
0.979206
0.979136
0.979066
0.978996
0.978926
0.978856
0.978786
0.978716
0.978645
0.978575
0.978505
0.978435
0.978364
0.978294
0.978224
0.978153
0.978083
0.978012
0.977942
0.977871
0.977801
0.97773
0.977659
0.977589
0.977518
0.977447
0.977376
0.977306
0.977235
0.977164
0.977093
0.977022
0.976951
0.97688
0.976809
0.976738
0.976667
0.976595
0.976524
0.976453
0.976382
0.97631
0.976239
0.976168
0.976096
0.976025
0.975953
0.975882
0.97581
0.975738
0.975667
0.975595
0.975523
0.975452
0.97538
0.975308
0.975236
0.975164
0.975092
0.97502
0.974948
0.974876
0.974804
0.974732
0.97466
0.974588
0.974516
0.974444
0.974371
0.974299
0.974227
0.974154
0.974082
0.974009
0.973937
0.973864
0.973792
0.973719
0.973647
0.973574
0.973501
0.973428
0.973356
0.973283
0.97321
0.973137
0.973064
0.972991
0.972918
0.972845
0.972772
0.972699
0.972626
0.972553
0.97248
0.972406
0.972333
0.97226
0.972187
0.972113
0.97204
0.971966
0.971893
0.971819
0.971746
0.971672
0.971599
0.971525
0.971451
0.971377
0.971304
0.97123
0.971156
0.971082
0.971008
0.970934
0.97086
0.970786
0.970712
0.970638
0.970564
0.97049
0.970416
0.970341
0.970267
0.970193
0.970119
0.970044
0.96997
0.969895
0.969821
0.969746
0.969672
0.969597
0.969523
0.969448
0.969373
0.969298
0.969224
0.969149
0.969074
0.968999
0.968924
0.968849
0.968774
0.968699
0.968624
0.968549
0.968474
0.968399
0.968324
0.968248
0.968173
0.968098
0.968023
0.967947
0.967872
0.967796
0.967721
0.967645
0.96757
0.967494
0.967419
0.967343
0.967267
0.967191
0.967116
0.96704
0.966964
0.966888
0.966812
0.966736
0.96666
0.966584
0.966508
0.966432
0.966356
0.96628
0.966204
0.966127
0.966051
0.965975
0.965898
0.965822
0.965746
0.965669
0.965593
0.965516
0.96544
0.965363
0.965286
0.96521
0.965133
0.965056
0.964979
0.964903
0.964826
0.964749
0.964672
0.964595
0.964518
0.964441
0.964364
0.964287
0.96421
0.964132
0.964055
0.963978
0.963901
0.963823
0.963746
0.963669
0.963591
0.963514
0.963436
0.963359
0.963281
0.963203
0.963126
0.963048
0.96297
0.962893
0.962815
0.962737
0.962659
0.962581
0.962503
0.962425
0.962347
0.962269
0.962191
0.962113
0.962035
0.961957
0.961878
0.9618
0.961722
0.961643
0.961565
0.961487
0.961408
0.96133
0.961251
0.961173
0.961094
0.961015
0.960937
0.960858
0.960779
0.960701
0.960622
0.960543
0.960464
0.960385
0.960306
0.960227
0.960148
0.960069
0.95999
0.959911
0.959832
0.959752
0.959673
0.959594
0.959514
0.959435
0.959356
0.959276
0.959197
0.959117
0.959038
0.958958
0.958878
0.958799
0.958719
0.958639
0.95856
0.95848
0.9584
0.95832
0.95824
0.95816
0.95808
0.958
0.95792
0.95784
0.95776
0.95768
0.9576
0.957519
0.957439
0.957359
0.957278
0.957198
0.957117
0.957037
0.956957
0.956876
0.956795
0.956715
0.956634
0.956553
0.956473
0.956392
0.956311
0.95623
0.956149
0.956069
0.955988
0.955907
0.955826
0.955745
0.955663
0.955582
0.955501
0.95542
0.955339
0.955257
0.955176
0.955095
0.955013
0.954932
0.95485
0.954769
0.954687
0.954606
0.954524
0.954443
0.954361
0.954279
0.954197
0.954116
0.954034
0.953952
0.95387
0.953788
0.953706
0.953624
0.953542
0.95346
0.953378
0.953296
0.953213
0.953131
0.953049
0.952967
0.952884
0.952802
0.952719
0.952637
0.952554
0.952472
0.952389
0.952307
0.952224
0.952141
0.952059
0.951976
0.951893
0.95181
0.951727
0.951645
0.951562
0.951479
0.951396
0.951312
0.951229
0.951146
0.951063
0.95098
0.950897
0.950813
0.95073
0.950647
0.950563
0.95048
0.950396
0.950313
0.950229
0.950146
0.950062
0.949978
0.949895
0.949811
0.949727
0.949644
0.94956
0.949476
0.949392
0.949308
0.949224
0.94914
0.949056
0.948972
0.948888
0.948803
0.948719
0.948635
0.948551
0.948466
0.948382
0.948298
0.948213
0.948129
0.948044
0.94796
0.947875
0.94779
0.947706
0.947621
0.947536
0.947451
0.947367
0.947282
0.947197
0.947112
0.947027
0.946942
0.946857
0.946772
0.946687
0.946602
0.946516
0.946431
0.946346
0.946261
0.946175
0.94609
0.946005
0.945919
0.945834
0.945748
0.945663
0.945577
0.945491
0.945406
0.94532
0.945234
0.945148
0.945062
0.944977
0.944891
0.944805
0.944719
0.944633
0.944547
0.944461
0.944375
0.944288
0.944202
0.944116
0.94403
0.943943
0.943857
0.943771
0.943684
0.943598
0.943511
0.943425
0.943338
0.943251
0.943165
0.943078
0.942991
0.942905
0.942818
0.942731
0.942644
0.942557
0.94247
0.942383
0.942296
0.942209
0.942122
0.942035
0.941948
0.94186
0.941773
0.941686
0.941598
0.941511
0.941424
0.941336
0.941249
0.941161
0.941074
0.940986
0.940898
0.940811
0.940723
0.940635
0.940547
0.94046
0.940372
0.940284
0.940196
0.940108
0.94002
0.939932
0.939844
0.939756
0.939667
0.939579
0.939491
0.939403
0.939314
0.939226
0.939138
0.939049
0.938961
0.938872
0.938784
0.938695
0.938606
0.938518
0.938429
0.93834
0.938251
0.938163
0.938074
0.937985
0.937896
0.937807
0.937718
0.937629
0.93754
0.937451
0.937362
0.937272
0.937183
0.937094
0.937004
0.936915
0.936826
0.936736
0.936647
0.936557
0.936468
0.936378
0.936289
0.936199
0.936109
0.936019
0.93593
0.93584
0.93575
0.93566
0.93557
0.93548
0.93539
0.9353
0.93521
0.93512
0.93503
0.93494
0.934849
0.934759
0.934669
0.934579
0.934488
0.934398
0.934307
0.934217
0.934126
0.934036
0.933945
0.933854
0.933764
0.933673
0.933582
0.933491
0.933401
0.93331
0.933219
0.933128
0.933037
0.932946
0.932855
0.932764
0.932672
0.932581
0.93249
0.932399
0.932307
0.932216
0.932125
0.932033
0.931942
0.93185
0.931759
0.931667
0.931576
0.931484
0.931392
0.9313
0.931209
0.931117
0.931025
0.930933
0.930841
0.930749
0.930657
0.930565
0.930473
0.930381
0.930289
0.930197
0.930104
0.930012
0.92992
0.929828
0.929735
0.929643
0.92955
0.929458
0.929365
0.929273
0.92918
0.929087
0.928995
0.928902
0.928809
0.928716
0.928624
0.928531
0.928438
0.928345
0.928252
0.928159
0.928066
0.927973
0.927879
0.927786
0.927693
0.9276
0.927506
0.927413
0.92732
0.927226
0.927133
0.927039
0.926946
0.926852
0.926758
0.926665
0.926571
0.926477
0.926384
0.92629
0.926196
0.926102
0.926008
0.925914
0.92582
0.925726
0.925632
0.925538
0.925444
0.925349
0.925255
0.925161
0.925067
0.924972
0.924878
0.924783
0.924689
0.924594
0.9245
0.924405
0.924311
0.924216
0.924121
0.924027
0.923932
0.923837
0.923742
0.923647
0.923552
0.923457
0.923362
0.923267
0.923172
0.923077
0.922982
0.922887
0.922791
0.922696
0.922601
0.922505
0.92241
0.922315
0.922219
0.922124
0.922028
0.921932
0.921837
0.921741
0.921645
0.92155
0.921454
0.921358
0.921262
0.921166
0.92107
0.920974
0.920878
0.920782
0.920686
0.92059
0.920494
0.920397
0.920301
0.920205
0.920109
0.920012
0.919916
0.919819
0.919723
0.919626
0.91953
0.919433
0.919336
0.91924
0.919143
0.919046
0.918949
0.918853
0.918756
0.918659
0.918562
0.918465
0.918368
0.918271
0.918173
0.918076
0.917979
0.917882
0.917785
0.917687
0.91759
0.917492
0.917395
0.917298
0.9172
0.917103
0.917005
0.916907
0.91681
0.916712
0.916614
0.916516
0.916419
0.916321
0.916223
0.916125
0.916027
0.915929
0.915831
0.915733
0.915634
0.915536
0.915438
0.91534
0.915242
0.915143
0.915045
0.914946
0.914848
0.914749
0.914651
0.914552
0.914454
0.914355
0.914256
0.914158
0.914059
0.91396
0.913861
0.913762
0.913663
0.913564
0.913465
0.913366
0.913267
0.913168
0.913069
0.91297
0.912871
0.912771
0.912672
0.912573
0.912473
0.912374
0.912274
0.912175
0.912075
0.911976
0.911876
0.911776
0.911677
0.911577
0.911477
0.911377
0.911277
0.911177
0.911077
0.910977
0.910877
0.910777
0.910677
0.910577
0.910477
0.910377
0.910276
0.910176
0.910076
0.909975
0.909875
0.909775
0.909674
0.909573
0.909473
0.909372
0.909272
0.909171
0.90907
0.908969
0.908869
0.908768
0.908667
0.908566
0.908465
0.908364
0.908263
0.908162
0.908061
0.907959
0.907858
0.907757
0.907656
0.907554
0.907453
0.907352
0.90725
0.907149
0.907047
0.906946
0.906844
0.906742
0.906641
0.906539
0.906437
0.906335
0.906233
0.906132
0.90603
0.905928
0.905826
0.905724
0.905622
0.905519
0.905417
0.905315
0.905213
0.905111
0.905008
0.904906
0.904803
0.904701
0.904599
0.904496
0.904393
0.904291
0.904188
0.904086
0.903983
0.90388
0.903777
0.903674
0.903572
0.903469
0.903366
0.903263
0.90316
0.903057
0.902953
0.90285
0.902747
0.902644
0.902541
0.902437
0.902334
0.902231
0.902127
0.902024
0.90192
0.901817
0.901713
0.901609
0.901506
0.901402
0.901298
0.901194
0.901091
0.900987
0.900883
0.900779
0.900675
0.900571
0.900467
0.900363
0.900259
0.900154
0.90005
0.899946
0.899842
0.899737
0.899633
0.899528
0.899424
0.899319
0.899215
0.89911
0.899006
0.898901
0.898796
0.898692
0.898587
0.898482
0.898377
0.898272
0.898167
0.898062
0.897957
0.897852
0.897747
0.897642
0.897537
0.897432
0.897326
0.897221
0.897116
0.89701
0.896905
0.896799
0.896694
0.896588
0.896483
0.896377
0.896272
0.896166
0.89606
0.895954
0.895848
0.895743
0.895637
0.895531
0.895425
0.895319
0.895213
0.895107
0.895
0.894894
0.894788
0.894682
0.894576
0.894469
0.894363
0.894256
0.89415
0.894043
0.893937
0.89383
0.893724
0.893617
0.89351
0.893404
0.893297
0.89319
0.893083
0.892976
0.892869
0.892762
0.892655
0.892548
0.892441
0.892334
0.892227
0.89212
0.892012
0.891905
0.891798
0.89169
0.891583
0.891476
0.891368
0.891261
0.891153
0.891045
0.890938
0.89083
0.890722
0.890614
0.890507
0.890399
0.890291
0.890183
0.890075
0.889967
0.889859
0.889751
0.889643
0.889535
0.889426
0.889318
0.88921
0.889101
0.888993
0.888885
0.888776
0.888668
0.888559
0.888451
0.888342
0.888233
0.888125
0.888016
0.887907
0.887798
0.887689
0.887581
0.887472
0.887363
0.887254
0.887145
0.887035
0.886926
0.886817
0.886708
0.886599
0.886489
0.88638
0.886271
0.886161
0.886052
0.885942
0.885833
0.885723
0.885614
0.885504
0.885394
0.885284
0.885175
0.885065
0.884955
0.884845
0.884735
0.884625
0.884515
0.884405
0.884295
0.884185
0.884075
0.883965
0.883854
0.883744
0.883634
0.883523
0.883413
0.883302
0.883192
0.883081
0.882971
0.88286
0.882749
0.882639
0.882528
0.882417
0.882306
0.882196
0.882085
0.881974
0.881863
0.881752
0.881641
0.88153
0.881418
0.881307
0.881196
0.881085
0.880973
0.880862
0.880751
0.880639
0.880528
0.880416
0.880305
0.880193
0.880082
0.87997
0.879858
0.879747
0.879635
0.879523
0.879411
0.879299
0.879187
0.879075
0.878963
0.878851
0.878739
0.878627
0.878515
0.878402
0.87829
0.878178
0.878066
0.877953
0.877841
0.877728
0.877616
0.877503
0.877391
0.877278
0.877165
0.877053
0.87694
0.876827
0.876714
0.876601
0.876489
0.876376
0.876263
0.87615
0.876036
0.875923
0.87581
0.875697
0.875584
0.875471
0.875357
0.875244
0.875131
0.875017
0.874904
0.87479
0.874677
0.874563
0.874449
0.874336
0.874222
0.874108
0.873994
0.873881
0.873767
0.873653
0.873539
0.873425
0.873311
0.873197
0.873083
0.872968
0.872854
0.87274
0.872626
0.872511
0.872397
0.872283
0.872168
0.872054
0.871939
0.871825
0.87171
0.871595
0.871481
0.871366
0.871251
0.871137
0.871022
0.870907
0.870792
0.870677
0.870562
0.870447
0.870332
0.870217
0.870102
0.869986
0.869871
0.869756
0.869641
0.869525
0.86941
0.869294
0.869179
0.869063
0.868948
0.868832
0.868717
0.868601
0.868485
0.868369
0.868254
0.868138
0.868022
0.867906
0.86779
0.867674
0.867558
0.867442
0.867326
0.86721
0.867093
0.866977
0.866861
0.866744
0.866628
0.866512
0.866395
0.866279
0.866162
0.866046
0.865929
0.865812
0.865696
0.865579
0.865462
0.865345
0.865229
0.865112
0.864995
0.864878
0.864761
0.864644
0.864527
0.86441
0.864292
0.864175
0.864058
0.863941
0.863823
0.863706
0.863589
0.863471
0.863354
0.863236
0.863118
0.863001
0.862883
0.862766
0.862648
0.86253
0.862412
0.862294
0.862176
0.862059
0.861941
0.861823
0.861704
0.861586
0.861468
0.86135
0.861232
0.861114
0.860995
0.860877
0.860759
0.86064
0.860522
0.860403
0.860285
0.860166
0.860047
0.859929
0.85981
0.859691
0.859573
0.859454
0.859335
0.859216
0.859097
0.858978
0.858859
0.85874
0.858621
0.858502
0.858383
0.858263
0.858144
0.858025
0.857905
0.857786
0.857667
0.857547
0.857428
0.857308
0.857189
0.857069
0.856949
0.85683
0.85671
0.85659
0.85647
0.85635
0.85623
0.856111
0.855991
0.855871
0.85575
0.85563
0.85551
0.85539
0.85527
0.85515
0.855029
0.854909
0.854789
0.854668
0.854548
0.854427
0.854307
0.854186
0.854065
0.853945
0.853824
0.853703
0.853582
0.853462
0.853341
0.85322
0.853099
0.852978
0.852857
0.852736
0.852615
0.852494
0.852372
0.852251
0.85213
0.852009
0.851887
0.851766
0.851644
0.851523
0.851401
0.85128
0.851158
0.851037
0.850915
0.850793
0.850671
0.85055
0.850428
0.850306
0.850184
0.850062
0.84994
0.849818
0.849696
0.849574
0.849452
0.84933
0.849207
0.849085
0.848963
0.84884
0.848718
0.848596
0.848473
0.848351
0.848228
0.848105
0.847983
0.84786
0.847737
0.847615
0.847492
0.847369
0.847246
0.847123
0.847
0.846877
0.846754
0.846631
0.846508
0.846385
0.846262
0.846138
0.846015
0.845892
0.845769
0.845645
0.845522
0.845398
0.845275
0.845151
0.845028
0.844904
0.84478
0.844657
0.844533
0.844409
0.844285
0.844161
0.844037
0.843913
0.843789
0.843665
0.843541
0.843417
0.843293
0.843169
0.843045
0.84292
0.842796
0.842672
0.842547
0.842423
0.842298
0.842174
0.842049
0.841925
0.8418
0.841675
0.841551
0.841426
0.841301
0.841176
0.841051
0.840926
0.840801
0.840676
0.840551
0.840426
0.840301
0.840176
0.840051
0.839926
0.8398
0.839675
0.83955
0.839424
0.839299
0.839173
0.839048
0.838922
0.838797
0.838671
0.838545
0.83842
0.838294
0.838168
0.838042
0.837916
0.837791
0.837665
0.837539
0.837413
0.837286
0.83716
0.837034
0.836908
0.836782
0.836655
0.836529
0.836403
0.836276
0.83615
0.836023
0.835897
0.83577
0.835644
0.835517
0.835391
0.835264
0.835137
0.83501
0.834883
0.834757
0.83463
0.834503
0.834376
0.834249
0.834122
0.833994
0.833867
0.83374
0.833613
0.833486
0.833358
0.833231
0.833104
0.832976
0.832849
0.832721
0.832594
0.832466
0.832338
0.832211
0.832083
0.831955
0.831827
0.8317
0.831572
0.831444
0.831316
0.831188
0.83106
0.830932
0.830804
0.830676
0.830547
0.830419
0.830291
0.830163
0.830034
0.829906
0.829777
0.829649
0.82952
0.829392
0.829263
0.829135
0.829006
0.828877
0.828749
0.82862
0.828491
0.828362
0.828233
0.828104
0.827975
0.827846
0.827717
0.827588
0.827459
0.82733
0.827201
0.827071
0.826942
0.826813
0.826683
0.826554
0.826424
0.826295
0.826165
0.826036
0.825906
0.825777
0.825647
0.825517
0.825387
0.825258
0.825128
0.824998
0.824868
0.824738
0.824608
0.824478
0.824348
0.824218
0.824087
0.823957
0.823827
0.823697
0.823566
0.823436
0.823306
0.823175
0.823045
0.822914
0.822784
0.822653
0.822522
0.822392
0.822261
0.82213
0.821999
0.821868
0.821738
0.821607
0.821476
0.821345
0.821214
0.821083
0.820951
0.82082
0.820689
0.820558
0.820427
0.820295
0.820164
0.820033
0.819901
0.81977
0.819638
0.819507
0.819375
0.819243
0.819112
0.81898
0.818848
0.818716
0.818585
0.818453
0.818321
0.818189
0.818057
0.817925
0.817793
0.817661
0.817529
0.817396
0.817264
0.817132
0.817
0.816867
0.816735
0.816602
0.81647
0.816337
0.816205
0.816072
0.81594
0.815807
0.815674
0.815542
0.815409
0.815276
0.815143
0.81501
0.814877
0.814744
0.814611
0.814478
0.814345
0.814212
0.814079
0.813946
0.813813
0.813679
0.813546
0.813413
0.813279
0.813146
0.813012
0.812879
0.812745
0.812612
0.812478
0.812344
0.812211
0.812077
0.811943
0.811809
0.811675
0.811541
0.811407
0.811273
0.811139
0.811005
0.810871
0.810737
0.810603
0.810469
0.810334
0.8102
0.810066
0.809931
0.809797
0.809663
0.809528
0.809394
0.809259
0.809124
0.80899
0.808855
0.80872
0.808586
0.808451
0.808316
0.808181
0.808046
0.807911
0.807776
0.807641
0.807506
0.807371
0.807236
0.8071
0.806965
0.80683
0.806695
0.806559
0.806424
0.806288
0.806153
0.806017
0.805882
0.805746
0.805611
0.805475
0.805339
0.805204
0.805068
0.804932
0.804796
0.80466
0.804524
0.804388
0.804252
0.804116
0.80398
0.803844
0.803708
0.803572
0.803435
0.803299
0.803163
0.803026
0.80289
0.802754
0.802617
0.802481
0.802344
0.802207
0.802071
0.801934
0.801797
0.801661
0.801524
0.801387
0.80125
0.801113
0.800976
0.800839
0.800702
0.800565
0.800428
0.800291
0.800154
0.800017
0.799879
0.799742
0.799605
0.799467
0.79933
0.799193
0.799055
0.798918
0.79878
0.798642
0.798505
0.798367
0.798229
0.798092
0.797954
0.797816
0.797678
0.79754
0.797402
0.797264
0.797126
0.796988
0.79685
0.796712
0.796574
0.796435
0.796297
0.796159
0.796021
0.795882
0.795744
0.795605
0.795467
0.795328
0.79519
0.795051
0.794913
0.794774
0.794635
0.794496
0.794358
0.794219
0.79408
0.793941
0.793802
0.793663
0.793524
0.793385
0.793246
0.793107
0.792968
0.792828
0.792689
0.79255
0.79241
0.792271
0.792132
0.791992
0.791853
0.791713
0.791574
0.791434
0.791294
0.791155
0.791015
0.790875
0.790735
0.790596
0.790456
0.790316
0.790176
0.790036
0.789896
0.789756
0.789616
0.789476
0.789336
0.789195
0.789055
0.788915
0.788774
0.788634
0.788494
0.788353
0.788213
0.788072
0.787932
0.787791
0.78765
0.78751
0.787369
0.787228
0.787088
0.786947
0.786806
0.786665
0.786524
0.786383
0.786242
0.786101
0.78596
0.785819
0.785678
0.785537
0.785395
0.785254
0.785113
0.784971
0.78483
0.784689
0.784547
0.784406
0.784264
0.784122
0.783981
0.783839
0.783697
0.783556
0.783414
0.783272
0.78313
0.782988
0.782847
0.782705
0.782563
0.782421
0.782279
0.782136
0.781994
0.781852
0.78171
0.781568
0.781425
0.781283
0.781141
0.780998
0.780856
0.780713
0.780571
0.780428
0.780286
0.780143
0.78
0.779858
0.779715
0.779572
0.779429
0.779286
0.779144
0.779001
0.778858
0.778715
0.778572
0.778429
0.778285
0.778142
0.777999
0.777856
0.777713
0.777569
0.777426
0.777283
0.777139
0.776996
0.776852
0.776709
0.776565
0.776421
0.776278
0.776134
0.77599
0.775847
0.775703
0.775559
0.775415
0.775271
0.775127
0.774983
0.774839
0.774695
0.774551
0.774407
0.774263
0.774119
0.773974
0.77383
0.773686
0.773541
0.773397
0.773253
0.773108
0.772964
0.772819
0.772675
0.77253
0.772385
0.772241
0.772096
0.771951
0.771806
0.771662
0.771517
0.771372
0.771227
0.771082
0.770937
0.770792
0.770647
0.770502
0.770356
0.770211
0.770066
0.769921
0.769775
0.76963
0.769485
0.769339
0.769194
0.769048
0.768903
0.768757
0.768611
0.768466
0.76832
0.768174
0.768029
0.767883
0.767737
0.767591
0.767445
0.767299
0.767153
0.767007
0.766861
0.766715
0.766569
0.766423
0.766277
0.76613
0.765984
0.765838
0.765692
0.765545
0.765399
0.765252
0.765106
0.764959
0.764813
0.764666
0.764519
0.764373
0.764226
0.764079
0.763933
0.763786
0.763639
0.763492
0.763345
0.763198
0.763051
0.762904
0.762757
0.76261
0.762463
0.762316
0.762168
0.762021
0.761874
0.761726
0.761579
0.761432
0.761284
0.761137
0.760989
0.760842
0.760694
0.760546
0.760399
0.760251
0.760103
0.759956
0.759808
0.75966
0.759512
0.759364
0.759216
0.759068
0.75892
0.758772
0.758624
0.758476
0.758328
0.75818
0.758031
0.757883
0.757735
0.757586
0.757438
0.75729
0.757141
0.756993
0.756844
0.756696
0.756547
0.756398
0.75625
0.756101
0.755952
0.755803
0.755655
0.755506
0.755357
0.755208
0.755059
0.75491
0.754761
0.754612
0.754463
0.754314
0.754164
0.754015
0.753866
0.753717
0.753567
0.753418
0.753269
0.753119
0.75297
0.75282
0.752671
0.752521
0.752372
0.752222
0.752072
0.751923
0.751773
0.751623
0.751473
0.751323
0.751173
0.751024
0.750874
0.750724
0.750574
0.750423
0.750273
0.750123
0.749973
0.749823
0.749673
0.749522
0.749372
0.749222
0.749071
0.748921
0.74877
0.74862
0.748469
0.748319
0.748168
0.748018
0.747867
0.747716
0.747565
0.747415
0.747264
0.747113
0.746962
0.746811
0.74666
0.746509
0.746358
0.746207
0.746056
0.745905
0.745754
0.745603
0.745451
0.7453
0.745149
0.744997
0.744846
0.744695
0.744543
0.744392
0.74424
0.744089
0.743937
0.743786
0.743634
0.743482
0.74333
0.743179
0.743027
0.742875
0.742723
0.742571
0.742419
0.742267
0.742115
0.741963
0.741811
0.741659
0.741507
0.741355
0.741203
0.74105
0.740898
0.740746
0.740593
0.740441
0.740289
0.740136
0.739984
0.739831
0.739679
0.739526
0.739373
0.739221
0.739068
0.738915
0.738762
0.73861
0.738457
0.738304
0.738151
0.737998
0.737845
0.737692
0.737539
0.737386
0.737233
0.73708
0.736927
0.736773
0.73662
0.736467
0.736313
0.73616
0.736007
0.735853
0.7357
0.735546
0.735393
0.735239
0.735086
0.734932
0.734778
0.734625
0.734471
0.734317
0.734163
0.734009
0.733856
0.733702
0.733548
0.733394
0.73324
0.733086
0.732932
0.732778
0.732623
0.732469
0.732315
0.732161
0.732006
0.731852
0.731698
0.731543
0.731389
0.731235
0.73108
0.730926
0.730771
0.730616
0.730462
0.730307
0.730152
0.729998
0.729843
0.729688
0.729533
0.729378
0.729224
0.729069
0.728914
0.728759
0.728604
0.728449
0.728294
0.728138
0.727983
0.727828
0.727673
0.727518
0.727362
0.727207
0.727052
0.726896
0.726741
0.726585
0.72643
0.726274
0.726119
0.725963
0.725807
0.725652
0.725496
0.72534
0.725185
0.725029
0.724873
0.724717
0.724561
0.724405
0.724249
0.724093
0.723937
0.723781
0.723625
0.723469
0.723313
0.723157
0.723
0.722844
0.722688
0.722531
0.722375
0.722219
0.722062
0.721906
0.721749
0.721593
0.721436
0.72128
0.721123
0.720966
0.72081
0.720653
0.720496
0.720339
0.720182
0.720026
0.719869
0.719712
0.719555
0.719398
0.719241
0.719084
0.718927
0.718769
0.718612
0.718455
0.718298
0.718141
0.717983
0.717826
0.717669
0.717511
0.717354
0.717196
0.717039
0.716881
0.716724
0.716566
0.716409
0.716251
0.716093
0.715936
0.715778
0.71562
0.715462
0.715304
0.715147
0.714989
0.714831
0.714673
0.714515
0.714357
0.714199
0.71404
0.713882
0.713724
0.713566
0.713408
0.713249
0.713091
0.712933
0.712774
0.712616
0.712458
0.712299
0.712141
0.711982
0.711824
0.711665
0.711506
0.711348
0.711189
0.71103
0.710872
0.710713
0.710554
0.710395
0.710236
0.710077
0.709918
0.709759
0.7096
0.709441
0.709282
0.709123
0.708964
0.708805
0.708646
0.708487
0.708327
0.708168
0.708009
0.707849
0.70769
0.70753
0.707371
0.707212
0.707052
0.706892
0.706733
0.706573
0.706414
0.706254
0.706094
0.705935
0.705775
0.705615
0.705455
0.705295
0.705135
0.704975
0.704815
0.704655
0.704495
0.704335
0.704175
0.704015
0.703855
0.703695
0.703535
0.703374
0.703214
0.703054
0.702894
0.702733
0.702573
0.702412
0.702252
0.702091
0.701931
0.70177
0.70161
0.701449
0.701288
0.701128
0.700967
0.700806
0.700646
0.700485
0.700324
0.700163
0.700002
0.699841
0.69968
0.699519
0.699358
0.699197
0.699036
0.698875
0.698714
0.698553
0.698391
0.69823
0.698069
0.697908
0.697746
0.697585
0.697424
0.697262
0.697101
0.696939
0.696778
0.696616
0.696455
0.696293
0.696131
0.69597
0.695808
0.695646
0.695485
0.695323
0.695161
0.694999
0.694837
0.694675
0.694513
0.694351
0.694189
0.694027
0.693865
0.693703
0.693541
0.693379
0.693217
0.693055
0.692892
0.69273
0.692568
0.692405
0.692243
0.692081
0.691918
0.691756
0.691593
0.691431
0.691268
0.691106
0.690943
0.69078
0.690618
0.690455
0.690292
0.69013
0.689967
0.689804
0.689641
0.689478
0.689315
0.689152
0.688989
0.688826
0.688663
0.6885
0.688337
0.688174
0.688011
0.687848
0.687685
0.687521
0.687358
0.687195
0.687031
0.686868
0.686705
0.686541
0.686378
0.686214
0.686051
0.685887
0.685724
0.68556
0.685397
0.685233
0.685069
0.684906
0.684742
0.684578
0.684414
0.684251
0.684087
0.683923
0.683759
0.683595
0.683431
0.683267
0.683103
0.682939
0.682775
0.682611
0.682447
0.682282
0.682118
0.681954
0.68179
0.681625
0.681461
0.681297
0.681132
0.680968
0.680804
0.680639
0.680475
0.68031
0.680146
0.679981
0.679816
0.679652
0.679487
0.679322
0.679158
0.678993
0.678828
0.678663
0.678498
0.678334
0.678169
0.678004
0.677839
0.677674
0.677509
0.677344
0.677179
0.677014
0.676849
0.676683
0.676518
0.676353
0.676188
0.676022
0.675857
0.675692
0.675527
0.675361
0.675196
0.67503
0.674865
0.674699
0.674534
0.674368
0.674203
0.674037
0.673872
0.673706
0.67354
0.673374
0.673209
0.673043
0.672877
0.672711
0.672545
0.67238
0.672214
0.672048
0.671882
0.671716
0.67155
0.671384
0.671218
0.671052
0.670885
0.670719
0.670553
0.670387
0.670221
0.670054
0.669888
0.669722
0.669555
0.669389
0.669223
0.669056
0.66889
0.668723
0.668557
0.66839
0.668223
0.668057
0.66789
0.667724
0.667557
0.66739
0.667223
0.667057
0.66689
0.666723
0.666556
0.666389
0.666222
0.666056
0.665889
0.665722
0.665555
0.665388
0.66522
0.665053
0.664886
0.664719
0.664552
0.664385
0.664218
0.66405
0.663883
0.663716
0.663548
0.663381
0.663214
0.663046
0.662879
0.662711
0.662544
0.662376
0.662209
0.662041
0.661874
0.661706
0.661538
0.661371
0.661203
0.661035
0.660867
0.6607
0.660532
0.660364
0.660196
0.660028
0.65986
0.659692
0.659524
0.659356
0.659188
0.65902
0.658852
0.658684
0.658516
0.658348
0.65818
0.658011
0.657843
0.657675
0.657507
0.657338
0.65717
0.657002
0.656833
0.656665
0.656496
0.656328
0.656159
0.655991
0.655822
0.655654
0.655485
0.655316
0.655148
0.654979
0.65481
0.654642
0.654473
0.654304
0.654135
0.653967
0.653798
0.653629
0.65346
0.653291
0.653122
0.652953
0.652784
0.652615
0.652446
0.652277
0.652108
0.651939
0.651769
0.6516
0.651431
0.651262
0.651092
0.650923
0.650754
0.650585
0.650415
0.650246
0.650076
0.649907
0.649737
0.649568
0.649398
0.649229
0.649059
0.64889
0.64872
0.64855
0.648381
0.648211
0.648041
0.647872
0.647702
0.647532
0.647362
0.647192
0.647023
0.646853
0.646683
0.646513
0.646343
0.646173
0.646003
0.645833
0.645663
0.645493
0.645323
0.645152
0.644982
0.644812
0.644642
0.644472
0.644301
0.644131
0.643961
0.64379
0.64362
0.64345
0.643279
0.643109
0.642938
0.642768
0.642597
0.642427
0.642256
0.642086
0.641915
0.641745
0.641574
0.641403
0.641233
0.641062
0.640891
0.64072
0.640549
0.640379
0.640208
0.640037
0.639866
0.639695
0.639524
0.639353
0.639182
0.639011
0.63884
0.638669
0.638498
0.638327
0.638156
0.637985
0.637814
0.637642
0.637471
0.6373
0.637129
0.636957
0.636786
0.636615
0.636443
0.636272
0.636101
0.635929
0.635758
0.635586
0.635415
0.635243
0.635072
0.6349
0.634728
0.634557
0.634385
0.634214
0.634042
0.63387
0.633698
0.633527
0.633355
0.633183
0.633011
0.632839
0.632668
0.632496
0.632324
0.632152
0.63198
0.631808
0.631636
0.631464
0.631292
0.63112
0.630948
0.630776
0.630603
0.630431
0.630259
0.630087
0.629915
0.629742
0.62957
0.629398
0.629225
0.629053
0.628881
0.628708
0.628536
0.628363
0.628191
0.628019
0.627846
0.627674
0.627501
0.627328
0.627156
0.626983
0.626811
0.626638
0.626465
0.626293
0.62612
0.625947
0.625774
0.625602
0.625429
0.625256
0.625083
0.62491
0.624737
0.624564
0.624391
0.624218
0.624046
0.623873
0.623699
0.623526
0.623353
0.62318
0.623007
0.622834
0.622661
0.622488
0.622315
0.622141
0.621968
0.621795
0.621621
0.621448
0.621275
0.621102
0.620928
0.620755
0.620581
0.620408
0.620234
0.620061
0.619888
0.619714
0.61954
0.619367
0.619193
0.61902
0.618846
0.618672
0.618499
0.618325
0.618151
0.617978
0.617804
0.61763
0.617456
0.617283
0.617109
0.616935
0.616761
0.616587
0.616413
0.616239
0.616065
0.615891
0.615717
0.615543
0.615369
0.615195
0.615021
0.614847
0.614673
0.614499
0.614325
0.614151
0.613976
0.613802
0.613628
0.613454
0.613279
0.613105
0.612931
0.612756
0.612582
0.612408
0.612233
0.612059
0.611884
0.61171
0.611535
0.611361
0.611186
0.611012
0.610837
0.610663
0.610488
0.610314
0.610139
0.609964
0.60979
0.609615
0.60944
0.609265
0.609091
0.608916
0.608741
0.608566
0.608391
0.608217
0.608042
0.607867
0.607692
0.607517
0.607342
0.607167
0.606992
0.606817
0.606642
0.606467
0.606292
0.606117
0.605942
0.605767
0.605592
0.605416
0.605241
0.605066
0.604891
0.604716
0.60454
0.604365
0.60419
0.604014
0.603839
0.603664
0.603488
0.603313
0.603138
0.602962
0.602787
0.602611
0.602436
0.60226
0.602085
0.601909
0.601734
0.601558
0.601383
0.601207
0.601031
0.600856
0.60068
0.600504
0.600329
0.600153
0.599977
0.599802
0.599626
0.59945
0.599274
0.599098
0.598922
0.598747
0.598571
0.598395
0.598219
0.598043
0.597867
0.597691
0.597515
0.597339
0.597163
0.596987
0.596811
0.596635
0.596459
0.596283
0.596107
0.59593
0.595754
0.595578
0.595402
0.595226
0.595049
0.594873
0.594697
0.594521
0.594344
0.594168
0.593992
0.593815
0.593639
0.593463
0.593286
0.59311
0.592933
0.592757
0.59258
0.592404
0.592227
0.592051
0.591874
0.591698
0.591521
0.591345
0.591168
0.590991
0.590815
0.590638
0.590461
0.590285
0.590108
0.589931
0.589755
0.589578
0.589401
0.589224
0.589048
0.588871
0.588694
0.588517
0.58834
0.588163
0.587986
0.587809
0.587632
0.587456
0.587279
0.587102
0.586925
0.586748
0.586571
0.586393
0.586216
0.586039
0.585862
0.585685
0.585508
0.585331
0.585154
0.584976
0.584799
0.584622
0.584445
0.584268
0.58409
0.583913
0.583736
0.583558
0.583381
0.583204
0.583026
0.582849
0.582672
0.582494
0.582317
0.58214
0.581962
0.581785
0.581607
0.58143
0.581252
0.581075
0.580897
0.58072
0.580542
0.580364
0.580187
0.580009
0.579832
0.579654
0.579476
0.579299
0.579121
0.578943
0.578766
0.578588
0.57841
0.578232
0.578055
0.577877
0.577699
0.577521
0.577343
0.577165
0.576988
0.57681
0.576632
0.576454
0.576276
0.576098
0.57592
0.575742
0.575564
0.575386
0.575208
0.57503
0.574852
0.574674
0.574496
0.574318
0.57414
0.573962
0.573784
0.573605
0.573427
0.573249
0.573071
0.572893
0.572715
0.572536
0.572358
0.57218
0.572002
0.571823
0.571645
0.571467
0.571288
0.57111
0.570932
0.570753
0.570575
0.570397
0.570218
0.57004
0.569861
0.569683
0.569505
0.569326
0.569148
0.568969
0.568791
0.568612
0.568434
0.568255
0.568077
0.567898
0.567719
0.567541
0.567362
0.567184
0.567005
0.566826
0.566648
0.566469
0.56629
0.566112
0.565933
0.565754
0.565575
0.565397
0.565218
0.565039
0.56486
0.564682
0.564503
0.564324
0.564145
0.563966
0.563787
0.563609
0.56343
0.563251
0.563072
0.562893
0.562714
0.562535
0.562356
0.562177
0.561998
0.561819
0.56164
0.561461
0.561282
0.561103
0.560924
0.560745
0.560566
0.560387
0.560208
0.560029
0.559849
0.55967
0.559491
0.559312
0.559133
0.558954
0.558774
0.558595
0.558416
0.558237
0.558058
0.557878
0.557699
0.55752
0.55734
0.557161
0.556982
0.556803
0.556623
0.556444
0.556265
0.556085
0.555906
0.555726
0.555547
0.555368
0.555188
0.555009
0.554829
0.55465
0.55447
0.554291
0.554111
0.553932
0.553752
0.553573
0.553393
0.553214
0.553034
0.552855
0.552675
0.552496
0.552316
0.552136
0.551957
0.551777
0.551598
0.551418
0.551238
0.551059
0.550879
0.550699
0.55052
0.55034
0.55016
0.54998
0.549801
0.549621
0.549441
0.549261
0.549082
0.548902
0.548722
0.548542
0.548362
0.548183
0.548003
0.547823
0.547643
0.547463
0.547283
0.547103
0.546924
0.546744
0.546564
0.546384
0.546204
0.546024
0.545844
0.545664
0.545484
0.545304
0.545124
0.544944
0.544764
0.544584
0.544404
0.544224
0.544044
0.543864
0.543684
0.543504
0.543324
0.543144
0.542964
0.542783
0.542603
0.542423
0.542243
0.542063
0.541883
0.541703
0.541523
0.541342
0.541162
0.540982
0.540802
0.540622
0.540441
0.540261
0.540081
0.539901
0.53972
0.53954
0.53936
0.53918
0.538999
0.538819
0.538639
0.538458
0.538278
0.538098
0.537917
0.537737
0.537557
0.537376
0.537196
0.537016
0.536835
0.536655
0.536475
0.536294
0.536114
0.535933
0.535753
0.535572
0.535392
0.535212
0.535031
0.534851
0.53467
0.53449
0.534309
0.534129
0.533948
0.533768
0.533587
0.533407
0.533226
0.533046
0.532865
0.532685
0.532504
0.532323
0.532143
0.531962
0.531782
0.531601
0.531421
0.53124
0.531059
0.530879
0.530698
0.530517
0.530337
0.530156
0.529976
0.529795
0.529614
0.529434
0.529253
0.529072
0.528892
0.528711
0.52853
0.528349
0.528169
0.527988
0.527807
0.527627
0.527446
0.527265
0.527084
0.526904
0.526723
0.526542
0.526361
0.52618
0.526
0.525819
0.525638
0.525457
0.525276
0.525096
0.524915
0.524734
0.524553
0.524372
0.524191
0.524011
0.52383
0.523649
0.523468
0.523287
0.523106
0.522925
0.522745
0.522564
0.522383
0.522202
0.522021
0.52184
0.521659
0.521478
0.521297
0.521116
0.520935
0.520754
0.520573
0.520393
0.520212
0.520031
0.51985
0.519669
0.519488
0.519307
0.519126
0.518945
0.518764
0.518583
0.518402
0.518221
0.51804
0.517859
0.517678
0.517497
0.517316
0.517135
0.516954
0.516772
0.516591
0.51641
0.516229
0.516048
0.515867
0.515686
0.515505
0.515324
0.515143
0.514962
0.514781
0.5146
0.514419
0.514237
0.514056
0.513875
0.513694
0.513513
0.513332
0.513151
0.51297
0.512789
0.512607
0.512426
0.512245
0.512064
0.511883
0.511702
0.511521
0.511339
0.511158
0.510977
0.510796
0.510615
0.510434
0.510252
0.510071
0.50989
0.509709
0.509528
0.509347
0.509165
0.508984
0.508803
0.508622
0.508441
0.508259
0.508078
0.507897
0.507716
0.507534
0.507353
0.507172
0.506991
0.50681
0.506628
0.506447
0.506266
0.506085
0.505903
0.505722
0.505541
0.50536
0.505178
0.504997
0.504816
0.504635
0.504454
0.504272
0.504091
0.50391
0.503728
0.503547
0.503366
0.503185
0.503003
0.502822
0.502641
0.50246
0.502278
0.502097
0.501916
0.501735
0.501553
0.501372
0.501191
0.501009
0.500828
0.500647
0.500466
0.500284
0.500103
0.499922
0.49974
0.499559
0.499378
0.499197
0.499015
0.498834
0.498653
0.498471
0.49829
0.498109
0.497927
0.497746
0.497565
0.497384
0.497202
0.497021
0.49684
0.496658
0.496477
0.496296
0.496114
0.495933
0.495752
0.495571
0.495389
0.495208
0.495027
0.494845
0.494664
0.494483
0.494301
0.49412
0.493939
0.493757
0.493576
0.493395
0.493214
0.493032
0.492851
0.49267
0.492488
0.492307
0.492126
0.491944
0.491763
0.491582
0.491401
0.491219
0.491038
0.490857
0.490675
0.490494
0.490313
0.490131
0.48995
0.489769
0.489588
0.489406
0.489225
0.489044
0.488862
0.488681
0.4885
0.488319
0.488137
0.487956
0.487775
0.487593
0.487412
0.487231
0.48705
0.486868
0.486687
0.486506
0.486324
0.486143
0.485962
0.485781
0.485599
0.485418
0.485237
0.485056
0.484874
0.484693
0.484512
0.484331
0.484149
0.483968
0.483787
0.483606
0.483424
0.483243
0.483062
0.482881
0.482699
0.482518
0.482337
0.482156
0.481974
0.481793
0.481612
0.481431
0.48125
0.481068
0.480887
0.480706
0.480525
0.480344
0.480162
0.479981
0.4798
0.479619
0.479438
0.479256
0.479075
0.478894
0.478713
0.478532
0.47835
0.478169
0.477988
0.477807
0.477626
0.477445
0.477263
0.477082
0.476901
0.47672
0.476539
0.476358
0.476177
0.475995
0.475814
0.475633
0.475452
0.475271
0.47509
0.474909
0.474728
0.474547
0.474365
0.474184
0.474003
0.473822
0.473641
0.47346
0.473279
0.473098
0.472917
0.472736
0.472555
0.472374
0.472193
0.472012
0.471831
0.471649
0.471468
0.471287
0.471106
0.470925
0.470744
0.470563
0.470382
0.470201
0.47002
0.469839
0.469658
0.469477
0.469296
0.469115
0.468934
0.468754
0.468573
0.468392
0.468211
0.46803
0.467849
0.467668
0.467487
0.467306
0.467125
0.466944
0.466763
0.466582
0.466401
0.466221
0.46604
0.465859
0.465678
0.465497
0.465316
0.465135
0.464954
0.464774
0.464593
0.464412
0.464231
0.46405
0.46387
0.463689
0.463508
0.463327
0.463146
0.462966
0.462785
0.462604
0.462423
0.462242
0.462062
0.461881
0.4617
0.461519
0.461339
0.461158
0.460977
0.460797
0.460616
0.460435
0.460254
0.460074
0.459893
0.459712
0.459532
0.459351
0.45917
0.45899
0.458809
0.458628
0.458448
0.458267
0.458087
0.457906
0.457725
0.457545
0.457364
0.457184
0.457003
0.456823
0.456642
0.456461
0.456281
0.4561
0.45592
0.455739
0.455559
0.455378
0.455198
0.455017
0.454837
0.454656
0.454476
0.454295
0.454115
0.453935
0.453754
0.453574
0.453393
0.453213
0.453032
0.452852
0.452672
0.452491
0.452311
0.452131
0.45195
0.45177
0.45159
0.451409
0.451229
0.451049
0.450868
0.450688
0.450508
0.450327
0.450147
0.449967
0.449787
0.449606
0.449426
0.449246
0.449066
0.448886
0.448705
0.448525
0.448345
0.448165
0.447985
0.447804
0.447624
0.447444
0.447264
0.447084
0.446904
0.446724
0.446544
0.446364
0.446183
0.446003
0.445823
0.445643
0.445463
0.445283
0.445103
0.444923
0.444743
0.444563
0.444383
0.444203
0.444023
0.443843
0.443663
0.443484
0.443304
0.443124
0.442944
0.442764
0.442584
0.442404
0.442224
0.442044
0.441865
0.441685
0.441505
0.441325
0.441145
0.440966
0.440786
0.440606
0.440426
0.440247
0.440067
0.439887
0.439707
0.439528
0.439348
0.439168
0.438989
0.438809
0.438629
0.43845
0.43827
0.43809
0.437911
0.437731
0.437552
0.437372
0.437193
0.437013
0.436833
0.436654
0.436474
0.436295
0.436115
0.435936
0.435757
0.435577
0.435398
0.435218
0.435039
0.434859
0.43468
0.434501
0.434321
0.434142
0.433962
0.433783
0.433604
0.433424
0.433245
0.433066
0.432887
0.432707
0.432528
0.432349
0.43217
0.43199
0.431811
0.431632
0.431453
0.431274
0.431094
0.430915
0.430736
0.430557
0.430378
0.430199
0.43002
0.429841
0.429662
0.429483
0.429304
0.429125
0.428946
0.428767
0.428588
0.428409
0.42823
0.428051
0.427872
0.427693
0.427514
0.427335
0.427156
0.426977
0.426798
0.42662
0.426441
0.426262
0.426083
0.425904
0.425726
0.425547
0.425368
0.425189
0.425011
0.424832
0.424653
0.424475
0.424296
0.424117
0.423939
0.42376
0.423581
0.423403
0.423224
0.423046
0.422867
0.422689
0.42251
0.422332
0.422153
0.421975
0.421796
0.421618
0.421439
0.421261
0.421082
0.420904
0.420726
0.420547
0.420369
0.420191
0.420012
0.419834
0.419656
0.419477
0.419299
0.419121
0.418943
0.418764
0.418586
0.418408
0.41823
0.418052
0.417874
0.417695
0.417517
0.417339
0.417161
0.416983
0.416805
0.416627
0.416449
0.416271
0.416093
0.415915
0.415737
0.415559
0.415381
0.415203
0.415025
0.414847
0.41467
0.414492
0.414314
0.414136
0.413958
0.41378
0.413603
0.413425
0.413247
0.41307
0.412892
0.412714
0.412536
0.412359
0.412181
0.412004
0.411826
0.411648
0.411471
0.411293
0.411116
0.410938
0.410761
0.410583
0.410406
0.410228
0.410051
0.409873
0.409696
0.409518
0.409341
0.409164
0.408986
0.408809
0.408632
0.408454
0.408277
0.4081
0.407923
0.407745
0.407568
0.407391
0.407214
0.407037
0.40686
0.406682
0.406505
0.406328
0.406151
0.405974
0.405797
0.40562
0.405443
0.405266
0.405089
0.404912
0.404735
0.404558
0.404381
0.404205
0.404028
0.403851
0.403674
0.403497
0.40332
0.403144
0.402967
0.40279
0.402613
0.402437
0.40226
0.402083
0.401907
0.40173
0.401554
0.401377
0.4012
0.401024
0.400847
0.400671
0.400494
0.400318
0.400141
0.399965
0.399789
0.399612
0.399436
0.399259
0.399083
0.398907
0.39873
0.398554
0.398378
0.398202
0.398025
0.397849
0.397673
0.397497
0.397321
0.397144
0.396968
0.396792
0.396616
0.39644
0.396264
0.396088
0.395912
0.395736
0.39556
0.395384
0.395208
0.395032
0.394856
0.394681
0.394505
0.394329
0.394153
0.393977
0.393802
0.393626
0.39345
0.393274
0.393099
0.392923
0.392747
0.392572
0.392396
0.392221
0.392045
0.39187
0.391694
0.391519
0.391343
0.391168
0.390992
0.390817
0.390641
0.390466
0.390291
0.390115
0.38994
0.389765
0.389589
0.389414
0.389239
0.389064
0.388889
0.388713
0.388538
0.388363
0.388188
0.388013
0.387838
0.387663
0.387488
0.387313
0.387138
0.386963
0.386788
0.386613
0.386438
0.386263
0.386088
0.385914
0.385739
0.385564
0.385389
0.385214
0.38504
0.384865
0.38469
0.384516
0.384341
0.384166
0.383992
0.383817
0.383643
0.383468
0.383294
0.383119
0.382945
0.38277
0.382596
0.382422
0.382247
0.382073
0.381899
0.381724
0.38155
0.381376
0.381201
0.381027
0.380853
0.380679
0.380505
0.380331
0.380157
0.379982
0.379808
0.379634
0.37946
0.379286
0.379112
0.378938
0.378765
0.378591
0.378417
0.378243
0.378069
0.377895
0.377722
0.377548
0.377374
0.3772
0.377027
0.376853
0.376679
0.376506
0.376332
0.376159
0.375985
0.375812
0.375638
0.375465
0.375291
0.375118
0.374944
0.374771
0.374598
0.374424
0.374251
0.374078
0.373904
0.373731
0.373558
0.373385
0.373212
0.373038
0.372865
0.372692
0.372519
0.372346
0.372173
0.372
0.371827
0.371654
0.371481
0.371308
0.371136
0.370963
0.37079
0.370617
0.370444
0.370272
0.370099
0.369926
0.369753
0.369581
0.369408
0.369236
0.369063
0.368891
0.368718
0.368545
0.368373
0.368201
0.368028
0.367856
0.367683
0.367511
0.367339
0.367166
0.366994
0.366822
0.36665
0.366477
0.366305
0.366133
0.365961
0.365789
0.365617
0.365445
0.365273
0.365101
0.364929
0.364757
0.364585
0.364413
0.364241
0.364069
0.363898
0.363726
0.363554
0.363382
0.363211
0.363039
0.362867
0.362696
0.362524
0.362353
0.362181
0.362009
0.361838
0.361667
0.361495
0.361324
0.361152
0.360981
0.36081
0.360638
0.360467
0.360296
0.360125
0.359953
0.359782
0.359611
0.35944
0.359269
0.359098
0.358927
0.358756
0.358585
0.358414
0.358243
0.358072
0.357901
0.35773
0.357559
0.357389
0.357218
0.357047
0.356876
0.356706
0.356535
0.356364
0.356194
0.356023
0.355853
0.355682
0.355512
0.355341
0.355171
0.355
0.35483
0.35466
0.354489
0.354319
0.354149
0.353978
0.353808
0.353638
0.353468
0.353298
0.353128
0.352958
0.352788
0.352618
0.352448
0.352278
0.352108
0.351938
0.351768
0.351598
0.351428
0.351258
0.351089
0.350919
0.350749
0.35058
0.35041
0.35024
0.350071
0.349901
0.349732
0.349562
0.349393
0.349223
0.349054
0.348884
0.348715
0.348546
0.348376
0.348207
0.348038
0.347869
0.347699
0.34753
0.347361
0.347192
0.347023
0.346854
0.346685
0.346516
0.346347
0.346178
0.346009
0.34584
0.345672
0.345503
0.345334
0.345165
0.344996
0.344828
0.344659
0.344491
0.344322
0.344153
0.343985
0.343816
0.343648
0.343479
0.343311
0.343143
0.342974
0.342806
0.342638
0.342469
0.342301
0.342133
0.341965
0.341797
0.341629
0.34146
0.341292
0.341124
0.340956
0.340788
0.34062
0.340453
0.340285
0.340117
0.339949
0.339781
0.339614
0.339446
0.339278
0.339111
0.338943
0.338775
0.338608
0.33844
0.338273
0.338105
0.337938
0.33777
0.337603
0.337436
0.337268
0.337101
0.336934
0.336767
0.336599
0.336432
0.336265
0.336098
0.335931
0.335764
0.335597
0.33543
0.335263
0.335096
0.334929
0.334763
0.334596
0.334429
0.334262
0.334096
0.333929
0.333762
0.333596
0.333429
0.333262
0.333096
0.332929
0.332763
0.332597
0.33243
0.332264
0.332098
0.331931
0.331765
0.331599
0.331433
0.331266
0.3311
0.330934
0.330768
0.330602
0.330436
0.33027
0.330104
0.329938
0.329772
0.329607
0.329441
0.329275
0.329109
0.328944
0.328778
0.328612
0.328447
0.328281
0.328115
0.32795
0.327785
0.327619
0.327454
0.327288
0.327123
0.326958
0.326792
0.326627
0.326462
0.326297
0.326132
0.325966
0.325801
0.325636
0.325471
0.325306
0.325141
0.324977
0.324812
0.324647
0.324482
0.324317
0.324153
0.323988
0.323823
0.323658
0.323494
0.323329
0.323165
0.323
0.322836
0.322671
0.322507
0.322343
0.322178
0.322014
0.32185
0.321685
0.321521
0.321357
0.321193
0.321029
0.320865
0.320701
0.320537
0.320373
0.320209
0.320045
0.319881
0.319717
0.319554
0.31939
0.319226
0.319063
0.318899
0.318735
0.318572
0.318408
0.318245
0.318081
0.317918
0.317754
0.317591
0.317428
0.317264
0.317101
0.316938
0.316775
0.316612
0.316448
0.316285
0.316122
0.315959
0.315796
0.315633
0.31547
0.315308
0.315145
0.314982
0.314819
0.314656
0.314494
0.314331
0.314169
0.314006
0.313843
0.313681
0.313518
0.313356
0.313194
0.313031
0.312869
0.312707
0.312544
0.312382
0.31222
0.312058
0.311896
0.311734
0.311571
0.311409
0.311247
0.311086
0.310924
0.310762
0.3106
0.310438
0.310276
0.310115
0.309953
0.309791
0.30963
0.309468
0.309307
0.309145
0.308984
0.308822
0.308661
0.308499
0.308338
0.308177
0.308016
0.307854
0.307693
0.307532
0.307371
0.30721
0.307049
0.306888
0.306727
0.306566
0.306405
0.306244
0.306084
0.305923
0.305762
0.305601
0.305441
0.30528
0.30512
0.304959
0.304799
0.304638
0.304478
0.304317
0.304157
0.303997
0.303836
0.303676
0.303516
0.303356
0.303196
0.303035
0.302875
0.302715
0.302555
0.302396
0.302236
0.302076
0.301916
0.301756
0.301596
0.301437
0.301277
0.301117
0.300958
0.300798
0.300639
0.300479
0.30032
0.30016
0.300001
0.299842
0.299682
0.299523
0.299364
0.299205
0.299046
0.298886
0.298727
0.298568
0.298409
0.29825
0.298092
0.297933
0.297774
0.297615
0.297456
0.297298
0.297139
0.29698
0.296822
0.296663
0.296505
0.296346
0.296188
0.296029
0.295871
0.295713
0.295554
0.295396
0.295238
0.29508
0.294922
0.294763
0.294605
0.294447
0.294289
0.294132
0.293974
0.293816
0.293658
0.2935
0.293342
0.293185
0.293027
0.292869
0.292712
0.292554
0.292397
0.292239
0.292082
0.291925
0.291767
0.29161
0.291453
0.291295
0.291138
0.290981
0.290824
0.290667
0.29051
0.290353
0.290196
0.290039
0.289882
0.289725
0.289569
0.289412
0.289255
0.289099
0.288942
0.288785
0.288629
0.288472
0.288316
0.288159
0.288003
0.287847
0.28769
0.287534
0.287378
0.287222
0.287066
0.286909
0.286753
0.286597
0.286441
0.286286
0.28613
0.285974
0.285818
0.285662
0.285506
0.285351
0.285195
0.285039
0.284884
0.284728
0.284573
0.284417
0.284262
0.284107
0.283951
0.283796
0.283641
0.283486
0.28333
0.283175
0.28302
0.282865
0.28271
0.282555
0.2824
0.282246
0.282091
0.281936
0.281781
0.281626
0.281472
0.281317
0.281163
0.281008
0.280854
0.280699
0.280545
0.28039
0.280236
0.280082
0.279927
0.279773
0.279619
0.279465
0.279311
0.279157
0.279003
0.278849
0.278695
0.278541
0.278387
0.278233
0.27808
0.277926
0.277772
0.277619
0.277465
0.277312
0.277158
0.277005
0.276851
0.276698
0.276545
0.276391
0.276238
0.276085
0.275932
0.275779
0.275626
0.275472
0.27532
0.275167
0.275014
0.274861
0.274708
0.274555
0.274402
0.27425
0.274097
0.273945
0.273792
0.273639
0.273487
0.273335
0.273182
0.27303
0.272878
0.272725
0.272573
0.272421
0.272269
0.272117
0.271965
0.271813
0.271661
0.271509
0.271357
0.271205
0.271053
0.270902
0.27075
0.270598
0.270447
0.270295
0.270143
0.269992
0.269841
0.269689
0.269538
0.269386
0.269235
0.269084
0.268933
0.268782
0.268631
0.268479
0.268328
0.268178
0.268027
0.267876
0.267725
0.267574
0.267423
0.267273
0.267122
0.266971
0.266821
0.26667
0.26652
0.266369
0.266219
0.266069
0.265918
0.265768
0.265618
0.265468
0.265318
0.265167
0.265017
0.264867
0.264717
0.264568
0.264418
0.264268
0.264118
0.263968
0.263819
0.263669
0.263519
0.26337
0.26322
0.263071
0.262921
0.262772
0.262623
0.262473
0.262324
0.262175
0.262026
0.261877
0.261728
0.261579
0.26143
0.261281
0.261132
0.260983
0.260834
0.260685
0.260537
0.260388
0.260239
0.260091
0.259942
0.259794
0.259645
0.259497
0.259349
0.2592
0.259052
0.258904
0.258756
0.258608
0.25846
0.258311
0.258163
0.258016
0.257868
0.25772
0.257572
0.257424
0.257276
0.257129
0.256981
0.256834
0.256686
0.256539
0.256391
0.256244
0.256096
0.255949
0.255802
0.255655
0.255507
0.25536
0.255213
0.255066
0.254919
0.254772
0.254625
0.254478
0.254332
0.254185
0.254038
0.253891
0.253745
0.253598
0.253452
0.253305
0.253159
0.253012
0.252866
0.25272
0.252573
0.252427
0.252281
0.252135
0.251989
0.251843
0.251697
0.251551
0.251405
0.251259
0.251113
0.250968
0.250822
0.250676
0.250531
0.250385
0.25024
0.250094
0.249949
0.249803
0.249658
0.249513
0.249367
0.249222
0.249077
0.248932
0.248787
0.248642
0.248497
0.248352
0.248207
0.248062
0.247917
0.247773
0.247628
0.247483
0.247339
0.247194
0.24705
0.246905
0.246761
0.246617
0.246472
0.246328
0.246184
0.24604
0.245895
0.245751
0.245607
0.245463
0.245319
0.245176
0.245032
0.244888
0.244744
0.2446
0.244457
0.244313
0.24417
0.244026
0.243883
0.243739
0.243596
0.243452
0.243309
0.243166
0.243023
0.24288
0.242737
0.242593
0.24245
0.242308
0.242165
0.242022
0.241879
0.241736
0.241593
0.241451
0.241308
0.241166
0.241023
0.240881
0.240738
0.240596
0.240454
0.240311
0.240169
0.240027
0.239885
0.239743
0.239601
0.239459
0.239317
0.239175
0.239033
0.238891
0.238749
0.238608
0.238466
0.238324
0.238183
0.238041
0.2379
0.237758
0.237617
0.237476
0.237334
0.237193
0.237052
0.236911
0.23677
0.236629
0.236488
0.236347
0.236206
0.236065
0.235924
0.235783
0.235643
0.235502
0.235361
0.235221
0.23508
0.23494
0.234799
0.234659
0.234519
0.234378
0.234238
0.234098
0.233958
0.233818
0.233678
0.233538
0.233398
0.233258
0.233118
0.232978
0.232839
0.232699
0.232559
0.23242
0.23228
0.232141
0.232001
0.231862
0.231722
0.231583
0.231444
0.231305
0.231166
0.231026
0.230887
0.230748
0.230609
0.230471
0.230332
0.230193
0.230054
0.229915
0.229777
0.229638
0.2295
0.229361
0.229223
0.229084
0.228946
0.228807
0.228669
0.228531
0.228393
0.228255
0.228117
0.227978
0.227841
0.227703
0.227565
0.227427
0.227289
0.227151
0.227014
0.226876
0.226738
0.226601
0.226463
0.226326
0.226189
0.226051
0.225914
0.225777
0.22564
0.225502
0.225365
0.225228
0.225091
0.224954
0.224817
0.224681
0.224544
0.224407
0.22427
0.224134
0.223997
0.22386
0.223724
0.223588
0.223451
0.223315
0.223178
0.223042
0.222906
0.22277
0.222634
0.222498
0.222362
0.222226
0.22209
0.221954
0.221818
0.221682
0.221547
0.221411
0.221275
0.22114
0.221004
0.220869
0.220734
0.220598
0.220463
0.220328
0.220192
0.220057
0.219922
0.219787
0.219652
0.219517
0.219382
0.219247
0.219113
0.218978
0.218843
0.218708
0.218574
0.218439
0.218305
0.21817
0.218036
0.217902
0.217767
0.217633
0.217499
0.217365
0.21723
0.217096
0.216962
0.216828
0.216695
0.216561
0.216427
0.216293
0.216159
0.216026
0.215892
0.215759
0.215625
0.215492
0.215358
0.215225
0.215092
0.214958
0.214825
0.214692
0.214559
0.214426
0.214293
0.21416
0.214027
0.213894
0.213761
0.213629
0.213496
0.213363
0.213231
0.213098
0.212966
0.212833
0.212701
0.212569
0.212436
0.212304
0.212172
0.21204
0.211908
0.211776
0.211644
0.211512
0.21138
0.211248
0.211116
0.210984
0.210853
0.210721
0.21059
0.210458
0.210327
0.210195
0.210064
0.209932
0.209801
0.20967
0.209539
0.209408
0.209277
0.209146
0.209015
0.208884
0.208753
0.208622
0.208491
0.208361
0.20823
0.208099
0.207969
0.207838
0.207708
0.207577
0.207447
0.207317
0.207186
0.207056
0.206926
0.206796
0.206666
0.206536
0.206406
0.206276
0.206146
0.206016
0.205887
0.205757
0.205627
0.205498
0.205368
0.205239
0.205109
0.20498
0.204851
0.204721
0.204592
0.204463
0.204334
0.204205
0.204076
0.203947
0.203818
0.203689
0.20356
0.203431
0.203303
0.203174
0.203045
0.202917
0.202788
0.20266
0.202532
0.202403
0.202275
0.202147
0.202018
0.20189
0.201762
0.201634
0.201506
0.201378
0.20125
0.201123
0.200995
0.200867
0.200739
0.200612
0.200484
0.200357
0.200229
0.200102
0.199974
0.199847
0.19972
0.199593
0.199465
0.199338
0.199211
0.199084
0.198957
0.19883
0.198704
0.198577
0.19845
0.198323
0.198197
0.19807
0.197943
0.197817
0.197691
0.197564
0.197438
0.197312
0.197185
0.197059
0.196933
0.196807
0.196681
0.196555
0.196429
0.196303
0.196177
0.196052
0.195926
0.1958
0.195675
0.195549
0.195424
0.195298
0.195173
0.195047
0.194922
0.194797
0.194672
0.194547
0.194421
0.194296
0.194171
0.194047
0.193922
0.193797
0.193672
0.193547
0.193423
0.193298
0.193173
0.193049
0.192925
0.1928
0.192676
0.192551
0.192427
0.192303
0.192179
0.192055
0.191931
0.191807
0.191683
0.191559
0.191435
0.191311
0.191188
0.191064
0.19094
0.190817
0.190693
0.19057
0.190446
0.190323
0.1902
0.190076
0.189953
0.18983
0.189707
0.189584
0.189461
0.189338
0.189215
0.189092
0.188969
0.188847
0.188724
0.188601
0.188479
0.188356
0.188234
0.188111
0.187989
0.187867
0.187744
0.187622
0.1875
0.187378
0.187256
0.187134
0.187012
0.18689
0.186768
0.186646
0.186525
0.186403
0.186281
0.18616
0.186038
0.185917
0.185795
0.185674
0.185553
0.185432
0.18531
0.185189
0.185068
0.184947
0.184826
0.184705
0.184584
0.184463
0.184343
0.184222
0.184101
0.18398
0.18386
0.183739
0.183619
0.183498
0.183378
0.183258
0.183138
0.183017
0.182897
0.182777
0.182657
0.182537
0.182417
0.182297
0.182177
0.182058
0.181938
0.181818
0.181699
0.181579
0.181459
0.18134
0.181221
0.181101
0.180982
0.180863
0.180743
0.180624
0.180505
0.180386
0.180267
0.180148
0.180029
0.17991
0.179792
0.179673
0.179554
0.179436
0.179317
0.179199
0.17908
0.178962
0.178843
0.178725
0.178607
0.178489
0.17837
0.178252
0.178134
0.178016
0.177898
0.17778
0.177663
0.177545
0.177427
0.177309
0.177192
0.177074
0.176957
0.176839
0.176722
0.176605
0.176487
0.17637
0.176253
0.176136
0.176019
0.175901
0.175785
0.175668
0.175551
0.175434
0.175317
0.1752
0.175084
0.174967
0.174851
0.174734
0.174618
0.174501
0.174385
0.174269
0.174152
0.174036
0.17392
0.173804
0.173688
0.173572
0.173456
0.17334
0.173224
0.173108
0.172993
0.172877
0.172762
0.172646
0.17253
0.172415
0.1723
0.172184
0.172069
0.171954
0.171839
0.171723
0.171608
0.171493
0.171378
0.171263
0.171149
0.171034
0.170919
0.170804
0.17069
0.170575
0.170461
0.170346
0.170232
0.170117
0.170003
0.169889
0.169774
0.16966
0.169546
0.169432
0.169318
0.169204
0.16909
0.168976
0.168862
0.168749
0.168635
0.168521
0.168408
0.168294
0.168181
0.168067
0.167954
0.167841
0.167727
0.167614
0.167501
0.167388
0.167275
0.167162
0.167049
0.166936
0.166823
0.16671
0.166598
0.166485
0.166372
0.16626
0.166147
0.166035
0.165922
0.16581
0.165698
0.165585
0.165473
0.165361
0.165249
0.165137
0.165025
0.164913
0.164801
0.164689
0.164577
0.164466
0.164354
0.164242
0.164131
0.164019
0.163908
0.163796
0.163685
0.163574
0.163462
0.163351
0.16324
0.163129
0.163018
0.162907
0.162796
0.162685
0.162574
0.162464
0.162353
0.162242
0.162132
0.162021
0.161911
0.1618
0.16169
0.161579
0.161469
0.161359
0.161249
0.161138
0.161028
0.160918
0.160808
0.160698
0.160589
0.160479
0.160369
0.160259
0.16015
0.16004
0.15993
0.159821
0.159712
0.159602
0.159493
0.159384
0.159274
0.159165
0.159056
0.158947
0.158838
0.158729
0.15862
0.158511
0.158402
0.158294
0.158185
0.158076
0.157968
0.157859
0.157751
0.157642
0.157534
0.157425
0.157317
0.157209
0.157101
0.156993
0.156885
0.156777
0.156669
0.156561
0.156453
0.156345
0.156237
0.15613
0.156022
0.155914
0.155807
0.155699
0.155592
0.155485
0.155377
0.15527
0.155163
0.155056
0.154949
0.154841
0.154734
0.154628
0.154521
0.154414
0.154307
0.1542
0.154094
0.153987
0.15388
0.153774
0.153667
0.153561
0.153455
0.153348
0.153242
0.153136
0.15303
0.152924
0.152818
0.152712
0.152606
0.1525
0.152394
0.152288
0.152182
0.152077
0.151971
0.151865
0.15176
0.151654
0.151549
0.151444
0.151338
0.151233
0.151128
0.151023
0.150918
0.150813
0.150708
0.150603
0.150498
0.150393
0.150288
0.150184
0.150079
0.149974
0.14987
0.149765
0.149661
0.149556
0.149452
0.149348
0.149243
0.149139
0.149035
0.148931
0.148827
0.148723
0.148619
0.148515
0.148411
0.148308
0.148204
0.1481
0.147997
0.147893
0.147789
0.147686
0.147583
0.147479
0.147376
0.147273
0.14717
0.147066
0.146963
0.14686
0.146757
0.146654
0.146552
0.146449
0.146346
0.146243
0.146141
0.146038
0.145935
0.145833
0.14573
0.145628
0.145526
0.145423
0.145321
0.145219
0.145117
0.145015
0.144913
0.144811
0.144709
0.144607
0.144505
0.144403
0.144302
0.1442
0.144098
0.143997
0.143895
0.143794
0.143692
0.143591
0.14349
0.143389
0.143287
0.143186
0.143085
0.142984
0.142883
0.142782
0.142681
0.142581
0.14248
0.142379
0.142278
0.142178
0.142077
0.141977
0.141876
0.141776
0.141676
0.141575
0.141475
0.141375
0.141275
0.141175
0.141075
0.140975
0.140875
0.140775
0.140675
0.140575
0.140476
0.140376
0.140276
0.140177
0.140077
0.139978
0.139878
0.139779
0.13968
0.13958
0.139481
0.139382
0.139283
0.139184
0.139085
0.138986
0.138887
0.138788
0.13869
0.138591
0.138492
0.138394
0.138295
0.138197
0.138098
0.138
0.137901
0.137803
0.137705
0.137607
0.137508
0.13741
0.137312
0.137214
0.137116
0.137019
0.136921
0.136823
0.136725
0.136628
0.13653
0.136432
0.136335
0.136237
0.13614
0.136043
0.135945
0.135848
0.135751
0.135654
0.135557
0.13546
0.135363
0.135266
0.135169
0.135072
0.134975
0.134878
0.134782
0.134685
0.134588
0.134492
0.134395
0.134299
0.134203
0.134106
0.13401
0.133914
0.133818
0.133722
0.133626
0.13353
0.133434
0.133338
0.133242
0.133146
0.13305
0.132955
0.132859
0.132763
0.132668
0.132572
0.132477
0.132382
0.132286
0.132191
0.132096
0.132001
0.131905
0.13181
0.131715
0.13162
0.131525
0.131431
0.131336
0.131241
0.131146
0.131052
0.130957
0.130863
0.130768
0.130674
0.130579
0.130485
0.130391
0.130296
0.130202
0.130108
0.130014
0.12992
0.129826
0.129732
0.129638
0.129544
0.12945
0.129357
0.129263
0.129169
0.129076
0.128982
0.128889
0.128796
0.128702
0.128609
0.128516
0.128422
0.128329
0.128236
0.128143
0.12805
0.127957
0.127864
0.127771
0.127679
0.127586
0.127493
0.1274
0.127308
0.127215
0.127123
0.12703
0.126938
0.126846
0.126753
0.126661
0.126569
0.126477
0.126385
0.126293
0.126201
0.126109
0.126017
0.125925
0.125833
0.125742
0.12565
0.125558
0.125467
0.125375
0.125284
0.125193
0.125101
0.12501
0.124919
0.124827
0.124736
0.124645
0.124554
0.124463
0.124372
0.124281
0.12419
0.1241
0.124009
0.123918
0.123828
0.123737
0.123646
0.123556
0.123465
0.123375
0.123285
0.123194
0.123104
0.123014
0.122924
0.122834
0.122744
0.122654
0.122564
0.122474
0.122384
0.122294
0.122205
0.122115
0.122025
0.121936
0.121846
0.121757
0.121667
0.121578
0.121489
0.1214
0.12131
0.121221
0.121132
0.121043
0.120954
0.120865
0.120776
0.120687
0.120598
0.12051
0.120421
0.120332
0.120244
0.120155
0.120067
0.119978
0.11989
0.119801
0.119713
0.119625
0.119537
0.119449
0.11936
0.119272
0.119184
0.119096
0.119009
0.118921
0.118833
0.118745
0.118657
0.11857
0.118482
0.118395
0.118307
0.11822
0.118132
0.118045
0.117958
0.11787
0.117783
0.117696
0.117609
0.117522
0.117435
0.117348
0.117261
0.117174
0.117088
0.117001
0.116914
0.116828
0.116741
0.116654
0.116568
0.116481
0.116395
0.116309
0.116222
0.116136
0.11605
0.115964
0.115878
0.115792
0.115706
0.11562
0.115534
0.115448
0.115362
0.115277
0.115191
0.115105
0.11502
0.114934
0.114849
0.114763
0.114678
0.114593
0.114507
0.114422
0.114337
0.114252
0.114167
0.114082
0.113997
0.113912
0.113827
0.113742
0.113657
0.113572
0.113488
0.113403
0.113319
0.113234
0.11315
0.113065
0.112981
0.112896
0.112812
0.112728
0.112644
0.112559
0.112475
0.112391
0.112307
0.112223
0.11214
0.112056
0.111972
0.111888
0.111804
0.111721
0.111637
0.111554
0.11147
0.111387
0.111303
0.11122
0.111137
0.111053
0.11097
0.110887
0.110804
0.110721
0.110638
0.110555
0.110472
0.110389
0.110306
0.110224
0.110141
0.110058
0.109976
0.109893
0.109811
0.109728
0.109646
0.109563
0.109481
0.109399
0.109317
0.109234
0.109152
0.10907
0.108988
0.108906
0.108824
0.108743
0.108661
0.108579
0.108497
0.108416
0.108334
0.108252
0.108171
0.108089
0.108008
0.107927
0.107845
0.107764
0.107683
0.107602
0.10752
0.107439
0.107358
0.107277
0.107196
0.107115
0.107035
0.106954
0.106873
0.106792
0.106712
0.106631
0.106551
0.10647
0.10639
0.106309
0.106229
0.106149
0.106068
0.105988
0.105908
0.105828
0.105748
0.105668
0.105588
0.105508
0.105428
0.105348
0.105268
0.105189
0.105109
0.105029
0.10495
0.10487
0.104791
0.104711
0.104632
0.104553
0.104473
0.104394
0.104315
0.104236
0.104157
0.104078
0.103999
0.10392
0.103841
0.103762
0.103683
0.103604
0.103526
0.103447
0.103368
0.10329
0.103211
0.103133
0.103054
0.102976
0.102898
0.102819
0.102741
0.102663
0.102585
0.102507
0.102429
0.102351
0.102273
0.102195
0.102117
0.102039
0.101962
0.101884
0.101806
0.101729
0.101651
0.101573
0.101496
0.101419
0.101341
0.101264
0.101187
0.101109
0.101032
0.100955
0.100878
0.100801
0.100724
0.100647
0.10057
0.100493
0.100417
0.10034
0.100263
0.100186
0.10011
0.100033
0.0999568
0.0998803
0.0998039
0.0997275
0.0996512
0.099575
0.0994987
0.0994226
0.0993464
0.0992703
0.0991943
0.0991183
0.0990424
0.0989665
0.0988906
0.0988148
0.0987391
0.0986634
0.0985877
0.0985121
0.0984365
0.098361
0.0982856
0.0982101
0.0981348
0.0980594
0.0979842
0.0979089
0.0978337
0.0977586
0.0976835
0.0976085
0.0975335
0.0974585
0.0973836
0.0973088
0.0972339
0.0971592
0.0970845
0.0970098
0.0969352
0.0968606
0.0967861
0.0967116
0.0966372
0.0965628
0.0964884
0.0964141
0.0963399
0.0962657
0.0961915
0.0961174
0.0960434
0.0959693
0.0958954
0.0958214
0.0957476
0.0956737
0.0956
0.0955262
0.0954525
0.0953789
0.0953053
0.0952318
0.0951583
0.0950848
0.0950114
0.094938
0.0948647
0.0947914
0.0947182
0.094645
0.0945719
0.0944988
0.0944258
0.0943528
0.0942799
0.094207
0.0941341
0.0940613
0.0939885
0.0939158
0.0938432
0.0937705
0.093698
0.0936254
0.0935529
0.0934805
0.0934081
0.0933358
0.0932635
0.0931912
0.093119
0.0930469
0.0929747
0.0929027
0.0928306
0.0927587
0.0926867
0.0926149
0.092543
0.0924712
0.0923995
0.0923278
0.0922561
0.0921845
0.0921129
0.0920414
0.09197
0.0918985
0.0918272
0.0917558
0.0916845
0.0916133
0.0915421
0.0914709
0.0913998
0.0913288
0.0912578
0.0911868
0.0911159
0.091045
0.0909742
0.0909034
0.0908326
0.0907619
0.0906913
0.0906207
0.0905501
0.0904796
0.0904091
0.0903387
0.0902683
0.090198
0.0901277
0.0900575
0.0899873
0.0899171
0.089847
0.089777
0.0897069
0.089637
0.0895671
0.0894972
0.0894273
0.0893575
0.0892878
0.0892181
0.0891485
0.0890788
0.0890093
0.0889398
0.0888703
0.0888009
0.0887315
0.0886621
0.0885928
0.0885236
0.0884544
0.0883852
0.0883161
0.0882471
0.088178
0.0881091
0.0880401
0.0879712
0.0879024
0.0878336
0.0877648
0.0876961
0.0876275
0.0875588
0.0874903
0.0874217
0.0873532
0.0872848
0.0872164
0.0871481
0.0870798
0.0870115
0.0869433
0.0868751
0.086807
0.0867389
0.0866708
0.0866028
0.0865349
0.086467
0.0863991
0.0863313
0.0862635
0.0861958
0.0861281
0.0860605
0.0859929
0.0859253
0.0858578
0.0857904
0.0857229
0.0856556
0.0855882
0.085521
0.0854537
0.0853865
0.0853194
0.0852523
0.0851852
0.0851182
0.0850512
0.0849843
0.0849174
0.0848505
0.0847837
0.084717
0.0846503
0.0845836
0.084517
0.0844504
0.0843839
0.0843174
0.0842509
0.0841845
0.0841181
0.0840518
0.0839856
0.0839193
0.0838531
0.083787
0.0837209
0.0836548
0.0835888
0.0835229
0.0834569
0.0833911
0.0833252
0.0832594
0.0831937
0.083128
0.0830623
0.0829967
0.0829311
0.0828656
0.0828001
0.0827347
0.0826693
0.0826039
0.0825386
0.0824733
0.0824081
0.0823429
0.0822778
0.0822127
0.0821476
0.0820826
0.0820177
0.0819527
0.0818879
0.081823
0.0817582
0.0816935
0.0816288
0.0815641
0.0814995
0.0814349
0.0813704
0.0813059
0.0812414
0.081177
0.0811127
0.0810483
0.0809841
0.0809198
0.0808556
0.0807915
0.0807274
0.0806633
0.0805993
0.0805353
0.0804714
0.0804075
0.0803437
0.0802799
0.0802161
0.0801524
0.0800887
0.0800251
0.0799615
0.0798979
0.0798344
0.079771
0.0797075
0.0796442
0.0795808
0.0795175
0.0794543
0.0793911
0.0793279
0.0792648
0.0792017
0.0791387
0.0790757
0.0790127
0.0789498
0.078887
0.0788241
0.0787614
0.0786986
0.0786359
0.0785733
0.0785107
0.0784481
0.0783856
0.0783231
0.0782606
0.0781982
0.0781359
0.0780736
0.0780113
0.077949
0.0778869
0.0778247
0.0777626
0.0777005
0.0776385
0.0775765
0.0775146
0.0774527
0.0773908
0.077329
0.0772673
0.0772055
0.0771439
0.0770822
0.0770206
0.076959
0.0768975
0.076836
0.0767746
0.0767132
0.0766519
0.0765906
0.0765293
0.0764681
0.0764069
0.0763457
0.0762846
0.0762236
0.0761626
0.0761016
0.0760406
0.0759798
0.0759189
0.0758581
0.0757973
0.0757366
0.0756759
0.0756153
0.0755547
0.0754941
0.0754336
0.0753731
0.0753127
0.0752523
0.0751919
0.0751316
0.0750713
0.0750111
0.0749509
0.0748908
0.0748307
0.0747706
0.0747106
0.0746506
0.0745906
0.0745307
0.0744709
0.0744111
0.0743513
0.0742915
0.0742318
0.0741722
0.0741126
0.074053
0.0739935
0.073934
0.0738745
0.0738151
0.0737558
0.0736964
0.0736371
0.0735779
0.0735187
0.0734595
0.0734004
0.0733413
0.0732823
0.0732233
0.0731643
0.0731054
0.0730465
0.0729877
0.0729289
0.0728701
0.0728114
0.0727527
0.0726941
0.0726355
0.0725769
0.0725184
0.07246
0.0724015
0.0723431
0.0722848
0.0722265
0.0721682
0.07211
0.0720518
0.0719936
0.0719355
0.0718774
0.0718194
0.0717614
0.0717035
0.0716456
0.0715877
0.0715299
0.0714721
0.0714143
0.0713566
0.071299
0.0712413
0.0711837
0.0711262
0.0710687
0.0710112
0.0709538
0.0708964
0.0708391
0.0707817
0.0707245
0.0706672
0.0706101
0.0705529
0.0704958
0.0704387
0.0703817
0.0703247
0.0702678
0.0702109
0.070154
0.0700972
0.0700404
0.0699836
0.0699269
0.0698702
0.0698136
0.069757
0.0697004
0.0696439
0.0695875
0.069531
0.0694746
0.0694183
0.069362
0.0693057
0.0692494
0.0691933
0.0691371
0.069081
0.0690249
0.0689689
0.0689129
0.0688569
0.068801
0.0687451
0.0686892
0.0686334
0.0685777
0.0685219
0.0684663
0.0684106
0.068355
0.0682994
0.0682439
0.0681884
0.068133
0.0680775
0.0680222
0.0679668
0.0679115
0.0678563
0.0678011
0.0677459
0.0676907
0.0676356
0.0675806
0.0675255
0.0674706
0.0674156
0.0673607
0.0673058
0.067251
0.0671962
0.0671415
0.0670867
0.0670321
0.0669774
0.0669228
0.0668683
0.0668138
0.0667593
0.0667048
0.0666504
0.0665961
0.0665417
0.0664874
0.0664332
0.066379
0.0663248
0.0662707
0.0662166
0.0661625
0.0661085
0.0660545
0.0660005
0.0659466
0.0658928
0.0658389
0.0657852
0.0657314
0.0656777
0.065624
0.0655704
0.0655168
0.0654632
0.0654097
0.0653562
0.0653027
0.0652493
0.065196
0.0651426
0.0650893
0.0650361
0.0649828
0.0649297
0.0648765
0.0648234
0.0647703
0.0647173
0.0646643
0.0646114
0.0645584
0.0645056
0.0644527
0.0643999
0.0643472
0.0642944
0.0642417
0.0641891
0.0641365
0.0640839
0.0640313
0.0639788
0.0639264
0.0638739
0.0638215
0.0637692
0.0637169
0.0636646
0.0636124
0.0635602
0.063508
0.0634559
0.0634038
0.0633517
0.0632997
0.0632477
0.0631958
0.0631439
0.063092
0.0630402
0.0629884
0.0629366
0.0628849
0.0628332
0.0627816
0.06273
0.0626784
0.0626269
0.0625754
0.0625239
0.0624725
0.0624211
0.0623698
0.0623184
0.0622672
0.0622159
0.0621647
0.0621136
0.0620624
0.0620114
0.0619603
0.0619093
0.0618583
0.0618074
0.0617565
0.0617056
0.0616548
0.061604
0.0615532
0.0615025
0.0614518
0.0614011
0.0613505
0.0613
0.0612494
0.0611989
0.0611484
0.061098
0.0610476
0.0609973
0.0609469
0.0608967
0.0608464
0.0607962
0.060746
0.0606959
0.0606458
0.0605957
0.0605457
0.0604957
0.0604457
0.0603958
0.0603459
0.0602961
0.0602463
0.0601965
0.0601468
0.0600971
0.0600474
0.0599978
0.0599482
0.0598986
0.0598491
0.0597996
0.0597501
0.0597007
0.0596513
0.059602
0.0595527
0.0595034
0.0594542
0.059405
0.0593558
0.0593067
0.0592576
0.0592085
0.0591595
0.0591105
0.0590616
0.0590127
0.0589638
0.058915
0.0588661
0.0588174
0.0587686
0.0587199
0.0586713
0.0586226
0.0585741
0.0585255
0.058477
0.0584285
0.05838
0.0583316
0.0582832
0.0582349
0.0581866
0.0581383
0.0580901
0.0580419
0.0579937
0.0579456
0.0578975
0.0578494
0.0578014
0.0577534
0.0577054
0.0576575
0.0576096
0.0575618
0.0575139
0.0574662
0.0574184
0.0573707
0.057323
0.0572754
0.0572278
0.0571802
0.0571327
0.0570852
0.0570377
0.0569903
0.0569429
0.0568955
0.0568482
0.0568009
0.0567536
0.0567064
0.0566592
0.0566121
0.056565
0.0565179
0.0564708
0.0564238
0.0563768
0.0563299
0.056283
0.0562361
0.0561893
0.0561425
0.0560957
0.0560489
0.0560022
0.0559556
0.0559089
0.0558623
0.0558158
0.0557692
0.0557227
0.0556763
0.0556299
0.0555835
0.0555371
0.0554908
0.0554445
0.0553982
0.055352
0.0553058
0.0552597
0.0552135
0.0551675
0.0551214
0.0550754
0.0550294
0.0549835
0.0549375
0.0548917
0.0548458
0.0548
0.0547542
0.0547085
0.0546628
0.0546171
0.0545714
0.0545258
0.0544803
0.0544347
0.0543892
0.0543437
0.0542983
0.0542529
0.0542075
0.0541622
0.0541169
0.0540716
0.0540264
0.0539812
0.053936
0.0538908
0.0538457
0.0538007
0.0537556
0.0537106
0.0536657
0.0536207
0.0535758
0.053531
0.0534861
0.0534413
0.0533966
0.0533518
0.0533071
0.0532624
0.0532178
0.0531732
0.0531286
0.0530841
0.0530396
0.0529951
0.0529507
0.0529063
0.0528619
0.0528176
0.0527733
0.052729
0.0526848
0.0526406
0.0525964
0.0525523
0.0525082
0.0524641
0.0524201
0.0523761
0.0523321
0.0522881
0.0522442
0.0522004
0.0521565
0.0521127
0.0520689
0.0520252
0.0519815
0.0519378
0.0518942
0.0518506
0.051807
0.0517634
0.0517199
0.0516764
0.051633
0.0515896
0.0515462
0.0515028
0.0514595
0.0514162
0.051373
0.0513298
0.0512866
0.0512434
0.0512003
0.0511572
0.0511142
0.0510711
0.0510281
0.0509852
0.0509423
0.0508994
0.0508565
0.0508137
0.0507709
0.0507281
0.0506854
0.0506427
0.0506
0.0505574
0.0505148
0.0504722
0.0504296
0.0503871
0.0503447
0.0503022
0.0502598
0.0502174
0.0501751
0.0501327
0.0500905
0.0500482
0.050006
0.0499638
0.0499216
0.0498795
0.0498374
0.0497954
0.0497533
0.0497113
0.0496694
0.0496274
0.0495855
0.0495437
0.0495018
0.04946
0.0494182
0.0493765
0.0493348
0.0492931
0.0492515
0.0492098
0.0491683
0.0491267
0.0490852
0.0490437
0.0490022
0.0489608
0.0489194
0.048878
0.0488367
0.0487954
0.0487541
0.0487129
0.0486717
0.0486305
0.0485893
0.0485482
0.0485072
0.0484661
0.0484251
0.0483841
0.0483431
0.0483022
0.0482613
0.0482204
0.0481796
0.0481388
0.048098
0.0480573
0.0480166
0.0479759
0.0479353
0.0478946
0.0478541
0.0478135
0.047773
0.0477325
0.047692
0.0476516
0.0476112
0.0475708
0.0475305
0.0474902
0.0474499
0.0474096
0.0473694
0.0473292
0.0472891
0.047249
0.0472089
0.0471688
0.0471288
0.0470888
0.0470488
0.0470089
0.046969
0.0469291
0.0468892
0.0468494
0.0468096
0.0467699
0.0467301
0.0466904
0.0466508
0.0466111
0.0465715
0.046532
0.0464924
0.0464529
0.0464134
0.046374
0.0463345
0.0462952
0.0462558
0.0462165
0.0461772
0.0461379
0.0460986
0.0460594
0.0460203
0.0459811
0.045942
0.0459029
0.0458638
0.0458248
0.0457858
0.0457468
0.0457079
0.045669
0.0456301
0.0455912
0.0455524
0.0455136
0.0454749
0.0454361
0.0453974
0.0453588
0.0453201
0.0452815
0.0452429
0.0452044
0.0451658
0.0451273
0.0450889
0.0450504
0.045012
0.0449737
0.0449353
0.044897
0.0448587
0.0448205
0.0447822
0.044744
0.0447059
0.0446677
0.0446296
0.0445915
0.0445535
0.0445155
0.0444775
0.0444395
0.0444016
0.0443637
0.0443258
0.044288
0.0442501
0.0442124
0.0441746
0.0441369
0.0440992
0.0440615
0.0440239
0.0439862
0.0439487
0.0439111
0.0438736
0.0438361
0.0437986
0.0437612
0.0437238
0.0436864
0.043649
0.0436117
0.0435744
0.0435372
0.0434999
0.0434627
0.0434256
0.0433884
0.0433513
0.0433142
0.0432771
0.0432401
0.0432031
0.0431661
0.0431292
0.0430923
0.0430554
0.0430185
0.0429817
0.0429449
0.0429081
0.0428714
0.0428346
0.0427979
0.0427613
0.0427247
0.0426881
0.0426515
0.0426149
0.0425784
0.0425419
0.0425055
0.042469
0.0424326
0.0423963
0.0423599
0.0423236
0.0422873
0.042251
0.0422148
0.0421786
0.0421424
0.0421063
0.0420701
0.0420341
0.041998
0.0419619
0.0419259
0.04189
0.041854
0.0418181
0.0417822
0.0417463
0.0417105
0.0416747
0.0416389
0.0416031
0.0415674
0.0415317
0.041496
0.0414604
0.0414248
0.0413892
0.0413536
0.0413181
0.0412826
0.0412471
0.0412117
0.0411762
0.0411408
0.0411055
0.0410701
0.0410348
0.0409995
0.0409643
0.0409291
0.0408939
0.0408587
0.0408235
0.0407884
0.0407533
0.0407183
0.0406832
0.0406482
0.0406132
0.0405783
0.0405434
0.0405085
0.0404736
0.0404388
0.0404039
0.0403691
0.0403344
0.0402997
0.0402649
0.0402303
0.0401956
0.040161
0.0401264
0.0400918
0.0400573
0.0400228
0.0399883
0.0399538
0.0399194
0.039885
0.0398506
0.0398162
0.0397819
0.0397476
0.0397133
0.0396791
0.0396449
0.0396107
0.0395765
0.0395424
0.0395083
0.0394742
0.0394401
0.0394061
0.0393721
0.0393381
0.0393042
0.0392703
0.0392364
0.0392025
0.0391687
0.0391348
0.039101
0.0390673
0.0390336
0.0389998
0.0389662
0.0389325
0.0388989
0.0388653
0.0388317
0.0387981
0.0387646
0.0387311
0.0386977
0.0386642
0.0386308
0.0385974
0.038564
0.0385307
0.0384974
0.0384641
0.0384309
0.0383976
0.0383644
0.0383312
0.0382981
0.038265
0.0382319
0.0381988
0.0381657
0.0381327
0.0380997
0.0380668
0.0380338
0.0380009
0.037968
0.0379351
0.0379023
0.0378695
0.0378367
0.0378039
0.0377712
0.0377385
0.0377058
0.0376732
0.0376405
0.0376079
0.0375753
0.0375428
0.0375103
0.0374778
0.0374453
0.0374128
0.0373804
0.037348
0.0373156
0.0372833
0.037251
0.0372187
0.0371864
0.0371542
0.0371219
0.0370897
0.0370576
0.0370254
0.0369933
0.0369612
0.0369292
0.0368971
0.0368651
0.0368331
0.0368012
0.0367692
0.0367373
0.0367054
0.0366736
0.0366417
0.0366099
0.0365781
0.0365464
0.0365147
0.0364829
0.0364513
0.0364196
0.036388
0.0363564
0.0363248
0.0362932
0.0362617
0.0362302
0.0361987
0.0361672
0.0361358
0.0361044
0.036073
0.0360417
0.0360103
0.035979
0.0359478
0.0359165
0.0358853
0.0358541
0.0358229
0.0357917
0.0357606
0.0357295
0.0356984
0.0356674
0.0356363
0.0356053
0.0355743
0.0355434
0.0355125
0.0354815
0.0354507
0.0354198
0.035389
0.0353582
0.0353274
0.0352966
0.0352659
0.0352352
0.0352045
0.0351738
0.0351432
0.0351126
0.035082
0.0350514
0.0350209
0.0349904
0.0349599
0.0349294
0.034899
0.0348686
0.0348382
0.0348078
0.0347775
0.0347472
0.0347169
0.0346866
0.0346564
0.0346262
0.034596
0.0345658
0.0345356
0.0345055
0.0344754
0.0344453
0.0344153
0.0343853
0.0343553
0.0343253
0.0342953
0.0342654
0.0342355
0.0342056
0.0341758
0.0341459
0.0341161
0.0340863
0.0340566
0.0340268
0.0339971
0.0339674
0.0339378
0.0339081
0.0338785
0.0338489
0.0338194
0.0337898
0.0337603
0.0337308
0.0337013
0.0336719
0.0336424
0.033613
0.0335837
0.0335543
0.033525
0.0334957
0.0334664
0.0334371
0.0334079
0.0333787
0.0333495
0.0333203
0.0332912
0.0332621
0.033233
0.0332039
0.0331749
0.0331458
0.0331168
0.0330879
0.0330589
0.03303
0.0330011
0.0329722
0.0329433
0.0329145
0.0328857
0.0328569
0.0328281
0.0327994
0.0327706
0.0327419
0.0327133
0.0326846
0.032656
0.0326274
0.0325988
0.0325703
0.0325417
0.0325132
0.0324847
0.0324563
0.0324278
0.0323994
0.032371
0.0323426
0.0323143
0.0322859
0.0322576
0.0322294
0.0322011
0.0321729
0.0321447
0.0321165
0.0320883
0.0320602
0.032032
0.0320039
0.0319759
0.0319478
0.0319198
0.0318918
0.0318638
0.0318358
0.0318079
0.03178
0.0317521
0.0317242
0.0316964
0.0316686
0.0316408
0.031613
0.0315852
0.0315575
0.0315298
0.0315021
0.0314744
0.0314468
0.0314192
0.0313916
0.031364
0.0313364
0.0313089
0.0312814
0.0312539
0.0312264
0.031199
0.0311716
0.0311442
0.0311168
0.0310895
0.0310621
0.0310348
0.0310075
0.0309803
0.030953
0.0309258
0.0308986
0.0308714
0.0308443
0.0308172
0.03079
0.030763
0.0307359
0.0307089
0.0306818
0.0306548
0.0306279
0.0306009
0.030574
0.0305471
0.0305202
0.0304933
0.0304665
0.0304397
0.0304129
0.0303861
0.0303593
0.0303326
0.0303059
0.0302792
0.0302525
0.0302259
0.0301993
0.0301727
0.0301461
0.0301195
0.030093
0.0300665
0.03004
0.0300135
0.0299871
0.0299606
0.0299342
0.0299078
0.0298815
0.0298551
0.0298288
0.0298025
0.0297762
0.02975
0.0297238
0.0296975
0.0296714
0.0296452
0.029619
0.0295929
0.0295668
0.0295407
0.0295147
0.0294886
0.0294626
0.0294366
0.0294106
0.0293847
0.0293587
0.0293328
0.0293069
0.0292811
0.0292552
0.0292294
0.0292036
0.0291778
0.029152
