Vec Object: Vec_0x564e6ef080c0_0 1 MPI process
  type: seq
1.
0.999643
0.999287
0.99893
0.998574
0.998218
0.997861
0.997505
0.997149
0.996792
0.996436
0.99608
0.995724
0.995368
0.995012
0.994656
0.9943
0.993944
0.993588
0.993232
0.992876
0.99252
0.992164
0.991809
0.991453
0.991097
0.990742
0.990386
0.99003
0.989675
0.989319
0.988964
0.988609
0.988253
0.987898
0.987542
0.987187
0.986832
0.986477
0.986122
0.985767
0.985411
0.985056
0.984701
0.984346
0.983991
0.983637
0.983282
0.982927
0.982572
0.982217
0.981863
0.981508
0.981153
0.980799
0.980444
0.98009
0.979735
0.979381
0.979026
0.978672
0.978317
0.977963
0.977609
0.977255
0.9769
0.976546
0.976192
0.975838
0.975484
0.97513
0.974776
0.974422
0.974068
0.973714
0.973361
0.973007
0.972653
0.972299
0.971946
0.971592
0.971238
0.970885
0.970531
0.970178
0.969824
0.969471
0.969118
0.968764
0.968411
0.968058
0.967704
0.967351
0.966998
0.966645
0.966292
0.965939
0.965586
0.965233
0.96488
0.964527
0.964174
0.963821
0.963468
0.963116
0.962763
0.96241
0.962058
0.961705
0.961353
0.961
0.960648
0.960295
0.959943
0.95959
0.959238
0.958886
0.958533
0.958181
0.957829
0.957477
0.957125
0.956773
0.956421
0.956069
0.955717
0.955365
0.955013
0.954661
0.954309
0.953957
0.953606
0.953254
0.952902
0.952551
0.952199
0.951847
0.951496
0.951144
0.950793
0.950442
0.95009
0.949739
0.949388
0.949036
0.948685
0.948334
0.947983
0.947632
0.947281
0.94693
0.946579
0.946228
0.945877
0.945526
0.945175
0.944824
0.944474
0.944123
0.943772
0.943421
0.943071
0.94272
0.94237
0.942019
0.941669
0.941318
0.940968
0.940618
0.940267
0.939917
0.939567
0.939217
0.938866
0.938516
0.938166
0.937816
0.937466
0.937116
0.936766
0.936416
0.936067
0.935717
0.935367
0.935017
0.934668
0.934318
0.933968
0.933619
0.933269
0.93292
0.93257
0.932221
0.931871
0.931522
0.931173
0.930823
0.930474
0.930125
0.929776
0.929427
0.929077
0.928728
0.928379
0.92803
0.927681
0.927333
0.926984
0.926635
0.926286
0.925937
0.925589
0.92524
0.924891
0.924543
0.924194
0.923846
0.923497
0.923149
0.9228
0.922452
0.922104
0.921755
0.921407
0.921059
0.920711
0.920362
0.920014
0.919666
0.919318
0.91897
0.918622
0.918274
0.917927
0.917579
0.917231
0.916883
0.916535
0.916188
0.91584
0.915492
0.915145
0.914797
0.91445
0.914102
0.913755
0.913408
0.91306
0.912713
0.912366
0.912019
0.911671
0.911324
0.910977
0.91063
0.910283
0.909936
0.909589
0.909242
0.908895
0.908548
0.908202
0.907855
0.907508
0.907162
0.906815
0.906468
0.906122
0.905775
0.905429
0.905082
0.904736
0.904389
0.904043
0.903697
0.903351
0.903004
0.902658
0.902312
0.901966
0.90162
0.901274
0.900928
0.900582
0.900236
0.89989
0.899544
0.899199
0.898853
0.898507
0.898161
0.897816
0.89747
0.897125
0.896779
0.896434
0.896088
0.895743
0.895397
0.895052
0.894707
0.894362
0.894016
0.893671
0.893326
0.892981
0.892636
0.892291
0.891946
0.891601
0.891256
0.890911
0.890566
0.890222
0.889877
0.889532
0.889188
0.888843
0.888498
0.888154
0.887809
0.887465
0.887121
0.886776
0.886432
0.886087
0.885743
0.885399
0.885055
0.884711
0.884367
0.884022
0.883678
0.883334
0.882991
0.882647
0.882303
0.881959
0.881615
0.881271
0.880928
0.880584
0.88024
0.879897
0.879553
0.87921
0.878866
0.878523
0.878179
0.877836
0.877493
0.877149
0.876806
0.876463
0.87612
0.875777
0.875434
0.875091
0.874748
0.874405
0.874062
0.873719
0.873376
0.873033
0.87269
0.872348
0.872005
0.871662
0.87132
0.870977
0.870635
0.870292
0.86995
0.869607
0.869265
0.868923
0.86858
0.868238
0.867896
0.867554
0.867212
0.866869
0.866527
0.866185
0.865843
0.865502
0.86516
0.864818
0.864476
0.864134
0.863792
0.863451
0.863109
0.862768
0.862426
0.862084
0.861743
0.861402
0.86106
0.860719
0.860377
0.860036
0.859695
0.859354
0.859013
0.858671
0.85833
0.857989
0.857648
0.857307
0.856966
0.856625
0.856285
0.855944
0.855603
0.855262
0.854922
0.854581
0.85424
0.8539
0.853559
0.853219
0.852878
0.852538
0.852198
0.851857
0.851517
0.851177
0.850837
0.850496
0.850156
0.849816
0.849476
0.849136
0.848796
0.848456
0.848116
0.847777
0.847437
0.847097
0.846757
0.846418
0.846078
0.845738
0.845399
0.845059
0.84472
0.844381
0.844041
0.843702
0.843363
0.843023
0.842684
0.842345
0.842006
0.841667
0.841328
0.840989
0.84065
0.840311
0.839972
0.839633
0.839294
0.838955
0.838617
0.838278
0.837939
0.837601
0.837262
0.836923
0.836585
0.836247
0.835908
0.83557
0.835231
0.834893
0.834555
0.834217
0.833879
0.83354
0.833202
0.832864
0.832526
0.832188
0.831851
0.831513
0.831175
0.830837
0.830499
0.830162
0.829824
0.829486
0.829149
0.828811
0.828474
0.828136
0.827799
0.827461
0.827124
0.826787
0.82645
0.826112
0.825775
0.825438
0.825101
0.824764
0.824427
0.82409
0.823753
0.823416
0.823079
0.822743
0.822406
0.822069
0.821732
0.821396
0.821059
0.820723
0.820386
0.82005
0.819713
0.819377
0.819041
0.818704
0.818368
0.818032
0.817696
0.81736
0.817023
0.816687
0.816351
0.816015
0.81568
0.815344
0.815008
0.814672
0.814336
0.814001
0.813665
0.813329
0.812994
0.812658
0.812323
0.811987
0.811652
0.811316
0.810981
0.810646
0.810311
0.809975
0.80964
0.809305
0.80897
0.808635
0.8083
0.807965
0.80763
0.807295
0.806961
0.806626
0.806291
0.805956
0.805622
0.805287
0.804952
0.804618
0.804283
0.803949
0.803615
0.80328
0.802946
0.802612
0.802277
0.801943
0.801609
0.801275
0.800941
0.800607
0.800273
0.799939
0.799605
0.799271
0.798938
0.798604
0.79827
0.797936
0.797603
0.797269
0.796936
0.796602
0.796269
0.795935
0.795602
0.795269
0.794935
0.794602
0.794269
0.793936
0.793603
0.793269
0.792936
0.792603
0.792271
0.791938
0.791605
0.791272
0.790939
0.790606
0.790274
0.789941
0.789609
0.789276
0.788943
0.788611
0.788279
0.787946
0.787614
0.787282
0.786949
0.786617
0.786285
0.785953
0.785621
0.785289
0.784957
0.784625
0.784293
0.783961
0.783629
0.783297
0.782966
0.782634
0.782302
0.781971
0.781639
0.781308
0.780976
0.780645
0.780313
0.779982
0.779651
0.779319
0.778988
0.778657
0.778326
0.777995
0.777664
0.777333
0.777002
0.776671
0.77634
0.776009
0.775679
0.775348
0.775017
0.774687
0.774356
0.774025
0.773695
0.773364
0.773034
0.772704
0.772373
0.772043
0.771713
0.771383
0.771052
0.770722
0.770392
0.770062
0.769732
0.769402
0.769072
0.768743
0.768413
0.768083
0.767753
0.767424
0.767094
0.766764
0.766435
0.766105
0.765776
0.765447
0.765117
0.764788
0.764459
0.764129
0.7638
0.763471
0.763142
0.762813
0.762484
0.762155
0.761826
0.761497
0.761168
0.76084
0.760511
0.760182
0.759853
0.759525
0.759196
0.758868
0.758539
0.758211
0.757883
0.757554
0.757226
0.756898
0.75657
0.756241
0.755913
0.755585
0.755257
0.754929
0.754601
0.754273
0.753946
0.753618
0.75329
0.752962
0.752635
0.752307
0.751979
0.751652
0.751324
0.750997
0.75067
0.750342
0.750015
0.749688
0.749361
0.749033
0.748706
0.748379
0.748052
0.747725
0.747398
0.747071
0.746745
0.746418
0.746091
0.745764
0.745438
0.745111
0.744785
0.744458
0.744132
0.743805
0.743479
0.743152
0.742826
0.7425
0.742174
0.741847
0.741521
0.741195
0.740869
0.740543
0.740217
0.739892
0.739566
0.73924
0.738914
0.738588
0.738263
0.737937
0.737612
0.737286
0.736961
0.736635
0.73631
0.735985
0.735659
0.735334
0.735009
0.734684
0.734359
0.734034
0.733709
0.733384
0.733059
0.732734
0.732409
0.732084
0.73176
0.731435
0.73111
0.730786
0.730461
0.730137
0.729812
0.729488
0.729163
0.728839
0.728515
0.728191
0.727866
0.727542
0.727218
0.726894
0.72657
0.726246
0.725922
0.725599
0.725275
0.724951
0.724627
0.724304
0.72398
0.723657
0.723333
0.72301
0.722686
0.722363
0.72204
0.721716
0.721393
0.72107
0.720747
0.720424
0.720101
0.719778
0.719455
0.719132
0.718809
0.718486
0.718163
0.717841
0.717518
0.717195
0.716873
0.71655
0.716228
0.715905
0.715583
0.715261
0.714938
0.714616
0.714294
0.713972
0.71365
0.713328
0.713006
0.712684
0.712362
0.71204
0.711718
0.711397
0.711075
0.710753
0.710432
0.71011
0.709788
0.709467
0.709146
0.708824
0.708503
0.708182
0.70786
0.707539
0.707218
0.706897
0.706576
0.706255
0.705934
0.705613
0.705292
0.704972
0.704651
0.70433
0.704009
0.703689
0.703368
0.703048
0.702727
0.702407
0.702087
0.701766
0.701446
0.701126
0.700806
0.700486
0.700165
0.699845
0.699525
0.699206
0.698886
0.698566
0.698246
0.697926
0.697607
0.697287
0.696967
0.696648
0.696328
0.696009
0.69569
0.69537
0.695051
0.694732
0.694413
0.694093
0.693774
0.693455
0.693136
0.692817
0.692499
0.69218
0.691861
0.691542
0.691223
0.690905
0.690586
0.690268
0.689949
0.689631
0.689312
0.688994
0.688676
0.688357
0.688039
0.687721
0.687403
0.687085
0.686767
0.686449
0.686131
0.685813
0.685495
0.685178
0.68486
0.684542
0.684225
0.683907
0.68359
0.683272
0.682955
0.682637
0.68232
0.682003
0.681686
0.681368
0.681051
0.680734
0.680417
0.6801
0.679783
0.679467
0.67915
0.678833
0.678516
0.6782
0.677883
0.677567
0.67725
0.676934
0.676617
0.676301
0.675985
0.675668
0.675352
0.675036
0.67472
0.674404
0.674088
0.673772
0.673456
0.67314
0.672824
0.672509
0.672193
0.671877
0.671562
0.671246
0.670931
0.670615
0.6703
0.669984
0.669669
0.669354
0.669039
0.668724
0.668409
0.668094
0.667779
0.667464
0.667149
0.666834
0.666519
0.666204
0.66589
0.665575
0.665261
0.664946
0.664632
0.664317
0.664003
0.663689
0.663374
0.66306
0.662746
0.662432
0.662118
0.661804
0.66149
0.661176
0.660862
0.660548
0.660235
0.659921
0.659607
0.659294
0.65898
0.658667
0.658353
0.65804
0.657726
0.657413
0.6571
0.656787
0.656474
0.656161
0.655848
0.655535
0.655222
0.654909
0.654596
0.654283
0.653971
0.653658
0.653345
0.653033
0.65272
0.652408
0.652096
0.651783
0.651471
0.651159
0.650846
0.650534
0.650222
0.64991
0.649598
0.649286
0.648975
0.648663
0.648351
0.648039
0.647728
0.647416
0.647104
0.646793
0.646482
0.64617
0.645859
0.645548
0.645236
0.644925
0.644614
0.644303
0.643992
0.643681
0.64337
0.643059
0.642748
0.642438
0.642127
0.641816
0.641506
0.641195
0.640885
0.640574
0.640264
0.639954
0.639643
0.639333
0.639023
0.638713
0.638403
0.638093
0.637783
0.637473
0.637163
0.636853
0.636544
0.636234
0.635924
0.635615
0.635305
0.634996
0.634687
0.634377
0.634068
0.633759
0.633449
0.63314
0.632831
0.632522
0.632213
0.631904
0.631596
0.631287
0.630978
0.630669
0.630361
0.630052
0.629744
0.629435
0.629127
0.628818
0.62851
0.628202
0.627893
0.627585
0.627277
0.626969
0.626661
0.626353
0.626045
0.625738
0.62543
0.625122
0.624814
0.624507
0.624199
0.623892
0.623584
0.623277
0.62297
0.622662
0.622355
0.622048
0.621741
0.621434
0.621127
0.62082
0.620513
0.620206
0.619899
0.619593
0.619286
0.618979
0.618673
0.618366
0.61806
0.617754
0.617447
0.617141
0.616835
0.616529
0.616223
0.615916
0.61561
0.615305
0.614999
0.614693
0.614387
0.614081
0.613776
0.61347
0.613165
0.612859
0.612554
0.612248
0.611943
0.611638
0.611332
0.611027
0.610722
0.610417
0.610112
0.609807
0.609502
0.609198
0.608893
0.608588
0.608284
0.607979
0.607674
0.60737
0.607066
0.606761
0.606457
0.606153
0.605848
0.605544
0.60524
0.604936
0.604632
0.604328
0.604025
0.603721
0.603417
0.603113
0.60281
0.602506
0.602203
0.601899
0.601596
0.601292
0.600989
0.600686
0.600383
0.60008
0.599777
0.599474
0.599171
0.598868
0.598565
0.598262
0.59796
0.597657
0.597354
0.597052
0.596749
0.596447
0.596145
0.595842
0.59554
0.595238
0.594936
0.594634
0.594332
0.59403
0.593728
0.593426
0.593124
0.592823
0.592521
0.592219
0.591918
0.591616
0.591315
0.591014
0.590712
0.590411
0.59011
0.589809
0.589508
0.589207
0.588906
0.588605
0.588304
0.588003
0.587703
0.587402
0.587101
0.586801
0.5865
0.5862
0.585899
0.585599
0.585299
0.584999
0.584699
0.584399
0.584099
0.583799
0.583499
0.583199
0.582899
0.582599
0.5823
0.582
0.581701
0.581401
0.581102
0.580802
0.580503
0.580204
0.579905
0.579606
0.579306
0.579007
0.578709
0.57841
0.578111
0.577812
0.577513
0.577215
0.576916
0.576618
0.576319
0.576021
0.575722
0.575424
0.575126
0.574828
0.57453
0.574232
0.573934
0.573636
0.573338
0.57304
0.572742
0.572445
0.572147
0.57185
0.571552
0.571255
0.570957
0.57066
0.570363
0.570065
0.569768
0.569471
0.569174
0.568877
0.56858
0.568284
0.567987
0.56769
0.567394
0.567097
0.5668
0.566504
0.566208
0.565911
0.565615
0.565319
0.565023
0.564726
0.56443
0.564134
0.563839
0.563543
0.563247
0.562951
0.562656
0.56236
0.562064
0.561769
0.561474
0.561178
0.560883
0.560588
0.560292
0.559997
0.559702
0.559407
0.559112
0.558818
0.558523
0.558228
0.557933
0.557639
0.557344
0.55705
0.556755
0.556461
0.556167
0.555872
0.555578
0.555284
0.55499
0.554696
0.554402
0.554108
0.553815
0.553521
0.553227
0.552933
0.55264
0.552346
0.552053
0.55176
0.551466
0.551173
0.55088
0.550587
0.550294
0.550001
0.549708
0.549415
0.549122
0.54883
0.548537
0.548244
0.547952
0.547659
0.547367
0.547075
0.546782
0.54649
0.546198
0.545906
0.545614
0.545322
0.54503
0.544738
0.544446
0.544154
0.543863
0.543571
0.54328
0.542988
0.542697
0.542406
0.542114
0.541823
0.541532
0.541241
0.54095
0.540659
0.540368
0.540077
0.539786
0.539496
0.539205
0.538915
0.538624
0.538334
0.538043
0.537753
0.537463
0.537173
0.536882
0.536592
0.536302
0.536013
0.535723
0.535433
0.535143
0.534854
0.534564
0.534274
0.533985
0.533696
0.533406
0.533117
0.532828
0.532539
0.53225
0.531961
0.531672
0.531383
0.531094
0.530805
0.530516
0.530228
0.529939
0.529651
0.529362
0.529074
0.528786
0.528498
0.528209
0.527921
0.527633
0.527345
0.527057
0.52677
0.526482
0.526194
0.525907
0.525619
0.525331
0.525044
0.524757
0.524469
0.524182
0.523895
0.523608
0.523321
0.523034
0.522747
0.52246
0.522173
0.521887
0.5216
0.521313
0.521027
0.520741
0.520454
0.520168
0.519882
0.519595
0.519309
0.519023
0.518737
0.518451
0.518166
0.51788
0.517594
0.517309
0.517023
0.516737
0.516452
0.516167
0.515881
0.515596
0.515311
0.515026
0.514741
0.514456
0.514171
0.513886
0.513601
0.513317
0.513032
0.512748
0.512463
0.512179
0.511894
0.51161
0.511326
0.511042
0.510758
0.510474
0.51019
0.509906
0.509622
0.509338
0.509055
0.508771
0.508487
0.508204
0.50792
0.507637
0.507354
0.507071
0.506788
0.506505
0.506222
0.505939
0.505656
0.505373
0.50509
0.504808
0.504525
0.504243
0.50396
0.503678
0.503395
0.503113
0.502831
0.502549
0.502267
0.501985
0.501703
0.501421
0.501139
0.500858
0.500576
0.500295
0.500013
0.499732
0.49945
0.499169
0.498888
0.498607
0.498326
0.498045
0.497764
0.497483
0.497202
0.496921
0.496641
0.49636
0.49608
0.495799
0.495519
0.495239
0.494958
0.494678
0.494398
0.494118
0.493838
0.493558
0.493279
0.492999
0.492719
0.49244
0.49216
0.491881
0.491601
0.491322
0.491043
0.490764
0.490484
0.490205
0.489926
0.489648
0.489369
0.48909
0.488811
0.488533
0.488254
0.487976
0.487697
0.487419
0.487141
0.486863
0.486584
0.486306
0.486028
0.485751
0.485473
0.485195
0.484917
0.48464
0.484362
0.484085
0.483807
0.48353
0.483253
0.482976
0.482698
0.482421
0.482144
0.481868
0.481591
0.481314
0.481037
0.480761
0.480484
0.480208
0.479931
0.479655
0.479379
0.479103
0.478826
0.47855
0.478274
0.477999
0.477723
0.477447
0.477171
0.476896
0.47662
0.476345
0.476069
0.475794
0.475519
0.475244
0.474969
0.474693
0.474419
0.474144
0.473869
0.473594
0.473319
0.473045
0.47277
0.472496
0.472222
0.471947
0.471673
0.471399
0.471125
0.470851
0.470577
0.470303
0.470029
0.469756
0.469482
0.469208
0.468935
0.468661
0.468388
0.468115
0.467842
0.467569
0.467296
0.467023
0.46675
0.466477
0.466204
0.465931
0.465659
0.465386
0.465114
0.464841
0.464569
0.464297
0.464025
0.463753
0.463481
0.463209
0.462937
0.462665
0.462393
0.462122
0.46185
0.461579
0.461307
0.461036
0.460765
0.460493
0.460222
0.459951
0.45968
0.459409
0.459139
0.458868
0.458597
0.458327
0.458056
0.457786
0.457515
0.457245
0.456975
0.456704
0.456434
0.456164
0.455895
0.455625
0.455355
0.455085
0.454816
0.454546
0.454277
0.454007
0.453738
0.453469
0.453199
0.45293
0.452661
0.452392
0.452123
0.451855
0.451586
0.451317
0.451049
0.45078
0.450512
0.450244
0.449975
0.449707
0.449439
0.449171
0.448903
0.448635
0.448367
0.4481
0.447832
0.447564
0.447297
0.447029
0.446762
0.446495
0.446228
0.445961
0.445693
0.445427
0.44516
0.444893
0.444626
0.444359
0.444093
0.443826
0.44356
0.443294
0.443027
0.442761
0.442495
0.442229
0.441963
0.441697
0.441431
0.441166
0.4409
0.440634
0.440369
0.440103
0.439838
0.439573
0.439308
0.439042
0.438777
0.438512
0.438248
0.437983
0.437718
0.437453
0.437189
0.436924
0.43666
0.436396
0.436131
0.435867
0.435603
0.435339
0.435075
0.434811
0.434547
0.434284
0.43402
0.433756
0.433493
0.43323
0.432966
0.432703
0.43244
0.432177
0.431914
0.431651
0.431388
0.431125
0.430862
0.4306
0.430337
0.430075
0.429812
0.42955
0.429288
0.429026
0.428764
0.428502
0.42824
0.427978
0.427716
0.427455
0.427193
0.426931
0.42667
0.426409
0.426147
0.425886
0.425625
0.425364
0.425103
0.424842
0.424581
0.424321
0.42406
0.423799
0.423539
0.423279
0.423018
0.422758
0.422498
0.422238
0.421978
0.421718
0.421458
0.421198
0.420939
0.420679
0.420419
0.42016
0.419901
0.419641
0.419382
0.419123
0.418864
0.418605
0.418346
0.418087
0.417829
0.41757
0.417311
0.417053
0.416794
0.416536
0.416278
0.41602
0.415762
0.415504
0.415246
0.414988
0.41473
0.414473
0.414215
0.413957
0.4137
0.413443
0.413185
0.412928
0.412671
0.412414
0.412157
0.4119
0.411643
0.411387
0.41113
0.410874
0.410617
0.410361
0.410104
0.409848
0.409592
0.409336
0.40908
0.408824
0.408568
0.408313
0.408057
0.407801
0.407546
0.407291
0.407035
0.40678
0.406525
0.40627
0.406015
0.40576
0.405505
0.40525
0.404996
0.404741
0.404487
0.404232
0.403978
0.403724
0.403469
0.403215
0.402961
0.402707
0.402454
0.4022
0.401946
0.401692
0.401439
0.401186
0.400932
0.400679
0.400426
0.400173
0.39992
0.399667
0.399414
0.399161
0.398908
0.398656
0.398403
0.398151
0.397899
0.397646
0.397394
0.397142
0.39689
0.396638
0.396386
0.396134
0.395883
0.395631
0.39538
0.395128
0.394877
0.394626
0.394374
0.394123
0.393872
0.393621
0.39337
0.39312
0.392869
0.392618
0.392368
0.392118
0.391867
0.391617
0.391367
0.391117
0.390867
0.390617
0.390367
0.390117
0.389867
0.389618
0.389368
0.389119
0.38887
0.38862
0.388371
0.388122
0.387873
0.387624
0.387375
0.387127
0.386878
0.386629
0.386381
0.386132
0.385884
0.385636
0.385388
0.38514
0.384892
0.384644
0.384396
0.384148
0.383901
0.383653
0.383406
0.383158
0.382911
0.382664
0.382416
0.382169
0.381922
0.381676
0.381429
0.381182
0.380935
0.380689
0.380442
0.380196
0.37995
0.379704
0.379457
0.379211
0.378966
0.37872
0.378474
0.378228
0.377983
0.377737
0.377492
0.377246
0.377001
0.376756
0.376511
0.376266
0.376021
0.375776
0.375531
0.375287
0.375042
0.374798
0.374553
0.374309
0.374065
0.373821
0.373577
0.373333
0.373089
0.372845
0.372601
0.372358
0.372114
0.371871
0.371627
0.371384
0.371141
0.370898
0.370655
0.370412
0.370169
0.369926
0.369683
0.369441
0.369198
0.368956
0.368714
0.368471
0.368229
0.367987
0.367745
0.367503
0.367262
0.36702
0.366778
0.366537
0.366295
0.366054
0.365813
0.365571
0.36533
0.365089
0.364848
0.364608
0.364367
0.364126
0.363886
0.363645
0.363405
0.363164
0.362924
0.362684
0.362444
0.362204
0.361964
0.361724
0.361485
0.361245
0.361006
0.360766
0.360527
0.360288
0.360048
0.359809
0.35957
0.359331
0.359093
0.358854
0.358615
0.358377
0.358138
0.3579
0.357661
0.357423
0.357185
0.356947
0.356709
0.356471
0.356234
0.355996
0.355758
0.355521
0.355283
0.355046
0.354809
0.354572
0.354335
0.354098
0.353861
0.353624
0.353387
0.353151
0.352914
0.352678
0.352442
0.352205
0.351969
0.351733
0.351497
0.351261
0.351025
0.35079
0.350554
0.350318
0.350083
0.349848
0.349612
0.349377
0.349142
0.348907
0.348672
0.348437
0.348203
0.347968
0.347733
0.347499
0.347265
0.34703
0.346796
0.346562
0.346328
0.346094
0.34586
0.345626
0.345393
0.345159
0.344926
0.344692
0.344459
0.344226
0.343993
0.34376
0.343527
0.343294
0.343061
0.342829
0.342596
0.342363
0.342131
0.341899
0.341667
0.341434
0.341202
0.34097
0.340739
0.340507
0.340275
0.340044
0.339812
0.339581
0.339349
0.339118
0.338887
0.338656
0.338425
0.338194
0.337963
0.337733
0.337502
0.337272
0.337041
0.336811
0.336581
0.33635
0.33612
0.33589
0.335661
0.335431
0.335201
0.334972
0.334742
0.334513
0.334283
0.334054
0.333825
0.333596
0.333367
0.333138
0.332909
0.332681
0.332452
0.332224
0.331995
0.331767
0.331539
0.33131
0.331082
0.330854
0.330627
0.330399
0.330171
0.329944
0.329716
0.329489
0.329261
0.329034
0.328807
0.32858
0.328353
0.328126
0.327899
0.327673
0.327446
0.32722
0.326993
0.326767
0.326541
0.326315
0.326089
0.325863
0.325637
0.325411
0.325185
0.32496
0.324734
0.324509
0.324284
0.324059
0.323833
0.323608
0.323384
0.323159
0.322934
0.322709
0.322485
0.32226
0.322036
0.321812
0.321588
0.321363
0.321139
0.320916
0.320692
0.320468
0.320244
0.320021
0.319797
0.319574
0.319351
0.319128
0.318905
0.318682
0.318459
0.318236
0.318013
0.317791
0.317568
0.317346
0.317123
0.316901
0.316679
0.316457
0.316235
0.316013
0.315791
0.31557
0.315348
0.315127
0.314905
0.314684
0.314463
0.314242
0.314021
0.3138
0.313579
0.313358
0.313137
0.312917
0.312696
0.312476
0.312256
0.312036
0.311815
0.311595
0.311376
0.311156
0.310936
0.310716
0.310497
0.310277
0.310058
0.309839
0.30962
0.309401
0.309182
0.308963
0.308744
0.308525
0.308307
0.308088
0.30787
0.307651
0.307433
0.307215
0.306997
0.306779
0.306561
0.306344
0.306126
0.305908
0.305691
0.305473
0.305256
0.305039
0.304822
0.304605
0.304388
0.304171
0.303955
0.303738
0.303521
0.303305
0.303089
0.302872
0.302656
0.30244
0.302224
0.302008
0.301793
0.301577
0.301361
0.301146
0.30093
0.300715
0.3005
0.300285
0.30007
0.299855
0.29964
0.299425
0.299211
0.298996
0.298782
0.298567
0.298353
0.298139
0.297925
0.297711
0.297497
0.297283
0.297069
0.296856
0.296642
0.296429
0.296216
0.296002
0.295789
0.295576
0.295363
0.295151
0.294938
0.294725
0.294513
0.2943
0.294088
0.293876
0.293663
0.293451
0.293239
0.293027
0.292816
0.292604
0.292392
0.292181
0.291969
0.291758
0.291547
0.291336
0.291125
0.290914
0.290703
0.290492
0.290282
0.290071
0.289861
0.28965
0.28944
0.28923
0.28902
0.28881
0.2886
0.28839
0.28818
0.287971
0.287761
0.287552
0.287342
0.287133
0.286924
0.286715
0.286506
0.286297
0.286089
0.28588
0.285671
0.285463
0.285255
0.285046
0.284838
0.28463
0.284422
0.284214
0.284006
0.283799
0.283591
0.283384
0.283176
0.282969
0.282762
0.282555
0.282348
0.282141
0.281934
0.281727
0.281521
0.281314
0.281108
0.280901
0.280695
0.280489
0.280283
0.280077
0.279871
0.279665
0.27946
0.279254
0.279049
0.278843
0.278638
0.278433
0.278228
0.278023
0.277818
0.277613
0.277408
0.277204
0.276999
0.276795
0.27659
0.276386
0.276182
0.275978
0.275774
0.27557
0.275366
0.275163
0.274959
0.274756
0.274552
0.274349
0.274146
0.273943
0.27374
0.273537
0.273334
0.273132
0.272929
0.272726
0.272524
0.272322
0.27212
0.271918
0.271716
0.271514
0.271312
0.27111
0.270908
0.270707
0.270505
0.270304
0.270103
0.269902
0.269701
0.2695
0.269299
0.269098
0.268898
0.268697
0.268497
0.268296
0.268096
0.267896
0.267696
0.267496
0.267296
0.267096
0.266896
0.266697
0.266497
0.266298
0.266099
0.265899
0.2657
0.265501
0.265302
0.265104
0.264905
0.264706
0.264508
0.264309
0.264111
0.263913
0.263715
0.263517
0.263319
0.263121
0.262923
0.262725
0.262528
0.26233
0.262133
0.261936
0.261739
0.261542
0.261345
0.261148
0.260951
0.260754
0.260558
0.260361
0.260165
0.259969
0.259772
0.259576
0.25938
0.259184
0.258989
0.258793
0.258597
0.258402
0.258206
0.258011
0.257816
0.257621
0.257426
0.257231
0.257036
0.256841
0.256647
0.256452
0.256258
0.256063
0.255869
0.255675
0.255481
0.255287
0.255093
0.254899
0.254706
0.254512
0.254319
0.254125
0.253932
0.253739
0.253546
0.253353
0.25316
0.252967
0.252774
0.252582
0.252389
0.252197
0.252005
0.251812
0.25162
0.251428
0.251236
0.251045
0.250853
0.250661
0.25047
0.250278
0.250087
0.249896
0.249705
0.249514
0.249323
0.249132
0.248941
0.248751
0.24856
0.24837
0.248179
0.247989
0.247799
0.247609
0.247419
0.247229
0.247039
0.24685
0.24666
0.246471
0.246281
0.246092
0.245903
0.245714
0.245525
0.245336
0.245147
0.244959
0.24477
0.244581
0.244393
0.244205
0.244017
0.243828
0.24364
0.243453
0.243265
0.243077
0.24289
0.242702
0.242515
0.242327
0.24214
0.241953
0.241766
0.241579
0.241392
0.241205
0.241019
0.240832
0.240646
0.24046
0.240273
0.240087
0.239901
0.239715
0.239529
0.239344
0.239158
0.238972
0.238787
0.238602
0.238416
0.238231
0.238046
0.237861
0.237676
0.237492
0.237307
0.237122
0.236938
0.236754
0.236569
0.236385
0.236201
0.236017
0.235833
0.235649
0.235466
0.235282
0.235099
0.234915
0.234732
0.234549
0.234366
0.234183
0.234
0.233817
0.233634
0.233452
0.233269
0.233087
0.232904
0.232722
0.23254
0.232358
0.232176
0.231994
0.231812
0.231631
0.231449
0.231268
0.231087
0.230905
0.230724
0.230543
0.230362
0.230181
0.230001
0.22982
0.229639
0.229459
0.229279
0.229098
0.228918
0.228738
0.228558
0.228378
0.228198
0.228019
0.227839
0.22766
0.22748
0.227301
0.227122
0.226943
0.226764
0.226585
0.226406
0.226227
0.226049
0.22587
0.225692
0.225514
0.225335
0.225157
0.224979
0.224801
0.224624
0.224446
0.224268
0.224091
0.223913
0.223736
0.223559
0.223382
0.223205
0.223028
0.222851
0.222674
0.222498
0.222321
0.222145
0.221968
0.221792
0.221616
0.22144
0.221264
0.221088
0.220912
0.220737
0.220561
0.220386
0.22021
0.220035
0.21986
0.219685
0.21951
0.219335
0.21916
0.218985
0.218811
0.218636
0.218462
0.218288
0.218113
0.217939
0.217765
0.217591
0.217418
0.217244
0.21707
0.216897
0.216723
0.21655
0.216377
0.216204
0.216031
0.215858
0.215685
0.215512
0.21534
0.215167
0.214995
0.214822
0.21465
0.214478
0.214306
0.214134
0.213962
0.21379
0.213619
0.213447
0.213276
0.213104
0.212933
0.212762
0.212591
0.21242
0.212249
0.212078
0.211908
0.211737
0.211567
0.211396
0.211226
0.211056
0.210886
0.210716
0.210546
0.210376
0.210206
0.210037
0.209867
0.209698
0.209528
0.209359
0.20919
0.209021
0.208852
0.208683
0.208515
0.208346
0.208177
0.208009
0.207841
0.207672
0.207504
0.207336
0.207168
0.207001
0.206833
0.206665
0.206498
0.20633
0.206163
0.205996
0.205828
0.205661
0.205494
0.205327
0.205161
0.204994
0.204827
0.204661
0.204495
0.204328
0.204162
0.203996
0.20383
0.203664
0.203498
0.203333
0.203167
0.203001
0.202836
0.202671
0.202506
0.20234
0.202175
0.20201
0.201846
0.201681
0.201516
0.201352
0.201187
0.201023
0.200859
0.200695
0.20053
0.200367
0.200203
0.200039
0.199875
0.199712
0.199548
0.199385
0.199222
0.199058
0.198895
0.198732
0.198569
0.198407
0.198244
0.198081
0.197919
0.197756
0.197594
0.197432
0.19727
0.197108
0.196946
0.196784
0.196622
0.196461
0.196299
0.196138
0.195976
0.195815
0.195654
0.195493
0.195332
0.195171
0.19501
0.19485
0.194689
0.194529
0.194368
0.194208
0.194048
0.193888
0.193728
0.193568
0.193408
0.193248
0.193089
0.192929
0.19277
0.192611
0.192451
0.192292
0.192133
0.191974
0.191816
0.191657
0.191498
0.19134
0.191181
0.191023
0.190865
0.190706
0.190548
0.19039
0.190233
0.190075
0.189917
0.18976
0.189602
0.189445
0.189287
0.18913
0.188973
0.188816
0.188659
0.188502
0.188346
0.188189
0.188033
0.187876
0.18772
0.187564
0.187408
0.187251
0.187096
0.18694
0.186784
0.186628
0.186473
0.186317
0.186162
0.186007
0.185852
0.185696
0.185541
0.185387
0.185232
0.185077
0.184923
0.184768
0.184614
0.184459
0.184305
0.184151
0.183997
0.183843
0.183689
0.183535
0.183382
0.183228
0.183075
0.182921
0.182768
0.182615
0.182462
0.182309
0.182156
0.182003
0.181851
0.181698
0.181546
0.181393
0.181241
0.181089
0.180937
0.180785
0.180633
0.180481
0.180329
0.180178
0.180026
0.179875
0.179723
0.179572
0.179421
0.17927
0.179119
0.178968
0.178817
0.178666
0.178516
0.178365
0.178215
0.178065
0.177915
0.177764
0.177614
0.177464
0.177315
0.177165
0.177015
0.176866
0.176716
0.176567
0.176418
0.176269
0.17612
0.175971
0.175822
0.175673
0.175524
0.175376
0.175227
0.175079
0.17493
0.174782
0.174634
0.174486
0.174338
0.17419
0.174043
0.173895
0.173747
0.1736
0.173453
0.173305
0.173158
0.173011
0.172864
0.172717
0.17257
0.172424
0.172277
0.172131
0.171984
0.171838
0.171692
0.171546
0.1714
0.171254
0.171108
0.170962
0.170816
0.170671
0.170525
0.17038
0.170235
0.170089
0.169944
0.169799
0.169654
0.16951
0.169365
0.16922
0.169076
0.168931
0.168787
0.168643
0.168499
0.168355
0.168211
0.168067
0.167923
0.167779
0.167636
0.167492
0.167349
0.167205
0.167062
0.166919
0.166776
0.166633
0.16649
0.166348
0.166205
0.166062
0.16592
0.165778
0.165635
0.165493
0.165351
0.165209
0.165067
0.164925
0.164784
0.164642
0.1645
0.164359
0.164218
0.164076
0.163935
0.163794
0.163653
0.163512
0.163371
0.163231
0.16309
0.16295
0.162809
0.162669
0.162529
0.162389
0.162249
0.162109
0.161969
0.161829
0.161689
0.16155
0.16141
0.161271
0.161132
0.160992
0.160853
0.160714
0.160575
0.160436
0.160298
0.160159
0.160021
0.159882
0.159744
0.159605
0.159467
0.159329
0.159191
0.159053
0.158915
0.158778
0.15864
0.158502
0.158365
0.158228
0.15809
0.157953
0.157816
0.157679
0.157542
0.157405
0.157269
0.157132
0.156996
0.156859
0.156723
0.156587
0.15645
0.156314
0.156178
0.156042
0.155907
0.155771
0.155635
0.1555
0.155364
0.155229
0.155094
0.154959
0.154824
0.154689
0.154554
0.154419
0.154284
0.15415
0.154015
0.153881
0.153747
0.153612
0.153478
0.153344
0.15321
0.153076
0.152942
0.152809
0.152675
0.152542
0.152408
0.152275
0.152142
0.152009
0.151876
0.151743
0.15161
0.151477
0.151344
0.151212
0.151079
0.150947
0.150814
0.150682
0.15055
0.150418
0.150286
0.150154
0.150022
0.149891
0.149759
0.149628
0.149496
0.149365
0.149234
0.149103
0.148972
0.148841
0.14871
0.148579
0.148448
0.148318
0.148187
0.148057
0.147926
0.147796
0.147666
0.147536
0.147406
0.147276
0.147146
0.147017
0.146887
0.146757
0.146628
0.146499
0.146369
0.14624
0.146111
0.145982
0.145853
0.145725
0.145596
0.145467
0.145339
0.14521
0.145082
0.144954
0.144826
0.144697
0.144569
0.144442
0.144314
0.144186
0.144058
0.143931
0.143803
0.143676
0.143549
0.143422
0.143295
0.143168
0.143041
0.142914
0.142787
0.14266
0.142534
0.142407
0.142281
0.142155
0.142029
0.141902
0.141776
0.14165
0.141525
0.141399
0.141273
0.141148
0.141022
0.140897
0.140771
0.140646
0.140521
0.140396
0.140271
0.140146
0.140021
0.139897
0.139772
0.139648
0.139523
0.139399
0.139275
0.13915
0.139026
0.138902
0.138778
0.138655
0.138531
0.138407
0.138284
0.13816
0.138037
0.137914
0.13779
0.137667
0.137544
0.137421
0.137298
0.137176
0.137053
0.13693
0.136808
0.136686
0.136563
0.136441
0.136319
0.136197
0.136075
0.135953
0.135831
0.13571
0.135588
0.135466
0.135345
0.135224
0.135102
0.134981
0.13486
0.134739
0.134618
0.134497
0.134377
0.134256
0.134135
0.134015
0.133894
0.133774
0.133654
0.133534
0.133414
0.133294
0.133174
0.133054
0.132934
0.132815
0.132695
0.132576
0.132457
0.132337
0.132218
0.132099
0.13198
0.131861
0.131742
0.131624
0.131505
0.131386
0.131268
0.131149
0.131031
0.130913
0.130795
0.130677
0.130559
0.130441
0.130323
0.130205
0.130088
0.12997
0.129853
0.129735
0.129618
0.129501
0.129384
0.129267
0.12915
0.129033
0.128916
0.128799
0.128683
0.128566
0.12845
0.128334
0.128217
0.128101
0.127985
0.127869
0.127753
0.127637
0.127522
0.127406
0.12729
0.127175
0.12706
0.126944
0.126829
0.126714
0.126599
0.126484
0.126369
0.126254
0.126139
0.126025
0.12591
0.125796
0.125681
0.125567
0.125453
0.125339
0.125225
0.125111
0.124997
0.124883
0.124769
0.124656
0.124542
0.124429
0.124315
0.124202
0.124089
0.123976
0.123863
0.12375
0.123637
0.123524
0.123412
0.123299
0.123186
0.123074
0.122962
0.122849
0.122737
0.122625
0.122513
0.122401
0.122289
0.122177
0.122066
0.121954
0.121843
0.121731
0.12162
0.121509
0.121397
0.121286
0.121175
0.121064
0.120954
0.120843
0.120732
0.120621
0.120511
0.120401
0.12029
0.12018
0.12007
0.11996
0.11985
0.11974
0.11963
0.11952
0.11941
0.119301
0.119191
0.119082
0.118972
0.118863
0.118754
0.118645
0.118536
0.118427
0.118318
0.118209
0.118101
0.117992
0.117883
0.117775
0.117667
0.117558
0.11745
0.117342
0.117234
0.117126
0.117018
0.11691
0.116803
0.116695
0.116587
0.11648
0.116373
0.116265
0.116158
0.116051
0.115944
0.115837
0.11573
0.115623
0.115516
0.11541
0.115303
0.115197
0.11509
0.114984
0.114878
0.114772
0.114666
0.11456
0.114454
0.114348
0.114242
0.114136
0.114031
0.113925
0.11382
0.113715
0.113609
0.113504
0.113399
0.113294
0.113189
0.113084
0.112979
0.112875
0.11277
0.112665
0.112561
0.112457
0.112352
0.112248
0.112144
0.11204
0.111936
0.111832
0.111728
0.111625
0.111521
0.111417
0.111314
0.11121
0.111107
0.111004
0.110901
0.110798
0.110694
0.110592
0.110489
0.110386
0.110283
0.110181
0.110078
0.109976
0.109873
0.109771
0.109669
0.109567
0.109465
0.109363
0.109261
0.109159
0.109057
0.108955
0.108854
0.108752
0.108651
0.10855
0.108448
0.108347
0.108246
0.108145
0.108044
0.107943
0.107842
0.107742
0.107641
0.10754
0.10744
0.10734
0.107239
0.107139
0.107039
0.106939
0.106839
0.106739
0.106639
0.106539
0.106439
0.10634
0.10624
0.106141
0.106041
0.105942
0.105843
0.105744
0.105645
0.105546
0.105447
0.105348
0.105249
0.105151
0.105052
0.104953
0.104855
0.104757
0.104658
0.10456
0.104462
0.104364
0.104266
0.104168
0.10407
0.103972
0.103875
0.103777
0.10368
0.103582
0.103485
0.103388
0.10329
0.103193
0.103096
0.102999
0.102902
0.102806
0.102709
0.102612
0.102516
0.102419
0.102323
0.102226
0.10213
0.102034
0.101938
0.101842
0.101746
0.10165
0.101554
0.101458
0.101362
0.101267
0.101171
0.101076
0.10098
0.100885
0.10079
0.100695
0.1006
0.100505
0.10041
0.100315
0.10022
0.100126
0.100031
0.0999364
0.099842
0.0997476
0.0996533
0.099559
0.0994649
0.0993708
0.0992768
0.0991829
0.099089
0.0989952
0.0989015
0.0988079
0.0987144
0.0986209
0.0985275
0.0984342
0.0983409
0.0982477
0.0981546
0.0980616
0.0979687
0.0978758
0.097783
0.0976903
0.0975976
0.097505
0.0974125
0.0973201
0.0972277
0.0971355
0.0970433
0.0969511
0.0968591
0.0967671
0.0966752
0.0965834
0.0964916
0.0963999
0.0963083
0.0962168
0.0961253
0.0960339
0.0959426
0.0958514
0.0957602
0.0956691
0.0955781
0.0954872
0.0953963
0.0953055
0.0952148
0.0951241
0.0950336
0.0949431
0.0948526
0.0947623
0.094672
0.0945818
0.0944917
0.0944016
0.0943116
0.0942217
0.0941319
0.0940421
0.0939524
0.0938628
0.0937733
0.0936838
0.0935944
0.0935051
0.0934158
0.0933266
0.0932375
0.0931485
0.0930595
0.0929706
0.0928818
0.0927931
0.0927044
0.0926158
0.0925273
0.0924388
0.0923504
0.0922621
0.0921739
0.0920857
0.0919976
0.0919096
0.0918217
0.0917338
0.091646
0.0915583
0.0914706
0.091383
0.0912955
0.0912081
0.0911207
0.0910334
0.0909462
0.090859
0.0907719
0.0906849
0.090598
0.0905111
0.0904243
0.0903376
0.0902509
0.0901643
0.0900778
0.0899914
0.089905
0.0898187
0.0897325
0.0896464
0.0895603
0.0894743
0.0893883
0.0893024
0.0892167
0.0891309
0.0890453
0.0889597
0.0888742
0.0887887
0.0887034
0.0886181
0.0885328
0.0884477
0.0883626
0.0882776
0.0881926
0.0881077
0.0880229
0.0879382
0.0878535
0.0877689
0.0876844
0.0875999
0.0875156
0.0874312
0.087347
0.0872628
0.0871787
0.0870947
0.0870107
0.0869268
0.086843
0.0867592
0.0866756
0.0865919
0.0865084
0.0864249
0.0863415
0.0862582
0.0861749
0.0860917
0.0860086
0.0859255
0.0858425
0.0857596
0.0856768
0.085594
0.0855113
0.0854286
0.0853461
0.0852636
0.0851811
0.0850988
0.0850165
0.0849342
0.0848521
0.08477
0.084688
0.084606
0.0845241
0.0844423
0.0843606
0.0842789
0.0841973
0.0841158
0.0840343
0.0839529
0.0838715
0.0837903
0.0837091
0.083628
0.0835469
0.0834659
0.083385
0.0833041
0.0832233
0.0831426
0.083062
0.0829814
0.0829009
0.0828204
0.08274
0.0826597
0.0825795
0.0824993
0.0824192
0.0823392
0.0822592
0.0821793
0.0820994
0.0820197
0.08194
0.0818603
0.0817808
0.0817013
0.0816218
0.0815425
0.0814632
0.0813839
0.0813048
0.0812257
0.0811467
0.0810677
0.0809888
0.08091
0.0808312
0.0807525
0.0806739
0.0805953
0.0805168
0.0804384
0.08036
0.0802817
0.0802035
0.0801254
0.0800473
0.0799692
0.0798913
0.0798134
0.0797356
0.0796578
0.0795801
0.0795025
0.0794249
0.0793474
0.07927
0.0791926
0.0791153
0.0790381
0.0789609
0.0788838
0.0788068
0.0787298
0.0786529
0.0785761
0.0784993
0.0784226
0.0783459
0.0782694
0.0781929
0.0781164
0.07804
0.0779637
0.0778875
0.0778113
0.0777352
0.0776591
0.0775831
0.0775072
0.0774314
0.0773556
0.0772798
0.0772042
0.0771286
0.0770531
0.0769776
0.0769022
0.0768269
0.0767516
0.0766764
0.0766012
0.0765262
0.0764511
0.0763762
0.0763013
0.0762265
0.0761517
0.076077
0.0760024
0.0759279
0.0758534
0.0757789
0.0757046
0.0756303
0.075556
0.0754818
0.0754077
0.0753337
0.0752597
0.0751858
0.0751119
0.0750381
0.0749644
0.0748907
0.0748171
0.0747436
0.0746701
0.0745967
0.0745234
0.0744501
0.0743769
0.0743037
0.0742306
0.0741576
0.0740846
0.0740117
0.0739389
0.0738661
0.0737934
0.0737207
0.0736481
0.0735756
0.0735032
0.0734308
0.0733584
0.0732862
0.0732139
0.0731418
0.0730697
0.0729977
0.0729257
0.0728538
0.072782
0.0727102
0.0726385
0.0725669
0.0724953
0.0724238
0.0723523
0.0722809
0.0722096
0.0721383
0.0720671
0.071996
0.0719249
0.0718539
0.0717829
0.071712
0.0716412
0.0715704
0.0714997
0.071429
0.0713584
0.0712879
0.0712174
0.071147
0.0710767
0.0710064
0.0709362
0.070866
0.0707959
0.0707259
0.0706559
0.070586
0.0705162
0.0704464
0.0703766
0.070307
0.0702374
0.0701678
0.0700983
0.0700289
0.0699596
0.0698903
0.069821
0.0697518
0.0696827
0.0696137
0.0695447
0.0694757
0.0694068
0.069338
0.0692693
0.0692006
0.0691319
0.0690634
0.0689949
0.0689264
0.068858
0.0687897
0.0687214
0.0686532
0.0685851
0.068517
0.0684489
0.068381
0.0683131
0.0682452
0.0681774
0.0681097
0.068042
0.0679744
0.0679068
0.0678394
0.0677719
0.0677045
0.0676372
0.06757
0.0675028
0.0674357
0.0673686
0.0673016
0.0672346
0.0671677
0.0671009
0.0670341
0.0669674
0.0669007
0.0668341
0.0667676
0.0667011
0.0666347
0.0665683
0.066502
0.0664358
0.0663696
0.0663034
0.0662374
0.0661714
0.0661054
0.0660395
0.0659737
0.0659079
0.0658422
0.0657765
0.0657109
0.0656454
0.0655799
0.0655145
0.0654491
0.0653838
0.0653185
0.0652533
0.0651882
0.0651231
0.0650581
0.0649932
0.0649282
0.0648634
0.0647986
0.0647339
0.0646692
0.0646046
0.06454
0.0644755
0.0644111
0.0643467
0.0642824
0.0642181
0.0641539
0.0640898
0.0640257
0.0639616
0.0638977
0.0638337
0.0637699
0.0637061
0.0636423
0.0635786
0.063515
0.0634514
0.0633879
0.0633244
0.063261
0.0631976
0.0631343
0.0630711
0.0630079
0.0629448
0.0628817
0.0628187
0.0627558
0.0626929
0.06263
0.0625672
0.0625045
0.0624418
0.0623792
0.0623166
0.0622541
0.0621917
0.0621293
0.062067
0.0620047
0.0619425
0.0618803
0.0618182
0.0617561
0.0616941
0.0616322
0.0615703
0.0615085
0.0614467
0.061385
0.0613233
0.0612617
0.0612001
0.0611387
0.0610772
0.0610158
0.0609545
0.0608932
0.060832
0.0607708
0.0607097
0.0606487
0.0605877
0.0605267
0.0604658
0.060405
0.0603442
0.0602835
0.0602228
0.0601622
0.0601017
0.0600412
0.0599807
0.0599203
0.05986
0.0597997
0.0597395
0.0596793
0.0596192
0.0595591
0.0594991
0.0594391
0.0593792
0.0593194
0.0592596
0.0591999
0.0591402
0.0590805
0.059021
0.0589614
0.058902
0.0588426
0.0587832
0.0587239
0.0586646
0.0586054
0.0585463
0.0584872
0.0584282
0.0583692
0.0583103
0.0582514
0.0581926
0.0581338
0.0580751
0.0580164
0.0579578
0.0578993
0.0578408
0.0577823
0.0577239
0.0576656
0.0576073
0.0575491
0.0574909
0.0574327
0.0573747
0.0573167
0.0572587
0.0572008
0.0571429
0.0570851
0.0570273
0.0569696
0.056912
0.0568544
0.0567968
0.0567394
0.0566819
0.0566245
0.0565672
0.0565099
0.0564527
0.0563955
0.0563384
0.0562813
0.0562243
0.0561673
0.0561104
0.0560535
0.0559967
0.05594
0.0558833
0.0558266
0.05577
0.0557135
0.055657
0.0556005
0.0555441
0.0554878
0.0554315
0.0553752
0.0553191
0.0552629
0.0552068
0.0551508
0.0550948
0.0550389
0.054983
0.0549272
0.0548714
0.0548157
0.05476
0.0547044
0.0546488
0.0545933
0.0545378
0.0544824
0.0544271
0.0543718
0.0543165
0.0542613
0.0542061
0.054151
0.054096
0.0540409
0.053986
0.0539311
0.0538762
0.0538214
0.0537667
0.053712
0.0536573
0.0536027
0.0535482
0.0534937
0.0534392
0.0533848
0.0533305
0.0532762
0.0532219
0.0531677
0.0531136
0.0530595
0.0530054
0.0529514
0.0528975
0.0528436
0.0527897
0.0527359
0.0526822
0.0526285
0.0525748
0.0525212
0.0524677
0.0524142
0.0523607
0.0523073
0.052254
0.0522007
0.0521474
0.0520942
0.0520411
0.051988
0.0519349
0.0518819
0.0518289
0.051776
0.0517232
0.0516704
0.0516176
0.0515649
0.0515123
0.0514596
0.0514071
0.0513546
0.0513021
0.0512497
0.0511973
0.051145
0.0510927
0.0510405
0.0509883
0.0509362
0.0508841
0.0508321
0.0507801
0.0507282
0.0506763
0.0506245
0.0505727
0.050521
0.0504693
0.0504177
0.0503661
0.0503145
0.050263
0.0502116
0.0501602
0.0501089
0.0500576
0.0500063
0.0499551
0.0499039
0.0498528
0.0498018
0.0497508
0.0496998
0.0496489
0.049598
0.0495472
0.0494964
0.0494457
0.049395
0.0493444
0.0492938
0.0492432
0.0491928
0.0491423
0.0490919
0.0490416
0.0489913
0.048941
0.0488908
0.0488407
0.0487905
0.0487405
0.0486905
0.0486405
0.0485906
0.0485407
0.0484909
0.0484411
0.0483913
0.0483417
0.048292
0.0482424
0.0481929
0.0481434
0.0480939
0.0480445
0.0479951
0.0479458
0.0478966
0.0478473
0.0477982
0.047749
0.0476999
0.0476509
0.0476019
0.047553
0.0475041
0.0474552
0.0474064
0.0473576
0.0473089
0.0472603
0.0472116
0.0471631
0.0471145
0.047066
0.0470176
0.0469692
0.0469209
0.0468726
0.0468243
0.0467761
0.0467279
0.0466798
0.0466317
0.0465837
0.0465357
0.0464878
0.0464399
0.0463921
0.0463442
0.0462965
0.0462488
0.0462011
0.0461535
0.0461059
0.0460584
0.0460109
0.0459635
0.0459161
0.0458687
0.0458214
0.0457742
0.0457269
0.0456798
0.0456326
0.0455856
0.0455385
0.0454915
0.0454446
0.0453977
0.0453508
0.045304
0.0452572
0.0452105
0.0451638
0.0451172
0.0450706
0.0450241
0.0449776
0.0449311
0.0448847
0.0448383
0.044792
0.0447457
0.0446995
0.0446533
0.0446071
0.044561
0.0445149
0.0444689
0.044423
0.044377
0.0443311
0.0442853
0.0442395
0.0441937
0.044148
0.0441024
0.0440567
0.0440112
0.0439656
0.0439201
0.0438747
0.0438293
0.0437839
0.0437386
0.0436933
0.0436481
0.0436029
0.0435577
0.0435126
0.0434676
0.0434225
0.0433776
0.0433326
0.0432877
0.0432429
0.0431981
0.0431533
0.0431086
0.0430639
0.0430193
0.0429747
0.0429302
0.0428857
0.0428412
0.0427968
0.0427524
0.0427081
0.0426638
0.0426195
0.0425753
0.0425312
0.042487
0.042443
0.0423989
0.0423549
0.042311
0.0422671
0.0422232
0.0421794
0.0421356
0.0420918
0.0420481
0.0420045
0.0419609
0.0419173
0.0418738
0.0418303
0.0417868
0.0417434
0.0417
0.0416567
0.0416134
0.0415702
0.041527
0.0414838
0.0414407
0.0413977
0.0413546
0.0413116
0.0412687
0.0412258
0.0411829
0.0411401
0.0410973
0.0410545
0.0410118
0.0409692
0.0409266
0.040884
0.0408414
0.040799
0.0407565
0.0407141
0.0406717
0.0406294
0.0405871
0.0405448
0.0405026
0.0404605
0.0404183
0.0403762
0.0403342
0.0402922
0.0402502
0.0402083
0.0401664
0.0401246
0.0400827
0.040041
0.0399993
0.0399576
0.0399159
0.0398743
0.0398328
0.0397912
0.0397498
0.0397083
0.0396669
0.0396256
0.0395842
0.039543
0.0395017
0.0394605
0.0394193
0.0393782
0.0393371
0.0392961
0.0392551
0.0392141
0.0391732
0.0391323
0.0390915
0.0390507
0.0390099
0.0389692
0.0389285
0.0388879
0.0388473
0.0388067
0.0387662
0.0387257
0.0386852
0.0386448
0.0386044
0.0385641
0.0385238
0.0384836
0.0384434
0.0384032
0.038363
0.0383229
0.0382829
0.0382429
0.0382029
0.0381629
0.038123
0.0380832
0.0380434
0.0380036
0.0379638
0.0379241
0.0378844
0.0378448
0.0378052
0.0377657
0.0377262
0.0376867
0.0376472
0.0376078
0.0375685
0.0375292
0.0374899
0.0374506
0.0374114
0.0373722
0.0373331
0.037294
0.037255
0.0372159
0.037177
0.037138
0.0370991
0.0370603
0.0370214
0.0369826
0.0369439
0.0369052
0.0368665
0.0368279
0.0367893
0.0367507
0.0367122
0.0366737
0.0366352
0.0365968
0.0365585
0.0365201
0.0364818
0.0364436
0.0364053
0.0363671
0.036329
0.0362909
0.0362528
0.0362148
0.0361768
0.0361388
0.0361009
0.036063
0.0360251
0.0359873
0.0359495
0.0359118
0.0358741
0.0358364
0.0357988
0.0357612
0.0357237
0.0356861
0.0356487
0.0356112
0.0355738
0.0355364
0.0354991
0.0354618
0.0354245
0.0353873
0.0353501
0.035313
0.0352759
0.0352388
0.0352017
0.0351647
0.0351278
0.0350908
0.0350539
0.0350171
0.0349802
0.0349435
0.0349067
0.03487
0.0348333
0.0347967
0.03476
0.0347235
0.0346869
0.0346504
0.034614
0.0345775
0.0345412
0.0345048
0.0344685
0.0344322
0.0343959
0.0343597
0.0343236
0.0342874
0.0342513
0.0342152
0.0341792
0.0341432
0.0341072
0.0340713
0.0340354
0.0339996
0.0339637
0.0339279
0.0338922
0.0338565
0.0338208
0.0337851
0.0337495
0.033714
0.0336784
0.0336429
0.0336074
0.033572
0.0335366
0.0335012
0.0334659
0.0334306
0.0333954
0.0333601
0.0333249
0.0332898
0.0332547
0.0332196
0.0331845
0.0331495
0.0331145
0.0330796
0.0330447
0.0330098
0.0329749
0.0329401
0.0329054
0.0328706
0.0328359
0.0328012
0.0327666
0.032732
0.0326974
0.0326629
0.0326284
0.0325939
0.0325595
0.0325251
0.0324907
0.0324564
0.0324221
0.0323878
0.0323536
0.0323194
0.0322853
0.0322511
0.032217
0.032183
0.032149
0.032115
0.032081
0.0320471
0.0320132
0.0319793
0.0319455
0.0319117
0.031878
0.0318442
0.0318106
0.0317769
0.0317433
0.0317097
0.0316761
0.0316426
0.0316091
0.0315757
0.0315423
0.0315089
0.0314755
0.0314422
0.0314089
0.0313756
0.0313424
0.0313092
0.0312761
0.031243
0.0312099
0.0311768
0.0311438
0.0311108
0.0310778
0.0310449
0.031012
0.0309792
0.0309463
0.0309135
0.0308808
0.030848
0.0308154
0.0307827
0.0307501
0.0307175
0.0306849
0.0306524
0.0306199
0.0305874
0.030555
0.0305225
0.0304902
0.0304578
0.0304255
0.0303933
0.030361
0.0303288
0.0302966
0.0302645
0.0302324
0.0302003
0.0301682
0.0301362
0.0301042
0.0300723
0.0300404
0.0300085
0.0299766
0.0299448
0.029913
0.0298812
0.0298495
0.0298178
0.0297861
0.0297545
0.0297229
0.0296913
0.0296598
0.0296283
0.0295968
0.0295653
0.0295339
0.0295026
0.0294712
0.0294399
0.0294086
0.0293773
0.0293461
0.0293149
0.0292838
0.0292526
0.0292215
0.0291904
0.0291594
0.0291284
0.0290974
0.0290665
0.0290356
0.0290047
0.0289738
0.028943
0.0289122
0.0288815
0.0288507
0.02882
0.0287894
0.0287587
0.0287281
0.0286976
0.028667
0.0286365
0.028606
0.0285756
0.0285451
0.0285148
0.0284844
0.0284541
0.0284238
0.0283935
0.0283633
0.0283331
0.0283029
0.0282727
0.0282426
0.0282125
0.0281825
0.0281524
0.0281224
0.0280925
0.0280625
0.0280326
0.0280028
0.0279729
0.0279431
0.0279133
0.0278836
0.0278538
0.0278242
0.0277945
0.0277649
0.0277352
0.0277057
0.0276761
0.0276466
0.0276171
0.0275877
0.0275582
0.0275288
0.0274995
0.0274701
0.0274408
0.0274116
0.0273823
0.0273531
0.0273239
0.0272947
0.0272656
0.0272365
0.0272074
0.0271784
0.0271494
0.0271204
0.0270914
0.0270625
0.0270336
0.0270048
0.0269759
0.0269471
0.0269183
0.0268896
0.0268609
0.0268322
0.0268035
0.0267749
0.0267463
0.0267177
0.0266891
0.0266606
0.0266321
0.0266037
0.0265752
0.0265468
0.0265185
0.0264901
0.0264618
0.0264335
0.0264052
0.026377
0.0263488
0.0263206
0.0262925
0.0262644
0.0262363
0.0262082
0.0261802
0.0261522
0.0261242
0.0260963
0.0260684
0.0260405
0.0260126
0.0259848
0.025957
0.0259292
0.0259014
0.0258737
0.025846
0.0258184
0.0257907
0.0257631
0.0257355
0.025708
0.0256805
0.025653
0.0256255
0.0255981
0.0255706
0.0255433
0.0255159
0.0254886
0.0254613
0.025434
0.0254068
0.0253795
0.0253523
0.0253252
0.0252981
0.0252709
0.0252439
0.0252168
0.0251898
0.0251628
0.0251358
0.0251089
0.025082
0.0250551
0.0250282
0.0250014
0.0249746
0.0249478
0.024921
0.0248943
0.0248676
0.024841
0.0248143
0.0247877
0.0247611
0.0247345
0.024708
0.0246815
0.024655
0.0246286
0.0246021
0.0245757
0.0245494
0.024523
0.0244967
0.0244704
0.0244442
0.0244179
0.0243917
0.0243655
0.0243394
0.0243132
0.0242871
0.0242611
0.024235
0.024209
0.024183
0.024157
0.0241311
0.0241051
0.0240793
0.0240534
0.0240275
0.0240017
0.0239759
0.0239502
0.0239245
0.0238987
0.0238731
0.0238474
0.0238218
0.0237962
0.0237706
0.0237451
0.0237195
0.023694
0.0236686
0.0236431
0.0236177
0.0235923
0.0235669
0.0235416
0.0235163
0.023491
0.0234657
0.0234405
0.0234153
0.0233901
0.0233649
0.0233398
0.0233147
0.0232896
0.0232645
0.0232395
0.0232145
0.0231895
0.0231646
0.0231396
0.0231147
0.0230898
0.023065
0.0230402
0.0230154
0.0229906
0.0229658
0.0229411
0.0229164
0.0228917
0.0228671
0.0228425
0.0228179
0.0227933
0.0227687
0.0227442
0.0227197
0.0226952
0.0226708
0.0226464
0.022622
0.0225976
0.0225732
0.0225489
0.0225246
0.0225004
0.0224761
0.0224519
0.0224277
0.0224035
0.0223794
0.0223552
0.0223311
0.0223071
0.022283
0.022259
0.022235
0.022211
0.0221871
0.0221631
0.0221392
0.0221154
0.0220915
0.0220677
0.0220439
0.0220201
0.0219963
0.0219726
0.0219489
0.0219252
0.0219016
0.0218779
0.0218543
0.0218307
0.0218072
0.0217836
0.0217601
0.0217366
0.0217132
0.0216897
0.0216663
0.0216429
0.0216196
0.0215962
0.0215729
0.0215496
0.0215263
0.0215031
0.0214799
0.0214567
0.0214335
0.0214103
0.0213872
0.0213641
0.021341
0.021318
0.0212949
0.0212719
0.021249
0.021226
0.0212031
0.0211801
0.0211573
0.0211344
0.0211116
0.0210887
0.0210659
0.0210432
0.0210204
0.0209977
0.020975
0.0209523
0.0209297
0.020907
0.0208844
0.0208618
0.0208393
0.0208167
0.0207942
0.0207717
0.0207493
0.0207268
0.0207044
0.020682
0.0206596
0.0206373
0.0206149
0.0205926
0.0205704
0.0205481
0.0205259
0.0205037
0.0204815
0.0204593
0.0204372
0.020415
0.0203929
0.0203709
0.0203488
0.0203268
0.0203048
0.0202828
0.0202608
0.0202389
0.020217
0.0201951
0.0201732
0.0201514
0.0201295
0.0201077
0.0200859
0.0200642
0.0200424
0.0200207
0.019999
0.0199774
0.0199557
0.0199341
0.0199125
0.0198909
0.0198694
0.0198478
0.0198263
0.0198048
0.0197834
0.0197619
0.0197405
0.0197191
0.0196977
0.0196764
0.019655
0.0196337
0.0196124
0.0195912
0.0195699
0.0195487
0.0195275
0.0195063
0.0194852
0.019464
0.0194429
0.0194218
0.0194008
0.0193797
0.0193587
0.0193377
0.0193167
0.0192958
0.0192748
0.0192539
0.019233
0.0192121
0.0191913
0.0191704
0.0191496
0.0191289
0.0191081
0.0190873
0.0190666
0.0190459
0.0190252
0.0190046
0.018984
0.0189633
0.0189428
0.0189222
0.0189016
0.0188811
0.0188606
0.0188401
0.0188196
0.0187992
0.0187788
0.0187584
0.018738
0.0187176
0.0186973
0.018677
0.0186567
0.0186364
0.0186162
0.0185959
0.0185757
0.0185555
0.0185354
0.0185152
0.0184951
0.018475
0.0184549
0.0184349
0.0184148
0.0183948
0.0183748
0.0183548
0.0183349
0.0183149
0.018295
0.0182751
0.0182552
0.0182354
0.0182155
0.0181957
0.0181759
0.0181562
0.0181364
0.0181167
0.018097
0.0180773
0.0180576
0.018038
0.0180183
0.0179987
0.0179791
0.0179596
0.01794
0.0179205
0.017901
0.0178815
0.0178621
0.0178426
0.0178232
0.0178038
0.0177844
0.017765
0.0177457
0.0177264
0.0177071
0.0176878
0.0176685
0.0176493
0.0176301
0.0176109
0.0175917
0.0175725
0.0175534
0.0175343
0.0175152
0.0174961
0.017477
0.017458
0.017439
0.01742
0.017401
0.017382
0.0173631
0.0173441
0.0173252
0.0173064
0.0172875
0.0172687
0.0172498
0.017231
0.0172122
0.0171935
0.0171747
0.017156
0.0171373
0.0171186
0.0171
0.0170813
0.0170627
0.0170441
0.0170255
0.0170069
0.0169884
0.0169698
0.0169513
0.0169328
0.0169144
0.0168959
0.0168775
0.0168591
0.0168407
0.0168223
0.0168039
0.0167856
0.0167673
0.016749
0.0167307
0.0167125
0.0166942
0.016676
0.0166578
0.0166396
0.0166214
0.0166033
0.0165852
0.0165671
0.016549
0.0165309
0.0165129
0.0164948
0.0164768
0.0164588
0.0164409
0.0164229
0.016405
0.016387
0.0163691
0.0163513
0.0163334
0.0163156
0.0162977
0.0162799
0.0162622
0.0162444
0.0162266
0.0162089
0.0161912
0.0161735
0.0161558
0.0161382
0.0161205
0.0161029
0.0160853
0.0160677
0.0160502
0.0160326
0.0160151
0.0159976
0.0159801
0.0159626
0.0159452
0.0159278
0.0159103
0.0158929
0.0158756
0.0158582
0.0158409
0.0158235
0.0158062
0.0157889
0.0157717
0.0157544
0.0157372
0.01572
0.0157028
0.0156856
0.0156684
0.0156513
0.0156342
0.0156171
0.0156
0.0155829
0.0155659
0.0155488
0.0155318
0.0155148
0.0154978
0.0154809
0.0154639
0.015447
0.0154301
0.0154132
0.0153963
0.0153795
0.0153626
0.0153458
0.015329
0.0153122
0.0152955
0.0152787
0.015262
0.0152453
0.0152286
0.0152119
0.0151952
0.0151786
0.015162
0.0151453
0.0151288
0.0151122
0.0150956
0.0150791
0.0150626
0.0150461
0.0150296
0.0150131
0.0149967
0.0149802
0.0149638
0.0149474
0.014931
0.0149147
0.0148983
0.014882
0.0148657
0.0148494
0.0148331
0.0148168
0.0148006
0.0147844
0.0147682
0.014752
0.0147358
0.0147196
0.0147035
0.0146874
0.0146713
0.0146552
0.0146391
0.0146231
0.014607
0.014591
0.014575
0.014559
0.014543
0.0145271
0.0145111
0.0144952
0.0144793
0.0144634
0.0144476
0.0144317
0.0144159
0.0144001
0.0143843
0.0143685
0.0143527
0.0143369
0.0143212
0.0143055
0.0142898
0.0142741
0.0142584
0.0142428
0.0142271
0.0142115
0.0141959
0.0141803
0.0141648
0.0141492
0.0141337
0.0141182
0.0141027
0.0140872
0.0140717
0.0140562
0.0140408
0.0140254
0.01401
0.0139946
0.0139792
0.0139639
0.0139485
0.0139332
0.0139179
0.0139026
0.0138873
0.0138721
0.0138568
0.0138416
0.0138264
0.0138112
0.013796
0.0137809
0.0137657
0.0137506
0.0137355
0.0137204
0.0137053
0.0136902
0.0136752
0.0136601
0.0136451
0.0136301
0.0136151
0.0136002
0.0135852
0.0135703
0.0135553
0.0135404
0.0135255
0.0135107
0.0134958
0.013481
0.0134661
0.0134513
0.0134365
0.0134218
0.013407
0.0133922
0.0133775
0.0133628
0.0133481
0.0133334
0.0133187
0.0133041
0.0132894
0.0132748
0.0132602
0.0132456
0.013231
0.0132165
0.0132019
0.0131874
0.0131729
0.0131584
0.0131439
0.0131294
0.013115
0.0131005
0.0130861
0.0130717
0.0130573
0.0130429
0.0130286
0.0130142
0.0129999
0.0129856
0.0129713
0.012957
0.0129427
0.0129285
0.0129142
0.0129
0.0128858
0.0128716
0.0128574
0.0128433
0.0128291
0.012815
0.0128009
0.0127868
0.0127727
0.0127586
0.0127446
0.0127305
0.0127165
0.0127025
0.0126885
0.0126745
0.0126605
0.0126466
0.0126326
0.0126187
0.0126048
0.0125909
0.012577
0.0125632
0.0125493
0.0125355
0.0125216
0.0125078
0.012494
0.0124803
0.0124665
0.0124528
0.012439
0.0124253
0.0124116
0.0123979
0.0123843
0.0123706
0.0123569
0.0123433
0.0123297
0.0123161
0.0123025
0.0122889
0.0122754
0.0122618
0.0122483
0.0122348
0.0122213
0.0122078
0.0121943
0.0121809
0.0121675
0.012154
0.0121406
0.0121272
0.0121138
0.0121005
0.0120871
0.0120738
0.0120604
0.0120471
0.0120338
0.0120205
0.0120073
0.011994
0.0119808
0.0119675
0.0119543
0.0119411
0.0119279
0.0119148
0.0119016
0.0118885
0.0118753
0.0118622
0.0118491
0.011836
0.011823
0.0118099
0.0117969
0.0117838
0.0117708
0.0117578
0.0117448
0.0117318
0.0117189
0.0117059
0.011693
0.0116801
0.0116672
0.0116543
0.0116414
0.0116285
0.0116157
0.0116029
0.01159
0.0115772
0.0115644
0.0115516
0.0115389
0.0115261
0.0115134
0.0115007
0.0114879
0.0114752
0.0114626
0.0114499
0.0114372
0.0114246
0.0114119
0.0113993
0.0113867
0.0113741
0.0113616
0.011349
0.0113364
0.0113239
0.0113114
0.0112989
0.0112864
0.0112739
0.0112614
0.011249
0.0112365
0.0112241
0.0112117
0.0111993
0.0111869
0.0111745
0.0111621
0.0111498
0.0111374
0.0111251
0.0111128
0.0111005
0.0110882
0.011076
0.0110637
0.0110515
0.0110392
0.011027
0.0110148
0.0110026
0.0109904
0.0109783
0.0109661
0.010954
0.0109418
0.0109297
0.0109176
0.0109055
0.0108935
0.0108814
0.0108693
0.0108573
0.0108453
0.0108333
0.0108213
0.0108093
0.0107973
0.0107854
0.0107734
0.0107615
0.0107496
0.0107377
0.0107258
0.0107139
0.010702
0.0106902
0.0106783
0.0106665
0.0106547
0.0106429
0.0106311
0.0106193
0.0106075
0.0105958
0.010584
0.0105723
0.0105606
0.0105489
0.0105372
0.0105255
0.0105138
0.0105022
0.0104905
0.0104789
0.0104673
0.0104557
0.0104441
0.0104325
0.010421
0.0104094
0.0103979
0.0103863
0.0103748
0.0103633
0.0103518
0.0103403
0.0103289
0.0103174
0.010306
0.0102945
0.0102831
0.0102717
0.0102603
0.010249
0.0102376
0.0102262
0.0102149
0.0102036
0.0101922
0.0101809
0.0101696
0.0101583
0.0101471
0.0101358
0.0101246
0.0101133
0.0101021
0.0100909
0.0100797
0.0100685
0.0100573
0.0100462
0.010035
0.0100239
0.0100128
0.0100017
0.00999055
0.00997946
0.00996838
0.00995732
0.00994626
0.00993522
0.00992419
0.00991317
0.00990217
0.00989117
0.00988019
0.00986922
0.00985826
0.00984731
0.00983638
0.00982545
0.00981454
0.00980364
0.00979275
0.00978188
0.00977101
0.00976016
0.00974932
0.00973849
0.00972767
0.00971687
0.00970607
0.00969529
0.00968452
0.00967376
0.00966301
0.00965227
0.00964155
0.00963084
0.00962013
0.00960944
0.00959877
0.0095881
0.00957744
0.0095668
0.00955617
0.00954555
0.00953494
0.00952434
0.00951375
0.00950318
0.00949261
0.00948206
0.00947152
0.00946099
0.00945047
0.00943997
0.00942947
0.00941899
0.00940851
0.00939805
0.0093876
0.00937717
0.00936674
0.00935632
0.00934592
0.00933552
0.00932514
0.00931477
0.00930441
0.00929406
0.00928372
0.0092734
0.00926308
0.00925278
0.00924249
0.00923221
0.00922193
0.00921168
0.00920143
0.00919119
0.00918096
0.00917075
0.00916055
0.00915035
0.00914017
0.00913
0.00911984
0.00910969
0.00909955
0.00908943
0.00907931
0.00906921
0.00905911
0.00904903
0.00903896
0.0090289
0.00901885
0.00900881
0.00899878
0.00898876
0.00897875
0.00896876
0.00895877
0.0089488
0.00893883
0.00892888
0.00891894
0.00890901
0.00889909
0.00888918
0.00887928
0.00886939
0.00885951
0.00884965
0.00883979
0.00882995
0.00882011
0.00881029
0.00880047
0.00879067
0.00878088
0.0087711
0.00876133
0.00875157
0.00874182
0.00873208
0.00872235
0.00871263
0.00870293
0.00869323
0.00868354
0.00867387
0.0086642
0.00865455
0.0086449
0.00863527
0.00862565
0.00861603
0.00860643
0.00859684
0.00858726
0.00857768
0.00856812
0.00855857
0.00854903
0.0085395
0.00852998
0.00852047
0.00851098
0.00850149
0.00849201
0.00848254
0.00847308
0.00846364
0.0084542
0.00844477
0.00843536
0.00842595
0.00841655
0.00840717
0.00839779
0.00838843
0.00837907
0.00836973
0.00836039
0.00835107
0.00834175
0.00833245
0.00832315
0.00831387
0.00830459
0.00829533
0.00828608
0.00827683
0.0082676
0.00825837
0.00824916
0.00823996
0.00823076
0.00822158
0.00821241
0.00820324
0.00819409
0.00818494
0.00817581
0.00816669
0.00815757
0.00814847
0.00813937
0.00813029
0.00812121
0.00811215
0.00810309
0.00809405
0.00808501
0.00807599
0.00806697
0.00805797
0.00804897
0.00803998
0.00803101
0.00802204
0.00801309
0.00800414
0.0079952
0.00798627
0.00797736
0.00796845
0.00795955
0.00795066
0.00794178
0.00793291
0.00792405
0.0079152
0.00790636
0.00789753
0.00788871
0.0078799
0.0078711
0.0078623
0.00785352
0.00784475
0.00783598
0.00782723
0.00781848
0.00780975
0.00780102
0.00779231
0.0077836
0.0077749
0.00776622
0.00775754
0.00774887
0.00774021
0.00773156
0.00772292
0.00771429
0.00770567
0.00769706
0.00768845
0.00767986
0.00767128
0.0076627
0.00765414
0.00764558
0.00763703
0.0076285
0.00761997
0.00761145
0.00760294
0.00759444
0.00758595
0.00757747
0.007569
0.00756053
0.00755208
0.00754363
0.0075352
0.00752677
0.00751836
0.00750995
0.00750155
0.00749316
0.00748478
0.00747641
0.00746805
0.00745969
0.00745135
0.00744301
0.00743469
0.00742637
0.00741807
0.00740977
0.00740148
0.0073932
0.00738493
0.00737666
0.00736841
0.00736017
0.00735193
0.00734371
0.00733549
0.00732728
0.00731908
0.00731089
0.00730271
0.00729454
0.00728637
0.00727822
0.00727007
0.00726194
0.00725381
0.00724569
0.00723758
0.00722948
0.00722139
0.0072133
0.00720523
0.00719716
0.00718911
0.00718106
0.00717302
0.00716499
0.00715697
0.00714895
0.00714095
0.00713295
0.00712497
0.00711699
0.00710902
0.00710106
0.00709311
0.00708516
0.00707723
0.0070693
0.00706138
0.00705348
0.00704558
0.00703768
0.0070298
0.00702193
0.00701406
0.00700621
0.00699836
0.00699052
0.00698269
0.00697486
0.00696705
0.00695925
0.00695145
0.00694366
0.00693588
0.00692811
0.00692035
0.00691259
0.00690485
0.00689711
0.00688938
0.00688166
0.00687395
0.00686624
0.00685855
0.00685086
0.00684318
0.00683551
0.00682785
0.0068202
0.00681256
0.00680492
0.00679729
0.00678967
0.00678206
0.00677446
0.00676686
0.00675928
0.0067517
0.00674413
0.00673657
0.00672902
0.00672147
0.00671393
0.00670641
0.00669889
0.00669137
0.00668387
0.00667638
0.00666889
0.00666141
0.00665394
0.00664648
0.00663902
0.00663158
0.00662414
0.00661671
0.00660929
0.00660187
0.00659447
0.00658707
0.00657968
0.0065723
0.00656493
0.00655756
0.00655021
0.00654286
0.00653552
0.00652818
0.00652086
0.00651354
0.00650623
0.00649893
0.00649164
0.00648436
0.00647708
0.00646981
0.00646255
0.0064553
0.00644805
0.00644082
0.00643359
0.00642637
0.00641915
0.00641195
0.00640475
0.00639756
0.00639038
0.00638321
0.00637604
0.00636888
0.00636173
0.00635459
0.00634746
0.00634033
0.00633321
0.0063261
0.006319
0.0063119
0.00630482
0.00629774
0.00629067
0.0062836
0.00627655
0.0062695
0.00626246
0.00625542
0.0062484
0.00624138
0.00623437
0.00622737
0.00622037
0.00621339
0.00620641
0.00619944
0.00619247
0.00618552
0.00617857
0.00617163
0.0061647
0.00615777
0.00615085
0.00614394
0.00613704
0.00613014
0.00612326
0.00611638
0.0061095
0.00610264
0.00609578
0.00608893
0.00608209
0.00607525
0.00606843
0.00606161
0.00605479
0.00604799
0.00604119
0.0060344
0.00602762
0.00602085
0.00601408
0.00600732
0.00600057
0.00599382
0.00598708
0.00598035
0.00597363
0.00596691
0.00596021
0.0059535
0.00594681
0.00594012
0.00593345
0.00592677
0.00592011
0.00591345
0.0059068
0.00590016
0.00589353
0.0058869
0.00588028
0.00587367
0.00586706
0.00586046
0.00585387
0.00584729
0.00584071
0.00583414
0.00582758
0.00582103
0.00581448
0.00580794
0.0058014
0.00579488
0.00578836
0.00578185
0.00577534
0.00576885
0.00576236
0.00575587
0.0057494
0.00574293
0.00573647
0.00573001
0.00572357
0.00571712
0.00571069
0.00570427
0.00569785
0.00569143
0.00568503
0.00567863
0.00567224
0.00566586
0.00565948
0.00565311
0.00564675
0.00564039
0.00563404
0.0056277
0.00562137
0.00561504
0.00560872
0.0056024
0.0055961
0.0055898
0.00558351
0.00557722
0.00557094
0.00556467
0.0055584
0.00555214
0.00554589
0.00553965
0.00553341
0.00552718
0.00552096
0.00551474
0.00550853
0.00550233
0.00549613
0.00548994
0.00548376
0.00547758
0.00547141
0.00546525
0.00545909
0.00545294
0.0054468
0.00544067
0.00543454
0.00542842
0.0054223
0.00541619
0.00541009
0.005404
0.00539791
0.00539183
0.00538575
0.00537969
0.00537362
0.00536757
0.00536152
0.00535548
0.00534945
0.00534342
0.0053374
0.00533138
0.00532537
0.00531937
0.00531338
0.00530739
0.00530141
0.00529543
0.00528947
0.0052835
0.00527755
0.0052716
0.00526566
0.00525972
0.00525379
0.00524787
0.00524196
0.00523605
0.00523015
0.00522425
0.00521836
0.00521248
0.0052066
0.00520073
0.00519487
0.00518901
0.00518316
0.00517731
0.00517148
0.00516564
0.00515982
0.005154
0.00514819
0.00514238
0.00513658
0.00513079
0.00512501
0.00511923
0.00511345
0.00510768
0.00510192
0.00509617
0.00509042
0.00508468
0.00507894
0.00507321
0.00506749
0.00506178
0.00505607
0.00505036
0.00504466
0.00503897
0.00503329
0.00502761
0.00502194
0.00501627
0.00501061
0.00500496
0.00499931
0.00499367
0.00498803
0.00498241
0.00497678
0.00497117
0.00496556
0.00495995
0.00495436
0.00494877
0.00494318
0.0049376
0.00493203
0.00492646
0.0049209
0.00491535
0.0049098
0.00490426
0.00489872
0.00489319
0.00488767
0.00488215
0.00487664
0.00487113
0.00486563
0.00486014
0.00485465
0.00484917
0.0048437
0.00483823
0.00483277
0.00482731
0.00482186
0.00481641
0.00481098
0.00480554
0.00480012
0.0047947
0.00478928
0.00478387
0.00477847
0.00477307
0.00476768
0.0047623
0.00475692
0.00475155
0.00474618
0.00474082
0.00473546
0.00473011
0.00472477
0.00471943
0.0047141
0.00470878
0.00470346
0.00469814
0.00469284
0.00468754
0.00468224
0.00467695
0.00467166
0.00466639
0.00466111
0.00465585
0.00465059
0.00464533
0.00464008
0.00463484
0.0046296
0.00462437
0.00461914
0.00461392
0.00460871
0.0046035
0.0045983
0.0045931
0.00458791
0.00458272
0.00457754
0.00457237
0.0045672
0.00456204
0.00455688
0.00455173
0.00454659
0.00454145
0.00453631
0.00453118
0.00452606
0.00452094
0.00451583
0.00451073
0.00450563
0.00450053
0.00449544
0.00449036
0.00448528
0.00448021
0.00447515
0.00447009
0.00446503
0.00445998
0.00445494
0.0044499
0.00444487
0.00443984
0.00443482
0.0044298
0.00442479
0.00441979
0.00441479
0.0044098
0.00440481
0.00439983
0.00439485
0.00438988
0.00438491
0.00437995
0.004375
0.00437005
0.0043651
0.00436016
0.00435523
0.0043503
0.00434538
0.00434047
0.00433555
0.00433065
0.00432575
0.00432085
0.00431597
0.00431108
0.0043062
0.00430133
0.00429646
0.0042916
0.00428674
0.00428189
0.00427705
0.00427221
0.00426737
0.00426254
0.00425772
0.0042529
0.00424808
0.00424327
0.00423847
0.00423367
0.00422888
0.00422409
0.00421931
0.00421454
0.00420976
0.004205
0.00420024
0.00419548
0.00419073
0.00418599
0.00418125
0.00417651
0.00417179
0.00416706
0.00416234
0.00415763
0.00415292
0.00414822
0.00414352
0.00413883
0.00413414
0.00412946
0.00412478
0.00412011
0.00411545
0.00411079
0.00410613
0.00410148
0.00409683
0.00409219
0.00408756
0.00408293
0.0040783
0.00407368
0.00406907
0.00406446
0.00405986
0.00405526
0.00405066
0.00404607
0.00404149
0.00403691
0.00403234
0.00402777
0.0040232
0.00401865
0.00401409
0.00400954
0.004005
0.00400046
0.00399593
0.0039914
0.00398688
0.00398236
0.00397785
0.00397334
0.00396884
0.00396434
0.00395985
0.00395536
0.00395087
0.0039464
0.00394192
0.00393746
0.00393299
0.00392853
0.00392408
0.00391963
0.00391519
0.00391075
0.00390632
0.00390189
0.00389747
0.00389305
0.00388863
0.00388423
0.00387982
0.00387542
0.00387103
0.00386664
0.00386226
0.00385788
0.0038535
0.00384913
0.00384477
0.00384041
0.00383605
0.0038317
0.00382736
0.00382302
0.00381868
0.00381435
0.00381003
0.0038057
0.00380139
0.00379708
0.00379277
0.00378847
0.00378417
0.00377988
0.00377559
0.00377131
0.00376703
0.00376276
0.00375849
0.00375422
0.00374997
0.00374571
0.00374146
0.00373722
0.00373298
0.00372874
0.00372451
0.00372028
0.00371606
0.00371185
0.00370764
0.00370343
0.00369923
0.00369503
0.00369084
0.00368665
0.00368246
0.00367828
0.00367411
0.00366994
0.00366578
0.00366162
0.00365746
0.00365331
0.00364916
0.00364502
0.00364088
0.00363675
0.00363262
0.0036285
0.00362438
0.00362027
0.00361616
0.00361205
0.00360795
0.00360385
0.00359976
0.00359568
0.00359159
0.00358752
0.00358344
0.00357937
0.00357531
0.00357125
0.0035672
0.00356315
0.0035591
0.00355506
0.00355102
0.00354699
0.00354296
0.00353894
0.00353492
0.0035309
0.00352689
0.00352289
0.00351889
0.00351489
0.0035109
0.00350691
0.00350293
0.00349895
0.00349498
0.00349101
0.00348704
0.00348308
0.00347912
0.00347517
0.00347122
0.00346728
0.00346334
0.00345941
0.00345548
0.00345155
0.00344763
0.00344371
0.0034398
0.00343589
0.00343199
0.00342809
0.00342419
0.0034203
0.00341642
0.00341253
0.00340866
0.00340478
0.00340091
0.00339705
0.00339319
0.00338933
0.00338548
0.00338163
0.00337779
0.00337395
0.00337012
0.00336629
0.00336246
0.00335864
0.00335482
0.00335101
0.0033472
0.00334339
0.00333959
0.0033358
0.003332
0.00332822
0.00332443
0.00332065
0.00331688
0.00331311
0.00330934
0.00330558
0.00330182
0.00329807
0.00329432
0.00329057
0.00328683
0.00328309
0.00327936
0.00327563
0.0032719
0.00326818
0.00326447
0.00326076
0.00325705
0.00325334
0.00324964
0.00324595
0.00324226
0.00323857
0.00323488
0.00323121
0.00322753
0.00322386
0.00322019
0.00321653
0.00321287
0.00320922
0.00320557
0.00320192
0.00319828
0.00319464
0.003191
0.00318737
0.00318375
0.00318013
0.00317651
0.00317289
0.00316928
0.00316568
0.00316208
0.00315848
0.00315489
0.0031513
0.00314771
0.00314413
0.00314055
0.00313698
0.00313341
0.00312984
0.00312628
0.00312272
0.00311917
0.00311562
0.00311207
0.00310853
0.00310499
0.00310146
0.00309793
0.0030944
0.00309088
0.00308736
0.00308385
0.00308034
0.00307683
0.00307333
0.00306983
0.00306634
0.00306285
0.00305936
0.00305588
0.0030524
0.00304892
0.00304545
0.00304198
0.00303852
0.00303506
0.00303161
0.00302815
0.00302471
0.00302126
0.00301782
0.00301439
0.00301095
0.00300752
0.0030041
0.00300068
0.00299726
0.00299385
0.00299044
0.00298703
0.00298363
0.00298023
0.00297684
0.00297345
0.00297006
0.00296668
0.0029633
0.00295993
0.00295655
0.00295319
0.00294982
0.00294646
0.00294311
0.00293975
0.0029364
0.00293306
0.00292972
0.00292638
0.00292305
0.00291972
0.00291639
0.00291307
0.00290975
0.00290643
0.00290312
0.00289981
0.00289651
0.00289321
0.00288991
0.00288662
0.00288333
0.00288005
0.00287676
0.00287349
0.00287021
0.00286694
0.00286367
0.00286041
0.00285715
0.00285389
0.00285064
0.00284739
0.00284415
0.00284091
0.00283767
0.00283443
0.0028312
0.00282797
0.00282475
0.00282153
0.00281832
0.0028151
0.00281189
0.00280869
0.00280549
0.00280229
0.00279909
0.0027959
0.00279271
0.00278953
0.00278635
0.00278317
0.00278
0.00277683
0.00277366
0.0027705
0.00276734
0.00276419
0.00276104
0.00275789
0.00275474
0.0027516
0.00274846
0.00274533
0.0027422
0.00273907
0.00273595
0.00273283
0.00272971
0.0027266
0.00272349
0.00272038
0.00271728
0.00271418
0.00271108
0.00270799
0.0027049
0.00270182
0.00269873
0.00269566
0.00269258
0.00268951
0.00268644
0.00268338
0.00268032
0.00267726
0.0026742
0.00267115
0.0026681
0.00266506
0.00266202
0.00265898
0.00265595
0.00265292
0.00264989
0.00264687
0.00264385
0.00264083
0.00263782
0.00263481
0.0026318
0.0026288
0.0026258
0.0026228
0.00261981
0.00261682
0.00261383
0.00261085
0.00260787
0.00260489
0.00260192
0.00259895
0.00259598
0.00259302
0.00259006
0.0025871
0.00258415
0.0025812
0.00257825
0.00257531
0.00257237
0.00256944
0.0025665
0.00256357
0.00256065
0.00255772
0.0025548
0.00255189
0.00254897
0.00254606
0.00254315
0.00254025
0.00253735
0.00253445
0.00253156
0.00252867
0.00252578
0.0025229
0.00252002
0.00251714
0.00251426
0.00251139
0.00250853
0.00250566
0.0025028
0.00249994
0.00249709
0.00249423
0.00249139
0.00248854
0.0024857
0.00248286
0.00248002
0.00247719
0.00247436
0.00247153
0.00246871
0.00246589
0.00246307
0.00246026
0.00245745
0.00245464
0.00245184
0.00244904
0.00244624
0.00244345
0.00244065
0.00243787
0.00243508
0.0024323
0.00242952
0.00242674
0.00242397
0.0024212
0.00241843
0.00241567
0.00241291
0.00241015
0.0024074
0.00240465
0.0024019
0.00239916
0.00239641
0.00239368
0.00239094
0.00238821
0.00238548
0.00238275
0.00238003
0.00237731
0.00237459
0.00237188
0.00236917
0.00236646
0.00236375
0.00236105
0.00235835
0.00235566
0.00235296
0.00235027
0.00234759
0.0023449
0.00234222
0.00233955
0.00233687
0.0023342
0.00233153
0.00232887
0.0023262
0.00232354
0.00232089
0.00231823
0.00231558
0.00231294
0.00231029
0.00230765
0.00230501
0.00230238
0.00229974
0.00229711
0.00229449
0.00229186
0.00228924
0.00228662
0.00228401
0.0022814
0.00227879
0.00227618
0.00227358
0.00227098
0.00226838
0.00226579
0.00226319
0.00226061
0.00225802
0.00225544
0.00225286
0.00225028
0.00224771
0.00224514
0.00224257
0.00224
0.00223744
0.00223488
0.00223232
0.00222977
0.00222722
0.00222467
0.00222213
0.00221958
0.00221704
0.00221451
0.00221197
0.00220944
0.00220691
0.00220439
0.00220187
0.00219935
0.00219683
0.00219432
0.00219181
0.0021893
0.00218679
0.00218429
0.00218179
0.00217929
0.0021768
0.00217431
0.00217182
0.00216934
0.00216685
0.00216437
0.0021619
0.00215942
0.00215695
0.00215448
0.00215201
0.00214955
0.00214709
0.00214463
0.00214218
0.00213973
0.00213728
0.00213483
0.00213239
0.00212995
0.00212751
0.00212507
0.00212264
0.00212021
0.00211778
0.00211536
0.00211293
0.00211052
0.0021081
0.00210569
0.00210327
0.00210087
0.00209846
0.00209606
0.00209366
0.00209126
0.00208887
0.00208647
0.00208408
0.0020817
0.00207931
0.00207693
0.00207455
0.00207218
0.0020698
0.00206743
0.00206507
0.0020627
0.00206034
0.00205798
0.00205562
0.00205327
0.00205092
0.00204857
0.00204622
0.00204388
0.00204154
0.0020392
0.00203686
0.00203453
0.0020322
0.00202987
0.00202754
0.00202522
0.0020229
0.00202058
0.00201827
0.00201596
0.00201365
0.00201134
0.00200903
0.00200673
0.00200443
0.00200214
0.00199984
0.00199755
0.00199526
0.00199298
0.00199069
0.00198841
0.00198613
0.00198386
0.00198158
0.00197931
0.00197704
0.00197478
0.00197252
0.00197025
0.001968
0.00196574
0.00196349
0.00196124
0.00195899
0.00195674
0.0019545
0.00195226
0.00195002
0.00194779
0.00194556
0.00194333
0.0019411
0.00193887
0.00193665
0.00193443
0.00193221
0.00193
0.00192779
0.00192558
0.00192337
0.00192116
0.00191896
0.00191676
0.00191456
0.00191237
0.00191017
0.00190798
0.0019058
0.00190361
0.00190143
0.00189925
0.00189707
0.0018949
0.00189272
0.00189055
0.00188838
0.00188622
0.00188406
0.0018819
0.00187974
0.00187758
0.00187543
0.00187328
0.00187113
0.00186898
0.00186684
0.0018647
0.00186256
0.00186042
0.00185829
0.00185616
0.00185403
0.0018519
0.00184978
0.00184766
0.00184554
0.00184342
0.0018413
0.00183919
0.00183708
0.00183497
0.00183287
0.00183077
0.00182867
0.00182657
0.00182447
0.00182238
0.00182029
0.0018182
0.00181611
0.00181403
0.00181195
0.00180987
0.00180779
0.00180572
0.00180365
0.00180158
0.00179951
0.00179745
0.00179538
0.00179332
0.00179126
0.00178921
0.00178716
0.0017851
0.00178306
0.00178101
0.00177897
0.00177692
0.00177488
0.00177285
0.00177081
0.00176878
0.00176675
0.00176472
0.0017627
0.00176067
0.00175865
0.00175663
0.00175462
0.0017526
0.00175059
0.00174858
0.00174657
0.00174457
0.00174257
0.00174057
0.00173857
0.00173657
0.00173458
0.00173259
0.0017306
0.00172861
0.00172662
0.00172464
0.00172266
0.00172068
0.00171871
0.00171673
0.00171476
0.00171279
0.00171083
0.00170886
0.0017069
0.00170494
0.00170298
0.00170103
0.00169907
0.00169712
0.00169517
0.00169323
0.00169128
0.00168934
0.0016874
0.00168546
0.00168353
0.00168159
0.00167966
0.00167773
0.0016758
0.00167388
0.00167196
0.00167004
0.00166812
0.0016662
0.00166429
0.00166238
0.00166047
0.00165856
0.00165665
0.00165475
0.00165285
0.00165095
0.00164905
0.00164716
0.00164527
0.00164338
0.00164149
0.0016396
0.00163772
0.00163584
0.00163396
0.00163208
0.0016302
0.00162833
0.00162646
0.00162459
0.00162272
0.00162086
0.001619
0.00161714
0.00161528
0.00161342
0.00161157
0.00160971
0.00160786
0.00160602
0.00160417
0.00160233
0.00160049
0.00159865
0.00159681
0.00159497
0.00159314
0.00159131
0.00158948
0.00158765
0.00158583
0.001584
0.00158218
0.00158037
0.00157855
0.00157673
0.00157492
0.00157311
0.0015713
0.0015695
0.00156769
0.00156589
0.00156409
0.00156229
0.00156049
0.0015587
0.00155691
0.00155512
0.00155333
0.00155154
0.00154976
0.00154798
0.0015462
0.00154442
0.00154264
0.00154087
0.0015391
0.00153733
0.00153556
0.00153379
0.00153203
0.00153027
0.00152851
0.00152675
0.001525
0.00152324
0.00152149
0.00151974
0.00151799
0.00151625
0.0015145
0.00151276
0.00151102
0.00150928
0.00150755
0.00150581
0.00150408
0.00150235
0.00150062
0.0014989
0.00149717
0.00149545
0.00149373
0.00149201
0.00149029
0.00148858
0.00148687
0.00148516
0.00148345
0.00148174
0.00148004
0.00147833
0.00147663
0.00147493
0.00147324
0.00147154
0.00146985
0.00146816
0.00146647
0.00146478
0.00146309
0.00146141
0.00145973
0.00145805
0.00145637
0.0014547
0.00145302
0.00145135
0.00144968
0.00144801
0.00144634
0.00144468
0.00144302
0.00144136
0.0014397
0.00143804
0.00143638
0.00143473
0.00143308
0.00143143
0.00142978
0.00142814
0.00142649
0.00142485
0.00142321
0.00142157
0.00141994
0.0014183
0.00141667
0.00141504
0.00141341
0.00141178
0.00141016
0.00140853
0.00140691
0.00140529
0.00140367
0.00140206
0.00140044
0.00139883
0.00139722
0.00139561
0.001394
0.0013924
0.0013908
0.00138919
0.0013876
0.001386
0.0013844
0.00138281
0.00138121
0.00137962
0.00137804
0.00137645
0.00137486
0.00137328
0.0013717
0.00137012
0.00136854
0.00136696
0.00136539
0.00136382
0.00136225
0.00136068
0.00135911
0.00135755
0.00135598
0.00135442
0.00135286
0.0013513
0.00134974
0.00134819
0.00134664
0.00134509
0.00134354
0.00134199
0.00134044
0.0013389
0.00133736
0.00133582
0.00133428
0.00133274
0.0013312
0.00132967
0.00132814
0.00132661
0.00132508
0.00132355
0.00132203
0.0013205
0.00131898
0.00131746
0.00131594
0.00131443
0.00131291
0.0013114
0.00130989
0.00130838
0.00130687
0.00130537
0.00130386
0.00130236
0.00130086
0.00129936
0.00129786
0.00129637
0.00129487
0.00129338
0.00129189
0.0012904
0.00128891
0.00128743
0.00128594
0.00128446
0.00128298
0.0012815
0.00128003
0.00127855
0.00127708
0.0012756
0.00127413
0.00127266
0.0012712
0.00126973
0.00126827
0.00126681
0.00126535
0.00126389
0.00126243
0.00126097
0.00125952
0.00125807
0.00125662
0.00125517
0.00125372
0.00125228
0.00125083
0.00124939
0.00124795
0.00124651
0.00124507
0.00124364
0.0012422
0.00124077
0.00123934
0.00123791
0.00123648
0.00123506
0.00123363
0.00123221
0.00123079
0.00122937
0.00122795
0.00122654
0.00122512
0.00122371
0.0012223
0.00122089
0.00121948
0.00121807
0.00121667
0.00121527
0.00121386
0.00121246
0.00121107
0.00120967
0.00120827
0.00120688
0.00120549
0.0012041
0.00120271
0.00120132
0.00119993
0.00119855
0.00119717
0.00119579
0.00119441
0.00119303
0.00119165
0.00119028
0.0011889
0.00118753
0.00118616
0.00118479
0.00118343
0.00118206
0.0011807
0.00117933
0.00117797
0.00117661
0.00117526
0.0011739
0.00117255
0.00117119
0.00116984
0.00116849
0.00116714
0.0011658
0.00116445
0.00116311
0.00116177
0.00116042
0.00115909
0.00115775
0.00115641
0.00115508
0.00115374
0.00115241
0.00115108
0.00114975
0.00114843
0.0011471
0.00114578
0.00114445
0.00114313
0.00114181
0.0011405
0.00113918
0.00113786
0.00113655
0.00113524
0.00113393
0.00113262
0.00113131
0.00113001
0.0011287
0.0011274
0.0011261
0.0011248
0.0011235
0.0011222
0.0011209
0.00111961
0.00111832
0.00111703
0.00111574
0.00111445
0.00111316
0.00111188
0.00111059
0.00110931
0.00110803
0.00110675
0.00110547
0.00110419
0.00110292
0.00110165
0.00110037
0.0010991
0.00109783
0.00109657
0.0010953
0.00109403
0.00109277
0.00109151
0.00109025
0.00108899
0.00108773
0.00108648
0.00108522
0.00108397
0.00108271
0.00108146
0.00108021
0.00107897
0.00107772
0.00107648
0.00107523
0.00107399
0.00107275
0.00107151
0.00107027
0.00106904
0.0010678
0.00106657
0.00106534
0.0010641
0.00106288
0.00106165
0.00106042
0.0010592
0.00105797
0.00105675
0.00105553
0.00105431
0.00105309
0.00105187
0.00105066
0.00104944
0.00104823
0.00104702
0.00104581
0.0010446
0.0010434
0.00104219
0.00104099
0.00103978
0.00103858
0.00103738
0.00103618
0.00103498
0.00103379
0.00103259
0.0010314
0.00103021
0.00102902
0.00102783
0.00102664
0.00102545
0.00102427
0.00102308
0.0010219
0.00102072
0.00101954
0.00101836
0.00101719
0.00101601
0.00101483
0.00101366
0.00101249
0.00101132
0.00101015
0.00100898
0.00100782
0.00100665
0.00100549
0.00100432
0.00100316
0.001002
0.00100085
0.000999688
0.000998533
0.000997378
0.000996225
0.000995073
0.000993923
0.000992773
0.000991625
0.000990479
0.000989334
0.00098819
0.000987047
0.000985906
0.000984766
0.000983627
0.000982489
0.000981353
0.000980218
0.000979085
0.000977952
0.000976822
0.000975692
0.000974563
0.000973436
0.000972311
0.000971186
0.000970063
0.000968941
0.00096782
0.000966701
0.000965583
0.000964466
0.00096335
0.000962236
0.000961123
0.000960011
0.000958901
0.000957792
0.000956684
0.000955577
0.000954472
0.000953368
0.000952265
0.000951163
0.000950063
0.000948964
0.000947866
0.000946769
0.000945674
0.00094458
0.000943487
0.000942395
0.000941305
0.000940216
0.000939128
0.000938042
0.000936956
0.000935872
0.000934789
0.000933708
0.000932627
0.000931548
0.00093047
0.000929394
0.000928318
0.000927244
0.000926171
0.000925099
0.000924029
0.000922959
0.000921891
0.000920824
0.000919759
0.000918694
0.000917631
0.000916569
0.000915508
0.000914449
0.00091339
0.000912333
0.000911277
0.000910222
0.000909169
0.000908117
0.000907065
0.000906016
0.000904967
0.000903919
0.000902873
0.000901828
0.000900784
0.000899741
0.0008987
0.000897659
0.00089662
0.000895582
0.000894545
0.00089351
0.000892475
0.000891442
0.00089041
0.000889379
0.00088835
0.000887321
0.000886294
0.000885268
0.000884243
0.000883219
0.000882196
0.000881175
0.000880155
0.000879135
0.000878117
0.000877101
0.000876085
0.000875071
0.000874057
0.000873045
0.000872034
0.000871024
0.000870016
0.000869008
0.000868002
0.000866997
0.000865993
0.00086499
0.000863988
0.000862987
0.000861988
0.000860989
0.000859992
0.000858996
0.000858001
0.000857008
0.000856015
0.000855024
0.000854033
0.000853044
0.000852056
0.000851069
0.000850083
0.000849098
0.000848115
0.000847132
0.000846151
0.000845171
0.000844192
0.000843214
0.000842237
0.000841261
0.000840287
0.000839313
0.000838341
0.00083737
0.0008364
0.000835431
0.000834463
0.000833496
0.00083253
0.000831566
0.000830602
0.00082964
0.000828678
0.000827718
0.000826759
0.000825801
0.000824844
0.000823889
0.000822934
0.00082198
0.000821028
0.000820076
0.000819126
0.000818177
0.000817229
0.000816282
0.000815336
0.000814391
0.000813447
0.000812504
0.000811563
0.000810622
0.000809682
0.000808744
0.000807807
0.00080687
0.000805935
0.000805001
0.000804068
0.000803136
0.000802205
0.000801275
0.000800347
0.000799419
0.000798492
0.000797567
0.000796642
0.000795719
0.000794796
0.000793875
0.000792955
0.000792035
0.000791117
0.0007902
0.000789284
0.000788369
0.000787455
0.000786542
0.00078563
0.000784719
0.000783809
0.000782901
0.000781993
0.000781086
0.000780181
0.000779276
0.000778372
0.00077747
0.000776568
0.000775668
0.000774769
0.00077387
0.000772973
0.000772076
0.000771181
0.000770287
0.000769394
0.000768501
0.00076761
0.00076672
0.000765831
0.000764943
0.000764056
0.000763169
0.000762284
0.0007614
0.000760517
0.000759635
0.000758754
0.000757874
0.000756995
0.000756117
0.00075524
0.000754364
0.000753489
0.000752615
0.000751742
0.00075087
0.000749999
0.000749129
0.00074826
0.000747392
0.000746525
0.000745659
0.000744794
0.00074393
0.000743067
0.000742205
0.000741344
0.000740484
0.000739625
0.000738767
0.00073791
0.000737054
0.000736198
0.000735344
0.000734491
0.000733639
0.000732788
0.000731938
0.000731088
0.00073024
0.000729393
0.000728546
0.000727701
0.000726857
0.000726013
0.000725171
0.000724329
0.000723489
0.000722649
0.00072181
0.000720973
0.000720136
0.0007193
0.000718466
0.000717632
0.000716799
0.000715967
0.000715136
0.000714306
0.000713477
0.000712649
0.000711822
0.000710996
0.00071017
0.000709346
0.000708523
0.0007077
0.000706879
0.000706059
0.000705239
0.00070442
0.000703603
0.000702786
0.00070197
0.000701155
0.000700341
0.000699528
