Vec Object: Vec_0x564e6ef080c0_0 1 MPI process
  type: seq
1.
0.999879
0.999758
0.999636
0.999515
0.999394
0.999273
0.999151
0.99903
0.998908
0.998787
0.998666
0.998544
0.998422
0.998301
0.998179
0.998058
0.997936
0.997814
0.997692
0.99757
0.997449
0.997327
0.997205
0.997083
0.996961
0.996839
0.996717
0.996595
0.996473
0.99635
0.996228
0.996106
0.995984
0.995861
0.995739
0.995617
0.995494
0.995372
0.995249
0.995127
0.995004
0.994882
0.994759
0.994636
0.994514
0.994391
0.994268
0.994145
0.994022
0.993899
0.993777
0.993654
0.993531
0.993408
0.993285
0.993161
0.993038
0.992915
0.992792
0.992669
0.992545
0.992422
0.992299
0.992175
0.992052
0.991928
0.991805
0.991681
0.991558
0.991434
0.991311
0.991187
0.991063
0.990939
0.990816
0.990692
0.990568
0.990444
0.99032
0.990196
0.990072
0.989948
0.989824
0.9897
0.989576
0.989452
0.989328
0.989203
0.989079
0.988955
0.98883
0.988706
0.988582
0.988457
0.988333
0.988208
0.988083
0.987959
0.987834
0.98771
0.987585
0.98746
0.987335
0.98721
0.987086
0.986961
0.986836
0.986711
0.986586
0.986461
0.986336
0.986211
0.986085
0.98596
0.985835
0.98571
0.985584
0.985459
0.985334
0.985208
0.985083
0.984957
0.984832
0.984706
0.984581
0.984455
0.98433
0.984204
0.984078
0.983952
0.983827
0.983701
0.983575
0.983449
0.983323
0.983197
0.983071
0.982945
0.982819
0.982693
0.982567
0.98244
0.982314
0.982188
0.982062
0.981935
0.981809
0.981682
0.981556
0.98143
0.981303
0.981176
0.98105
0.980923
0.980797
0.98067
0.980543
0.980416
0.98029
0.980163
0.980036
0.979909
0.979782
0.979655
0.979528
0.979401
0.979274
0.979147
0.979019
0.978892
0.978765
0.978638
0.97851
0.978383
0.978256
0.978128
0.978001
0.977873
0.977746
0.977618
0.97749
0.977363
0.977235
0.977107
0.97698
0.976852
0.976724
0.976596
0.976468
0.97634
0.976212
0.976084
0.975956
0.975828
0.9757
0.975572
0.975444
0.975315
0.975187
0.975059
0.97493
0.974802
0.974674
0.974545
0.974417
0.974288
0.97416
0.974031
0.973902
0.973774
0.973645
0.973516
0.973387
0.973259
0.97313
0.973001
0.972872
0.972743
0.972614
0.972485
0.972356
0.972227
0.972098
0.971968
0.971839
0.97171
0.971581
0.971451
0.971322
0.971192
0.971063
0.970934
0.970804
0.970674
0.970545
0.970415
0.970286
0.970156
0.970026
0.969896
0.969767
0.969637
0.969507
0.969377
0.969247
0.969117
0.968987
0.968857
0.968727
0.968597
0.968466
0.968336
0.968206
0.968076
0.967945
0.967815
0.967685
0.967554
0.967424
0.967293
0.967163
0.967032
0.966901
0.966771
0.96664
0.966509
0.966378
0.966248
0.966117
0.965986
0.965855
0.965724
0.965593
0.965462
0.965331
0.9652
0.965069
0.964938
0.964806
0.964675
0.964544
0.964412
0.964281
0.96415
0.964018
0.963887
0.963755
0.963624
0.963492
0.963361
0.963229
0.963097
0.962965
0.962834
0.962702
0.96257
0.962438
0.962306
0.962174
0.962042
0.96191
0.961778
0.961646
0.961514
0.961382
0.96125
0.961117
0.960985
0.960853
0.96072
0.960588
0.960456
0.960323
0.960191
0.960058
0.959925
0.959793
0.95966
0.959527
0.959395
0.959262
0.959129
0.958996
0.958863
0.95873
0.958598
0.958465
0.958331
0.958198
0.958065
0.957932
0.957799
0.957666
0.957533
0.957399
0.957266
0.957133
0.956999
0.956866
0.956732
0.956599
0.956465
0.956332
0.956198
0.956064
0.955931
0.955797
0.955663
0.955529
0.955395
0.955262
0.955128
0.954994
0.95486
0.954726
0.954592
0.954457
0.954323
0.954189
0.954055
0.953921
0.953786
0.953652
0.953518
0.953383
0.953249
0.953114
0.95298
0.952845
0.952711
0.952576
0.952441
0.952307
0.952172
0.952037
0.951902
0.951767
0.951632
0.951498
0.951363
0.951228
0.951092
0.950957
0.950822
0.950687
0.950552
0.950417
0.950281
0.950146
0.950011
0.949875
0.94974
0.949605
0.949469
0.949333
0.949198
0.949062
0.948927
0.948791
0.948655
0.94852
0.948384
0.948248
0.948112
0.947976
0.94784
0.947704
0.947568
0.947432
0.947296
0.94716
0.947024
0.946888
0.946751
0.946615
0.946479
0.946342
0.946206
0.946069
0.945933
0.945796
0.94566
0.945523
0.945387
0.94525
0.945113
0.944977
0.94484
0.944703
0.944566
0.944429
0.944292
0.944155
0.944018
0.943881
0.943744
0.943607
0.94347
0.943333
0.943196
0.943058
0.942921
0.942784
0.942646
0.942509
0.942372
0.942234
0.942097
0.941959
0.941821
0.941684
0.941546
0.941408
0.941271
0.941133
0.940995
0.940857
0.940719
0.940581
0.940443
0.940305
0.940167
0.940029
0.939891
0.939753
0.939615
0.939476
0.939338
0.9392
0.939061
0.938923
0.938785
0.938646
0.938508
0.938369
0.938231
0.938092
0.937953
0.937815
0.937676
0.937537
0.937398
0.937259
0.937121
0.936982
0.936843
0.936704
0.936565
0.936426
0.936286
0.936147
0.936008
0.935869
0.93573
0.93559
0.935451
0.935312
0.935172
0.935033
0.934893
0.934754
0.934614
0.934475
0.934335
0.934195
0.934056
0.933916
0.933776
0.933636
0.933496
0.933356
0.933216
0.933077
0.932936
0.932796
0.932656
0.932516
0.932376
0.932236
0.932096
0.931955
0.931815
0.931675
0.931534
0.931394
0.931253
0.931113
0.930972
0.930832
0.930691
0.93055
0.93041
0.930269
0.930128
0.929987
0.929846
0.929706
0.929565
0.929424
0.929283
0.929142
0.929001
0.928859
0.928718
0.928577
0.928436
0.928295
0.928153
0.928012
0.927871
0.927729
0.927588
0.927446
0.927305
0.927163
0.927021
0.92688
0.926738
0.926596
0.926455
0.926313
0.926171
0.926029
0.925887
0.925745
0.925603
0.925461
0.925319
0.925177
0.925035
0.924893
0.92475
0.924608
0.924466
0.924324
0.924181
0.924039
0.923896
0.923754
0.923611
0.923469
0.923326
0.923183
0.923041
0.922898
0.922755
0.922613
0.92247
0.922327
0.922184
0.922041
0.921898
0.921755
0.921612
0.921469
0.921326
0.921183
0.921039
0.920896
0.920753
0.920609
0.920466
0.920323
0.920179
0.920036
0.919892
0.919749
0.919605
0.919461
0.919318
0.919174
0.91903
0.918887
0.918743
0.918599
0.918455
0.918311
0.918167
0.918023
0.917879
0.917735
0.917591
0.917447
0.917302
0.917158
0.917014
0.91687
0.916725
0.916581
0.916436
0.916292
0.916147
0.916003
0.915858
0.915714
0.915569
0.915424
0.915279
0.915135
0.91499
0.914845
0.9147
0.914555
0.91441
0.914265
0.91412
0.913975
0.91383
0.913685
0.91354
0.913394
0.913249
0.913104
0.912958
0.912813
0.912668
0.912522
0.912377
0.912231
0.912086
0.91194
0.911794
0.911649
0.911503
0.911357
0.911211
0.911065
0.910919
0.910774
0.910628
0.910482
0.910336
0.910189
0.910043
0.909897
0.909751
0.909605
0.909458
0.909312
0.909166
0.909019
0.908873
0.908727
0.90858
0.908434
0.908287
0.90814
0.907994
0.907847
0.9077
0.907553
0.907407
0.90726
0.907113
0.906966
0.906819
0.906672
0.906525
0.906378
0.906231
0.906084
0.905936
0.905789
0.905642
0.905495
0.905347
0.9052
0.905053
0.904905
0.904758
0.90461
0.904462
0.904315
0.904167
0.90402
0.903872
0.903724
0.903576
0.903428
0.90328
0.903133
0.902985
0.902837
0.902689
0.902541
0.902392
0.902244
0.902096
0.901948
0.9018
0.901651
0.901503
0.901355
0.901206
0.901058
0.900909
0.900761
0.900612
0.900463
0.900315
0.900166
0.900017
0.899869
0.89972
0.899571
0.899422
0.899273
0.899124
0.898975
0.898826
0.898677
0.898528
0.898379
0.89823
0.89808
0.897931
0.897782
0.897633
0.897483
0.897334
0.897184
0.897035
0.896885
0.896736
0.896586
0.896437
0.896287
0.896137
0.895987
0.895838
0.895688
0.895538
0.895388
0.895238
0.895088
0.894938
0.894788
0.894638
0.894488
0.894337
0.894187
0.894037
0.893887
0.893736
0.893586
0.893436
0.893285
0.893135
0.892984
0.892833
0.892683
0.892532
0.892382
0.892231
0.89208
0.891929
0.891778
0.891628
0.891477
0.891326
0.891175
0.891024
0.890873
0.890722
0.89057
0.890419
0.890268
0.890117
0.889965
0.889814
0.889663
0.889511
0.88936
0.889208
0.889057
0.888905
0.888754
0.888602
0.88845
0.888299
0.888147
0.887995
0.887843
0.887691
0.887539
0.887387
0.887236
0.887083
0.886931
0.886779
0.886627
0.886475
0.886323
0.886171
0.886018
0.885866
0.885714
0.885561
0.885409
0.885256
0.885104
0.884951
0.884798
0.884646
0.884493
0.88434
0.884188
0.884035
0.883882
0.883729
0.883576
0.883423
0.88327
0.883117
0.882964
0.882811
0.882658
0.882505
0.882352
0.882198
0.882045
0.881892
0.881738
0.881585
0.881432
0.881278
0.881125
0.880971
0.880817
0.880664
0.88051
0.880356
0.880203
0.880049
0.879895
0.879741
0.879587
0.879433
0.879279
0.879125
0.878971
0.878817
0.878663
0.878509
0.878355
0.8782
0.878046
0.877892
0.877737
0.877583
0.877428
0.877274
0.877119
0.876965
0.87681
0.876656
0.876501
0.876346
0.876192
0.876037
0.875882
0.875727
0.875572
0.875417
0.875262
0.875107
0.874952
0.874797
0.874642
0.874487
0.874332
0.874176
0.874021
0.873866
0.87371
0.873555
0.873399
0.873244
0.873088
0.872933
0.872777
0.872622
0.872466
0.87231
0.872155
0.871999
0.871843
0.871687
0.871531
0.871375
0.871219
0.871063
0.870907
0.870751
0.870595
0.870439
0.870283
0.870126
0.86997
0.869814
0.869657
0.869501
0.869345
0.869188
0.869032
0.868875
0.868718
0.868562
0.868405
0.868248
0.868092
0.867935
0.867778
0.867621
0.867464
0.867307
0.867151
0.866993
0.866836
0.866679
0.866522
0.866365
0.866208
0.866051
0.865893
0.865736
0.865579
0.865421
0.865264
0.865106
0.864949
0.864791
0.864634
0.864476
0.864318
0.864161
0.864003
0.863845
0.863687
0.86353
0.863372
0.863214
0.863056
0.862898
0.86274
0.862582
0.862424
0.862265
0.862107
0.861949
0.861791
0.861632
0.861474
0.861316
0.861157
0.860999
0.86084
0.860682
0.860523
0.860365
0.860206
0.860047
0.859889
0.85973
0.859571
0.859412
0.859253
0.859094
0.858935
0.858776
0.858617
0.858458
0.858299
0.85814
0.857981
0.857822
0.857662
0.857503
0.857344
0.857184
0.857025
0.856866
0.856706
0.856547
0.856387
0.856227
0.856068
0.855908
0.855748
0.855589
0.855429
0.855269
0.855109
0.854949
0.854789
0.854629
0.854469
0.854309
0.854149
0.853989
0.853829
0.853669
0.853508
0.853348
0.853188
0.853027
0.852867
0.852707
0.852546
0.852386
0.852225
0.852064
0.851904
0.851743
0.851582
0.851422
0.851261
0.8511
0.850939
0.850778
0.850617
0.850456
0.850295
0.850134
0.849973
0.849812
0.849651
0.84949
0.849329
0.849167
0.849006
0.848845
0.848683
0.848522
0.84836
0.848199
0.848037
0.847876
0.847714
0.847552
0.847391
0.847229
0.847067
0.846906
0.846744
0.846582
0.84642
0.846258
0.846096
0.845934
0.845772
0.84561
0.845448
0.845285
0.845123
0.844961
0.844799
0.844636
0.844474
0.844312
0.844149
0.843987
0.843824
0.843662
0.843499
0.843336
0.843174
0.843011
0.842848
0.842685
0.842523
0.84236
0.842197
0.842034
0.841871
0.841708
0.841545
0.841382
0.841219
0.841056
0.840892
0.840729
0.840566
0.840402
0.840239
0.840076
0.839912
0.839749
0.839585
0.839422
0.839258
0.839095
0.838931
0.838767
0.838604
0.83844
0.838276
0.838112
0.837948
0.837784
0.83762
0.837456
0.837292
0.837128
0.836964
0.8368
0.836636
0.836472
0.836308
0.836143
0.835979
0.835815
0.83565
0.835486
0.835321
0.835157
0.834992
0.834828
0.834663
0.834498
0.834334
0.834169
0.834004
0.833839
0.833674
0.83351
0.833345
0.83318
0.833015
0.83285
0.832685
0.832519
0.832354
0.832189
0.832024
0.831859
0.831693
0.831528
0.831363
0.831197
0.831032
0.830866
0.830701
0.830535
0.83037
0.830204
0.830038
0.829873
0.829707
0.829541
0.829375
0.829209
0.829044
0.828878
0.828712
0.828546
0.82838
0.828214
0.828047
0.827881
0.827715
0.827549
0.827383
0.827216
0.82705
0.826884
0.826717
0.826551
0.826384
0.826218
0.826051
0.825885
0.825718
0.825551
0.825385
0.825218
0.825051
0.824884
0.824717
0.82455
0.824383
0.824217
0.82405
0.823882
0.823715
0.823548
0.823381
0.823214
0.823047
0.822879
0.822712
0.822545
0.822377
0.82221
0.822043
0.821875
0.821708
0.82154
0.821372
0.821205
0.821037
0.820869
0.820702
0.820534
0.820366
0.820198
0.82003
0.819862
0.819694
0.819526
0.819358
0.81919
0.819022
0.818854
0.818686
0.818518
0.818349
0.818181
0.818013
0.817844
0.817676
0.817507
0.817339
0.81717
0.817002
0.816833
0.816665
0.816496
0.816327
0.816159
0.81599
0.815821
0.815652
0.815483
0.815314
0.815145
0.814976
0.814807
0.814638
0.814469
0.8143
0.814131
0.813962
0.813792
0.813623
0.813454
0.813284
0.813115
0.812946
0.812776
0.812607
0.812437
0.812268
0.812098
0.811928
0.811759
0.811589
0.811419
0.811249
0.811079
0.81091
0.81074
0.81057
0.8104
0.81023
0.81006
0.80989
0.809719
0.809549
0.809379
0.809209
0.809039
0.808868
0.808698
0.808528
0.808357
0.808187
0.808016
0.807846
0.807675
0.807505
0.807334
0.807163
0.806993
0.806822
0.806651
0.80648
0.806309
0.806138
0.805968
0.805797
0.805626
0.805455
0.805283
0.805112
0.804941
0.80477
0.804599
0.804428
0.804256
0.804085
0.803914
0.803742
0.803571
0.803399
0.803228
0.803056
0.802885
0.802713
0.802542
0.80237
0.802198
0.802026
0.801855
0.801683
0.801511
0.801339
0.801167
0.800995
0.800823
0.800651
0.800479
0.800307
0.800135
0.799963
0.79979
0.799618
0.799446
0.799273
0.799101
0.798929
0.798756
0.798584
0.798411
0.798239
0.798066
0.797894
0.797721
0.797548
0.797376
0.797203
0.79703
0.796857
0.796684
0.796511
0.796338
0.796165
0.795992
0.795819
0.795646
0.795473
0.7953
0.795127
0.794954
0.79478
0.794607
0.794434
0.79426
0.794087
0.793914
0.79374
0.793567
0.793393
0.79322
0.793046
0.792872
0.792699
0.792525
0.792351
0.792177
0.792004
0.79183
0.791656
0.791482
0.791308
0.791134
0.79096
0.790786
0.790612
0.790438
0.790263
0.790089
0.789915
0.789741
0.789566
0.789392
0.789218
0.789043
0.788869
0.788694
0.78852
0.788345
0.788171
0.787996
0.787821
0.787647
0.787472
0.787297
0.787122
0.786948
0.786773
0.786598
0.786423
0.786248
0.786073
0.785898
0.785723
0.785548
0.785372
0.785197
0.785022
0.784847
0.784671
0.784496
0.784321
0.784145
0.78397
0.783794
0.783619
0.783443
0.783268
0.783092
0.782917
0.782741
0.782565
0.782389
0.782214
0.782038
0.781862
0.781686
0.78151
0.781334
0.781158
0.780982
0.780806
0.78063
0.780454
0.780278
0.780102
0.779925
0.779749
0.779573
0.779396
0.77922
0.779044
0.778867
0.778691
0.778514
0.778338
0.778161
0.777985
0.777808
0.777631
0.777455
0.777278
0.777101
0.776924
0.776747
0.77657
0.776394
0.776217
0.77604
0.775863
0.775685
0.775508
0.775331
0.775154
0.774977
0.7748
0.774622
0.774445
0.774268
0.77409
0.773913
0.773736
0.773558
0.773381
0.773203
0.773026
0.772848
0.77267
0.772493
0.772315
0.772137
0.771959
0.771782
0.771604
0.771426
0.771248
0.77107
0.770892
0.770714
0.770536
0.770358
0.77018
0.770002
0.769824
0.769645
0.769467
0.769289
0.76911
0.768932
0.768754
0.768575
0.768397
0.768218
0.76804
0.767861
0.767683
0.767504
0.767326
0.767147
0.766968
0.766789
0.766611
0.766432
0.766253
0.766074
0.765895
0.765716
0.765537
0.765358
0.765179
0.765
0.764821
0.764642
0.764463
0.764283
0.764104
0.763925
0.763745
0.763566
0.763387
0.763207
0.763028
0.762848
0.762669
0.762489
0.76231
0.76213
0.76195
0.761771
0.761591
0.761411
0.761232
0.761052
0.760872
0.760692
0.760512
0.760332
0.760152
0.759972
0.759792
0.759612
0.759432
0.759252
0.759072
0.758891
0.758711
0.758531
0.758351
0.75817
0.75799
0.757809
0.757629
0.757448
0.757268
0.757087
0.756907
0.756726
0.756546
0.756365
0.756184
0.756003
0.755823
0.755642
0.755461
0.75528
0.755099
0.754918
0.754737
0.754556
0.754375
0.754194
0.754013
0.753832
0.753651
0.75347
0.753289
0.753107
0.752926
0.752745
0.752563
0.752382
0.752201
0.752019
0.751838
0.751656
0.751475
0.751293
0.751111
0.75093
0.750748
0.750566
0.750385
0.750203
0.750021
0.749839
0.749657
0.749475
0.749293
0.749111
0.748929
0.748747
0.748565
0.748383
0.748201
0.748019
0.747837
0.747655
0.747472
0.74729
0.747108
0.746925
0.746743
0.746561
0.746378
0.746196
0.746013
0.745831
0.745648
0.745465
0.745283
0.7451
0.744917
0.744735
0.744552
0.744369
0.744186
0.744003
0.743821
0.743638
0.743455
0.743272
0.743089
0.742906
0.742723
0.742539
0.742356
0.742173
0.74199
0.741807
0.741623
0.74144
0.741257
0.741073
0.74089
0.740707
0.740523
0.74034
0.740156
0.739973
0.739789
0.739605
0.739422
0.739238
0.739054
0.738871
0.738687
0.738503
0.738319
0.738135
0.737952
0.737768
0.737584
0.7374
0.737216
0.737032
0.736848
0.736663
0.736479
0.736295
0.736111
0.735927
0.735742
0.735558
0.735374
0.73519
0.735005
0.734821
0.734636
0.734452
0.734267
0.734083
0.733898
0.733714
0.733529
0.733344
0.73316
0.732975
0.73279
0.732605
0.732421
0.732236
0.732051
0.731866
0.731681
0.731496
0.731311
0.731126
0.730941
0.730756
0.730571
0.730386
0.7302
0.730015
0.72983
0.729645
0.729459
0.729274
0.729089
0.728903
0.728718
0.728532
0.728347
0.728162
0.727976
0.72779
0.727605
0.727419
0.727234
0.727048
0.726862
0.726676
0.726491
0.726305
0.726119
0.725933
0.725747
0.725561
0.725375
0.725189
0.725003
0.724817
0.724631
0.724445
0.724259
0.724073
0.723887
0.7237
0.723514
0.723328
0.723142
0.722955
0.722769
0.722582
0.722396
0.72221
0.722023
0.721837
0.72165
0.721463
0.721277
0.72109
0.720904
0.720717
0.72053
0.720343
0.720157
0.71997
0.719783
0.719596
0.719409
0.719222
0.719035
0.718848
0.718661
0.718474
0.718287
0.7181
0.717913
0.717726
0.717539
0.717351
0.717164
0.716977
0.71679
0.716602
0.716415
0.716227
0.71604
0.715853
0.715665
0.715478
0.71529
0.715103
0.714915
0.714727
0.71454
0.714352
0.714164
0.713977
0.713789
0.713601
0.713413
0.713225
0.713038
0.71285
0.712662
0.712474
0.712286
0.712098
0.71191
0.711722
0.711534
0.711345
0.711157
0.710969
0.710781
0.710593
0.710404
0.710216
0.710028
0.709839
0.709651
0.709463
0.709274
0.709086
0.708897
0.708709
0.70852
0.708332
0.708143
0.707954
0.707766
0.707577
0.707388
0.707199
0.707011
0.706822
0.706633
0.706444
0.706255
0.706066
0.705877
0.705689
0.7055
0.705311
0.705121
0.704932
0.704743
0.704554
0.704365
0.704176
0.703987
0.703797
0.703608
0.703419
0.703229
0.70304
0.702851
0.702661
0.702472
0.702282
0.702093
0.701903
0.701714
0.701524
0.701335
0.701145
0.700956
0.700766
0.700576
0.700386
0.700197
0.700007
0.699817
0.699627
0.699437
0.699247
0.699058
0.698868
0.698678
0.698488
0.698298
0.698108
0.697918
0.697727
0.697537
0.697347
0.697157
0.696967
0.696777
0.696586
0.696396
0.696206
0.696015
0.695825
0.695635
0.695444
0.695254
0.695063
0.694873
0.694682
0.694492
0.694301
0.69411
0.69392
0.693729
0.693538
0.693348
0.693157
0.692966
0.692775
0.692585
0.692394
0.692203
0.692012
0.691821
0.69163
0.691439
0.691248
0.691057
0.690866
0.690675
0.690484
0.690293
0.690102
0.689911
0.689719
0.689528
0.689337
0.689146
0.688954
0.688763
0.688572
0.68838
0.688189
0.687997
0.687806
0.687615
0.687423
0.687231
0.68704
0.686848
0.686657
0.686465
0.686273
0.686082
0.68589
0.685698
0.685507
0.685315
0.685123
0.684931
0.684739
0.684547
0.684356
0.684164
0.683972
0.68378
0.683588
0.683396
0.683204
0.683011
0.682819
0.682627
0.682435
0.682243
0.682051
0.681858
0.681666
0.681474
0.681282
0.681089
0.680897
0.680705
0.680512
0.68032
0.680127
0.679935
0.679742
0.67955
0.679357
0.679165
0.678972
0.67878
0.678587
0.678394
0.678201
0.678009
0.677816
0.677623
0.67743
0.677238
0.677045
0.676852
0.676659
0.676466
0.676273
0.67608
0.675887
0.675694
0.675501
0.675308
0.675115
0.674922
0.674729
0.674536
0.674343
0.674149
0.673956
0.673763
0.67357
0.673376
0.673183
0.67299
0.672796
0.672603
0.67241
0.672216
0.672023
0.671829
0.671636
0.671442
0.671249
0.671055
0.670862
0.670668
0.670474
0.670281
0.670087
0.669893
0.6697
0.669506
0.669312
0.669118
0.668924
0.668731
0.668537
0.668343
0.668149
0.667955
0.667761
0.667567
0.667373
0.667179
0.666985
0.666791
0.666597
0.666403
0.666209
0.666014
0.66582
0.665626
0.665432
0.665238
0.665043
0.664849
0.664655
0.66446
0.664266
0.664072
0.663877
0.663683
0.663488
0.663294
0.663099
0.662905
0.66271
0.662516
0.662321
0.662126
0.661932
0.661737
0.661543
0.661348
0.661153
0.660958
0.660764
0.660569
0.660374
0.660179
0.659984
0.65979
0.659595
0.6594
0.659205
0.65901
0.658815
0.65862
0.658425
0.65823
0.658035
0.65784
0.657645
0.657449
0.657254
0.657059
0.656864
0.656669
0.656474
0.656278
0.656083
0.655888
0.655692
0.655497
0.655302
0.655106
0.654911
0.654716
0.65452
0.654325
0.654129
0.653934
0.653738
0.653543
0.653347
0.653151
0.652956
0.65276
0.652565
0.652369
0.652173
0.651977
0.651782
0.651586
0.65139
0.651194
0.650999
0.650803
0.650607
0.650411
0.650215
0.650019
0.649823
0.649627
0.649431
0.649235
0.649039
0.648843
0.648647
0.648451
0.648255
0.648059
0.647863
0.647667
0.647471
0.647274
0.647078
0.646882
0.646686
0.646489
0.646293
0.646097
0.645901
0.645704
0.645508
0.645311
0.645115
0.644919
0.644722
0.644526
0.644329
0.644133
0.643936
0.64374
0.643543
0.643346
0.64315
0.642953
0.642757
0.64256
0.642363
0.642167
0.64197
0.641773
0.641576
0.64138
0.641183
0.640986
0.640789
0.640592
0.640395
0.640199
0.640002
0.639805
0.639608
0.639411
0.639214
0.639017
0.63882
0.638623
0.638426
0.638229
0.638032
0.637834
0.637637
0.63744
0.637243
0.637046
0.636849
0.636651
0.636454
0.636257
0.63606
0.635862
0.635665
0.635468
0.63527
0.635073
0.634876
0.634678
0.634481
0.634283
0.634086
0.633889
0.633691
0.633494
0.633296
0.633098
0.632901
0.632703
0.632506
0.632308
0.63211
0.631913
0.631715
0.631517
0.63132
0.631122
0.630924
0.630727
0.630529
0.630331
0.630133
0.629935
0.629738
0.62954
0.629342
0.629144
0.628946
0.628748
0.62855
0.628352
0.628154
0.627956
0.627758
0.62756
0.627362
0.627164
0.626966
0.626768
0.62657
0.626372
0.626174
0.625975
0.625777
0.625579
0.625381
0.625183
0.624984
0.624786
0.624588
0.62439
0.624191
0.623993
0.623795
0.623596
0.623398
0.6232
0.623001
0.622803
0.622604
0.622406
0.622207
0.622009
0.62181
0.621612
0.621413
0.621215
0.621016
0.620818
0.620619
0.620421
0.620222
0.620023
0.619825
0.619626
0.619427
0.619229
0.61903
0.618831
0.618632
0.618434
0.618235
0.618036
0.617837
0.617638
0.61744
0.617241
0.617042
0.616843
0.616644
0.616445
0.616246
0.616047
0.615848
0.615649
0.61545
0.615251
0.615052
0.614853
0.614654
0.614455
0.614256
0.614057
0.613858
0.613659
0.61346
0.613261
0.613061
0.612862
0.612663
0.612464
0.612265
0.612065
0.611866
0.611667
0.611468
0.611268
0.611069
0.61087
0.61067
0.610471
0.610272
0.610072
0.609873
0.609673
0.609474
0.609275
0.609075
0.608876
0.608676
0.608477
0.608277
0.608078
0.607878
0.607679
0.607479
0.60728
0.60708
0.60688
0.606681
0.606481
0.606282
0.606082
0.605882
0.605683
0.605483
0.605283
0.605083
0.604884
0.604684
0.604484
0.604284
0.604085
0.603885
0.603685
0.603485
0.603285
0.603086
0.602886
0.602686
0.602486
0.602286
0.602086
0.601886
0.601686
0.601486
0.601286
0.601086
0.600886
0.600686
0.600486
0.600286
0.600086
0.599886
0.599686
0.599486
0.599286
0.599086
0.598886
0.598686
0.598486
0.598286
0.598085
0.597885
0.597685
0.597485
0.597285
0.597085
0.596884
0.596684
0.596484
0.596284
0.596083
0.595883
0.595683
0.595482
0.595282
0.595082
0.594881
0.594681
0.594481
0.59428
0.59408
0.59388
0.593679
0.593479
0.593278
0.593078
0.592877
0.592677
0.592476
0.592276
0.592075
0.591875
0.591674
0.591474
0.591273
0.591073
0.590872
0.590672
0.590471
0.590271
0.59007
0.589869
0.589669
0.589468
0.589267
0.589067
0.588866
0.588665
0.588465
0.588264
0.588063
0.587863
0.587662
0.587461
0.58726
0.58706
0.586859
0.586658
0.586457
0.586257
0.586056
0.585855
0.585654
0.585453
0.585252
0.585052
0.584851
0.58465
0.584449
0.584248
0.584047
0.583846
0.583645
0.583444
0.583243
0.583042
0.582842
0.582641
0.58244
0.582239
0.582038
0.581837
0.581636
0.581435
0.581234
0.581032
0.580831
0.58063
0.580429
0.580228
0.580027
0.579826
0.579625
0.579424
0.579223
0.579022
0.57882
0.578619
0.578418
0.578217
0.578016
0.577815
0.577613
0.577412
0.577211
0.57701
0.576809
0.576607
0.576406
0.576205
0.576004
0.575802
0.575601
0.5754
0.575199
0.574997
0.574796
0.574595
0.574393
0.574192
0.573991
0.573789
0.573588
0.573387
0.573185
0.572984
0.572783
0.572581
0.57238
0.572178
0.571977
0.571776
0.571574
0.571373
0.571171
0.57097
0.570768
0.570567
0.570365
0.570164
0.569962
0.569761
0.56956
0.569358
0.569157
0.568955
0.568753
0.568552
0.56835
0.568149
0.567947
0.567746
0.567544
0.567343
0.567141
0.566939
0.566738
0.566536
0.566335
0.566133
0.565932
0.56573
0.565528
0.565327
0.565125
0.564923
0.564722
0.56452
0.564318
0.564117
0.563915
0.563713
0.563512
0.56331
0.563108
0.562907
0.562705
0.562503
0.562301
0.5621
0.561898
0.561696
0.561495
0.561293
0.561091
0.560889
0.560688
0.560486
0.560284
0.560082
0.55988
0.559679
0.559477
0.559275
0.559073
0.558872
0.55867
0.558468
0.558266
0.558064
0.557862
0.557661
0.557459
0.557257
0.557055
0.556853
0.556651
0.556449
0.556248
0.556046
0.555844
0.555642
0.55544
0.555238
0.555036
0.554834
0.554633
0.554431
0.554229
0.554027
0.553825
0.553623
0.553421
0.553219
0.553017
0.552815
0.552613
0.552411
0.552209
0.552007
0.551806
0.551604
0.551402
0.5512
0.550998
0.550796
0.550594
0.550392
0.55019
0.549988
0.549786
0.549584
0.549382
0.54918
0.548978
0.548776
0.548574
0.548372
0.54817
0.547968
0.547766
0.547564
0.547362
0.54716
0.546958
0.546756
0.546554
0.546352
0.54615
0.545947
0.545745
0.545543
0.545341
0.545139
0.544937
0.544735
0.544533
0.544331
0.544129
0.543927
0.543725
0.543523
0.543321
0.543119
0.542917
0.542714
0.542512
0.54231
0.542108
0.541906
0.541704
0.541502
0.5413
0.541098
0.540896
0.540694
0.540492
0.540289
0.540087
0.539885
0.539683
0.539481
0.539279
0.539077
0.538875
0.538673
0.538471
0.538268
0.538066
0.537864
0.537662
0.53746
0.537258
0.537056
0.536854
0.536652
0.536449
0.536247
0.536045
0.535843
0.535641
0.535439
0.535237
0.535035
0.534832
0.53463
0.534428
0.534226
0.534024
0.533822
0.53362
0.533418
0.533216
0.533013
0.532811
0.532609
0.532407
0.532205
0.532003
0.531801
0.531599
0.531396
0.531194
0.530992
0.53079
0.530588
0.530386
0.530184
0.529982
0.52978
0.529577
0.529375
0.529173
0.528971
0.528769
0.528567
0.528365
0.528163
0.527961
0.527758
0.527556
0.527354
0.527152
0.52695
0.526748
0.526546
0.526344
0.526142
0.52594
0.525737
0.525535
0.525333
0.525131
0.524929
0.524727
0.524525
0.524323
0.524121
0.523919
0.523717
0.523515
0.523312
0.52311
0.522908
0.522706
0.522504
0.522302
0.5221
0.521898
0.521696
0.521494
0.521292
0.52109
0.520888
0.520686
0.520484
0.520282
0.52008
0.519878
0.519676
0.519473
0.519271
0.519069
0.518867
0.518665
0.518463
0.518261
0.518059
0.517857
0.517655
0.517453
0.517251
0.517049
0.516847
0.516645
0.516443
0.516241
0.516039
0.515837
0.515636
0.515434
0.515232
0.51503
0.514828
0.514626
0.514424
0.514222
0.51402
0.513818
0.513616
0.513414
0.513212
0.51301
0.512808
0.512606
0.512404
0.512203
0.512001
0.511799
0.511597
0.511395
0.511193
0.510991
0.510789
0.510587
0.510386
0.510184
0.509982
0.50978
0.509578
0.509376
0.509175
0.508973
0.508771
0.508569
0.508367
0.508165
0.507964
0.507762
0.50756
0.507358
0.507156
0.506955
0.506753
0.506551
0.506349
0.506148
0.505946
0.505744
0.505542
0.505341
0.505139
0.504937
0.504735
0.504534
0.504332
0.50413
0.503929
0.503727
0.503525
0.503323
0.503122
0.50292
0.502718
0.502517
0.502315
0.502114
0.501912
0.50171
0.501509
0.501307
0.501105
0.500904
0.500702
0.500501
0.500299
0.500097
0.499896
0.499694
0.499493
0.499291
0.49909
0.498888
0.498687
0.498485
0.498283
0.498082
0.49788
0.497679
0.497477
0.497276
0.497074
0.496873
0.496672
0.49647
0.496269
0.496067
0.495866
0.495664
0.495463
0.495262
0.49506
0.494859
0.494657
0.494456
0.494255
0.494053
0.493852
0.493651
0.493449
0.493248
0.493047
0.492845
0.492644
0.492443
0.492241
0.49204
0.491839
0.491637
0.491436
0.491235
0.491034
0.490832
0.490631
0.49043
0.490229
0.490028
0.489826
0.489625
0.489424
0.489223
0.489022
0.488821
0.488619
0.488418
0.488217
0.488016
0.487815
0.487614
0.487413
0.487212
0.487011
0.48681
0.486609
0.486408
0.486207
0.486006
0.485805
0.485604
0.485403
0.485202
0.485001
0.4848
0.484599
0.484398
0.484197
0.483996
0.483795
0.483594
0.483393
0.483192
0.482991
0.482791
0.48259
0.482389
0.482188
0.481987
0.481786
0.481586
0.481385
0.481184
0.480983
0.480783
0.480582
0.480381
0.48018
0.47998
0.479779
0.479578
0.479378
0.479177
0.478976
0.478776
0.478575
0.478374
0.478174
0.477973
0.477773
0.477572
0.477371
0.477171
0.47697
0.47677
0.476569
0.476369
0.476168
0.475968
0.475767
0.475567
0.475366
0.475166
0.474965
0.474765
0.474565
0.474364
0.474164
0.473963
0.473763
0.473563
0.473362
0.473162
0.472962
0.472761
0.472561
0.472361
0.472161
0.47196
0.47176
0.47156
0.47136
0.47116
0.470959
0.470759
0.470559
0.470359
0.470159
0.469959
0.469759
0.469558
0.469358
0.469158
0.468958
0.468758
0.468558
0.468358
0.468158
0.467958
0.467758
0.467558
0.467358
0.467158
0.466958
0.466758
0.466559
0.466359
0.466159
0.465959
0.465759
0.465559
0.465359
0.46516
0.46496
0.46476
0.46456
0.464361
0.464161
0.463961
0.463761
0.463562
0.463362
0.463162
0.462963
0.462763
0.462564
0.462364
0.462164
0.461965
0.461765
0.461566
0.461366
0.461167
0.460967
0.460768
0.460568
0.460369
0.460169
0.45997
0.45977
0.459571
0.459372
0.459172
0.458973
0.458774
0.458574
0.458375
0.458176
0.457976
0.457777
0.457578
0.457379
0.45718
0.45698
0.456781
0.456582
0.456383
0.456184
0.455985
0.455785
0.455586
0.455387
0.455188
0.454989
0.45479
0.454591
0.454392
0.454193
0.453994
0.453795
0.453596
0.453398
0.453199
0.453
0.452801
0.452602
0.452403
0.452204
0.452006
0.451807
0.451608
0.451409
0.451211
0.451012
0.450813
0.450615
0.450416
0.450217
0.450019
0.44982
0.449621
0.449423
0.449224
0.449026
0.448827
0.448629
0.44843
0.448232
0.448033
0.447835
0.447637
0.447438
0.44724
0.447041
0.446843
0.446645
0.446446
0.446248
0.44605
0.445852
0.445653
0.445455
0.445257
0.445059
0.444861
0.444662
0.444464
0.444266
0.444068
0.44387
0.443672
0.443474
0.443276
0.443078
0.44288
0.442682
0.442484
0.442286
0.442088
0.44189
0.441692
0.441495
0.441297
0.441099
0.440901
0.440703
0.440506
0.440308
0.44011
0.439913
0.439715
0.439517
0.43932
0.439122
0.438924
0.438727
0.438529
0.438332
0.438134
0.437937
0.437739
0.437542
0.437344
0.437147
0.436949
0.436752
0.436555
0.436357
0.43616
0.435963
0.435765
0.435568
0.435371
0.435174
0.434977
0.434779
0.434582
0.434385
0.434188
0.433991
0.433794
0.433597
0.4334
0.433203
0.433006
0.432809
0.432612
0.432415
0.432218
0.432021
0.431824
0.431627
0.43143
0.431234
0.431037
0.43084
0.430643
0.430447
0.43025
0.430053
0.429857
0.42966
0.429463
0.429267
0.42907
0.428874
0.428677
0.428481
0.428284
0.428088
0.427891
0.427695
0.427498
0.427302
0.427106
0.426909
0.426713
0.426517
0.42632
0.426124
0.425928
0.425732
0.425536
0.425339
0.425143
0.424947
0.424751
0.424555
0.424359
0.424163
0.423967
0.423771
0.423575
0.423379
0.423183
0.422987
0.422792
0.422596
0.4224
0.422204
0.422008
0.421813
0.421617
0.421421
0.421225
0.42103
0.420834
0.420639
0.420443
0.420247
0.420052
0.419856
0.419661
0.419465
0.41927
0.419075
0.418879
0.418684
0.418488
0.418293
0.418098
0.417903
0.417707
0.417512
0.417317
0.417122
0.416927
0.416731
0.416536
0.416341
0.416146
0.415951
0.415756
0.415561
0.415366
0.415171
0.414976
0.414782
0.414587
0.414392
0.414197
0.414002
0.413807
0.413613
0.413418
0.413223
0.413029
0.412834
0.412639
0.412445
0.41225
0.412056
0.411861
0.411667
0.411472
0.411278
0.411083
0.410889
0.410695
0.4105
0.410306
0.410112
0.409918
0.409723
0.409529
0.409335
0.409141
0.408947
0.408753
0.408558
0.408364
0.40817
0.407976
0.407782
0.407589
0.407395
0.407201
0.407007
0.406813
0.406619
0.406425
0.406232
0.406038
0.405844
0.405651
0.405457
0.405263
0.40507
0.404876
0.404683
0.404489
0.404296
0.404102
0.403909
0.403715
0.403522
0.403328
0.403135
0.402942
0.402749
0.402555
0.402362
0.402169
0.401976
0.401783
0.401589
0.401396
0.401203
0.40101
0.400817
0.400624
0.400431
0.400238
0.400046
0.399853
0.39966
0.399467
0.399274
0.399082
0.398889
0.398696
0.398503
0.398311
0.398118
0.397926
0.397733
0.397541
0.397348
0.397156
0.396963
0.396771
0.396578
0.396386
0.396194
0.396001
0.395809
0.395617
0.395425
0.395233
0.39504
0.394848
0.394656
0.394464
0.394272
0.39408
0.393888
0.393696
0.393504
0.393312
0.39312
0.392929
0.392737
0.392545
0.392353
0.392162
0.39197
0.391778
0.391587
0.391395
0.391203
0.391012
0.39082
0.390629
0.390437
0.390246
0.390055
0.389863
0.389672
0.389481
0.389289
0.389098
0.388907
0.388716
0.388525
0.388334
0.388142
0.387951
0.38776
0.387569
0.387378
0.387187
0.386997
0.386806
0.386615
0.386424
0.386233
0.386043
0.385852
0.385661
0.38547
0.38528
0.385089
0.384899
0.384708
0.384518
0.384327
0.384137
0.383946
0.383756
0.383566
0.383375
0.383185
0.382995
0.382805
0.382614
0.382424
0.382234
0.382044
0.381854
0.381664
0.381474
0.381284
0.381094
0.380904
0.380714
0.380524
0.380335
0.380145
0.379955
0.379765
0.379576
0.379386
0.379196
0.379007
0.378817
0.378628
0.378438
0.378249
0.378059
0.37787
0.377681
0.377491
0.377302
0.377113
0.376924
0.376734
0.376545
0.376356
0.376167
0.375978
0.375789
0.3756
0.375411
0.375222
0.375033
0.374844
0.374655
0.374467
0.374278
0.374089
0.3739
0.373712
0.373523
0.373334
0.373146
0.372957
0.372769
0.37258
0.372392
0.372204
0.372015
0.371827
0.371639
0.37145
0.371262
0.371074
0.370886
0.370698
0.37051
0.370322
0.370134
0.369946
0.369758
0.36957
0.369382
0.369194
0.369006
0.368818
0.368631
0.368443
0.368255
0.368068
0.36788
0.367692
0.367505
0.367317
0.36713
0.366942
0.366755
0.366568
0.36638
0.366193
0.366006
0.365819
0.365631
0.365444
0.365257
0.36507
0.364883
0.364696
0.364509
0.364322
0.364135
0.363948
0.363761
0.363575
0.363388
0.363201
0.363014
0.362828
0.362641
0.362455
0.362268
0.362081
0.361895
0.361709
0.361522
0.361336
0.361149
0.360963
0.360777
0.360591
0.360404
0.360218
0.360032
0.359846
0.35966
0.359474
0.359288
0.359102
0.358916
0.35873
0.358545
0.358359
0.358173
0.357987
0.357802
0.357616
0.35743
0.357245
0.357059
0.356874
0.356688
0.356503
0.356317
0.356132
0.355947
0.355762
0.355576
0.355391
0.355206
0.355021
0.354836
0.354651
0.354466
0.354281
0.354096
0.353911
0.353726
0.353541
0.353356
0.353172
0.352987
0.352802
0.352618
0.352433
0.352248
0.352064
0.351879
0.351695
0.351511
0.351326
0.351142
0.350958
0.350773
0.350589
0.350405
0.350221
0.350037
0.349853
0.349668
0.349485
0.349301
0.349117
0.348933
0.348749
0.348565
0.348381
0.348198
0.348014
0.34783
0.347647
0.347463
0.34728
0.347096
0.346913
0.346729
0.346546
0.346363
0.346179
0.345996
0.345813
0.34563
0.345447
0.345263
0.34508
0.344897
0.344714
0.344531
0.344349
0.344166
0.343983
0.3438
0.343617
0.343435
0.343252
0.343069
0.342887
0.342704
0.342522
0.342339
0.342157
0.341974
0.341792
0.34161
0.341428
0.341245
0.341063
0.340881
0.340699
0.340517
0.340335
0.340153
0.339971
0.339789
0.339607
0.339425
0.339243
0.339062
0.33888
0.338698
0.338517
0.338335
0.338154
0.337972
0.337791
0.337609
0.337428
0.337247
0.337065
0.336884
0.336703
0.336522
0.336341
0.336159
0.335978
0.335797
0.335616
0.335435
0.335255
0.335074
0.334893
0.334712
0.334532
0.334351
0.33417
0.33399
0.333809
0.333629
0.333448
0.333268
0.333087
0.332907
0.332727
0.332546
0.332366
0.332186
0.332006
0.331826
0.331646
0.331466
0.331286
0.331106
0.330926
0.330746
0.330566
0.330387
0.330207
0.330027
0.329848
0.329668
0.329488
0.329309
0.329129
0.32895
0.328771
0.328591
0.328412
0.328233
0.328054
0.327874
0.327695
0.327516
0.327337
0.327158
0.326979
0.3268
0.326622
0.326443
0.326264
0.326085
0.325907
0.325728
0.325549
0.325371
0.325192
0.325014
0.324835
0.324657
0.324479
0.3243
0.324122
0.323944
0.323766
0.323588
0.323409
0.323231
0.323053
0.322876
0.322698
0.32252
0.322342
0.322164
0.321986
0.321809
0.321631
0.321453
0.321276
0.321098
0.320921
0.320744
0.320566
0.320389
0.320212
0.320034
0.319857
0.31968
0.319503
0.319326
0.319149
0.318972
0.318795
0.318618
0.318441
0.318264
0.318088
0.317911
0.317734
0.317558
0.317381
0.317204
0.317028
0.316851
0.316675
0.316499
0.316322
0.316146
0.31597
0.315794
0.315618
0.315442
0.315266
0.31509
0.314914
0.314738
0.314562
0.314386
0.31421
0.314035
0.313859
0.313683
0.313508
0.313332
0.313157
0.312981
0.312806
0.31263
0.312455
0.31228
0.312105
0.311929
0.311754
0.311579
0.311404
0.311229
0.311054
0.310879
0.310704
0.31053
0.310355
0.31018
0.310006
0.309831
0.309656
0.309482
0.309307
0.309133
0.308959
0.308784
0.30861
0.308436
0.308261
0.308087
0.307913
0.307739
0.307565
0.307391
0.307217
0.307043
0.306869
0.306696
0.306522
0.306348
0.306175
0.306001
0.305827
0.305654
0.30548
0.305307
0.305134
0.30496
0.304787
0.304614
0.304441
0.304268
0.304094
0.303921
0.303748
0.303576
0.303403
0.30323
0.303057
0.302884
0.302712
0.302539
0.302366
0.302194
0.302021
0.301849
0.301676
0.301504
0.301332
0.301159
0.300987
0.300815
0.300643
0.300471
0.300299
0.300127
0.299955
0.299783
0.299611
0.299439
0.299267
0.299096
0.298924
0.298753
0.298581
0.298409
0.298238
0.298067
0.297895
0.297724
0.297553
0.297381
0.29721
0.297039
0.296868
0.296697
0.296526
0.296355
0.296184
0.296013
0.295843
0.295672
0.295501
0.295331
0.29516
0.29499
0.294819
0.294649
0.294478
0.294308
0.294138
0.293967
0.293797
0.293627
0.293457
0.293287
0.293117
0.292947
0.292777
0.292607
0.292437
0.292268
0.292098
0.291928
0.291759
0.291589
0.29142
0.29125
0.291081
0.290911
0.290742
0.290573
0.290404
0.290234
0.290065
0.289896
0.289727
0.289558
0.289389
0.289221
0.289052
0.288883
0.288714
0.288546
0.288377
0.288208
0.28804
0.287872
0.287703
0.287535
0.287366
0.287198
0.28703
0.286862
0.286694
0.286526
0.286358
0.28619
0.286022
0.285854
0.285686
0.285518
0.285351
0.285183
0.285015
0.284848
0.28468
0.284513
0.284345
0.284178
0.284011
0.283844
0.283676
0.283509
0.283342
0.283175
0.283008
0.282841
0.282674
0.282507
0.282341
0.282174
0.282007
0.281841
0.281674
0.281507
0.281341
0.281175
0.281008
0.280842
0.280676
0.280509
0.280343
0.280177
0.280011
0.279845
0.279679
0.279513
0.279347
0.279181
0.279016
0.27885
0.278684
0.278519
0.278353
0.278188
0.278022
0.277857
0.277691
0.277526
0.277361
0.277196
0.27703
0.276865
0.2767
0.276535
0.27637
0.276205
0.276041
0.275876
0.275711
0.275546
0.275382
0.275217
0.275053
0.274888
0.274724
0.274559
0.274395
0.274231
0.274067
0.273903
0.273738
0.273574
0.27341
0.273246
0.273083
0.272919
0.272755
0.272591
0.272427
0.272264
0.2721
0.271937
0.271773
0.27161
0.271446
0.271283
0.27112
0.270957
0.270794
0.27063
0.270467
0.270304
0.270141
0.269979
0.269816
0.269653
0.26949
0.269328
0.269165
0.269002
0.26884
0.268677
0.268515
0.268353
0.26819
0.268028
0.267866
0.267704
0.267542
0.26738
0.267218
0.267056
0.266894
0.266732
0.26657
0.266408
0.266247
0.266085
0.265924
0.265762
0.265601
0.265439
0.265278
0.265117
0.264955
0.264794
0.264633
0.264472
0.264311
0.26415
0.263989
0.263828
0.263667
0.263507
0.263346
0.263185
0.263025
0.262864
0.262704
0.262543
0.262383
0.262223
0.262062
0.261902
0.261742
0.261582
0.261422
0.261262
0.261102
0.260942
0.260782
0.260622
0.260463
0.260303
0.260143
0.259984
0.259824
0.259665
0.259505
0.259346
0.259187
0.259028
0.258868
0.258709
0.25855
0.258391
0.258232
0.258073
0.257914
0.257756
0.257597
0.257438
0.25728
0.257121
0.256962
0.256804
0.256646
0.256487
0.256329
0.256171
0.256012
0.255854
0.255696
0.255538
0.25538
0.255222
0.255064
0.254907
0.254749
0.254591
0.254434
0.254276
0.254118
0.253961
0.253804
0.253646
0.253489
0.253332
0.253174
0.253017
0.25286
0.252703
0.252546
0.252389
0.252232
0.252076
0.251919
0.251762
0.251605
0.251449
0.251292
0.251136
0.250979
0.250823
0.250667
0.250511
0.250354
0.250198
0.250042
0.249886
0.24973
0.249574
0.249418
0.249263
0.249107
0.248951
0.248795
0.24864
0.248484
0.248329
0.248173
0.248018
0.247863
0.247708
0.247552
0.247397
0.247242
0.247087
0.246932
0.246777
0.246622
0.246468
0.246313
0.246158
0.246004
0.245849
0.245694
0.24554
0.245386
0.245231
0.245077
0.244923
0.244769
0.244614
0.24446
0.244306
0.244152
0.243999
0.243845
0.243691
0.243537
0.243383
0.24323
0.243076
0.242923
0.242769
0.242616
0.242463
0.242309
0.242156
0.242003
0.24185
0.241697
0.241544
0.241391
0.241238
0.241085
0.240933
0.24078
0.240627
0.240475
0.240322
0.24017
0.240017
0.239865
0.239713
0.23956
0.239408
0.239256
0.239104
0.238952
0.2388
0.238648
0.238496
0.238344
0.238193
0.238041
0.237889
0.237738
0.237586
0.237435
0.237283
0.237132
0.236981
0.23683
0.236679
0.236527
0.236376
0.236225
0.236074
0.235924
0.235773
0.235622
0.235471
0.235321
0.23517
0.23502
0.234869
0.234719
0.234568
0.234418
0.234268
0.234118
0.233968
0.233818
0.233668
0.233518
0.233368
0.233218
0.233068
0.232918
0.232769
0.232619
0.23247
0.23232
0.232171
0.232021
0.231872
0.231723
0.231574
0.231424
0.231275
0.231126
0.230977
0.230828
0.23068
0.230531
0.230382
0.230233
0.230085
0.229936
0.229788
0.229639
0.229491
0.229343
0.229194
0.229046
0.228898
0.22875
0.228602
0.228454
0.228306
0.228158
0.22801
0.227863
0.227715
0.227567
0.22742
0.227272
0.227125
0.226978
0.22683
0.226683
0.226536
0.226389
0.226241
0.226094
0.225947
0.225801
0.225654
0.225507
0.22536
0.225214
0.225067
0.22492
0.224774
0.224627
0.224481
0.224335
0.224188
0.224042
0.223896
0.22375
0.223604
0.223458
0.223312
0.223166
0.22302
0.222875
0.222729
0.222583
0.222438
0.222292
0.222147
0.222001
0.221856
0.221711
0.221566
0.22142
0.221275
0.22113
0.220985
0.22084
0.220696
0.220551
0.220406
0.220261
0.220117
0.219972
0.219828
0.219683
0.219539
0.219395
0.21925
0.219106
0.218962
0.218818
0.218674
0.21853
0.218386
0.218242
0.218098
0.217955
0.217811
0.217667
0.217524
0.21738
0.217237
0.217094
0.21695
0.216807
0.216664
0.216521
0.216378
0.216235
0.216092
0.215949
0.215806
0.215663
0.21552
0.215378
0.215235
0.215093
0.21495
0.214808
0.214665
0.214523
0.214381
0.214239
0.214097
0.213955
0.213813
0.213671
0.213529
0.213387
0.213245
0.213103
0.212962
0.21282
0.212679
0.212537
0.212396
0.212254
0.212113
0.211972
0.211831
0.21169
0.211549
0.211408
0.211267
0.211126
0.210985
0.210844
0.210704
0.210563
0.210423
0.210282
0.210142
0.210001
0.209861
0.209721
0.20958
0.20944
0.2093
0.20916
0.20902
0.20888
0.20874
0.208601
0.208461
0.208321
0.208182
0.208042
0.207903
0.207763
0.207624
0.207485
0.207345
0.207206
0.207067
0.206928
0.206789
0.20665
0.206511
0.206372
0.206234
0.206095
0.205956
0.205818
0.205679
0.205541
0.205402
0.205264
0.205126
0.204988
0.204849
0.204711
0.204573
0.204435
0.204297
0.20416
0.204022
0.203884
0.203746
0.203609
0.203471
0.203334
0.203196
0.203059
0.202922
0.202784
0.202647
0.20251
0.202373
0.202236
0.202099
0.201962
0.201825
0.201689
0.201552
0.201415
0.201279
0.201142
0.201006
0.200869
0.200733
0.200597
0.20046
0.200324
0.200188
0.200052
0.199916
0.19978
0.199644
0.199509
0.199373
0.199237
0.199102
0.198966
0.198831
0.198695
0.19856
0.198425
0.198289
0.198154
0.198019
0.197884
0.197749
0.197614
0.197479
0.197344
0.19721
0.197075
0.19694
0.196806
0.196671
0.196537
0.196402
0.196268
0.196134
0.196
0.195865
0.195731
0.195597
0.195463
0.195329
0.195196
0.195062
0.194928
0.194794
0.194661
0.194527
0.194394
0.19426
0.194127
0.193994
0.19386
0.193727
0.193594
0.193461
0.193328
0.193195
0.193062
0.19293
0.192797
0.192664
0.192532
0.192399
0.192266
0.192134
0.192002
0.191869
0.191737
0.191605
0.191473
0.191341
0.191209
0.191077
0.190945
0.190813
0.190681
0.19055
0.190418
0.190286
0.190155
0.190023
0.189892
0.189761
0.189629
0.189498
0.189367
0.189236
0.189105
0.188974
0.188843
0.188712
0.188581
0.188451
0.18832
0.188189
0.188059
0.187928
0.187798
0.187668
0.187537
0.187407
0.187277
0.187147
0.187017
0.186887
0.186757
0.186627
0.186497
0.186367
0.186238
0.186108
0.185978
0.185849
0.18572
0.18559
0.185461
0.185332
0.185202
0.185073
0.184944
0.184815
0.184686
0.184557
0.184428
0.1843
0.184171
0.184042
0.183914
0.183785
0.183657
0.183528
0.1834
0.183272
0.183144
0.183015
0.182887
0.182759
0.182631
0.182503
0.182376
0.182248
0.18212
0.181992
0.181865
0.181737
0.18161
0.181482
0.181355
0.181228
0.181101
0.180973
0.180846
0.180719
0.180592
0.180465
0.180339
0.180212
0.180085
0.179958
0.179832
0.179705
0.179579
0.179452
0.179326
0.1792
0.179073
0.178947
0.178821
0.178695
0.178569
0.178443
0.178317
0.178191
0.178066
0.17794
0.177814
0.177689
0.177563
0.177438
0.177312
0.177187
0.177062
0.176937
0.176811
0.176686
0.176561
0.176436
0.176311
0.176187
0.176062
0.175937
0.175813
0.175688
0.175563
0.175439
0.175315
0.17519
0.175066
0.174942
0.174818
0.174693
0.174569
0.174445
0.174322
0.174198
0.174074
0.17395
0.173827
0.173703
0.173579
0.173456
0.173333
0.173209
0.173086
0.172963
0.172839
0.172716
0.172593
0.17247
0.172347
0.172225
0.172102
0.171979
0.171856
0.171734
0.171611
0.171489
0.171366
0.171244
0.171122
0.170999
0.170877
0.170755
0.170633
0.170511
0.170389
0.170267
0.170145
0.170024
0.169902
0.16978
0.169659
0.169537
0.169416
0.169294
0.169173
0.169052
0.168931
0.168809
0.168688
0.168567
0.168446
0.168325
0.168205
0.168084
0.167963
0.167842
0.167722
0.167601
0.167481
0.16736
0.16724
0.16712
0.167
0.166879
0.166759
0.166639
0.166519
0.166399
0.16628
0.16616
0.16604
0.16592
0.165801
0.165681
0.165562
0.165442
0.165323
0.165204
0.165085
0.164965
0.164846
0.164727
0.164608
0.164489
0.16437
0.164252
0.164133
0.164014
0.163896
0.163777
0.163659
0.16354
0.163422
0.163303
0.163185
0.163067
0.162949
0.162831
0.162713
0.162595
0.162477
0.162359
0.162241
0.162124
0.162006
0.161888
0.161771
0.161653
0.161536
0.161419
0.161301
0.161184
0.161067
0.16095
0.160833
0.160716
0.160599
0.160482
0.160365
0.160249
0.160132
0.160016
0.159899
0.159783
0.159666
0.15955
0.159433
0.159317
0.159201
0.159085
0.158969
0.158853
0.158737
0.158621
0.158505
0.15839
0.158274
0.158158
0.158043
0.157927
0.157812
0.157696
0.157581
0.157466
0.157351
0.157236
0.157121
0.157006
0.156891
0.156776
0.156661
0.156546
0.156431
0.156317
0.156202
0.156088
0.155973
0.155859
0.155745
0.15563
0.155516
0.155402
0.155288
0.155174
0.15506
0.154946
0.154832
0.154718
0.154605
0.154491
0.154377
0.154264
0.15415
0.154037
0.153924
0.15381
0.153697
0.153584
0.153471
0.153358
0.153245
0.153132
0.153019
0.152906
0.152793
0.152681
0.152568
0.152456
0.152343
0.152231
0.152118
0.152006
0.151894
0.151782
0.151669
0.151557
0.151445
0.151333
0.151221
0.15111
0.150998
0.150886
0.150775
0.150663
0.150551
0.15044
0.150329
0.150217
0.150106
0.149995
0.149884
0.149772
0.149661
0.14955
0.14944
0.149329
0.149218
0.149107
0.148996
0.148886
0.148775
0.148665
0.148554
0.148444
0.148334
0.148223
0.148113
0.148003
0.147893
0.147783
0.147673
0.147563
0.147453
0.147344
0.147234
0.147124
0.147015
0.146905
0.146796
0.146686
0.146577
0.146468
0.146359
0.146249
0.14614
0.146031
0.145922
0.145813
0.145705
0.145596
0.145487
0.145378
0.14527
0.145161
0.145053
0.144944
0.144836
0.144728
0.144619
0.144511
0.144403
0.144295
0.144187
0.144079
0.143971
0.143863
0.143756
0.143648
0.14354
0.143433
0.143325
0.143218
0.14311
0.143003
0.142896
0.142788
0.142681
0.142574
0.142467
0.14236
0.142253
0.142146
0.14204
0.141933
0.141826
0.14172
0.141613
0.141507
0.1414
0.141294
0.141187
0.141081
0.140975
0.140869
0.140763
0.140657
0.140551
0.140445
0.140339
0.140233
0.140128
0.140022
0.139916
0.139811
0.139705
0.1396
0.139495
0.139389
0.139284
0.139179
0.139074
0.138969
0.138864
0.138759
0.138654
0.138549
0.138444
0.13834
0.138235
0.13813
0.138026
0.137922
0.137817
0.137713
0.137609
0.137504
0.1374
0.137296
0.137192
0.137088
0.136984
0.13688
0.136776
0.136673
0.136569
0.136465
0.136362
0.136258
0.136155
0.136052
0.135948
0.135845
0.135742
0.135639
0.135536
0.135433
0.13533
0.135227
0.135124
0.135021
0.134918
0.134816
0.134713
0.134611
0.134508
0.134406
0.134303
0.134201
0.134099
0.133997
0.133894
0.133792
0.13369
0.133588
0.133487
0.133385
0.133283
0.133181
0.13308
0.132978
0.132877
0.132775
0.132674
0.132572
0.132471
0.13237
0.132269
0.132167
0.132066
0.131965
0.131864
0.131764
0.131663
0.131562
0.131461
0.131361
0.13126
0.13116
0.131059
0.130959
0.130858
0.130758
0.130658
0.130558
0.130458
0.130358
0.130258
0.130158
0.130058
0.129958
0.129858
0.129758
0.129659
0.129559
0.12946
0.12936
0.129261
0.129162
0.129062
0.128963
0.128864
0.128765
0.128666
0.128567
0.128468
0.128369
0.12827
0.128171
0.128073
0.127974
0.127875
0.127777
0.127679
0.12758
0.127482
0.127384
0.127285
0.127187
0.127089
0.126991
0.126893
0.126795
0.126697
0.126599
0.126502
0.126404
0.126306
0.126209
0.126111
0.126014
0.125916
0.125819
0.125722
0.125624
0.125527
0.12543
0.125333
0.125236
0.125139
0.125042
0.124946
0.124849
0.124752
0.124655
0.124559
0.124462
0.124366
0.124269
0.124173
0.124077
0.123981
0.123884
0.123788
0.123692
0.123596
0.1235
0.123404
0.123309
0.123213
0.123117
0.123021
0.122926
0.12283
0.122735
0.122639
0.122544
0.122449
0.122353
0.122258
0.122163
0.122068
0.121973
0.121878
0.121783
0.121688
0.121594
0.121499
0.121404
0.12131
0.121215
0.121121
0.121026
0.120932
0.120837
0.120743
0.120649
0.120555
0.120461
0.120367
0.120273
0.120179
0.120085
0.119991
0.119897
0.119804
0.11971
0.119616
0.119523
0.11943
0.119336
0.119243
0.119149
0.119056
0.118963
0.11887
0.118777
0.118684
0.118591
0.118498
0.118405
0.118313
0.11822
0.118127
0.118035
0.117942
0.11785
0.117757
0.117665
0.117572
0.11748
0.117388
0.117296
0.117204
0.117112
0.11702
0.116928
0.116836
0.116744
0.116653
0.116561
0.116469
0.116378
0.116286
0.116195
0.116103
0.116012
0.115921
0.11583
0.115738
0.115647
0.115556
0.115465
0.115374
0.115283
0.115193
0.115102
0.115011
0.11492
0.11483
0.114739
0.114649
0.114558
0.114468
0.114378
0.114287
0.114197
0.114107
0.114017
0.113927
0.113837
0.113747
0.113657
0.113567
0.113478
0.113388
0.113298
0.113209
0.113119
0.11303
0.11294
0.112851
0.112762
0.112673
0.112583
0.112494
0.112405
0.112316
0.112227
0.112138
0.112049
0.111961
0.111872
0.111783
0.111695
0.111606
0.111518
0.111429
0.111341
0.111252
0.111164
0.111076
0.110988
0.1109
0.110812
0.110724
0.110636
0.110548
0.11046
0.110372
0.110284
0.110197
0.110109
0.110022
0.109934
0.109847
0.109759
0.109672
0.109585
0.109497
0.10941
0.109323
0.109236
0.109149
0.109062
0.108975
0.108888
0.108802
0.108715
0.108628
0.108542
0.108455
0.108369
0.108282
0.108196
0.108109
0.108023
0.107937
0.107851
0.107765
0.107679
0.107593
0.107507
0.107421
0.107335
0.107249
0.107164
0.107078
0.106992
0.106907
0.106821
0.106736
0.10665
0.106565
0.10648
0.106395
0.106309
0.106224
0.106139
0.106054
0.105969
0.105884
0.1058
0.105715
0.10563
0.105545
0.105461
0.105376
0.105292
0.105207
0.105123
0.105038
0.104954
0.10487
0.104786
0.104702
0.104618
0.104534
0.10445
0.104366
0.104282
0.104198
0.104114
0.104031
0.103947
0.103863
0.10378
0.103696
0.103613
0.10353
0.103446
0.103363
0.10328
0.103197
0.103114
0.103031
0.102948
0.102865
0.102782
0.102699
0.102616
0.102534
0.102451
0.102368
0.102286
0.102203
0.102121
0.102039
0.101956
0.101874
0.101792
0.10171
0.101628
0.101545
0.101463
0.101382
0.1013
0.101218
0.101136
0.101054
0.100973
0.100891
0.100809
0.100728
0.100646
0.100565
0.100484
0.100402
0.100321
0.10024
0.100159
0.100078
0.0999967
0.0999158
0.0998349
0.099754
0.0996732
0.0995924
0.0995117
0.0994311
0.0993505
0.0992699
0.0991894
0.099109
0.0990286
0.0989483
0.098868
0.0987878
0.0987076
0.0986275
0.0985474
0.0984674
0.0983874
0.0983075
0.0982277
0.0981479
0.0980681
0.0979884
0.0979088
0.0978292
0.0977497
0.0976702
0.0975908
0.0975114
0.0974321
0.0973528
0.0972736
0.0971945
0.0971154
0.0970363
0.0969573
0.0968784
0.0967995
0.0967206
0.0966418
0.0965631
0.0964844
0.0964058
0.0963272
0.0962487
0.0961702
0.0960918
0.0960134
0.0959351
0.0958569
0.0957786
0.0957005
0.0956224
0.0955443
0.0954663
0.0953884
0.0953105
0.0952327
0.0951549
0.0950771
0.0949995
0.0949218
0.0948443
0.0947667
0.0946893
0.0946118
0.0945345
0.0944572
0.0943799
0.0943027
0.0942255
0.0941484
0.0940714
0.0939944
0.0939174
0.0938405
0.0937637
0.0936869
0.0936101
0.0935335
0.0934568
0.0933802
0.0933037
0.0932272
0.0931508
0.0930744
0.0929981
0.0929218
0.0928456
0.0927694
0.0926933
0.0926173
0.0925412
0.0924653
0.0923894
0.0923135
0.0922377
0.092162
0.0920863
0.0920106
0.091935
0.0918595
0.091784
0.0917085
0.0916331
0.0915578
0.0914825
0.0914073
0.0913321
0.0912569
0.0911819
0.0911068
0.0910318
0.0909569
0.090882
0.0908072
0.0907324
0.0906577
0.090583
0.0905084
0.0904339
0.0903593
0.0902849
0.0902105
0.0901361
0.0900618
0.0899875
0.0899133
0.0898391
0.089765
0.089691
0.089617
0.089543
0.0894691
0.0893953
0.0893215
0.0892477
0.089174
0.0891004
0.0890268
0.0889532
0.0888797
0.0888063
0.0887329
0.0886595
0.0885862
0.088513
0.0884398
0.0883667
0.0882936
0.0882205
0.0881475
0.0880746
0.0880017
0.0879289
0.0878561
0.0877833
0.0877107
0.087638
0.0875654
0.0874929
0.0874204
0.087348
0.0872756
0.0872033
0.087131
0.0870587
0.0869866
0.0869144
0.0868424
0.0867703
0.0866983
0.0866264
0.0865545
0.0864827
0.0864109
0.0863392
0.0862675
0.0861959
0.0861243
0.0860528
0.0859813
0.0859098
0.0858385
0.0857671
0.0856958
0.0856246
0.0855534
0.0854823
0.0854112
0.0853402
0.0852692
0.0851983
0.0851274
0.0850566
0.0849858
0.084915
0.0848444
0.0847737
0.0847031
0.0846326
0.0845621
0.0844917
0.0844213
0.084351
0.0842807
0.0842104
0.0841402
0.0840701
0.084
0.08393
0.08386
0.08379
0.0837201
0.0836503
0.0835805
0.0835108
0.0834411
0.0833714
0.0833018
0.0832323
0.0831628
0.0830933
0.0830239
0.0829546
0.0828853
0.082816
0.0827468
0.0826776
0.0826085
0.0825395
0.0824705
0.0824015
0.0823326
0.0822637
0.0821949
0.0821261
0.0820574
0.0819888
0.0819201
0.0818516
0.0817831
0.0817146
0.0816462
0.0815778
0.0815094
0.0814412
0.0813729
0.0813048
0.0812366
0.0811685
0.0811005
0.0810325
0.0809646
0.0808967
0.0808288
0.080761
0.0806933
0.0806256
0.080558
0.0804904
0.0804228
0.0803553
0.0802878
0.0802204
0.0801531
0.0800858
0.0800185
0.0799513
0.0798841
0.079817
0.0797499
0.0796829
0.0796159
0.079549
0.0794821
0.0794153
0.0793485
0.0792818
0.0792151
0.0791484
0.0790818
0.0790153
0.0789488
0.0788823
0.0788159
0.0787496
0.0786833
0.078617
0.0785508
0.0784846
0.0784185
0.0783525
0.0782864
0.0782205
0.0781545
0.0780887
0.0780228
0.077957
0.0778913
0.0778256
0.07776
0.0776944
0.0776288
0.0775633
0.0774979
0.0774325
0.0773671
0.0773018
0.0772365
0.0771713
0.0771062
0.077041
0.076976
0.0769109
0.0768459
0.076781
0.0767161
0.0766513
0.0765865
0.0765217
0.076457
0.0763924
0.0763278
0.0762632
0.0761987
0.0761342
0.0760698
0.0760055
0.0759411
0.0758768
0.0758126
0.0757484
0.0756843
0.0756202
0.0755562
0.0754922
0.0754282
0.0753643
0.0753004
0.0752366
0.0751729
0.0751091
0.0750455
0.0749818
0.0749183
0.0748547
0.0747912
0.0747278
0.0746644
0.074601
0.0745377
0.0744745
0.0744113
0.0743481
0.074285
0.0742219
0.0741589
0.0740959
0.074033
0.0739701
0.0739072
0.0738444
0.0737817
0.073719
0.0736563
0.0735937
0.0735311
0.0734686
0.0734061
0.0733437
0.0732813
0.073219
0.0731567
0.0730945
0.0730322
0.0729701
0.072908
0.0728459
0.0727839
0.0727219
0.07266
0.0725981
0.0725363
0.0724745
0.0724127
0.072351
0.0722894
0.0722278
0.0721662
0.0721047
0.0720432
0.0719818
0.0719204
0.0718591
0.0717978
0.0717365
0.0716753
0.0716142
0.0715531
0.071492
0.071431
0.07137
0.0713091
0.0712482
0.0711873
0.0711265
0.0710658
0.0710051
0.0709444
0.0708838
0.0708232
0.0707627
0.0707022
0.0706418
0.0705814
0.070521
0.0704607
0.0704005
0.0703402
0.0702801
0.0702199
0.0701599
0.0700998
0.0700398
0.0699799
0.06992
0.0698601
0.0698003
0.0697405
0.0696808
0.0696211
0.0695615
0.0695019
0.0694424
0.0693829
0.0693234
0.069264
0.0692046
0.0691453
0.069086
0.0690268
0.0689676
0.0689084
0.0688493
0.0687903
0.0687312
0.0686723
0.0686133
0.0685544
0.0684956
0.0684368
0.0683781
0.0683193
0.0682607
0.0682021
0.0681435
0.0680849
0.0680264
0.067968
0.0679096
0.0678512
0.0677929
0.0677346
0.0676764
0.0676182
0.0675601
0.067502
0.0674439
0.0673859
0.067328
0.06727
0.0672122
0.0671543
0.0670965
0.0670388
0.0669811
0.0669234
0.0668658
0.0668082
0.0667507
0.0666932
0.0666357
0.0665783
0.066521
0.0664636
0.0664064
0.0663491
0.0662919
0.0662348
0.0661777
0.0661206
0.0660636
0.0660066
0.0659497
0.0658928
0.065836
0.0657792
0.0657224
0.0656657
0.065609
0.0655524
0.0654958
0.0654393
0.0653828
0.0653263
0.0652699
0.0652135
0.0651572
0.0651009
0.0650446
0.0649884
0.0649323
0.0648761
0.0648201
0.064764
0.064708
0.0646521
0.0645962
0.0645403
0.0644845
0.0644287
0.064373
0.0643173
0.0642616
0.064206
0.0641504
0.0640949
0.0640394
0.063984
0.0639286
0.0638732
0.0638179
0.0637626
0.0637074
0.0636522
0.063597
0.0635419
0.0634869
0.0634319
0.0633769
0.0633219
0.063267
0.0632122
0.0631574
0.0631026
0.0630479
0.0629932
0.0629385
0.0628839
0.0628293
0.0627748
0.0627203
0.0626659
0.0626115
0.0625572
0.0625028
0.0624486
0.0623943
0.0623401
0.062286
0.0622319
0.0621778
0.0621238
0.0620698
0.0620159
0.061962
0.0619081
0.0618543
0.0618005
0.0617468
0.0616931
0.0616394
0.0615858
0.0615322
0.0614787
0.0614252
0.0613718
0.0613184
0.061265
0.0612117
0.0611584
0.0611051
0.0610519
0.0609988
0.0609456
0.0608926
0.0608395
0.0607865
0.0607336
0.0606806
0.0606278
0.0605749
0.0605221
0.0604694
0.0604167
0.060364
0.0603113
0.0602588
0.0602062
0.0601537
0.0601012
0.0600488
0.0599964
0.059944
0.0598917
0.0598395
0.0597872
0.059735
0.0596829
0.0596308
0.0595787
0.0595267
0.0594747
0.0594227
0.0593708
0.059319
0.0592671
0.0592154
0.0591636
0.0591119
0.0590602
0.0590086
0.058957
0.0589055
0.058854
0.0588025
0.0587511
0.0586997
0.0586483
0.058597
0.0585457
0.0584945
0.0584433
0.0583922
0.0583411
0.05829
0.058239
0.058188
0.058137
0.0580861
0.0580352
0.0579844
0.0579336
0.0578828
0.0578321
0.0577815
0.0577308
0.0576802
0.0576297
0.0575791
0.0575287
0.0574782
0.0574278
0.0573775
0.0573271
0.0572769
0.0572266
0.0571764
0.0571262
0.0570761
0.057026
0.056976
0.056926
0.056876
0.0568261
0.0567762
0.0567263
0.0566765
0.0566267
0.056577
0.0565273
0.0564776
0.056428
0.0563784
0.0563289
0.0562794
0.0562299
0.0561805
0.0561311
0.0560818
0.0560324
0.0559832
0.0559339
0.0558847
0.0558356
0.0557865
0.0557374
0.0556883
0.0556393
0.0555904
0.0555415
0.0554926
0.0554437
0.0553949
0.0553461
0.0552974
0.0552487
0.0552
0.0551514
0.0551028
0.0550543
0.0550058
0.0549573
0.0549089
0.0548605
0.0548121
0.0547638
0.0547156
0.0546673
0.0546191
0.0545709
0.0545228
0.0544747
0.0544267
0.0543787
0.0543307
0.0542828
0.0542349
0.054187
0.0541392
0.0540914
0.0540436
0.0539959
0.0539483
0.0539006
0.053853
0.0538055
0.0537579
0.0537105
0.053663
0.0536156
0.0535682
0.0535209
0.0534736
0.0534263
0.0533791
0.0533319
0.0532848
0.0532377
0.0531906
0.0531435
0.0530965
0.0530496
0.0530027
0.0529558
0.0529089
0.0528621
0.0528153
0.0527686
0.0527219
0.0526752
0.0526286
0.052582
0.0525354
0.0524889
0.0524424
0.052396
0.0523496
0.0523032
0.0522569
0.0522106
0.0521643
0.0521181
0.0520719
0.0520258
0.0519797
0.0519336
0.0518875
0.0518415
0.0517956
0.0517496
0.0517037
0.0516579
0.0516121
0.0515663
0.0515205
0.0514748
0.0514291
0.0513835
0.0513379
0.0512923
0.0512468
0.0512013
0.0511559
0.0511104
0.051065
0.0510197
0.0509744
0.0509291
0.0508839
0.0508387
0.0507935
0.0507484
0.0507033
0.0506582
0.0506132
0.0505682
0.0505232
0.0504783
0.0504334
0.0503886
0.0503438
0.050299
0.0502543
0.0502096
0.0501649
0.0501203
0.0500757
0.0500311
0.0499866
0.0499421
0.0498977
0.0498532
0.0498089
0.0497645
0.0497202
0.0496759
0.0496317
0.0495875
0.0495433
0.0494992
0.0494551
0.049411
0.049367
0.049323
0.0492791
0.0492351
0.0491913
0.0491474
0.0491036
0.0490598
0.0490161
0.0489724
0.0489287
0.048885
0.0488414
0.0487979
0.0487543
0.0487108
0.0486674
0.048624
0.0485806
0.0485372
0.0484939
0.0484506
0.0484073
0.0483641
0.0483209
0.0482778
0.0482347
0.0481916
0.0481485
0.0481055
0.0480626
0.0480196
0.0479767
0.0479338
0.047891
0.0478482
0.0478054
0.0477627
0.04772
0.0476773
0.0476347
0.0475921
0.0475495
0.047507
0.0474645
0.0474221
0.0473796
0.0473372
0.0472949
0.0472526
0.0472103
0.047168
0.0471258
0.0470836
0.0470415
0.0469994
0.0469573
0.0469152
0.0468732
0.0468312
0.0467893
0.0467474
0.0467055
0.0466637
0.0466218
0.0465801
0.0465383
0.0464966
0.0464549
0.0464133
0.0463717
0.0463301
0.0462886
0.0462471
0.0462056
0.0461642
0.0461228
0.0460814
0.0460401
0.0459988
0.0459575
0.0459162
0.045875
0.0458339
0.0457927
0.0457516
0.0457106
0.0456695
0.0456285
0.0455876
0.0455466
0.0455057
0.0454648
0.045424
0.0453832
0.0453424
0.0453017
0.045261
0.0452203
0.0451797
0.0451391
0.0450985
0.045058
0.0450175
0.044977
0.0449366
0.0448962
0.0448558
0.0448155
0.0447752
0.0447349
0.0446946
0.0446544
0.0446143
0.0445741
0.044534
0.0444939
0.0444539
0.0444139
0.0443739
0.044334
0.044294
0.0442542
0.0442143
0.0441745
0.0441347
0.044095
0.0440552
0.0440156
0.0439759
0.0439363
0.0438967
0.0438572
0.0438176
0.0437781
0.0437387
0.0436993
0.0436599
0.0436205
0.0435812
0.0435419
0.0435026
0.0434634
0.0434242
0.043385
0.0433459
0.0433068
0.0432677
0.0432287
0.0431897
0.0431507
0.0431118
0.0430728
0.043034
0.0429951
0.0429563
0.0429175
0.0428788
0.0428401
0.0428014
0.0427627
0.0427241
0.0426855
0.0426469
0.0426084
0.0425699
0.0425315
0.042493
0.0424546
0.0424162
0.0423779
0.0423396
0.0423013
0.0422631
0.0422249
0.0421867
0.0421485
0.0421104
0.0420723
0.0420343
0.0419963
0.0419583
0.0419203
0.0418824
0.0418445
0.0418066
0.0417688
0.041731
0.0416932
0.0416555
0.0416178
0.0415801
0.0415424
0.0415048
0.0414672
0.0414297
0.0413922
0.0413547
0.0413172
0.0412798
0.0412424
0.041205
0.0411677
0.0411304
0.0410931
0.0410558
0.0410186
0.0409815
0.0409443
0.0409072
0.0408701
0.040833
0.040796
0.040759
0.040722
0.0406851
0.0406482
0.0406113
0.0405745
0.0405377
0.0405009
0.0404641
0.0404274
0.0403907
0.040354
0.0403174
0.0402808
0.0402442
0.0402077
0.0401712
0.0401347
0.0400983
0.0400619
0.0400255
0.0399891
0.0399528
0.0399165
0.0398802
0.039844
0.0398078
0.0397716
0.0397354
0.0396993
0.0396632
0.0396272
0.0395912
0.0395552
0.0395192
0.0394833
0.0394474
0.0394115
0.0393756
0.0393398
0.039304
0.0392683
0.0392325
0.0391968
0.0391612
0.0391255
0.0390899
0.0390544
0.0390188
0.0389833
0.0389478
0.0389123
0.0388769
0.0388415
0.0388061
0.0387708
0.0387355
0.0387002
0.038665
0.0386297
0.0385945
0.0385594
0.0385242
0.0384891
0.0384541
0.038419
0.038384
0.038349
0.038314
0.0382791
0.0382442
0.0382093
0.0381745
0.0381397
0.0381049
0.0380702
0.0380354
0.0380007
0.0379661
0.0379314
0.0378968
0.0378622
0.0378277
0.0377932
0.0377587
0.0377242
0.0376898
0.0376554
0.037621
0.0375866
0.0375523
0.037518
0.0374838
0.0374495
0.0374153
0.0373812
0.037347
0.0373129
0.0372788
0.0372447
0.0372107
0.0371767
0.0371427
0.0371088
0.0370749
0.037041
0.0370071
0.0369733
0.0369395
0.0369057
0.036872
0.0368382
0.0368046
0.0367709
0.0367373
0.0367037
0.0366701
0.0366365
0.036603
0.0365695
0.0365361
0.0365026
0.0364692
0.0364358
0.0364025
0.0363692
0.0363359
0.0363026
0.0362694
0.0362362
0.036203
0.0361698
0.0361367
0.0361036
0.0360705
0.0360375
0.0360045
0.0359715
0.0359385
0.0359056
0.0358727
0.0358398
0.035807
0.0357742
0.0357414
0.0357086
0.0356759
0.0356432
0.0356105
0.0355778
0.0355452
0.0355126
0.03548
0.0354475
0.035415
0.0353825
0.03535
0.0353176
0.0352852
0.0352528
0.0352205
0.0351881
0.0351558
0.0351236
0.0350913
0.0350591
0.0350269
0.0349948
0.0349626
0.0349305
0.0348985
0.0348664
0.0348344
0.0348024
0.0347704
0.0347385
0.0347066
0.0346747
0.0346428
0.034611
0.0345792
0.0345474
0.0345157
0.0344839
0.0344522
0.0344206
0.0343889
0.0343573
0.0343257
0.0342942
0.0342626
0.0342311
0.0341996
0.0341682
0.0341367
0.0341053
0.034074
0.0340426
0.0340113
0.03398
0.0339487
0.0339175
0.0338863
0.0338551
0.0338239
0.0337928
0.0337617
0.0337306
0.0336995
0.0336685
0.0336375
0.0336065
0.0335756
0.0335447
0.0335138
0.0334829
0.033452
0.0334212
0.0333904
0.0333597
0.0333289
0.0332982
0.0332675
0.0332369
0.0332062
0.0331756
0.033145
0.0331145
0.033084
0.0330535
0.033023
0.0329925
0.0329621
0.0329317
0.0329013
0.032871
0.0328407
0.0328104
0.0327801
0.0327498
0.0327196
0.0326894
0.0326593
0.0326291
0.032599
0.0325689
0.0325389
0.0325088
0.0324788
0.0324488
0.0324189
0.0323889
0.032359
0.0323291
0.0322993
0.0322695
0.0322396
0.0322099
0.0321801
0.0321504
0.0321207
0.032091
0.0320613
0.0320317
0.0320021
0.0319725
0.031943
0.0319135
0.031884
0.0318545
0.031825
0.0317956
0.0317662
0.0317368
0.0317075
0.0316782
0.0316489
0.0316196
0.0315903
0.0315611
0.0315319
0.0315027
0.0314736
0.0314445
0.0314154
0.0313863
0.0313573
0.0313282
0.0312992
0.0312703
0.0312413
0.0312124
0.0311835
0.0311546
0.0311258
0.031097
0.0310682
0.0310394
0.0310106
0.0309819
0.0309532
0.0309245
0.0308959
0.0308673
0.0308387
0.0308101
0.0307815
0.030753
0.0307245
0.030696
0.0306676
0.0306392
0.0306107
0.0305824
0.030554
0.0305257
0.0304974
0.0304691
0.0304408
0.0304126
0.0303844
0.0303562
0.0303281
0.0302999
0.0302718
0.0302437
0.0302157
0.0301876
0.0301596
0.0301316
0.0301037
0.0300757
0.0300478
0.0300199
0.029992
0.0299642
0.0299364
0.0299086
0.0298808
0.0298531
0.0298253
0.0297976
0.02977
0.0297423
0.0297147
0.0296871
0.0296595
0.0296319
0.0296044
0.0295769
0.0295494
0.029522
0.0294945
0.0294671
0.0294397
0.0294124
0.029385
0.0293577
0.0293304
0.0293031
0.0292759
0.0292487
0.0292215
0.0291943
0.0291671
0.02914
0.0291129
0.0290858
0.0290588
0.0290317
0.0290047
0.0289777
0.0289508
0.0289238
0.0288969
0.02887
0.0288431
0.0288163
0.0287895
0.0287627
0.0287359
0.0287091
0.0286824
0.0286557
0.028629
0.0286024
0.0285757
0.0285491
0.0285225
0.0284959
0.0284694
0.0284429
0.0284164
0.0283899
0.0283635
0.028337
0.0283106
0.0282842
0.0282579
0.0282315
0.0282052
0.0281789
0.0281527
0.0281264
0.0281002
0.028074
0.0280478
0.0280217
0.0279955
0.0279694
0.0279433
0.0279173
0.0278912
0.0278652
0.0278392
0.0278132
0.0277873
0.0277614
0.0277355
0.0277096
0.0276837
0.0276579
0.0276321
0.0276063
0.0275805
0.0275548
0.027529
0.0275033
0.0274777
0.027452
0.0274264
0.0274008
0.0273752
0.0273496
0.0273241
0.0272985
0.027273
0.0272476
0.0272221
0.0271967
0.0271713
0.0271459
0.0271205
0.0270952
0.0270698
0.0270445
0.0270193
0.026994
0.0269688
0.0269436
0.0269184
0.0268932
0.0268681
0.0268429
0.0268178
0.0267928
0.0267677
0.0267427
0.0267177
0.0266927
0.0266677
0.0266427
0.0266178
0.0265929
0.026568
0.0265432
0.0265183
0.0264935
0.0264687
0.026444
0.0264192
0.0263945
0.0263698
0.0263451
0.0263204
0.0262958
0.0262712
0.0262466
0.026222
0.0261974
0.0261729
0.0261484
0.0261239
0.0260994
0.026075
0.0260505
0.0260261
0.0260018
0.0259774
0.0259531
0.0259287
0.0259044
0.0258802
0.0258559
0.0258317
0.0258075
0.0257833
0.0257591
0.025735
0.0257108
0.0256867
0.0256626
0.0256386
0.0256145
0.0255905
0.0255665
0.0255425
0.0255186
0.0254946
0.0254707
0.0254468
0.025423
0.0253991
0.0253753
0.0253515
0.0253277
0.0253039
0.0252802
0.0252564
0.0252327
0.025209
0.0251854
0.0251617
0.0251381
0.0251145
0.0250909
0.0250674
0.0250438
0.0250203
0.0249968
0.0249733
0.0249499
0.0249265
0.024903
0.0248797
0.0248563
0.0248329
0.0248096
0.0247863
0.024763
0.0247397
0.0247165
0.0246933
0.02467
0.0246469
0.0246237
0.0246005
0.0245774
0.0245543
0.0245312
0.0245082
0.0244851
0.0244621
0.0244391
0.0244161
0.0243931
0.0243702
0.0243473
0.0243244
0.0243015
0.0242786
0.0242558
0.024233
0.0242102
0.0241874
0.0241646
0.0241419
0.0241192
0.0240965
0.0240738
0.0240511
0.0240285
0.0240059
0.0239833
0.0239607
0.0239382
0.0239156
0.0238931
0.0238706
0.0238481
0.0238257
0.0238032
0.0237808
0.0237584
0.023736
0.0237137
0.0236913
0.023669
0.0236467
0.0236244
0.0236022
0.0235799
0.0235577
0.0235355
0.0235133
0.0234912
0.023469
0.0234469
0.0234248
0.0234027
0.0233807
0.0233586
0.0233366
0.0233146
0.0232926
0.0232706
0.0232487
0.0232268
0.0232049
0.023183
0.0231611
0.0231393
0.0231174
0.0230956
0.0230738
0.0230521
0.0230303
0.0230086
0.0229869
0.0229652
0.0229435
0.0229218
0.0229002
0.0228786
0.022857
0.0228354
0.0228139
0.0227923
0.0227708
0.0227493
0.0227278
0.0227064
0.0226849
0.0226635
0.0226421
0.0226207
0.0225993
0.022578
0.0225567
0.0225353
0.0225141
0.0224928
0.0224715
0.0224503
0.0224291
0.0224079
0.0223867
0.0223656
0.0223444
0.0223233
0.0223022
0.0222811
0.0222601
0.022239
0.022218
0.022197
0.022176
0.022155
0.0221341
0.0221131
0.0220922
0.0220713
0.0220505
0.0220296
0.0220088
0.0219879
0.0219671
0.0219464
0.0219256
0.0219048
0.0218841
0.0218634
0.0218427
0.0218221
0.0218014
0.0217808
0.0217602
0.0217396
0.021719
0.0216984
0.0216779
0.0216574
0.0216368
0.0216164
0.0215959
0.0215754
0.021555
0.0215346
0.0215142
0.0214938
0.0214735
0.0214531
0.0214328
0.0214125
0.0213922
0.0213719
0.0213517
0.0213315
0.0213113
0.0212911
0.0212709
0.0212507
0.0212306
0.0212105
0.0211904
0.0211703
0.0211502
0.0211302
0.0211101
0.0210901
0.0210701
0.0210501
0.0210302
0.0210102
0.0209903
0.0209704
0.0209505
0.0209306
0.0209108
0.020891
0.0208711
0.0208513
0.0208316
0.0208118
0.020792
0.0207723
0.0207526
0.0207329
0.0207132
0.0206936
0.0206739
0.0206543
0.0206347
0.0206151
0.0205956
0.020576
0.0205565
0.020537
0.0205175
0.020498
0.0204785
0.0204591
0.0204396
0.0204202
0.0204008
0.0203815
0.0203621
0.0203428
0.0203234
0.0203041
0.0202848
0.0202656
0.0202463
0.0202271
0.0202079
0.0201886
0.0201695
0.0201503
0.0201311
0.020112
0.0200929
0.0200738
0.0200547
0.0200357
0.0200166
0.0199976
0.0199786
0.0199596
0.0199406
0.0199216
0.0199027
0.0198838
0.0198648
0.019846
0.0198271
0.0198082
0.0197894
0.0197706
0.0197517
0.019733
0.0197142
0.0196954
0.0196767
0.019658
0.0196393
0.0196206
0.0196019
0.0195832
0.0195646
0.019546
0.0195274
0.0195088
0.0194902
0.0194717
0.0194531
0.0194346
0.0194161
0.0193976
0.0193791
0.0193607
0.0193422
0.0193238
0.0193054
0.019287
0.0192687
0.0192503
0.019232
0.0192137
0.0191953
0.0191771
0.0191588
0.0191405
0.0191223
0.0191041
0.0190859
0.0190677
0.0190495
0.0190314
0.0190132
0.0189951
0.018977
0.0189589
0.0189408
0.0189228
0.0189047
0.0188867
0.0188687
0.0188507
0.0188327
0.0188148
0.0187968
0.0187789
0.018761
0.0187431
0.0187252
0.0187074
0.0186895
0.0186717
0.0186539
0.0186361
0.0186183
0.0186005
0.0185828
0.018565
0.0185473
0.0185296
0.0185119
0.0184943
0.0184766
0.018459
0.0184414
0.0184238
0.0184062
0.0183886
0.0183711
0.0183535
0.018336
0.0183185
0.018301
0.0182835
0.0182661
0.0182486
0.0182312
0.0182138
0.0181964
0.018179
0.0181616
0.0181443
0.0181269
0.0181096
0.0180923
0.018075
0.0180578
0.0180405
0.0180233
0.018006
0.0179888
0.0179716
0.0179545
0.0179373
0.0179202
0.017903
0.0178859
0.0178688
0.0178517
0.0178347
0.0178176
0.0178006
0.0177836
0.0177666
0.0177496
0.0177326
0.0177156
0.0176987
0.0176818
0.0176649
0.017648
0.0176311
0.0176142
0.0175974
0.0175805
0.0175637
0.0175469
0.0175301
0.0175133
0.0174966
0.0174798
0.0174631
0.0174464
0.0174297
0.017413
0.0173963
0.0173797
0.0173631
0.0173464
0.0173298
0.0173132
0.0172967
0.0172801
0.0172635
0.017247
0.0172305
0.017214
0.0171975
0.017181
0.0171646
0.0171481
0.0171317
0.0171153
0.0170989
0.0170825
0.0170662
0.0170498
0.0170335
0.0170172
0.0170009
0.0169846
0.0169683
0.016952
0.0169358
0.0169196
0.0169033
0.0168871
0.0168709
0.0168548
0.0168386
0.0168225
0.0168063
0.0167902
0.0167741
0.0167581
0.016742
0.0167259
0.0167099
0.0166939
0.0166779
0.0166619
0.0166459
0.0166299
0.016614
0.016598
0.0165821
0.0165662
0.0165503
0.0165344
0.0165186
0.0165027
0.0164869
0.0164711
0.0164553
0.0164395
0.0164237
0.0164079
0.0163922
0.0163764
0.0163607
0.016345
0.0163293
0.0163136
0.016298
0.0162823
0.0162667
0.0162511
0.0162355
0.0162199
0.0162043
0.0161888
0.0161732
0.0161577
0.0161422
0.0161267
0.0161112
0.0160957
0.0160802
0.0160648
0.0160493
0.0160339
0.0160185
0.0160031
0.0159878
0.0159724
0.015957
0.0159417
0.0159264
0.0159111
0.0158958
0.0158805
0.0158652
0.01585
0.0158348
0.0158195
0.0158043
0.0157891
0.015774
0.0157588
0.0157436
0.0157285
0.0157134
0.0156983
0.0156832
0.0156681
0.015653
0.015638
0.0156229
0.0156079
0.0155929
0.0155779
0.0155629
0.0155479
0.015533
0.015518
0.0155031
0.0154882
0.0154733
0.0154584
0.0154435
0.0154286
0.0154138
0.015399
0.0153841
0.0153693
0.0153545
0.0153398
0.015325
0.0153102
0.0152955
0.0152808
0.0152661
0.0152514
0.0152367
0.015222
0.0152074
0.0151927
0.0151781
0.0151635
0.0151489
0.0151343
0.0151197
0.0151051
0.0150906
0.015076
0.0150615
0.015047
0.0150325
0.015018
0.0150036
0.0149891
0.0149747
0.0149602
0.0149458
0.0149314
0.014917
0.0149026
0.0148883
0.0148739
0.0148596
0.0148453
0.014831
0.0148167
0.0148024
0.0147881
0.0147738
0.0147596
0.0147454
0.0147312
0.014717
0.0147028
0.0146886
0.0146744
0.0146603
0.0146461
0.014632
0.0146179
0.0146038
0.0145897
0.0145756
0.0145616
0.0145475
0.0145335
0.0145195
0.0145054
0.0144914
0.0144775
0.0144635
0.0144495
0.0144356
0.0144217
0.0144077
0.0143938
0.0143799
0.0143661
0.0143522
0.0143383
0.0143245
0.0143107
0.0142969
0.0142831
0.0142693
0.0142555
0.0142417
0.014228
0.0142142
0.0142005
0.0141868
0.0141731
0.0141594
0.0141457
0.0141321
0.0141184
0.0141048
0.0140911
0.0140775
0.0140639
0.0140503
0.0140368
0.0140232
0.0140097
0.0139961
0.0139826
0.0139691
0.0139556
0.0139421
0.0139286
0.0139152
0.0139017
0.0138883
0.0138748
0.0138614
0.013848
0.0138346
0.0138213
0.0138079
0.0137946
0.0137812
0.0137679
0.0137546
0.0137413
0.013728
0.0137147
0.0137015
0.0136882
0.013675
0.0136617
0.0136485
0.0136353
0.0136221
0.0136089
0.0135958
0.0135826
0.0135695
0.0135564
0.0135432
0.0135301
0.013517
0.013504
0.0134909
0.0134778
0.0134648
0.0134518
0.0134387
0.0134257
0.0134127
0.0133998
0.0133868
0.0133738
0.0133609
0.013348
0.013335
0.0133221
0.0133092
0.0132963
0.0132835
0.0132706
0.0132577
0.0132449
0.0132321
0.0132193
0.0132065
0.0131937
0.0131809
0.0131681
0.0131554
0.0131426
0.0131299
0.0131172
0.0131045
0.0130918
0.0130791
0.0130664
0.0130537
0.0130411
0.0130285
0.0130158
0.0130032
0.0129906
0.012978
0.0129654
0.0129529
0.0129403
0.0129278
0.0129152
0.0129027
0.0128902
0.0128777
0.0128652
0.0128528
0.0128403
0.0128279
0.0128154
0.012803
0.0127906
0.0127782
0.0127658
0.0127534
0.012741
0.0127287
0.0127163
0.012704
0.0126917
0.0126794
0.0126671
0.0126548
0.0126425
0.0126302
0.012618
0.0126057
0.0125935
0.0125813
0.0125691
0.0125569
0.0125447
0.0125325
0.0125203
0.0125082
0.012496
0.0124839
0.0124718
0.0124597
0.0124476
0.0124355
0.0124234
0.0124114
0.0123993
0.0123873
0.0123753
0.0123632
0.0123512
0.0123392
0.0123273
0.0123153
0.0123033
0.0122914
0.0122794
0.0122675
0.0122556
0.0122437
0.0122318
0.0122199
0.0122081
0.0121962
0.0121843
0.0121725
0.0121607
0.0121489
0.0121371
0.0121253
0.0121135
0.0121017
0.0120899
0.0120782
0.0120665
0.0120547
0.012043
0.0120313
0.0120196
0.0120079
0.0119963
0.0119846
0.0119729
0.0119613
0.0119497
0.0119381
0.0119265
0.0119149
0.0119033
0.0118917
0.0118801
0.0118686
0.011857
0.0118455
0.011834
0.0118225
0.011811
0.0117995
0.011788
0.0117765
0.0117651
0.0117536
0.0117422
0.0117308
0.0117194
0.011708
0.0116966
0.0116852
0.0116738
0.0116625
0.0116511
0.0116398
0.0116284
0.0116171
0.0116058
0.0115945
0.0115832
0.011572
0.0115607
0.0115494
0.0115382
0.011527
0.0115157
0.0115045
0.0114933
0.0114821
0.011471
0.0114598
0.0114486
0.0114375
0.0114263
0.0114152
0.0114041
0.011393
0.0113819
0.0113708
0.0113597
0.0113487
0.0113376
0.0113266
0.0113155
0.0113045
0.0112935
0.0112825
0.0112715
0.0112605
0.0112495
0.0112386
0.0112276
0.0112167
0.0112058
0.0111948
0.0111839
0.011173
0.0111621
0.0111513
0.0111404
0.0111295
0.0111187
0.0111078
0.011097
0.0110862
0.0110754
0.0110646
0.0110538
0.011043
0.0110323
0.0110215
0.0110108
0.011
0.0109893
0.0109786
0.0109679
0.0109572
0.0109465
0.0109358
0.0109251
0.0109145
0.0109038
0.0108932
0.0108826
0.010872
0.0108613
0.0108508
0.0108402
0.0108296
0.010819
0.0108085
0.0107979
0.0107874
0.0107769
0.0107663
0.0107558
0.0107453
0.0107348
0.0107244
0.0107139
0.0107034
0.010693
0.0106826
0.0106721
0.0106617
0.0106513
0.0106409
0.0106305
0.0106201
0.0106098
0.0105994
0.0105891
0.0105787
0.0105684
0.0105581
0.0105477
0.0105374
0.0105272
0.0105169
0.0105066
0.0104963
0.0104861
0.0104758
0.0104656
0.0104554
0.0104452
0.010435
0.0104248
0.0104146
0.0104044
0.0103942
0.0103841
0.0103739
0.0103638
0.0103537
0.0103436
0.0103334
0.0103233
0.0103133
0.0103032
0.0102931
0.010283
0.010273
0.010263
0.0102529
0.0102429
0.0102329
0.0102229
0.0102129
0.0102029
0.0101929
0.010183
0.010173
0.0101631
0.0101531
0.0101432
0.0101333
0.0101234
0.0101135
0.0101036
0.0100937
0.0100838
0.0100739
0.0100641
0.0100542
0.0100444
0.0100346
0.0100248
0.010015
0.0100052
0.00999537
0.00998559
0.00997582
0.00996606
0.00995631
0.00994657
0.00993683
0.00992711
0.00991739
0.00990769
0.00989799
0.0098883
0.00987863
0.00986896
0.0098593
0.00984964
0.00984
0.00983037
0.00982075
0.00981113
0.00980153
0.00979193
0.00978234
0.00977276
0.00976319
0.00975363
0.00974408
0.00973454
0.00972501
0.00971548
0.00970597
0.00969646
0.00968697
0.00967748
0.009668
0.00965853
0.00964907
0.00963962
0.00963017
0.00962074
0.00961131
0.0096019
0.00959249
0.00958309
0.0095737
0.00956432
0.00955495
0.00954559
0.00953623
0.00952689
0.00951755
0.00950822
0.00949891
0.0094896
0.00948029
0.009471
0.00946172
0.00945244
0.00944318
0.00943392
0.00942467
0.00941543
0.0094062
0.00939698
0.00938777
0.00937856
0.00936937
0.00936018
0.009351
0.00934183
0.00933267
0.00932352
0.00931438
0.00930524
0.00929612
0.009287
0.00927789
0.00926879
0.0092597
0.00925062
0.00924154
0.00923248
0.00922342
0.00921437
0.00920533
0.0091963
0.00918728
0.00917826
0.00916926
0.00916026
0.00915127
0.00914229
0.00913332
0.00912436
0.0091154
0.00910646
0.00909752
0.00908859
0.00907967
0.00907076
0.00906185
0.00905296
0.00904407
0.00903519
0.00902633
0.00901746
0.00900861
0.00899977
0.00899093
0.0089821
0.00897328
0.00896447
0.00895567
0.00894688
0.00893809
0.00892931
0.00892054
0.00891178
0.00890303
0.00889429
0.00888555
0.00887682
0.00886811
