Vec Object: Vec_0x55c3e49969c0_0 1 MPI process
  type: seq
1.
0.999643
0.999287
0.99893
0.998574
0.998217
0.997861
0.997504
0.997147
0.996791
0.996434
0.996078
0.995721
0.995365
0.995008
0.994652
0.994295
0.993939
0.993582
0.993226
0.992869
0.992512
0.992156
0.991799
0.991443
0.991086
0.99073
0.990373
0.990017
0.98966
0.989304
0.988947
0.988591
0.988234
0.987878
0.987521
0.987165
0.986808
0.986452
0.986095
0.985739
0.985382
0.985026
0.984669
0.984313
0.983956
0.9836
0.983243
0.982887
0.98253
0.982174
0.981817
0.981461
0.981105
0.980748
0.980392
0.980035
0.979679
0.979322
0.978966
0.978609
0.978253
0.977896
0.97754
0.977184
0.976827
0.976471
0.976114
0.975758
0.975401
0.975045
0.974688
0.974332
0.973976
0.973619
0.973263
0.972906
0.97255
0.972193
0.971837
0.971481
0.971124
0.970768
0.970411
0.970055
0.969699
0.969342
0.968986
0.968629
0.968273
0.967917
0.96756
0.967204
0.966847
0.966491
0.966135
0.965778
0.965422
0.965066
0.964709
0.964353
0.963996
0.96364
0.963284
0.962927
0.962571
0.962215
0.961858
0.961502
0.961145
0.960789
0.960433
0.960076
0.95972
0.959364
0.959007
0.958651
0.958295
0.957938
0.957582
0.957226
0.956869
0.956513
0.956157
0.9558
0.955444
0.955088
0.954731
0.954375
0.954019
0.953662
0.953306
0.95295
0.952593
0.952237
0.951881
0.951525
0.951168
0.950812
0.950456
0.950099
0.949743
0.949387
0.94903
0.948674
0.948318
0.947962
0.947605
0.947249
0.946893
0.946536
0.94618
0.945824
0.945468
0.945111
0.944755
0.944399
0.944043
0.943686
0.94333
0.942974
0.942617
0.942261
0.941905
0.941549
0.941192
0.940836
0.94048
0.940124
0.939767
0.939411
0.939055
0.938699
0.938343
0.937986
0.93763
0.937274
0.936918
0.936561
0.936205
0.935849
0.935493
0.935136
0.93478
0.934424
0.934068
0.933712
0.933355
0.932999
0.932643
0.932287
0.931931
0.931574
0.931218
0.930862
0.930506
0.93015
0.929793
0.929437
0.929081
0.928725
0.928369
0.928013
0.927656
0.9273
0.926944
0.926588
0.926232
0.925875
0.925519
0.925163
0.924807
0.924451
0.924095
0.923738
0.923382
0.923026
0.92267
0.922314
0.921958
0.921602
0.921245
0.920889
0.920533
0.920177
0.919821
0.919465
0.919109
0.918752
0.918396
0.91804
0.917684
0.917328
0.916972
0.916616
0.91626
0.915903
0.915547
0.915191
0.914835
0.914479
0.914123
0.913767
0.913411
0.913055
0.912698
0.912342
0.911986
0.91163
0.911274
0.910918
0.910562
0.910206
0.90985
0.909494
0.909137
0.908781
0.908425
0.908069
0.907713
0.907357
0.907001
0.906645
0.906289
0.905933
0.905577
0.905221
0.904865
0.904509
0.904152
0.903796
0.90344
0.903084
0.902728
0.902372
0.902016
0.90166
0.901304
0.900948
0.900592
0.900236
0.89988
0.899524
0.899168
0.898812
0.898456
0.8981
0.897744
0.897388
0.897032
0.896676
0.89632
0.895964
0.895608
0.895252
0.894896
0.89454
0.894184
0.893827
0.893471
0.893115
0.892759
0.892403
0.892047
0.891691
0.891335
0.890979
0.890623
0.890267
0.889912
0.889556
0.8892
0.888844
0.888488
0.888132
0.887776
0.88742
0.887064
0.886708
0.886352
0.885996
0.88564
0.885284
0.884928
0.884572
0.884216
0.88386
0.883504
0.883148
0.882792
0.882436
0.88208
0.881724
0.881368
0.881012
0.880656
0.8803
0.879944
0.879588
0.879233
0.878877
0.878521
0.878165
0.877809
0.877453
0.877097
0.876741
0.876385
0.876029
0.875673
0.875317
0.874961
0.874605
0.87425
0.873894
0.873538
0.873182
0.872826
0.87247
0.872114
0.871758
0.871402
0.871046
0.87069
0.870335
0.869979
0.869623
0.869267
0.868911
0.868555
0.868199
0.867843
0.867487
0.867132
0.866776
0.86642
0.866064
0.865708
0.865352
0.864996
0.86464
0.864284
0.863929
0.863573
0.863217
0.862861
0.862505
0.862149
0.861793
0.861438
0.861082
0.860726
0.86037
0.860014
0.859658
0.859302
0.858947
0.858591
0.858235
0.857879
0.857523
0.857167
0.856811
0.856456
0.8561
0.855744
0.855388
0.855032
0.854676
0.854321
0.853965
0.853609
0.853253
0.852897
0.852541
0.852186
0.85183
0.851474
0.851118
0.850762
0.850407
0.850051
0.849695
0.849339
0.848983
0.848628
0.848272
0.847916
0.84756
0.847204
0.846848
0.846493
0.846137
0.845781
0.845425
0.84507
0.844714
0.844358
0.844002
0.843646
0.843291
0.842935
0.842579
0.842223
0.841867
0.841512
0.841156
0.8408
0.840444
0.840089
0.839733
0.839377
0.839021
0.838665
0.83831
0.837954
0.837598
0.837242
0.836887
0.836531
0.836175
0.835819
0.835464
0.835108
0.834752
0.834396
0.834041
0.833685
0.833329
0.832973
0.832618
0.832262
0.831906
0.83155
0.831195
0.830839
0.830483
0.830127
0.829772
0.829416
0.82906
0.828704
0.828349
0.827993
0.827637
0.827281
0.826926
0.82657
0.826214
0.825859
0.825503
0.825147
0.824791
0.824436
0.82408
0.823724
0.823368
0.823013
0.822657
0.822301
0.821946
0.82159
0.821234
0.820879
0.820523
0.820167
0.819811
0.819456
0.8191
0.818744
0.818389
0.818033
0.817677
0.817321
0.816966
0.81661
0.816254
0.815899
0.815543
0.815187
0.814832
0.814476
0.81412
0.813765
0.813409
0.813053
0.812698
0.812342
0.811986
0.81163
0.811275
0.810919
0.810563
0.810208
0.809852
0.809496
0.809141
0.808785
0.808429
0.808074
0.807718
0.807362
0.807007
0.806651
0.806295
0.80594
0.805584
0.805228
0.804873
0.804517
0.804161
0.803806
0.80345
0.803094
0.802739
0.802383
0.802027
0.801672
0.801316
0.80096
0.800605
0.800249
0.799894
0.799538
0.799182
0.798827
0.798471
0.798115
0.79776
0.797404
0.797048
0.796693
0.796337
0.795981
0.795626
0.79527
0.794914
0.794559
0.794203
0.793848
0.793492
0.793136
0.792781
0.792425
0.792069
0.791714
0.791358
0.791003
0.790647
0.790291
0.789936
0.78958
0.789224
0.788869
0.788513
0.788157
0.787802
0.787446
0.787091
0.786735
0.786379
0.786024
0.785668
0.785313
0.784957
0.784601
0.784246
0.78389
0.783534
0.783179
0.782823
0.782468
0.782112
0.781756
0.781401
0.781045
0.780689
0.780334
0.779978
0.779623
0.779267
0.778911
0.778556
0.7782
0.777845
0.777489
0.777133
0.776778
0.776422
0.776067
0.775711
0.775355
0.775
0.774644
0.774289
0.773933
0.773577
0.773222
0.772866
0.772511
0.772155
0.771799
0.771444
0.771088
0.770732
0.770377
0.770021
0.769666
0.76931
0.768954
0.768599
0.768243
0.767888
0.767532
0.767176
0.766821
0.766465
0.76611
0.765754
0.765398
0.765043
0.764687
0.764332
0.763976
0.76362
0.763265
0.762909
0.762554
0.762198
0.761843
0.761487
0.761131
0.760776
0.76042
0.760065
0.759709
0.759353
0.758998
0.758642
0.758287
0.757931
0.757575
0.75722
0.756864
0.756509
0.756153
0.755797
0.755442
0.755086
0.754731
0.754375
0.754019
0.753664
0.753308
0.752953
0.752597
0.752241
0.751886
0.75153
0.751175
0.750819
0.750463
0.750108
0.749752
0.749397
0.749041
0.748685
0.74833
0.747974
0.747619
0.747263
0.746907
0.746552
0.746196
0.745841
0.745485
0.745129
0.744774
0.744418
0.744063
0.743707
0.743351
0.742996
0.74264
0.742285
0.741929
0.741573
0.741218
0.740862
0.740507
0.740151
0.739795
0.73944
0.739084
0.738728
0.738373
0.738017
0.737662
0.737306
0.73695
0.736595
0.736239
0.735884
0.735528
0.735172
0.734817
0.734461
0.734106
0.73375
0.733394
0.733039
0.732683
0.732327
0.731972
0.731616
0.731261
0.730905
0.730549
0.730194
0.729838
0.729482
0.729127
0.728771
0.728416
0.72806
0.727704
0.727349
0.726993
0.726637
0.726282
0.725926
0.72557
0.725215
0.724859
0.724503
0.724148
0.723792
0.723437
0.723081
0.722725
0.72237
0.722014
0.721658
0.721303
0.720947
0.720591
0.720236
0.71988
0.719524
0.719169
0.718813
0.718457
0.718102
0.717746
0.71739
0.717035
0.716679
0.716323
0.715968
0.715612
0.715256
0.714901
0.714545
0.714189
0.713834
0.713478
0.713122
0.712767
0.712411
0.712055
0.7117
0.711344
0.710988
0.710633
0.710277
0.709921
0.709565
0.70921
0.708854
0.708498
0.708143
0.707787
0.707431
0.707076
0.70672
0.706364
0.706008
0.705653
0.705297
0.704941
0.704585
0.70423
0.703874
0.703518
0.703163
0.702807
0.702451
0.702095
0.70174
0.701384
0.701028
0.700672
0.700317
0.699961
0.699605
0.699249
0.698894
0.698538
0.698182
0.697826
0.697471
0.697115
0.696759
0.696403
0.696048
0.695692
0.695336
0.69498
0.694624
0.694269
0.693913
0.693557
0.693201
0.692845
0.69249
0.692134
0.691778
0.691422
0.691066
0.690711
0.690355
0.689999
0.689643
0.689287
0.688932
0.688576
0.68822
0.687864
0.687508
0.687152
0.686797
0.686441
0.686085
0.685729
0.685373
0.685017
0.684661
0.684306
0.68395
0.683594
0.683238
0.682882
0.682526
0.68217
0.681814
0.681459
0.681103
0.680747
0.680391
0.680035
0.679679
0.679323
0.678967
0.678611
0.678255
0.6779
0.677544
0.677188
0.676832
0.676476
0.67612
0.675764
0.675408
0.675052
0.674696
0.67434
0.673984
0.673628
0.673272
0.672916
0.67256
0.672204
0.671848
0.671492
0.671136
0.67078
0.670424
0.670068
0.669712
0.669356
0.669
0.668644
0.668288
0.667932
0.667576
0.66722
0.666864
0.666508
0.666152
0.665796
0.66544
0.665084
0.664728
0.664372
0.664016
0.66366
0.663304
0.662948
0.662591
0.662235
0.661879
0.661523
0.661167
0.660811
0.660455
0.660099
0.659743
0.659386
0.65903
0.658674
0.658318
0.657962
0.657606
0.65725
0.656893
0.656537
0.656181
0.655825
0.655469
0.655112
0.654756
0.6544
0.654044
0.653688
0.653331
0.652975
0.652619
0.652263
0.651906
0.65155
0.651194
0.650838
0.650481
0.650125
0.649769
0.649413
0.649056
0.6487
0.648344
0.647987
0.647631
0.647275
0.646918
0.646562
0.646206
0.645849
0.645493
0.645137
0.64478
0.644424
0.644068
0.643711
0.643355
0.642998
0.642642
0.642286
0.641929
0.641573
0.641216
0.64086
0.640503
0.640147
0.639791
0.639434
0.639078
0.638721
0.638365
0.638008
0.637652
0.637295
0.636939
0.636582
0.636226
0.635869
0.635513
0.635156
0.634799
0.634443
0.634086
0.63373
0.633373
0.633017
0.63266
0.632303
0.631947
0.63159
0.631234
0.630877
0.63052
0.630164
0.629807
0.62945
0.629094
0.628737
0.62838
0.628023
0.627667
0.62731
0.626953
0.626597
0.62624
0.625883
0.625526
0.62517
0.624813
0.624456
0.624099
0.623742
0.623386
0.623029
0.622672
0.622315
0.621958
0.621601
0.621244
0.620888
0.620531
0.620174
0.619817
0.61946
0.619103
0.618746
0.618389
0.618032
0.617675
0.617318
0.616961
0.616604
0.616247
0.61589
0.615533
0.615176
0.614819
0.614462
0.614105
0.613748
0.613391
0.613034
0.612676
0.612319
0.611962
0.611605
0.611248
0.610891
0.610534
0.610176
0.609819
0.609462
0.609105
0.608747
0.60839
0.608033
0.607676
0.607318
0.606961
0.606604
0.606246
0.605889
0.605532
0.605174
0.604817
0.60446
0.604102
0.603745
0.603387
0.60303
0.602673
0.602315
0.601958
0.6016
0.601243
0.600885
0.600528
0.60017
0.599813
0.599455
0.599097
0.59874
0.598382
0.598025
0.597667
0.597309
0.596952
0.596594
0.596236
0.595879
0.595521
0.595163
0.594805
0.594448
0.59409
0.593732
0.593374
0.593016
0.592659
0.592301
0.591943
0.591585
0.591227
0.590869
0.590511
0.590153
0.589795
0.589437
0.589079
0.588721
0.588363
0.588005
0.587647
0.587289
0.586931
0.586573
0.586215
0.585857
0.585499
0.58514
0.584782
0.584424
0.584066
0.583708
0.583349
0.582991
0.582633
0.582274
0.581916
0.581558
0.581199
0.580841
0.580483
0.580124
0.579766
0.579407
0.579049
0.57869
0.578332
0.577973
0.577615
0.577256
0.576898
0.576539
0.57618
0.575822
0.575463
0.575104
0.574746
0.574387
0.574028
0.573669
0.57331
0.572952
0.572593
0.572234
0.571875
0.571516
0.571157
0.570798
0.570439
0.57008
0.569721
0.569362
0.569003
0.568644
0.568285
0.567926
0.567567
0.567208
0.566848
0.566489
0.56613
0.565771
0.565411
0.565052
0.564693
0.564333
0.563974
0.563615
0.563255
0.562896
0.562536
0.562177
0.561817
0.561458
0.561098
0.560738
0.560379
0.560019
0.559659
0.5593
0.55894
0.55858
0.55822
0.55786
0.557501
0.557141
0.556781
0.556421
0.556061
0.555701
0.555341
0.554981
0.554621
0.554261
0.5539
0.55354
0.55318
0.55282
0.55246
0.552099
0.551739
0.551379
0.551018
0.550658
0.550297
0.549937
0.549576
0.549216
0.548855
0.548495
0.548134
0.547773
0.547413
0.547052
0.546691
0.54633
0.545969
0.545609
0.545248
0.544887
0.544526
0.544165
0.543804
0.543443
0.543081
0.54272
0.542359
0.541998
0.541637
0.541275
0.540914
0.540553
0.540191
0.53983
0.539468
0.539107
0.538745
0.538383
0.538022
0.53766
0.537298
0.536937
0.536575
0.536213
0.535851
0.535489
0.535127
0.534765
0.534403
0.534041
0.533679
0.533317
0.532954
0.532592
0.53223
0.531867
0.531505
0.531142
0.53078
0.530417
0.530055
0.529692
0.529329
0.528967
0.528604
0.528241
0.527878
0.527515
0.527152
0.526789
0.526426
0.526063
0.5257
0.525336
0.524973
0.52461
0.524246
0.523883
0.52352
0.523156
0.522792
0.522429
0.522065
0.521701
0.521337
0.520974
0.52061
0.520246
0.519882
0.519517
0.519153
0.518789
0.518425
0.51806
0.517696
0.517332
0.516967
0.516602
0.516238
0.515873
0.515508
0.515143
0.514779
0.514414
0.514049
0.513683
0.513318
0.512953
0.512588
0.512222
0.511857
0.511492
0.511126
0.51076
0.510395
0.510029
0.509663
0.509297
0.508931
0.508565
0.508199
0.507833
0.507466
0.5071
0.506734
0.506367
0.506001
0.505634
0.505267
0.5049
0.504533
0.504166
0.503799
0.503432
0.503065
0.502698
0.50233
0.501963
0.501595
0.501228
0.50086
0.500492
0.500124
0.499756
0.499388
0.49902
0.498652
0.498283
0.497915
0.497546
0.497178
0.496809
0.49644
0.496071
0.495702
0.495333
0.494964
0.494595
0.494225
0.493856
0.493486
0.493117
0.492747
0.492377
0.492007
0.491637
0.491266
0.490896
0.490526
0.490155
0.489785
0.489414
0.489043
0.488672
0.488301
0.48793
0.487558
0.487187
0.486815
0.486444
0.486072
0.4857
0.485328
0.484956
0.484583
0.484211
0.483838
0.483466
0.483093
0.48272
0.482347
0.481974
0.481601
0.481227
0.480854
0.48048
0.480106
0.479732
0.479358
0.478984
0.478609
0.478235
0.47786
0.477486
0.477111
0.476735
0.47636
0.475985
0.475609
0.475234
0.474858
0.474482
0.474106
0.47373
0.473353
0.472977
0.4726
0.472223
0.471846
0.471469
0.471092
0.470714
0.470336
0.469959
0.469581
0.469202
0.468824
0.468446
0.468067
0.467688
0.467309
0.46693
0.466551
0.466171
0.465792
0.465412
0.465032
0.464652
0.464271
0.463891
0.46351
0.463129
0.462748
0.462367
0.461985
0.461604
0.461222
0.46084
0.460458
0.460075
0.459693
0.45931
0.458927
0.458544
0.458161
0.457777
0.457394
0.45701
0.456626
0.456242
0.455857
0.455472
0.455088
0.454703
0.454317
0.453932
0.453546
0.45316
0.452774
0.452388
0.452002
0.451615
0.451228
0.450841
0.450454
0.450066
0.449679
0.449291
0.448903
0.448514
0.448126
0.447737
0.447348
0.446959
0.44657
0.44618
0.44579
0.4454
0.44501
0.44462
0.444229
0.443838
0.443447
0.443056
0.442664
0.442273
0.441881
0.441488
0.441096
0.440703
0.440311
0.439918
0.439524
0.439131
0.438737
0.438343
0.437949
0.437555
0.43716
0.436765
0.43637
0.435975
0.435579
0.435184
0.434788
0.434391
0.433995
0.433598
0.433202
0.432804
0.432407
0.43201
0.431612
0.431214
0.430816
0.430417
0.430018
0.429619
0.42922
0.428821
0.428421
0.428021
0.427621
0.427221
0.42682
0.42642
0.426019
0.425617
0.425216
0.424814
0.424412
0.42401
0.423608
0.423205
0.422802
0.422399
0.421996
0.421592
0.421188
0.420784
0.42038
0.419975
0.41957
0.419165
0.41876
0.418355
0.417949
0.417543
0.417137
0.41673
0.416324
0.415917
0.415509
0.415102
0.414694
0.414286
0.413878
0.41347
0.413061
0.412653
0.412243
0.411834
0.411425
0.411015
0.410605
0.410194
0.409784
0.409373
0.408962
0.408551
0.408139
0.407728
0.407316
0.406903
0.406491
0.406078
0.405665
0.405252
0.404839
0.404425
0.404011
0.403597
0.403182
0.402768
0.402353
0.401938
0.401522
0.401107
0.400691
0.400275
0.399858
0.399442
0.399025
0.398608
0.39819
0.397773
0.397355
0.396937
0.396518
0.3961
0.395681
0.395262
0.394843
0.394423
0.394003
0.393583
0.393163
0.392742
0.392321
0.3919
0.391479
0.391058
0.390636
0.390214
0.389791
0.389369
0.388946
0.388523
0.3881
0.387676
0.387253
0.386829
0.386404
0.38598
0.385555
0.38513
0.384705
0.384279
0.383853
0.383427
0.383001
0.382575
0.382148
0.381721
0.381294
0.380866
0.380438
0.38001
0.379582
0.379154
0.378725
0.378296
0.377867
0.377437
0.377008
0.376578
0.376147
0.375717
0.375286
0.374855
0.374424
0.373992
0.373561
0.373129
0.372696
0.372264
0.371831
0.371398
0.370965
0.370531
0.370098
0.369664
0.369229
0.368795
0.36836
0.367925
0.36749
0.367054
0.366619
0.366183
0.365746
0.36531
0.364873
0.364436
0.363999
0.363561
0.363124
0.362686
0.362247
0.361809
0.36137
0.360931
0.360492
0.360052
0.359613
0.359173
0.358732
0.358292
0.357851
0.35741
0.356969
0.356527
0.356085
0.355643
0.355201
0.354758
0.354316
0.353873
0.353429
0.352986
0.352542
0.352098
0.351654
0.351209
0.350764
0.350319
0.349874
0.349428
0.348983
0.348537
0.34809
0.347644
0.347197
0.34675
0.346302
0.345855
0.345407
0.344959
0.344511
0.344062
0.343613
0.343164
0.342715
0.342265
0.341815
0.341365
0.340915
0.340464
0.340013
0.339562
0.339111
0.338659
0.338207
0.337755
0.337303
0.33685
0.336398
0.335944
0.335491
0.335037
0.334584
0.334129
0.333675
0.33322
0.332766
0.33231
0.331855
0.331399
0.330944
0.330487
0.330031
0.329574
0.329117
0.32866
0.328203
0.327745
0.327287
0.326829
0.326371
0.325912
0.325453
0.324994
0.324535
0.324075
0.323615
0.323155
0.322695
0.322234
0.321773
0.321312
0.32085
0.320389
0.319927
0.319465
0.319002
0.31854
0.318077
0.317614
0.31715
0.316686
0.316223
0.315758
0.315294
0.314829
0.314364
0.313899
0.313434
0.312968
0.312502
0.312036
0.31157
0.311103
0.310636
0.310169
0.309702
0.309234
0.308766
0.308298
0.307829
0.307361
0.306892
0.306423
0.305953
0.305484
0.305014
0.304544
0.304073
0.303603
0.303132
0.302661
0.302189
0.301718
0.301246
0.300774
0.300301
0.299829
0.299356
0.298883
0.29841
0.297936
0.297462
0.296988
0.296514
0.296039
0.295564
0.295089
0.294614
0.294138
0.293663
0.293187
0.29271
0.292234
0.291757
0.29128
0.290803
0.290325
0.289847
0.289369
0.288891
0.288413
0.287934
0.287455
0.286976
0.286496
0.286017
0.285537
0.285057
0.284576
0.284095
0.283615
0.283133
0.282652
0.28217
0.281689
0.281206
0.280724
0.280242
0.279759
0.279276
0.278792
0.278309
0.277825
0.277341
0.276857
0.276372
0.275887
0.275402
0.274917
0.274432
0.273946
0.27346
0.272974
0.272488
0.272001
0.271514
0.271027
0.27054
0.270052
0.269564
0.269076
0.268588
0.268099
0.267611
0.267122
0.266633
0.266143
0.265653
0.265163
0.264673
0.264183
0.263692
0.263201
0.26271
0.262219
0.261728
0.261236
0.260744
0.260252
0.259759
0.259266
0.258774
0.25828
0.257787
0.257293
0.2568
0.256306
0.255811
0.255317
0.254822
0.254327
0.253832
0.253336
0.252841
0.252345
0.251849
0.251353
0.250856
0.250359
0.249862
0.249365
0.248868
0.24837
0.247872
0.247374
0.246876
0.246377
0.245879
0.24538
0.24488
0.244381
0.243881
0.243382
0.242881
0.242381
0.241881
0.24138
0.240879
0.240378
0.239877
0.239375
0.238873
0.238371
0.237869
0.237367
0.236864
0.236361
0.235858
0.235355
0.234851
0.234348
0.233844
0.23334
0.232835
0.232331
0.231826
0.231321
0.230816
0.230311
0.229805
0.2293
0.228794
0.228287
0.227781
0.227275
0.226768
0.226261
0.225754
0.225246
0.224739
0.224231
0.223723
0.223215
0.222707
0.222198
0.221689
0.22118
0.220671
0.220162
0.219652
0.219143
0.218633
0.218123
0.217612
0.217102
0.216591
0.21608
0.215569
0.215058
0.214547
0.214035
0.213523
0.213011
0.212499
0.211987
0.211474
0.210962
0.210449
0.209936
0.209422
0.208909
0.208395
0.207882
0.207368
0.206853
0.206339
0.205825
0.20531
0.204795
0.20428
0.203765
0.20325
0.202734
0.202218
0.201703
0.201187
0.20067
0.200154
0.199638
0.199121
0.198604
0.198087
0.19757
0.197053
0.196535
0.196017
0.1955
0.194982
0.194464
0.193945
0.193427
0.192908
0.19239
0.191871
0.191352
0.190833
0.190313
0.189794
0.189274
0.188755
0.188235
0.187715
0.187195
0.186674
0.186154
0.185633
0.185113
0.184592
0.184071
0.18355
0.183028
0.182507
0.181985
0.181464
0.180942
0.18042
0.179898
0.179376
0.178854
0.178331
0.177809
0.177286
0.176764
0.176241
0.175718
0.175195
0.174671
0.174148
0.173625
0.173101
0.172578
0.172054
0.17153
0.171006
0.170482
0.169958
0.169434
0.168909
0.168385
0.167861
0.167336
0.166811
0.166286
0.165762
0.165237
0.164712
0.164186
0.163661
0.163136
0.162611
0.162085
0.16156
0.161034
0.160508
0.159983
0.159457
0.158931
0.158405
0.157879
0.157353
0.156827
0.156301
0.155775
0.155248
0.154722
0.154196
0.153669
0.153143
0.152616
0.15209
0.151563
0.151037
0.15051
0.149983
0.149457
0.14893
0.148403
0.147876
0.147349
0.146823
0.146296
0.145769
0.145242
0.144715
0.144188
0.143661
0.143134
0.142607
0.14208
0.141554
0.141027
0.1405
0.139973
0.139446
0.138919
0.138392
0.137865
0.137338
0.136812
0.136285
0.135758
0.135231
0.134705
0.134178
0.133651
0.133125
0.132598
0.132072
0.131545
0.131019
0.130493
0.129966
0.12944
0.128914
0.128388
0.127862
0.127336
0.12681
0.126285
0.125759
0.125233
0.124708
0.124182
0.123657
0.123132
0.122607
0.122082
0.121557
0.121032
0.120507
0.119983
0.119459
0.118934
0.11841
0.117886
0.117362
0.116838
0.116315
0.115791
0.115268
0.114745
0.114222
0.113699
0.113177
0.112654
0.112132
0.11161
0.111088
0.110566
0.110044
0.109523
0.109002
0.108481
0.10796
0.10744
0.106919
0.106399
0.105879
0.10536
0.104841
0.104321
0.103802
0.103284
0.102765
0.102247
0.101729
0.101212
0.100695
0.100178
0.0996609
0.0991444
0.0986283
0.0981124
0.0975969
0.0970817
0.0965667
0.0960522
0.0955379
0.095024
0.0945104
0.0939972
0.0934843
0.0929718
0.0924597
0.0919479
0.0914365
0.0909254
0.0904148
0.0899046
0.0893947
0.0888853
0.0883763
0.0878677
0.0873595
0.0868518
0.0863445
0.0858377
0.0853313
0.0848253
0.0843199
0.0838149
0.0833104
0.0828064
0.0823029
0.0817999
0.0812974
0.0807954
0.0802939
0.079793
0.0792926
0.0787928
0.0782936
0.0777949
0.0772967
0.0767992
0.0763022
0.0758059
0.0753102
0.074815
0.0743205
0.0738267
0.0733334
0.0728409
0.072349
0.0718577
0.0713672
0.0708773
0.0703881
0.0698996
0.0694119
0.0689249
0.0684386
0.067953
0.0674683
0.0669842
0.066501
0.0660185
0.0655369
0.065056
0.064576
0.0640968
0.0636184
0.0631409
0.0626643
0.0621885
0.0617136
0.0612396
0.0607665
0.0602943
0.0598231
0.0593528
0.0588834
0.0584151
0.0579477
0.0574813
0.0570158
0.0565515
0.0560881
0.0556258
0.0551645
0.0547043
0.0542452
0.0537872
0.0533302
0.0528744
0.0524198
0.0519663
0.0515139
0.0510627
0.0506127
0.0501639
0.0497164
0.04927
0.048825
0.0483811
0.0479386
0.0474973
0.0470574
0.0466188
0.0461815
0.0457455
0.045311
0.0448778
0.044446
0.0440156
0.0435867
0.0431592
0.0427332
0.0423087
0.0418856
0.0414641
0.0410441
0.0406257
0.0402088
0.0397935
0.0393798
0.0389677
0.0385572
0.0381484
0.0377413
0.0373358
0.0369321
0.03653
0.0361297
0.0357312
0.0353344
0.0349395
0.0345463
0.034155
0.0337655
0.0333779
0.0329921
0.0326083
0.0322264
0.0318464
0.0314683
0.0310923
0.0307182
0.0303462
0.0299761
0.0296082
0.0292422
0.0288784
0.0285167
0.028157
0.0277996
0.0274442
0.0270911
0.0267401
0.0263914
0.0260448
0.0257006
0.0253585
0.0250188
0.0246813
0.0243462
0.0240134
0.0236829
0.0233548
0.0230291
0.0227058
0.0223848
0.0220663
0.0217503
0.0214367
0.0211256
0.0208169
0.0205108
0.0202071
0.019906
0.0196075
0.0193115
0.019018
0.0187271
0.0184389
0.0181532
0.0178701
0.0175897
0.0173119
0.0170367
0.0167642
0.0164944
0.0162272
0.0159627
0.0157009
0.0154418
0.0151853
0.0149316
0.0146806
0.0144323
0.0141867
0.0139439
0.0137038
0.0134664
0.0132317
0.0129998
0.0127706
0.0125441
0.0123204
0.0120994
0.0118811
0.0116655
0.0114527
0.0112426
0.0110352
0.0108305
0.0106285
0.0104293
0.0102327
0.0100388
0.00984756
0.009659
0.0094731
0.00928984
0.00910923
0.00893124
0.00875586
0.00858309
0.0084129
0.00824528
0.00808023
0.00791772
0.00775774
0.00760027
0.0074453
0.00729281
0.00714279
0.0069952
0.00685004
0.00670729
0.00656692
0.00642892
0.00629326
0.00615993
0.00602891
0.00590016
0.00577368
0.00564944
0.0055274
0.00540757
0.0052899
0.00517437
0.00506097
0.00494966
0.00484043
0.00473324
0.00462808
0.00452492
0.00442373
0.00432449
0.00422717
0.00413175
0.0040382
0.00394649
0.00385661
0.00376852
0.0036822
0.00359763
0.00351477
0.0034336
0.0033541
0.00327624
0.0032
0.00312534
0.00305225
0.0029807
0.00291066
0.00284211
0.00277502
0.00270937
0.00264514
0.00258229
0.00252081
0.00246067
0.00240185
0.00234432
0.00228806
0.00223305
0.00217926
0.00212667
0.00207526
0.002025
0.00197588
0.00192788
0.00188096
0.00183511
0.00179031
0.00174653
0.00170376
0.00166198
0.00162117
0.0015813
0.00154236
0.00150433
0.00146718
0.00143091
0.00139549
0.00136091
0.00132714
0.00129417
0.00126198
0.00123056
0.00119989
0.00116995
0.00114073
0.00111221
0.00108437
0.00105721
0.0010307
0.00100483
0.000979586
0.000954955
0.000930924
0.000907478
0.000884603
0.000862287
0.000840517
0.000819281
0.000798565
0.000778359
0.00075865
0.000739427
0.000720678
0.000702392
0.000684559
0.000667168
0.000650208
0.00063367
0.000617543
0.000601817
0.000586483
0.000571532
0.000556954
0.000542741
0.000528883
0.000515373
0.000502202
0.000489361
0.000476842
0.000464639
0.000452743
0.000441146
0.000429842
0.000418823
0.000408082
0.000397613
0.000387409
0.000377462
0.000367768
0.00035832
0.000349111
0.000340136
0.000331388
0.000322863
0.000314555
0.000306458
0.000298568
0.000290878
0.000283385
0.000276082
0.000268966
0.000262031
0.000255274
0.000248689
0.000242273
0.00023602
0.000229928
0.000223992
0.000218207
0.000212571
0.00020708
0.000201729
0.000196515
0.000191436
0.000186486
0.000181664
0.000176966
0.000172388
0.000167928
0.000163583
0.000159349
0.000155225
0.000151206
0.000147292
0.000143477
0.000139762
0.000136142
0.000132615
0.000129179
0.000125832
0.000122571
0.000119394
0.000116299
0.000113284
0.000110347
0.000107486
0.000104699
0.000101983
9.93384e-05
9.67616e-05
9.42514e-05
9.18061e-05
8.94241e-05
8.71037e-05
8.48433e-05
8.26413e-05
8.04964e-05
7.84069e-05
7.63716e-05
7.43889e-05
7.24576e-05
7.05762e-05
6.87436e-05
6.69585e-05
6.52196e-05
6.35258e-05
6.18759e-05
6.02687e-05
5.87031e-05
5.71782e-05
5.56928e-05
5.42459e-05
5.28365e-05
5.14636e-05
5.01264e-05
4.88238e-05
4.75551e-05
4.63192e-05
4.51154e-05
4.39429e-05
4.28008e-05
4.16883e-05
4.06047e-05
3.95492e-05
3.85211e-05
3.75197e-05
3.65443e-05
3.55942e-05
3.46688e-05
3.37674e-05
3.28894e-05
3.20343e-05
3.12013e-05
3.039e-05
2.95997e-05
2.883e-05
2.80803e-05
2.735e-05
2.66387e-05
2.59459e-05
2.52711e-05
2.46139e-05
2.39737e-05
2.33501e-05
2.27428e-05
2.21512e-05
2.1575e-05
2.10138e-05
2.04672e-05
1.99348e-05
1.94162e-05
1.89111e-05
1.84191e-05
1.794e-05
1.74732e-05
1.70187e-05
1.65759e-05
1.61447e-05
1.57246e-05
1.53155e-05
1.4917e-05
1.45289e-05
1.41509e-05
1.37827e-05
1.34241e-05
1.30748e-05
1.27346e-05
1.24032e-05
1.20805e-05
1.17661e-05
1.146e-05
1.11618e-05
1.08713e-05
1.05884e-05
1.03129e-05
1.00445e-05
9.78312e-06
9.52853e-06
9.28057e-06
9.03906e-06
8.80383e-06
8.57471e-06
8.35156e-06
8.13422e-06
7.92253e-06
7.71635e-06
7.51553e-06
7.31993e-06
7.12943e-06
6.94388e-06
6.76316e-06
6.58714e-06
6.41571e-06
6.24873e-06
6.0861e-06
5.9277e-06
5.77342e-06
5.62315e-06
5.4768e-06
5.33425e-06
5.19542e-06
5.06019e-06
4.92849e-06
4.80021e-06
4.67527e-06
4.55359e-06
4.43507e-06
4.31963e-06
4.2072e-06
4.09769e-06
3.99103e-06
3.88715e-06
3.78598e-06
3.68743e-06
3.59145e-06
3.49797e-06
3.40692e-06
3.31824e-06
3.23187e-06
3.14775e-06
3.06581e-06
2.98601e-06
2.90829e-06
2.83259e-06
2.75885e-06
2.68704e-06
2.6171e-06
2.54898e-06
2.48263e-06
2.418e-06
2.35506e-06
2.29376e-06
2.23405e-06
2.1759e-06
2.11926e-06
2.0641e-06
2.01037e-06
1.95804e-06
1.90707e-06
1.85743e-06
1.80908e-06
1.76198e-06
1.71612e-06
1.67145e-06
1.62794e-06
1.58556e-06
1.54429e-06
1.50409e-06
1.46494e-06
1.4268e-06
1.38966e-06
1.35349e-06
1.31825e-06
1.28394e-06
1.25052e-06
1.21796e-06
1.18626e-06
1.15538e-06
1.1253e-06
1.09601e-06
1.06748e-06
1.03969e-06
1.01263e-06
9.86267e-07
9.60593e-07
9.35588e-07
9.11233e-07
8.87512e-07
8.64409e-07
8.41907e-07
8.19991e-07
7.98645e-07
7.77855e-07
7.57607e-07
7.37885e-07
7.18677e-07
6.99968e-07
6.81747e-07
6.64e-07
6.46715e-07
6.2988e-07
6.13483e-07
5.97513e-07
5.81959e-07
5.66809e-07
5.52054e-07
5.37683e-07
5.23686e-07
5.10054e-07
4.96776e-07
4.83844e-07
4.71249e-07
4.58981e-07
4.47033e-07
4.35396e-07
4.24062e-07
4.13023e-07
4.02271e-07
3.91799e-07
3.816e-07
3.71666e-07
3.61991e-07
3.52567e-07
3.43389e-07
3.3445e-07
3.25744e-07
3.17264e-07
3.09005e-07
3.00961e-07
2.93126e-07
2.85496e-07
2.78064e-07
2.70825e-07
2.63775e-07
2.56908e-07
2.5022e-07
2.43707e-07
2.37362e-07
2.31183e-07
2.25165e-07
2.19304e-07
2.13595e-07
2.08034e-07
2.02619e-07
1.97344e-07
1.92207e-07
1.87203e-07
1.8233e-07
1.77584e-07
1.72961e-07
1.68458e-07
1.64073e-07
1.59802e-07
1.55642e-07
1.5159e-07
1.47644e-07
1.438e-07
1.40057e-07
1.36411e-07
1.3286e-07
1.29401e-07
1.26033e-07
1.22752e-07
1.19556e-07
1.16444e-07
1.13412e-07
1.1046e-07
1.07585e-07
1.04784e-07
1.02056e-07
9.93994e-08
9.68118e-08
9.42916e-08
9.1837e-08
8.94462e-08
8.71178e-08
8.48499e-08
8.2641e-08
8.04897e-08
7.83944e-08
7.63536e-08
7.43659e-08
7.243e-08
7.05445e-08
6.87081e-08
6.69194e-08
6.51774e-08
6.34807e-08
6.18281e-08
6.02186e-08
5.8651e-08
5.71241e-08
5.56371e-08
5.41887e-08
5.2778e-08
5.14041e-08
5.00659e-08
4.87626e-08
4.74932e-08
4.62569e-08
4.50527e-08
4.38799e-08
4.27376e-08
4.1625e-08
4.05414e-08
3.9486e-08
3.84581e-08
3.7457e-08
3.64819e-08
3.55322e-08
3.46072e-08
3.37063e-08
3.28288e-08
3.19742e-08
3.11418e-08
3.03311e-08
2.95416e-08
2.87725e-08
2.80235e-08
2.7294e-08
2.65835e-08
2.58914e-08
2.52174e-08
2.45609e-08
2.39216e-08
2.32988e-08
2.26923e-08
2.21016e-08
2.15262e-08
2.09658e-08
2.04201e-08
1.98885e-08
1.93707e-08
1.88665e-08
1.83753e-08
1.7897e-08
1.74311e-08
1.69773e-08
1.65353e-08
1.61049e-08
1.56856e-08
1.52773e-08
1.48796e-08
1.44922e-08
1.4115e-08
1.37475e-08
1.33897e-08
1.30411e-08
1.27016e-08
1.23709e-08
1.20489e-08
1.17352e-08
1.14297e-08
1.11322e-08
1.08424e-08
1.05602e-08
1.02852e-08
1.00175e-08
9.75672e-09
9.50273e-09
9.25535e-09
9.01441e-09
8.77974e-09
8.55119e-09
8.32858e-09
8.11177e-09
7.9006e-09
7.69493e-09
7.49461e-09
7.29951e-09
7.10948e-09
6.92441e-09
6.74415e-09
6.56858e-09
6.39759e-09
6.23104e-09
6.06883e-09
5.91085e-09
5.75697e-09
5.60711e-09
5.46114e-09
5.31897e-09
5.18051e-09
5.04565e-09
4.9143e-09
4.78637e-09
4.66177e-09
4.54041e-09
4.42221e-09
4.30709e-09
4.19497e-09
4.08576e-09
3.9794e-09
3.87581e-09
3.77491e-09
3.67664e-09
3.58093e-09
3.48771e-09
3.39691e-09
3.30849e-09
3.22236e-09
3.13847e-09
3.05677e-09
2.97719e-09
2.89969e-09
2.82421e-09
2.75068e-09
2.67908e-09
2.60934e-09
2.54141e-09
2.47525e-09
2.41081e-09
2.34805e-09
2.28693e-09
2.22739e-09
2.16941e-09
2.11293e-09
2.05793e-09
2.00436e-09
1.95218e-09
1.90136e-09
1.85186e-09
1.80365e-09
1.7567e-09
1.71097e-09
1.66643e-09
1.62305e-09
1.5808e-09
1.53964e-09
1.49956e-09
1.46053e-09
1.4225e-09
1.38547e-09
1.34941e-09
1.31428e-09
1.28006e-09
1.24674e-09
1.21429e-09
1.18267e-09
1.15189e-09
1.1219e-09
1.09269e-09
1.06425e-09
1.03654e-09
1.00956e-09
9.83279e-10
9.57682e-10
9.32751e-10
9.0847e-10
8.8482e-10
8.61786e-10
8.39352e-10
8.17501e-10
7.9622e-10
7.75492e-10
7.55304e-10
7.35642e-10
7.16492e-10
6.9784e-10
6.79673e-10
6.6198e-10
6.44747e-10
6.27962e-10
6.11615e-10
5.95693e-10
5.80186e-10
5.65082e-10
5.50372e-10
5.36044e-10
5.2209e-10
5.08498e-10
4.95261e-10
4.82368e-10
4.69811e-10
4.57581e-10
4.45669e-10
4.34067e-10
4.22767e-10
4.11762e-10
4.01042e-10
3.90602e-10
3.80434e-10
3.7053e-10
3.60885e-10
3.5149e-10
3.4234e-10
3.33428e-10
3.24748e-10
3.16294e-10
3.0806e-10
3.0004e-10
2.9223e-10
2.84622e-10
2.77213e-10
2.69996e-10
2.62968e-10
2.56122e-10
2.49455e-10
2.42961e-10
2.36636e-10
2.30476e-10
2.24476e-10
2.18632e-10
2.12941e-10
2.07397e-10
2.01998e-10
1.9674e-10
1.91618e-10
1.8663e-10
1.81771e-10
1.77039e-10
1.72431e-10
1.67942e-10
1.6357e-10
1.59312e-10
1.55165e-10
1.51125e-10
1.47191e-10
1.43359e-10
1.39627e-10
1.35993e-10
1.32452e-10
1.29004e-10
1.25646e-10
1.22375e-10
1.19189e-10
1.16087e-10
1.13065e-10
1.10121e-10
1.07254e-10
1.04462e-10
1.01743e-10
9.90944e-11
9.65147e-11
9.40022e-11
9.15551e-11
8.91717e-11
8.68503e-11
8.45894e-11
8.23873e-11
8.02426e-11
7.81537e-11
7.61192e-11
7.41376e-11
7.22076e-11
7.03279e-11
6.84971e-11
6.67139e-11
6.49772e-11
6.32857e-11
6.16382e-11
6.00336e-11
5.84708e-11
5.69487e-11
5.54661e-11
5.40222e-11
5.26159e-11
5.12462e-11
4.99121e-11
4.86128e-11
4.73473e-11
4.61147e-11
4.49142e-11
4.3745e-11
4.26062e-11
4.14971e-11
4.04168e-11
3.93647e-11
3.83399e-11
3.73418e-11
3.63697e-11
3.54229e-11
3.45008e-11
3.36026e-11
3.27279e-11
3.18759e-11
3.10461e-11
3.02379e-11
2.94507e-11
2.8684e-11
2.79373e-11
2.72101e-11
2.65017e-11
2.58118e-11
2.51399e-11
2.44854e-11
2.3848e-11
2.32272e-11
2.26225e-11
2.20336e-11
2.146e-11
2.09014e-11
2.03572e-11
1.98273e-11
1.93111e-11
1.88084e-11
1.83188e-11
1.78419e-11
1.73774e-11
1.69251e-11
1.64845e-11
1.60553e-11
1.56374e-11
1.52303e-11
1.48338e-11
1.44477e-11
1.40715e-11
1.37052e-11
1.33484e-11
1.3001e-11
1.26625e-11
1.23329e-11
1.20118e-11
1.16991e-11
1.13946e-11
1.10979e-11
1.0809e-11
1.05276e-11
1.02536e-11
9.98666e-12
9.72668e-12
9.47347e-12
9.22685e-12
8.98666e-12
8.75271e-12
8.52486e-12
8.30293e-12
8.08679e-12
7.87627e-12
7.67123e-12
7.47153e-12
7.27703e-12
7.08759e-12
6.90308e-12
6.72338e-12
6.54835e-12
6.37788e-12
6.21185e-12
6.05014e-12
5.89264e-12
5.73924e-12
5.58983e-12
5.44432e-12
5.30259e-12
5.16455e-12
5.0301e-12
4.89916e-12
4.77162e-12
4.6474e-12
4.52642e-12
4.40859e-12
4.29382e-12
4.18204e-12
4.07317e-12
3.96714e-12
3.86386e-12
3.76328e-12
3.66531e-12
3.56989e-12
3.47696e-12
3.38645e-12
3.29829e-12
3.21243e-12
3.1288e-12
3.04735e-12
2.96802e-12
2.89075e-12
2.8155e-12
2.74221e-12
2.67082e-12
2.60129e-12
2.53357e-12
2.46762e-12
2.40338e-12
2.34081e-12
2.27988e-12
2.22053e-12
2.16272e-12
2.10642e-12
2.05158e-12
1.99818e-12
1.94616e-12
1.8955e-12
1.84615e-12
1.79809e-12
1.75128e-12
1.70569e-12
1.66129e-12
1.61804e-12
1.57592e-12
1.53489e-12
1.49494e-12
1.45602e-12
1.41812e-12
1.3812e-12
1.34524e-12
1.31022e-12
1.27612e-12
1.2429e-12
1.21054e-12
1.17903e-12
1.14833e-12
1.11844e-12
1.08932e-12
1.06097e-12
1.03335e-12
1.00645e-12
9.80245e-13
9.54727e-13
9.29873e-13
9.05666e-13
8.8209e-13
8.59127e-13
8.36761e-13
8.14978e-13
7.93763e-13
7.73099e-13
7.52973e-13
7.33372e-13
7.1428e-13
6.95686e-13
6.77575e-13
6.59936e-13
6.42756e-13
6.26024e-13
6.09727e-13
5.93854e-13
5.78395e-13
5.63338e-13
5.48673e-13
5.34389e-13
5.20478e-13
5.06929e-13
4.93732e-13
4.80879e-13
4.6836e-13
4.56168e-13
4.44293e-13
4.32727e-13
4.21462e-13
4.1049e-13
3.99804e-13
3.89396e-13
3.79259e-13
3.69386e-13
3.5977e-13
3.50404e-13
3.41282e-13
3.32398e-13
3.23745e-13
3.15317e-13
3.07108e-13
2.99114e-13
2.91327e-13
2.83743e-13
2.76356e-13
2.69162e-13
2.62155e-13
2.55331e-13
2.48684e-13
2.4221e-13
2.35905e-13
2.29763e-13
2.23782e-13
2.17957e-13
2.12283e-13
2.06756e-13
2.01374e-13
1.96132e-13
1.91026e-13
1.86053e-13
1.8121e-13
1.76492e-13
1.71898e-13
1.67423e-13
1.63064e-13
1.58819e-13
1.54685e-13
1.50658e-13
1.46736e-13
1.42916e-13
1.39196e-13
1.35572e-13
1.32043e-13
1.28605e-13
1.25258e-13
1.21997e-13
1.18821e-13
1.15728e-13
1.12715e-13
1.09781e-13
1.06923e-13
1.04139e-13
1.01428e-13
9.8788e-14
9.62163e-14
9.37115e-14
9.1272e-14
8.88959e-14
8.65817e-14
8.43278e-14
8.21325e-14
7.99944e-14
7.7912e-14
7.58837e-14
7.39083e-14
7.19843e-14
7.01103e-14
6.82852e-14
6.65076e-14
6.47762e-14
6.30899e-14
6.14475e-14
5.98479e-14
5.82899e-14
5.67725e-14
5.52945e-14
5.38551e-14
5.24531e-14
5.10876e-14
4.97577e-14
4.84624e-14
4.72008e-14
4.5972e-14
4.47752e-14
4.36096e-14
4.24744e-14
4.13687e-14
4.02917e-14
3.92428e-14
3.82212e-14
3.72262e-14
3.62572e-14
3.53133e-14
3.4394e-14
3.34986e-14
3.26266e-14
3.17772e-14
3.095e-14
3.01443e-14
2.93595e-14
2.85952e-14
2.78508e-14
2.71258e-14
2.64197e-14
2.57319e-14
2.5062e-14
2.44096e-14
2.37742e-14
2.31553e-14
2.25525e-14
2.19654e-14
2.13936e-14
2.08366e-14
2.02942e-14
1.97659e-14
1.92513e-14
1.87502e-14
1.82621e-14
1.77866e-14
1.73236e-14
1.68726e-14
1.64334e-14
1.60056e-14
1.55889e-14
1.51831e-14
1.47879e-14
1.44029e-14
1.4028e-14
1.36628e-14
1.33071e-14
1.29607e-14
1.26233e-14
1.22947e-14
1.19746e-14
1.16629e-14
1.13593e-14
1.10635e-14
1.07755e-14
1.0495e-14
1.02218e-14
9.95571e-15
9.69654e-15
9.44411e-15
9.19826e-15
8.9588e-15
8.72558e-15
8.49844e-15
8.2772e-15
8.06172e-15
7.85186e-15
7.64745e-15
7.44837e-15
7.25447e-15
7.06562e-15
6.88168e-15
6.70253e-15
6.52805e-15
6.35811e-15
6.19259e-15
6.03138e-15
5.87437e-15
5.72145e-15
5.5725e-15
5.42744e-15
5.28615e-15
5.14853e-15
5.0145e-15
4.88396e-15
4.75682e-15
4.63299e-15
4.51238e-15
4.39491e-15
4.2805e-15
4.16907e-15
4.06054e-15
3.95483e-15
3.85188e-15
3.7516e-15
3.65394e-15
3.55882e-15
3.46617e-15
3.37594e-15
3.28806e-15
3.20246e-15
3.11909e-15
3.03789e-15
2.95881e-15
2.88178e-15
2.80676e-15
2.7337e-15
2.66253e-15
2.59322e-15
2.52571e-15
2.45996e-15
2.39592e-15
2.33355e-15
2.2728e-15
2.21364e-15
2.15601e-15
2.09988e-15
2.04522e-15
1.99197e-15
1.94012e-15
1.88961e-15
1.84042e-15
1.79251e-15
1.74585e-15
1.7004e-15
1.65613e-15
1.61302e-15
1.57103e-15
1.53013e-15
1.4903e-15
1.4515e-15
1.41371e-15
1.37691e-15
1.34107e-15
1.30616e-15
1.27215e-15
1.23904e-15
1.20678e-15
1.17537e-15
1.14477e-15
1.11497e-15
1.08594e-15
1.05767e-15
1.03014e-15
1.00332e-15
9.77201e-16
9.51762e-16
9.26985e-16
9.02853e-16
8.7935e-16
8.56458e-16
8.34162e-16
8.12447e-16
7.91297e-16
7.70698e-16
7.50634e-16
7.31093e-16
7.12061e-16
6.93524e-16
6.7547e-16
6.57886e-16
6.4076e-16
6.24079e-16
6.07833e-16
5.92009e-16
5.76598e-16
5.61587e-16
5.46968e-16
5.32729e-16
5.18861e-16
5.05353e-16
4.92198e-16
4.79384e-16
4.66905e-16
4.5475e-16
4.42912e-16
4.31382e-16
4.20152e-16
4.09214e-16
3.98561e-16
3.88186e-16
3.7808e-16
3.68238e-16
3.58652e-16
3.49315e-16
3.40221e-16
3.31365e-16
3.22738e-16
3.14337e-16
3.06154e-16
2.98184e-16
2.90421e-16
2.82861e-16
2.75497e-16
2.68325e-16
2.6134e-16
2.54537e-16
2.47911e-16
2.41457e-16
2.35171e-16
2.29049e-16
2.23086e-16
2.17279e-16
2.11622e-16
2.06113e-16
2.00748e-16
1.95522e-16
1.90432e-16
1.85474e-16
1.80646e-16
1.75943e-16
1.71363e-16
1.66902e-16
1.62557e-16
1.58325e-16
1.54204e-16
1.50189e-16
1.4628e-16
1.42472e-16
1.38763e-16
1.3515e-16
1.31632e-16
1.28205e-16
1.24868e-16
1.21617e-16
1.18451e-16
1.15368e-16
1.12364e-16
1.09439e-16
1.0659e-16
1.03815e-16
1.01113e-16
9.84805e-17
9.59168e-17
9.34198e-17
9.09879e-17
8.86192e-17
8.63122e-17
8.40653e-17
8.18769e-17
7.97454e-17
7.76694e-17
7.56475e-17
7.36782e-17
7.17602e-17
6.98921e-17
6.80726e-17
6.63005e-17
6.45745e-17
6.28935e-17
6.12562e-17
5.96615e-17
5.81084e-17
5.65957e-17
5.51224e-17
5.36874e-17
5.22898e-17
5.09285e-17
4.96027e-17
4.83114e-17
4.70538e-17
4.58288e-17
4.46358e-17
4.34738e-17
4.23421e-17
4.12398e-17
4.01662e-17
3.91206e-17
3.81022e-17
3.71103e-17
3.61442e-17
3.52033e-17
3.42868e-17
3.33943e-17
3.25249e-17
3.16782e-17
3.08536e-17
3.00504e-17
2.92681e-17
2.85061e-17
2.77641e-17
2.70413e-17
2.63373e-17
2.56517e-17
2.49839e-17
2.43335e-17
2.37001e-17
2.30831e-17
2.24822e-17
2.18969e-17
2.13269e-17
2.07717e-17
2.02309e-17
1.97043e-17
1.91913e-17
1.86917e-17
1.82051e-17
1.77312e-17
1.72696e-17
1.682e-17
1.63822e-17
1.59557e-17
1.55403e-17
1.51358e-17
1.47418e-17
1.4358e-17
1.39842e-17
1.36202e-17
1.32656e-17
1.29203e-17
1.25839e-17
1.22563e-17
1.19373e-17
1.16265e-17
1.13238e-17
1.1029e-17
1.07419e-17
1.04623e-17
1.01899e-17
9.92466e-18
9.66629e-18
9.41466e-18
9.16957e-18
8.93086e-18
8.69837e-18
8.47193e-18
8.25138e-18
8.03657e-18
7.82736e-18
7.62359e-18
7.42513e-18
7.23184e-18
7.04357e-18
6.86021e-18
6.68162e-18
6.50768e-18
6.33827e-18
6.17327e-18
6.01256e-18
5.85604e-18
5.70359e-18
5.55511e-18
5.4105e-18
5.26965e-18
5.13247e-18
4.99885e-18
4.86872e-18
4.74198e-18
4.61853e-18
4.4983e-18
4.3812e-18
4.26714e-18
4.15606e-18
4.04786e-18
3.94249e-18
3.83985e-18
3.73989e-18
3.64253e-18
3.54771e-18
3.45535e-18
3.3654e-18
3.27779e-18
3.19246e-18
3.10935e-18
3.02841e-18
2.94957e-18
2.87279e-18
2.798e-18
2.72516e-18
2.65422e-18
2.58512e-18
2.51782e-18
2.45228e-18
2.38844e-18
2.32626e-18
2.2657e-18
2.20672e-18
2.14927e-18
2.09332e-18
2.03883e-18
1.98575e-18
1.93406e-18
1.88371e-18
1.83467e-18
1.78691e-18
1.74039e-18
1.69509e-18
1.65096e-18
1.60798e-18
1.56612e-18
1.52535e-18
1.48564e-18
1.44697e-18
1.4093e-18
1.37261e-18
1.33688e-18
1.30207e-18
1.26818e-18
1.23516e-18
1.20301e-18
1.17169e-18
1.14119e-18
1.11148e-18
1.08255e-18
1.05437e-18
1.02692e-18
1.00018e-18
9.74147e-19
9.48787e-19
9.24088e-19
9.00031e-19
8.76601e-19
8.53781e-19
8.31555e-19
8.09907e-19
7.88823e-19
7.68288e-19
7.48287e-19
7.28808e-19
7.09835e-19
6.91356e-19
6.73358e-19
6.55829e-19
6.38756e-19
6.22127e-19
6.05932e-19
5.90158e-19
5.74794e-19
5.59831e-19
5.45257e-19
5.31063e-19
5.17238e-19
5.03773e-19
4.90658e-19
4.77885e-19
4.65444e-19
4.53328e-19
4.41526e-19
4.30032e-19
4.18837e-19
4.07934e-19
3.97314e-19
3.86971e-19
3.76897e-19
3.67086e-19
3.5753e-19
3.48222e-19
3.39157e-19
3.30328e-19
3.21728e-19
3.13353e-19
3.05196e-19
2.97251e-19
2.89512e-19
2.81976e-19
2.74635e-19
2.67486e-19
2.60522e-19
2.5374e-19
2.47135e-19
2.40701e-19
2.34435e-19
2.28332e-19
2.22388e-19
2.16599e-19
2.1096e-19
2.05468e-19
2.00119e-19
1.9491e-19
1.89836e-19
1.84894e-19
1.8008e-19
1.75392e-19
1.70826e-19
1.66379e-19
1.62048e-19
1.5783e-19
1.53721e-19
1.49719e-19
1.45822e-19
1.42025e-19
1.38328e-19
1.34727e-19
1.3122e-19
1.27804e-19
1.24477e-19
1.21236e-19
1.1808e-19
1.15006e-19
1.12012e-19
1.09096e-19
1.06256e-19
1.0349e-19
1.00796e-19
9.8172e-20
9.56163e-20
9.31272e-20
9.07028e-20
8.83416e-20
8.60418e-20
8.38019e-20
8.16204e-20
7.94956e-20
7.74261e-20
7.54105e-20
7.34473e-20
7.15353e-20
6.96731e-20
6.78593e-20
6.60927e-20
6.43722e-20
6.26964e-20
6.10642e-20
5.94746e-20
5.79263e-20
5.64183e-20
5.49496e-20
5.35191e-20
5.21259e-20
5.07689e-20
4.94472e-20
4.816e-20
4.69063e-20
4.56852e-20
4.44959e-20
4.33375e-20
4.22093e-20
4.11105e-20
4.00403e-20
3.89979e-20
3.79827e-20
3.69939e-20
3.60309e-20
3.50929e-20
3.41793e-20
3.32896e-20
3.24229e-20
3.15789e-20
3.07568e-20
2.99561e-20
2.91763e-20
2.84167e-20
2.7677e-20
2.69565e-20
2.62547e-20
2.55712e-20
2.49056e-20
2.42572e-20
2.36257e-20
2.30107e-20
2.24117e-20
2.18282e-20
2.126e-20
2.07065e-20
2.01675e-20
1.96425e-20
1.91311e-20
1.86331e-20
1.8148e-20
1.76756e-20
1.72154e-20
1.67673e-20
1.63308e-20
1.59056e-20
1.54916e-20
1.50883e-20
1.46955e-20
1.43129e-20
1.39403e-20
1.35774e-20
1.3224e-20
1.28797e-20
1.25444e-20
1.22179e-20
1.18998e-20
1.159e-20
1.12883e-20
1.09944e-20
1.07082e-20
1.04294e-20
1.01579e-20
9.8935e-21
9.63595e-21
9.3851e-21
9.14078e-21
8.90282e-21
8.67106e-21
8.44533e-21
8.22547e-21
8.01134e-21
7.80278e-21
7.59966e-21
7.40182e-21
7.20913e-21
7.02145e-21
6.83867e-21
6.66064e-21
6.48724e-21
6.31836e-21
6.15388e-21
5.99368e-21
5.83765e-21
5.68568e-21
5.53766e-21
5.3935e-21
5.2531e-21
5.11634e-21
4.98315e-21
4.85343e-21
4.72708e-21
4.60402e-21
4.48417e-21
4.36743e-21
4.25374e-21
4.143e-21
4.03515e-21
3.9301e-21
3.82779e-21
3.72814e-21
3.63109e-21
3.53656e-21
3.44449e-21
3.35483e-21
3.26749e-21
3.18243e-21
3.09958e-21
3.01889e-21
2.9403e-21
2.86376e-21
2.78921e-21
2.7166e-21
2.64588e-21
2.577e-21
2.50991e-21
2.44457e-21
2.38093e-21
2.31895e-21
2.25858e-21
2.19978e-21
2.14252e-21
2.08674e-21
2.03242e-21
1.97951e-21
1.92798e-21
1.87779e-21
1.8289e-21
1.78129e-21
1.73492e-21
1.68976e-21
1.64577e-21
1.60292e-21
1.56119e-21
1.52055e-21
1.48097e-21
1.44241e-21
1.40486e-21
1.36829e-21
1.33267e-21
1.29798e-21
1.26419e-21
1.23128e-21
1.19923e-21
1.16801e-21
1.1376e-21
1.10799e-21
1.07914e-21
1.05105e-21
1.02369e-21
9.97037e-22
9.71082e-22
9.45802e-22
9.2118e-22
8.97199e-22
8.73843e-22
8.51094e-22
8.28938e-22
8.07359e-22
7.86341e-22
7.6587e-22
7.45933e-22
7.26514e-22
7.07601e-22
6.8918e-22
6.71239e-22
6.53765e-22
6.36745e-22
6.20169e-22
6.04025e-22
5.883e-22
5.72985e-22
5.58069e-22
5.43541e-22
5.29391e-22
5.15609e-22
5.02187e-22
4.89113e-22
4.7638e-22
4.63979e-22
4.519e-22
4.40136e-22
4.28678e-22
4.17519e-22
4.06649e-22
3.96063e-22
3.85753e-22
3.7571e-22
3.6593e-22
3.56404e-22
3.47125e-22
3.38089e-22
3.29287e-22
3.20715e-22
3.12366e-22
3.04234e-22
2.96314e-22
2.886e-22
2.81087e-22
2.7377e-22
2.66643e-22
2.59702e-22
2.52941e-22
2.46356e-22
2.39943e-22
2.33696e-22
2.27613e-22
2.21687e-22
2.15916e-22
2.10295e-22
2.04821e-22
1.99489e-22
1.94295e-22
1.89237e-22
1.84311e-22
1.79513e-22
1.7484e-22
1.70288e-22
1.65855e-22
1.61537e-22
1.57332e-22
1.53236e-22
1.49247e-22
1.45362e-22
1.41578e-22
1.37892e-22
1.34302e-22
1.30806e-22
1.27401e-22
1.24084e-22
1.20854e-22
1.17708e-22
1.14644e-22
1.11659e-22
1.08752e-22
1.05921e-22
1.03164e-22
1.00478e-22
9.78625e-23
9.53148e-23
9.28335e-23
9.04168e-23
8.8063e-23
8.57705e-23
8.35377e-23
8.1363e-23
7.92449e-23
7.71819e-23
7.51726e-23
7.32157e-23
7.13097e-23
6.94533e-23
6.76452e-23
6.58843e-23
6.41691e-23
6.24986e-23
6.08716e-23
5.92869e-23
5.77435e-23
5.62403e-23
5.47762e-23
5.33503e-23
5.19614e-23
5.06087e-23
4.92912e-23
4.8008e-23
4.67583e-23
4.5541e-23
4.43555e-23
4.32008e-23
4.20761e-23
4.09808e-23
3.99139e-23
3.88749e-23
3.78628e-23
3.68772e-23
3.59172e-23
3.49821e-23
3.40715e-23
3.31845e-23
3.23206e-23
3.14792e-23
3.06597e-23
2.98616e-23
2.90842e-23
2.8327e-23
2.75896e-23
2.68714e-23
2.61718e-23
2.54905e-23
2.48269e-23
2.41806e-23
2.35511e-23
2.2938e-23
2.23409e-23
2.17593e-23
2.11928e-23
2.06411e-23
2.01038e-23
1.95804e-23
1.90707e-23
1.85742e-23
1.80907e-23
1.76197e-23
1.71611e-23
1.67143e-23
1.62792e-23
1.58554e-23
1.54426e-23
1.50406e-23
1.46491e-23
1.42677e-23
1.38963e-23
1.35345e-23
1.31822e-23
1.2839e-23
1.25048e-23
1.21793e-23
1.18622e-23
1.15534e-23
1.12526e-23
1.09597e-23
1.06744e-23
1.03965e-23
1.01258e-23
9.86224e-24
9.6055e-24
9.35544e-24
9.11189e-24
8.87468e-24
8.64365e-24
8.41863e-24
8.19947e-24
7.98602e-24
7.77812e-24
7.57564e-24
7.37842e-24
7.18634e-24
6.99926e-24
6.81705e-24
6.63958e-24
6.46674e-24
6.29839e-24
6.13443e-24
5.97473e-24
5.81919e-24
5.6677e-24
5.52016e-24
5.37645e-24
5.23649e-24
5.10017e-24
4.96739e-24
4.83808e-24
4.71213e-24
4.58946e-24
4.46999e-24
4.35362e-24
4.24028e-24
4.1299e-24
4.02238e-24
3.91767e-24
3.81568e-24
3.71635e-24
3.6196e-24
3.52537e-24
3.4336e-24
3.34421e-24
3.25715e-24
3.17236e-24
3.08978e-24
3.00934e-24
2.931e-24
2.8547e-24
2.78038e-24
2.708e-24
2.6375e-24
2.56884e-24
2.50197e-24
2.43683e-24
2.3734e-24
2.31161e-24
2.25143e-24
2.19282e-24
2.13574e-24
2.08014e-24
2.02599e-24
1.97324e-24
1.92188e-24
1.87184e-24
1.82311e-24
1.77565e-24
1.72943e-24
1.68441e-24
1.64056e-24
1.59785e-24
1.55625e-24
1.51574e-24
1.47628e-24
1.43785e-24
1.40042e-24
1.36396e-24
1.32845e-24
1.29387e-24
1.26019e-24
1.22738e-24
1.19543e-24
1.16431e-24
1.134e-24
1.10448e-24
1.07572e-24
1.04772e-24
1.02044e-24
9.9388e-25
9.68006e-25
9.42806e-25
9.18263e-25
8.94358e-25
8.71075e-25
8.48399e-25
8.26312e-25
8.04801e-25
7.8385e-25
7.63444e-25
7.4357e-25
7.24212e-25
7.05359e-25
6.86997e-25
6.69112e-25
6.51693e-25
6.34728e-25
6.18204e-25
6.02111e-25
5.86436e-25
5.7117e-25
5.563e-25
5.41818e-25
5.27713e-25
5.13975e-25
5.00595e-25
4.87563e-25
4.74871e-25
4.62509e-25
4.50468e-25
4.38741e-25
4.2732e-25
4.16195e-25
4.05361e-25
3.94808e-25
3.8453e-25
3.7452e-25
3.6477e-25
3.55274e-25
3.46025e-25
3.37017e-25
3.28244e-25
3.19698e-25
3.11376e-25
3.0327e-25
2.95375e-25
2.87685e-25
2.80196e-25
2.72902e-25
2.65797e-25
2.58878e-25
2.52139e-25
2.45575e-25
2.39182e-25
2.32955e-25
2.26891e-25
2.20984e-25
2.15231e-25
2.09628e-25
2.04171e-25
1.98856e-25
1.93679e-25
1.88637e-25
1.83726e-25
1.78943e-25
1.74285e-25
1.69748e-25
1.65329e-25
1.61025e-25
1.56833e-25
1.5275e-25
1.48774e-25
1.44901e-25
1.41129e-25
1.37455e-25
1.33876e-25
1.30391e-25
1.26997e-25
1.23691e-25
1.20471e-25
1.17334e-25
1.1428e-25
1.11305e-25
1.08407e-25
1.05585e-25
1.02836e-25
1.00159e-25
9.75519e-26
9.50123e-26
9.25389e-26
9.01298e-26
8.77835e-26
8.54982e-26
8.32725e-26
8.11047e-26
7.89933e-26
7.69369e-26
7.4934e-26
7.29832e-26
7.10833e-26
6.92328e-26
6.74305e-26
6.56751e-26
6.39654e-26
6.23002e-26
6.06783e-26
5.90987e-26
5.75602e-26
5.60617e-26
5.46023e-26
5.31808e-26
5.17964e-26
5.0448e-26
4.91347e-26
4.78556e-26
4.66097e-26
4.53964e-26
4.42146e-26
4.30635e-26
4.19425e-26
4.08506e-26
3.97871e-26
3.87514e-26
3.77426e-26
3.676e-26
3.58031e-26
3.4871e-26
3.39632e-26
3.3079e-26
3.22179e-26
3.13792e-26
3.05623e-26
2.97667e-26
2.89918e-26
2.8237e-26
2.75019e-26
2.6786e-26
2.60887e-26
2.54095e-26
2.4748e-26
2.41038e-26
2.34763e-26
2.28651e-26
2.22699e-26
2.16901e-26
2.11255e-26
2.05755e-26
2.00399e-26
1.95182e-26
1.90101e-26
1.85152e-26
1.80332e-26
1.75637e-26
1.71065e-26
1.66612e-26
1.62274e-26
1.5805e-26
1.53935e-26
1.49928e-26
1.46025e-26
1.42223e-26
1.38521e-26
1.34915e-26
1.31403e-26
1.27982e-26
1.2465e-26
1.21405e-26
1.18245e-26
1.15166e-26
1.12168e-26
1.09248e-26
1.06404e-26
1.03634e-26
1.00936e-26
9.83087e-27
9.57494e-27
9.32568e-27
9.08291e-27
8.84645e-27
8.61615e-27
8.39185e-27
8.17339e-27
7.96061e-27
7.75337e-27
7.55153e-27
7.35494e-27
7.16347e-27
6.97699e-27
6.79536e-27
6.61846e-27
6.44616e-27
6.27835e-27
6.1149e-27
5.95571e-27
5.80067e-27
5.64966e-27
5.50259e-27
5.35934e-27
5.21982e-27
5.08393e-27
4.95158e-27
4.82268e-27
4.69713e-27
4.57485e-27
4.45576e-27
4.33976e-27
4.22678e-27
4.11675e-27
4.00958e-27
3.9052e-27
3.80353e-27
3.70452e-27
3.60808e-27
3.51415e-27
3.42267e-27
3.33356e-27
3.24678e-27
3.16226e-27
3.07994e-27
2.99976e-27
2.92166e-27
2.84561e-27
2.77153e-27
2.69938e-27
2.6291e-27
2.56066e-27
2.494e-27
2.42907e-27
2.36584e-27
2.30425e-27
2.24426e-27
2.18584e-27
2.12893e-27
2.07351e-27
2.01953e-27
1.96696e-27
1.91575e-27
1.86588e-27
1.81731e-27
1.77e-27
1.72392e-27
1.67904e-27
1.63533e-27
1.59276e-27
1.55129e-27
1.51091e-27
1.47158e-27
1.43327e-27
1.39595e-27
1.35961e-27
1.32422e-27
1.28975e-27
1.25617e-27
1.22347e-27
1.19162e-27
1.1606e-27
1.13038e-27
1.10096e-27
1.07229e-27
1.04438e-27
1.01719e-27
9.90711e-28
9.6492e-28
9.39801e-28
9.15335e-28
8.91506e-28
8.68298e-28
8.45693e-28
8.23678e-28
8.02235e-28
7.81351e-28
7.6101e-28
7.41198e-28
7.21903e-28
7.0311e-28
6.84806e-28
6.66978e-28
6.49615e-28
6.32704e-28
6.16233e-28
6.0019e-28
5.84566e-28
5.69348e-28
5.54526e-28
5.4009e-28
5.2603e-28
5.12336e-28
4.98998e-28
4.86008e-28
4.73356e-28
4.61033e-28
4.49031e-28
4.37341e-28
4.25956e-28
4.14867e-28
4.04067e-28
3.93548e-28
3.83303e-28
3.73324e-28
3.63606e-28
3.5414e-28
3.44921e-28
3.35941e-28
3.27196e-28
3.18678e-28
3.10382e-28
3.02302e-28
2.94432e-28
2.86767e-28
2.79302e-28
2.72031e-28
2.64949e-28
2.58052e-28
2.51334e-28
2.44791e-28
2.38418e-28
2.32212e-28
2.26166e-28
2.20279e-28
2.14544e-28
2.08959e-28
2.03519e-28
1.98221e-28
1.93061e-28
1.88035e-28
1.8314e-28
1.78372e-28
1.73729e-28
1.69206e-28
1.64801e-28
1.60511e-28
1.56332e-28
1.52262e-28
1.48299e-28
1.44438e-28
1.40678e-28
1.37016e-28
1.33449e-28
1.29975e-28
1.26591e-28
1.23295e-28
1.20086e-28
1.1696e-28
1.13915e-28
1.10949e-28
1.08061e-28
1.05248e-28
1.02508e-28
9.98393e-29
9.72402e-29
9.47087e-29
9.22432e-29
8.98418e-29
8.7503e-29
8.5225e-29
8.30064e-29
8.08455e-29
7.87408e-29
7.6691e-29
7.46945e-29
7.275e-29
7.08561e-29
6.90115e-29
6.72149e-29
6.54651e-29
6.37609e-29
6.2101e-29
6.04843e-29
5.89098e-29
5.73762e-29
5.58825e-29
5.44277e-29
5.30108e-29
5.16308e-29
5.02867e-29
4.89776e-29
4.77026e-29
4.64607e-29
4.52512e-29
4.40732e-29
4.29258e-29
4.18084e-29
4.072e-29
3.96599e-29
3.86274e-29
3.76219e-29
3.66425e-29
3.56885e-29
3.47595e-29
3.38546e-29
3.29732e-29
3.21149e-29
3.12788e-29
3.04645e-29
2.96715e-29
2.8899e-29
2.81467e-29
2.7414e-29
2.67003e-29
2.60052e-29
2.53282e-29
2.46688e-29
2.40266e-29
2.34012e-29
2.2792e-29
2.21986e-29
2.16207e-29
2.10579e-29
2.05097e-29
1.99758e-29
1.94557e-29
1.89492e-29
1.84559e-29
1.79755e-29
1.75075e-29
1.70517e-29
1.66078e-29
1.61755e-29
1.57544e-29
1.53443e-29
1.49448e-29
1.45558e-29
1.41768e-29
1.38078e-29
1.34483e-29
1.30982e-29
1.27572e-29
1.24251e-29
1.21017e-29
1.17866e-29
1.14798e-29
1.11809e-29
1.08898e-29
1.06064e-29
1.03302e-29
1.00613e-29
9.79939e-30
9.54428e-30
9.29582e-30
9.05382e-30
8.81812e-30
8.58856e-30
8.36497e-30
8.14721e-30
7.93511e-30
7.72854e-30
7.52734e-30
7.33139e-30
7.14053e-30
6.95464e-30
6.77359e-30
6.59725e-30
6.42551e-30
6.25823e-30
6.09531e-30
5.93663e-30
5.78209e-30
5.63156e-30
5.48496e-30
5.34217e-30
5.20309e-30
5.06764e-30
4.93572e-30
4.80723e-30
4.68208e-30
4.56019e-30
4.44148e-30
4.32585e-30
4.21324e-30
4.10355e-30
3.99673e-30
3.89268e-30
3.79134e-30
3.69264e-30
3.59651e-30
3.50289e-30
3.41169e-30
3.32288e-30
3.23637e-30
3.15212e-30
3.07006e-30
2.99014e-30
2.9123e-30
2.83648e-30
2.76264e-30
2.69072e-30
2.62067e-30
2.55245e-30
2.486e-30
2.42128e-30
2.35825e-30
2.29686e-30
2.23706e-30
2.17883e-30
2.12211e-30
2.06686e-30
2.01306e-30
1.96065e-30
1.90961e-30
1.8599e-30
1.81148e-30
1.76432e-30
1.71839e-30
1.67365e-30
1.63008e-30
1.58765e-30
1.54632e-30
1.50606e-30
1.46685e-30
1.42867e-30
1.39148e-30
1.35525e-30
1.31997e-30
1.28561e-30
1.25214e-30
1.21954e-30
1.18779e-30
1.15687e-30
1.12676e-30
1.09742e-30
1.06885e-30
1.04103e-30
1.01393e-30
9.87532e-31
9.61823e-31
9.36784e-31
9.12397e-31
8.88645e-31
8.65511e-31
8.42979e-31
8.21034e-31
7.9966e-31
7.78842e-31
7.58567e-31
7.38819e-31
7.19585e-31
7.00852e-31
6.82607e-31
6.64837e-31
6.47529e-31
6.30672e-31
6.14254e-31
5.98263e-31
5.82688e-31
5.67519e-31
5.52745e-31
5.38356e-31
5.24341e-31
5.1069e-31
4.97396e-31
4.84447e-31
4.71835e-31
4.59552e-31
4.47589e-31
4.35937e-31
4.24588e-31
4.13535e-31
4.02769e-31
3.92284e-31
3.82071e-31
3.72125e-31
3.62437e-31
3.53002e-31
3.43812e-31
3.34862e-31
3.26145e-31
3.17654e-31
3.09385e-31
3.0133e-31
2.93486e-31
2.85846e-31
2.78404e-31
2.71156e-31
2.64097e-31
2.57222e-31
2.50526e-31
2.44004e-31
2.37652e-31
2.31465e-31
2.25439e-31
2.1957e-31
2.13854e-31
2.08287e-31
2.02865e-31
1.97583e-31
1.9244e-31
1.8743e-31
1.82551e-31
1.77798e-31
1.7317e-31
1.68661e-31
1.64271e-31
1.59994e-31
1.55829e-31
1.51772e-31
1.47821e-31
1.43973e-31
1.40225e-31
1.36574e-31
1.33019e-31
1.29556e-31
1.26183e-31
1.22898e-31
1.19699e-31
1.16583e-31
1.13548e-31
1.10592e-31
1.07713e-31
1.04909e-31
1.02177e-31
9.95175e-32
9.69268e-32
9.44034e-32
9.19458e-32
8.95522e-32
8.72208e-32
8.49502e-32
8.27386e-32
8.05846e-32
7.84867e-32
7.64434e-32
7.44533e-32
7.2515e-32
7.06272e-32
6.87885e-32
6.69977e-32
6.52535e-32
6.35547e-32
6.19001e-32
6.02886e-32
5.8719e-32
5.71903e-32
5.57013e-32
5.42511e-32
5.28387e-32
5.1463e-32
5.01231e-32
4.88181e-32
4.7547e-32
4.6309e-32
4.51032e-32
4.39288e-32
4.2785e-32
4.16709e-32
4.05858e-32
3.9529e-32
3.84996e-32
3.74971e-32
3.65206e-32
3.55695e-32
3.46432e-32
3.3741e-32
3.28622e-32
3.20064e-32
3.11728e-32
3.03608e-32
2.95701e-32
2.87998e-32
2.80497e-32
2.7319e-32
2.66074e-32
2.59142e-32
2.52391e-32
2.45816e-32
2.39412e-32
2.33174e-32
2.27099e-32
2.21181e-32
2.15418e-32
2.09804e-32
2.04337e-32
1.99012e-32
1.93825e-32
1.88773e-32
1.83853e-32
1.79061e-32
1.74393e-32
1.69847e-32
1.6542e-32
1.61107e-32
1.56907e-32
1.52816e-32
1.48831e-32
1.4495e-32
1.4117e-32
1.37489e-32
1.33903e-32
1.3041e-32
1.27008e-32
1.23695e-32
1.20467e-32
1.17324e-32
1.14263e-32
1.11281e-32
1.08376e-32
1.05547e-32
1.02792e-32
1.00108e-32
9.74946e-33
9.49487e-33
9.24691e-33
9.00539e-33
8.77016e-33
8.54105e-33
8.31789e-33
8.10053e-33
7.88884e-33
7.68266e-33
7.48184e-33
7.28624e-33
7.09573e-33
6.91017e-33
6.72945e-33
6.55342e-33
6.38198e-33
6.215e-33
6.05235e-33
5.89394e-33
5.73965e-33
5.58938e-33
5.443e-33
5.30044e-33
5.1616e-33
5.02635e-33
4.89463e-33
4.76633e-33
4.64138e-33
4.51968e-33
4.40115e-33
4.28572e-33
4.1733e-33
4.06382e-33
3.9572e-33
3.85337e-33
3.75226e-33
3.65379e-33
3.5579e-33
3.4645e-33
3.37355e-33
3.28498e-33
3.19873e-33
3.11473e-33
3.03292e-33
2.95326e-33
2.87569e-33
2.80015e-33
2.72658e-33
2.65493e-33
2.58516e-33
2.51721e-33
2.45105e-33
2.38662e-33
2.32388e-33
2.26278e-33
2.20328e-33
2.14534e-33
2.08891e-33
2.03397e-33
1.98047e-33
1.92836e-33
1.87763e-33
1.82822e-33
1.78011e-33
1.73325e-33
1.68763e-33
1.6432e-33
1.59994e-33
1.55781e-33
1.51678e-33
1.47683e-33
1.43793e-33
1.40005e-33
1.36316e-33
1.32724e-33
1.29226e-33
1.25819e-33
1.22502e-33
1.19271e-33
1.16126e-33
1.13063e-33
1.1008e-33
1.07176e-33
1.04348e-33
1.01594e-33
9.8913e-34
9.63019e-34
9.37594e-34
9.12838e-34
8.88734e-34
8.65261e-34
8.42402e-34
8.20144e-34
7.98473e-34
7.77373e-34
7.56829e-34
7.36823e-34
7.17343e-34
6.98376e-34
6.79908e-34
6.61926e-34
6.44416e-34
6.27369e-34
6.10771e-34
5.94613e-34
5.78879e-34
5.63559e-34
5.48642e-34
5.3412e-34
5.19979e-34
5.0621e-34
4.92804e-34
4.79751e-34
4.67041e-34
4.54665e-34
4.42615e-34
4.30883e-34
4.19459e-34
4.08337e-34
3.97508e-34
3.86964e-34
3.76697e-34
3.66701e-34
3.5697e-34
3.47496e-34
3.38271e-34
3.29291e-34
3.20547e-34
3.12036e-34
3.03749e-34
2.9568e-34
2.87825e-34
2.80176e-34
2.72729e-34
2.65478e-34
2.58417e-34
2.51542e-34
2.44848e-34
2.38331e-34
2.31988e-34
2.25812e-34
2.19799e-34
2.13946e-34
2.08248e-34
2.02701e-34
1.973e-34
1.92042e-34
1.86923e-34
1.8194e-34
1.77089e-34
1.72366e-34
1.67768e-34
1.63292e-34
1.58934e-34
1.54692e-34
1.50563e-34
1.46543e-34
1.42631e-34
1.38821e-34
1.35113e-34
1.31503e-34
1.27989e-34
1.24568e-34
1.21238e-34
1.17996e-34
1.14839e-34
1.11766e-34
1.08775e-34
1.05863e-34
1.03028e-34
1.00269e-34
9.75832e-35
9.49684e-35
9.24234e-35
8.99461e-35
8.75348e-35
8.51874e-35
8.29022e-35
8.06779e-35
7.85126e-35
7.6405e-35
7.43539e-35
7.23572e-35
7.04136e-35
6.85218e-35
6.66803e-35
6.48878e-35
6.31432e-35
6.14452e-35
5.97924e-35
5.81838e-35
5.66181e-35
5.50939e-35
5.36103e-35
5.21663e-35
5.07607e-35
4.93927e-35
4.80613e-35
4.67654e-35
4.5504e-35
4.42765e-35
4.30819e-35
4.19191e-35
4.07873e-35
3.96856e-35
3.86137e-35
3.75706e-35
3.65553e-35
3.55673e-35
3.46058e-35
3.367e-35
3.27592e-35
3.18729e-35
3.10104e-35
3.01709e-35
2.93539e-35
2.85587e-35
2.77849e-35
2.70318e-35
2.62989e-35
2.55855e-35
2.48913e-35
2.42157e-35
2.35581e-35
2.29183e-35
2.22957e-35
2.16899e-35
2.11003e-35
2.05266e-35
1.99683e-35
1.9425e-35
1.88966e-35
1.83822e-35
1.78817e-35
1.73946e-35
1.69206e-35
1.64594e-35
1.60106e-35
1.55738e-35
1.51488e-35
1.47353e-35
1.43329e-35
1.39414e-35
1.35605e-35
1.31898e-35
1.28292e-35
1.24782e-35
1.21368e-35
1.18046e-35
1.14814e-35
1.11668e-35
1.08609e-35
1.05632e-35
1.02736e-35
9.9918e-36
9.71762e-36
9.45085e-36
9.1913e-36
8.93876e-36
8.69306e-36
8.45404e-36
8.22152e-36
7.99527e-36
7.77513e-36
7.56096e-36
7.3526e-36
7.14991e-36
6.95273e-36
6.7609e-36
6.57429e-36
6.39278e-36
6.21621e-36
6.04445e-36
5.87737e-36
5.71484e-36
5.5567e-36
5.40283e-36
5.25316e-36
5.10759e-36
4.96597e-36
4.82821e-36
4.6942e-36
4.56385e-36
4.43705e-36
4.31372e-36
4.19378e-36
4.0771e-36
3.96363e-36
3.85328e-36
3.74593e-36
3.64152e-36
3.53997e-36
3.44121e-36
3.34516e-36
3.25173e-36
3.16088e-36
3.07252e-36
2.98659e-36
2.90301e-36
2.82172e-36
2.74266e-36
2.66578e-36
2.59102e-36
2.51832e-36
2.44761e-36
2.37885e-36
2.312e-36
2.24699e-36
2.18376e-36
2.12227e-36
2.06249e-36
2.00436e-36
1.94784e-36
1.89288e-36
1.83944e-36
1.78747e-36
1.73694e-36
1.68781e-36
1.64004e-36
1.5936e-36
1.54844e-36
1.50452e-36
1.46183e-36
1.42032e-36
1.37996e-36
1.34072e-36
1.30257e-36
1.26548e-36
1.22944e-36
1.1944e-36
1.16033e-36
1.12722e-36
1.09503e-36
1.06373e-36
1.0333e-36
1.00371e-36
9.74955e-37
9.47008e-37
9.19845e-37
8.93439e-37
8.67774e-37
8.42826e-37
8.18573e-37
7.95e-37
7.72091e-37
7.49823e-37
7.28182e-37
7.07153e-37
6.86716e-37
6.66854e-37
6.47553e-37
6.28796e-37
6.10568e-37
5.92851e-37
5.75633e-37
5.58903e-37
5.42648e-37
5.26853e-37
5.11503e-37
4.96584e-37
4.8209e-37
4.68008e-37
4.54323e-37
4.41024e-37
4.28104e-37
4.15552e-37
4.03357e-37
3.91509e-37
3.79998e-37
3.68815e-37
3.57951e-37
3.47395e-37
3.3714e-37
3.27179e-37
3.17504e-37
3.08104e-37
2.98974e-37
2.90106e-37
2.81493e-37
2.73127e-37
2.65e-37
2.57105e-37
2.49437e-37
2.4199e-37
2.34756e-37
2.27731e-37
2.20908e-37
2.14281e-37
2.07845e-37
2.01594e-37
1.95524e-37
1.89628e-37
1.83904e-37
1.78346e-37
1.72949e-37
1.67708e-37
1.62618e-37
1.57676e-37
1.52878e-37
1.48221e-37
1.43699e-37
1.39309e-37
1.35047e-37
1.30909e-37
1.26894e-37
1.22995e-37
1.19211e-37
1.15537e-37
1.11973e-37
1.08512e-37
1.05153e-37
1.01894e-37
9.87311e-38
9.56622e-38
9.2684e-38
8.97938e-38
8.69889e-38
8.42665e-38
8.16246e-38
7.90612e-38
7.65739e-38
7.41608e-38
7.18197e-38
6.95481e-38
6.73445e-38
6.52068e-38
6.31331e-38
6.11218e-38
5.91708e-38
5.72783e-38
5.54428e-38
5.36625e-38
5.19359e-38
5.02614e-38
4.86374e-38
4.70626e-38
4.55355e-38
4.40545e-38
4.26181e-38
4.12255e-38
3.98755e-38
3.85669e-38
3.72983e-38
3.60683e-38
3.48762e-38
3.37207e-38
3.26006e-38
3.1515e-38
3.04627e-38
2.9443e-38
2.84548e-38
2.74971e-38
2.65691e-38
2.567e-38
2.47987e-38
2.39547e-38
2.31369e-38
2.23447e-38
2.15773e-38
2.08339e-38
2.01136e-38
1.9416e-38
1.87404e-38
1.80861e-38
1.74525e-38
1.6839e-38
1.62448e-38
1.56694e-38
1.51124e-38
1.45731e-38
1.40511e-38
1.35459e-38
1.30567e-38
1.25833e-38
1.21252e-38
1.16819e-38
1.12529e-38
1.08377e-38
1.04358e-38
1.00469e-38
9.67051e-39
9.30636e-39
8.95415e-39
8.61351e-39
8.28416e-39
7.96569e-39
7.65777e-39
7.36e-39
7.07214e-39
6.79396e-39
6.52494e-39
6.26481e-39
6.0135e-39
5.77073e-39
5.53613e-39
5.30946e-39
5.09054e-39
4.87908e-39
4.67483e-39
4.47758e-39
4.28714e-39
4.1033e-39
3.92584e-39
3.75448e-39
3.58904e-39
3.42935e-39
3.2753e-39
3.12672e-39
2.98339e-39
2.84509e-39
2.71169e-39
2.58309e-39
2.45915e-39
2.33974e-39
2.22467e-39
2.11375e-39
2.00695e-39
1.9041e-39
1.80502e-39
1.7096e-39
1.61773e-39
1.52931e-39
1.44422e-39
1.36232e-39
1.28351e-39
1.20768e-39
1.13479e-39
1.06471e-39
9.97343e-40
9.32628e-40
8.70456e-40
8.10742e-40
7.53403e-40
6.98359e-40
6.45552e-40
5.94904e-40
5.46327e-40
4.99734e-40
4.55073e-40
4.12279e-40
3.71287e-40
3.32036e-40
2.94448e-40
2.58483e-40
2.24084e-40
1.91189e-40
1.59752e-40
1.29715e-40
1.01019e-40
7.36507e-41
4.75463e-41
2.26525e-41
-1.05733e-42
-2.36338e-41
-4.51177e-41
-6.55486e-41
-8.49646e-41
-1.03394e-40
-1.20874e-40
-1.37462e-40
-1.53194e-40
-1.68085e-40
-1.82165e-40
-1.95457e-40
-2.08007e-40
-2.19843e-40
-2.30985e-40
-2.41458e-40
-2.51289e-40
-2.60511e-40
-2.69139e-40
-2.77197e-40
-2.84707e-40
-2.91691e-40
-2.98169e-40
-3.04162e-40
-3.09689e-40
-3.14779e-40
-3.19444e-40
-3.23699e-40
-3.2756e-40
-3.31039e-40
-3.34157e-40
-3.36934e-40
-3.39388e-40
-3.41524e-40
-3.43354e-40
-3.44903e-40
-3.46183e-40
-3.47198e-40
-3.47961e-40
-3.48487e-40
-3.48788e-40
-3.48865e-40
-3.48733e-40
-3.48407e-40
-3.4789e-40
-3.47192e-40
-3.46326e-40
-3.45298e-40
-3.44118e-40
-3.42793e-40
-3.41329e-40
-3.39735e-40
-3.38022e-40
-3.36194e-40
-3.3426e-40
-3.32227e-40
-3.30099e-40
-3.27884e-40
-3.25584e-40
-3.23204e-40
-3.20747e-40
-3.1822e-40
-3.15629e-40
-3.12979e-40
-3.10274e-40
-3.07516e-40
-3.0471e-40
-3.01861e-40
-2.98972e-40
-2.96046e-40
-2.93088e-40
-2.90101e-40
-2.87086e-40
-2.84047e-40
-2.80987e-40
-2.77908e-40
-2.74815e-40
-2.71709e-40
-2.68593e-40
-2.65471e-40
-2.62345e-40
-2.59216e-40
-2.56086e-40
-2.52955e-40
-2.49824e-40
-2.46697e-40
-2.43576e-40
-2.4046e-40
-2.37353e-40
-2.34258e-40
-2.31174e-40
-2.28103e-40
-2.25043e-40
-2.21999e-40
-2.1897e-40
-2.15958e-40
-2.12963e-40
-2.09987e-40
-2.0703e-40
-2.04094e-40
-2.01179e-40
-1.98286e-40
-1.95415e-40
-1.92567e-40
-1.89743e-40
-1.86943e-40
-1.84168e-40
-1.81419e-40
-1.78695e-40
-1.75996e-40
-1.73322e-40
-1.70675e-40
-1.68054e-40
-1.65461e-40
-1.62895e-40
-1.60357e-40
-1.57846e-40
-1.55363e-40
-1.52908e-40
-1.50481e-40
-1.48081e-40
-1.4571e-40
-1.43367e-40
-1.41052e-40
-1.38766e-40
-1.36507e-40
-1.34276e-40
-1.32074e-40
-1.299e-40
-1.27753e-40
-1.25634e-40
-1.23542e-40
-1.21478e-40
-1.19441e-40
-1.17432e-40
-1.1545e-40
-1.13496e-40
-1.11568e-40
-1.09668e-40
-1.07794e-40
-1.05947e-40
-1.04126e-40
-1.02331e-40
-1.00562e-40
-9.88194e-41
-9.71016e-41
-9.5409e-41
-9.37416e-41
-9.20992e-41
-9.04813e-41
-8.88877e-41
-8.73183e-41
-8.57727e-41
-8.42507e-41
-8.2752e-41
-8.12765e-41
-7.98241e-41
-7.83944e-41
-7.6987e-41
-7.56018e-41
-7.42384e-41
-7.2897e-41
-7.1577e-41
-7.0278e-41
-6.89998e-41
-6.77423e-41
-6.65053e-41
-6.52883e-41
-6.40912e-41
-6.29138e-41
-6.17559e-41
-6.06169e-41
-5.94969e-41
-5.83957e-41
-5.73128e-41
-5.62481e-41
-5.52014e-41
-5.41723e-41
-5.31608e-41
-5.21665e-41
-5.11892e-41
-5.02286e-41
-4.92846e-41
-4.83569e-41
-4.74451e-41
-4.6549e-41
-4.56685e-41
-4.48034e-41
-4.39534e-41
-4.31182e-41
-4.22977e-41
-4.14917e-41
-4.06997e-41
-3.99218e-41
-3.91578e-41
-3.84073e-41
-3.76702e-41
-3.69463e-41
-3.62354e-41
-3.55373e-41
-3.48516e-41
-3.41784e-41
-3.35173e-41
-3.28682e-41
-3.22309e-41
-3.16051e-41
-3.09908e-41
-3.03877e-41
-2.97956e-41
-2.92144e-41
-2.86439e-41
-2.80838e-41
-2.75341e-41
-2.69945e-41
-2.64649e-41
-2.59451e-41
-2.5435e-41
-2.49343e-41
-2.44429e-41
-2.39608e-41
-2.34876e-41
-2.30233e-41
-2.25676e-41
-2.21206e-41
-2.16819e-41
-2.12516e-41
-2.08293e-41
-2.04151e-41
-2.00087e-41
-1.961e-41
-1.92188e-41
-1.88351e-41
-1.84587e-41
-1.80895e-41
-1.77274e-41
-1.73722e-41
-1.70238e-41
-1.6682e-41
-1.63468e-41
-1.60182e-41
-1.56958e-41
-1.53795e-41
-1.50695e-41
-1.47653e-41
-1.44671e-41
-1.41746e-41
-1.38878e-41
-1.36067e-41
-1.3331e-41
-1.30607e-41
-1.27957e-41
-1.25358e-41
-1.22809e-41
-1.20311e-41
-1.17861e-41
-1.15459e-41
-1.13104e-41
-1.10796e-41
-1.08534e-41
-1.06317e-41
-1.04143e-41
-1.02011e-41
-9.99228e-42
-9.78757e-42
-9.58691e-42
-9.39021e-42
-9.19741e-42
-9.00842e-42
-8.82322e-42
-8.64172e-42
-8.46383e-42
-8.28948e-42
-8.1186e-42
-7.95116e-42
-7.78709e-42
-7.62627e-42
-7.46862e-42
-7.31417e-42
-7.16283e-42
-7.01453e-42
-6.86927e-42
-6.72696e-42
-6.58745e-42
-6.45074e-42
-6.31685e-42
-6.18562e-42
-6.05704e-42
-5.93112e-42
-5.80775e-42
-5.68684e-42
-5.56837e-42
-5.45233e-42
-5.33868e-42
-5.22734e-42
-5.11826e-42
-5.01139e-42
-4.90673e-42
-4.80423e-42
-4.70382e-42
-4.60553e-42
-4.50927e-42
-4.41498e-42
-4.32255e-42
-4.23198e-42
-4.14326e-42
-4.05632e-42
-3.97114e-42
-3.88766e-42
-3.8059e-42
-3.72584e-42
-3.64747e-42
-3.57077e-42
-3.49571e-42
-3.42221e-42
-3.35025e-42
-3.27977e-42
-3.21072e-42
-3.14303e-42
-3.07667e-42
-3.01181e-42
-2.94843e-42
-2.88629e-42
-2.82538e-42
-2.7658e-42
-2.70752e-42
-2.65038e-42
-2.59437e-42
-2.53945e-42
-2.48568e-42
-2.43302e-42
-2.3814e-42
-2.33091e-42
-2.28154e-42
-2.23313e-42
-2.18573e-42
-2.13939e-42
-2.09402e-42
-2.04959e-42
-2.00603e-42
-1.96344e-42
-1.92181e-42
-1.88092e-42
-1.84083e-42
-1.80163e-42
-1.76333e-42
-1.72583e-42
-1.68905e-42
-1.6531e-42
-1.61805e-42
-1.58374e-42
-1.55015e-42
-1.5172e-42
-1.48488e-42
-1.45324e-42
-1.42234e-42
-1.39215e-42
-1.36254e-42
-1.33355e-42
-1.30511e-42
-1.27727e-42
-1.25009e-42
-1.22348e-42
-1.19757e-42
-1.17227e-42
-1.14752e-42
-1.12323e-42
-1.09938e-42
-1.07598e-42
-1.05301e-42
-1.03053e-42
-1.00852e-42
-9.87116e-43
-9.66232e-43
-9.45861e-43
-9.26059e-43
-9.0675e-43
-8.87924e-43
-8.69572e-43
-8.51685e-43
-8.34054e-43
-8.16805e-43
-8.00063e-43
-7.83685e-43
-7.67665e-43
-7.51862e-43
-7.36269e-43
-7.21013e-43
-7.06087e-43
-6.91483e-43
-6.77063e-43
-6.6282e-43
-6.48882e-43
-6.35109e-43
-6.21496e-43
-6.08172e-43
-5.95129e-43
-5.82628e-43
-5.7066e-43
-5.58952e-43
-5.47632e-43
-5.36693e-43
-5.25996e-43
-5.15403e-43
-5.0491e-43
-4.94646e-43
-4.84739e-43
-4.75049e-43
-4.65572e-43
-4.5657e-43
-4.47769e-43
-4.39166e-43
-4.30756e-43
-4.22403e-43
-4.14103e-43
-4.06118e-43
-3.98444e-43
-3.9081e-43
-3.83345e-43
-3.76048e-43
-3.68913e-43
-3.6207e-43
-3.55514e-43
-3.48975e-43
-3.42452e-43
-3.36207e-43
-3.30103e-43
-3.24005e-43
-3.18043e-43
-3.12215e-43
-3.06649e-43
-3.01342e-43
-2.96024e-43
-2.90563e-43
-2.85221e-43
-2.8013e-43
-2.7502e-43
-2.70022e-43
-2.65399e-43
-2.60883e-43
-2.56336e-43
-2.52024e-43
-2.47811e-43
-2.43562e-43
-2.39407e-43
-2.35346e-43
-2.31376e-43
-2.27496e-43
-2.23834e-43
-2.2039e-43
-2.17027e-43
-2.1361e-43
-2.1014e-43
-2.06614e-43
-2.03299e-43
-2.00323e-43
-1.97285e-43
-1.94317e-43
-1.9155e-43
-1.88717e-43
-1.85949e-43
-1.83377e-43
-1.80867e-43
-1.78417e-43
-1.76291e-43
-1.74485e-43
-1.72731e-43
-1.71027e-43
-1.69372e-43
-1.6803e-43
-1.66998e-43
-1.66007e-43
-1.65321e-43
-1.64671e-43
-1.64057e-43
-1.63477e-43
-1.62929e-43
-1.62414e-43
-1.61664e-43
-1.60946e-43
-1.60258e-43
-1.596e-43
-1.58971e-43
-1.5837e-43
-1.57796e-43
-1.56983e-43
-1.55931e-43
-1.54643e-43
-1.5312e-43
-1.51893e-43
-1.5096e-43
-1.50053e-43
-1.49171e-43
-1.48314e-43
-1.47745e-43
-1.47463e-43
-1.46935e-43
-1.46161e-43
-1.45408e-43
-1.44676e-43
-1.43964e-43
-1.43272e-43
-1.426e-43
-1.4168e-43
-1.40516e-43
-1.39374e-43
-1.38518e-43
-1.37681e-43
-1.36598e-43
-1.35535e-43
-1.34492e-43
-1.33733e-43
-1.33257e-43
-1.32795e-43
-1.32083e-43
-1.31121e-43
-1.30177e-43
-1.2925e-43
-1.28605e-43
-1.27974e-43
-1.26828e-43
-1.257e-43
-1.2512e-43
-1.24818e-43
-1.24528e-43
-1.24249e-43
-1.2398e-43
-1.23455e-43
-1.22943e-43
-1.22707e-43
-1.22216e-43
-1.2147e-43
-1.20738e-43
-1.20283e-43
-1.20103e-43
-1.19932e-43
-1.19769e-43
-1.19613e-43
-1.19465e-43
-1.19588e-43
-1.20247e-43
-1.20641e-43
-1.20507e-43
-1.20379e-43
-1.19992e-43
-1.19612e-43
-1.19505e-43
-1.19669e-43
-1.20101e-43
-1.20533e-43
-1.21232e-43
-1.22193e-43
-1.23151e-43
-1.24105e-43
-1.25054e-43
-1.25733e-43
-1.26145e-43
-1.2682e-43
-1.27492e-43
-1.2763e-43
-1.27504e-43
-1.2738e-43
-1.27524e-43
-1.27933e-43
-1.2834e-43
-1.28746e-43
-1.29415e-43
-1.30345e-43
-1.31268e-43
-1.3192e-43
-1.32302e-43
-1.32682e-43
-1.32793e-43
-1.32904e-43
-1.33545e-43
-1.33915e-43
-1.34017e-43
-1.34384e-43
-1.34217e-43
-1.33787e-43
-1.33624e-43
-1.33463e-43
-1.33569e-43
-1.33673e-43
-1.33777e-43
-1.3441e-43
-1.35303e-43
-1.3619e-43
-1.37069e-43
-1.37675e-43
-1.38277e-43
-1.39138e-43
-1.39991e-43
-1.40837e-43
-1.4141e-43
-1.41978e-43
-1.42805e-43
-1.4389e-43
-1.4523e-43
-1.46558e-43
-1.47873e-43
-1.49177e-43
-1.50469e-43
-1.51748e-43
-1.53015e-43
-1.54269e-43
-1.55511e-43
-1.57271e-43
-1.59014e-43
-1.6021e-43
-1.61394e-43
-1.62564e-43
-1.63722e-43
-1.64337e-43
-1.64413e-43
-1.65015e-43
-1.65608e-43
-1.65663e-43
-1.66244e-43
-1.67348e-43
-1.68439e-43
-1.70049e-43
-1.71642e-43
-1.7322e-43
-1.7425e-43
-1.74738e-43
-1.75749e-43
-1.76217e-43
-1.76677e-43
-1.7766e-43
-1.78101e-43
-1.78003e-43
-1.77903e-43
-1.77799e-43
-1.77692e-43
-1.77583e-43
-1.7747e-43
-1.76825e-43
-1.75652e-43
-1.74484e-43
-1.73323e-43
-1.72698e-43
-1.72607e-43
-1.73045e-43
-1.74008e-43
-1.74432e-43
-1.7485e-43
-1.75793e-43
-1.76197e-43
-1.76065e-43
-1.75401e-43
-1.74741e-43
-1.74614e-43
-1.74487e-43
-1.74359e-43
-1.74231e-43
-1.74632e-43
-1.7556e-43
-1.75948e-43
-1.76332e-43
-1.77242e-43
-1.78143e-43
-1.78506e-43
-1.78333e-43
-1.7816e-43
-1.77456e-43
-1.76756e-43
-1.7659e-43
-1.76425e-43
-1.7626e-43
-1.76094e-43
-1.75929e-43
-1.75765e-43
-1.75601e-43
-1.75437e-43
-1.75804e-43
-1.76167e-43
-1.75997e-43
-1.75827e-43
-1.75658e-43
-1.75489e-43
-1.75321e-43
-1.75153e-43
-1.74987e-43
-1.74821e-43
-1.74656e-43
-1.74492e-43
-1.74328e-43
-1.74166e-43
-1.74005e-43
-1.73314e-43
-1.72098e-43
-1.70892e-43
-1.69695e-43
-1.69038e-43
-1.68387e-43
-1.67211e-43
-1.66044e-43
-1.64888e-43
-1.64273e-43
-1.63663e-43
-1.62529e-43
-1.61406e-43
-1.60293e-43
-1.5972e-43
-1.59154e-43
-1.58064e-43
-1.56984e-43
-1.55914e-43
-1.55386e-43
-1.55394e-43
-1.55405e-43
-1.55418e-43
-1.55963e-43
-1.57037e-43
-1.57574e-43
-1.57578e-43
-1.57583e-43
-1.58121e-43
-1.58655e-43
-1.58657e-43
-1.5919e-43
-1.6025e-43
-1.61303e-43
-1.61819e-43
-1.62331e-43
-1.62839e-43
-1.63344e-43
-1.64375e-43
-1.64868e-43
-1.65888e-43
-1.67961e-43
-1.70017e-43
-1.72056e-43
-1.74079e-43
-1.76084e-43
-1.78072e-43
-1.79513e-43
-1.8041e-43
-1.81297e-43
-1.82175e-43
-1.82512e-43
-1.82845e-43
-1.83172e-43
-1.83495e-43
-1.83812e-43
-1.83063e-43
-1.82848e-43
-1.83693e-43
-1.84529e-43
-1.85356e-43
-1.86175e-43
-1.86455e-43
-1.86729e-43
-1.87e-43
-1.86735e-43
-1.8647e-43
-1.86204e-43
-1.85409e-43
-1.84617e-43
-1.83829e-43
-1.83046e-43
-1.82799e-43
-1.82021e-43
-1.80718e-43
-1.79954e-43
-1.79726e-43
-1.795e-43
-1.79274e-43
-1.7905e-43
-1.78827e-43
-1.78606e-43
-1.78386e-43
-1.78167e-43
-1.7795e-43
-1.77735e-43
-1.77521e-43
-1.77309e-43
-1.77098e-43
-1.76889e-43
-1.76682e-43
-1.76477e-43
-1.76273e-43
-1.76071e-43
-1.75871e-43
-1.76202e-43
-1.77062e-43
-1.78446e-43
-1.8035e-43
-1.81708e-43
-1.82525e-43
-1.83335e-43
-1.84137e-43
-1.84402e-43
-1.84664e-43
-1.84923e-43
-1.84648e-43
-1.84904e-43
-1.85157e-43
-1.84877e-43
-1.84598e-43
-1.84851e-43
-1.85631e-43
-1.86404e-43
-1.86639e-43
-1.86342e-43
-1.86045e-43
-1.8628e-43
-1.87043e-43
-1.88329e-43
-1.89604e-43
-1.90338e-43
-1.91064e-43
-1.91783e-43
-1.92495e-43
-1.932e-43
-1.93367e-43
-1.93001e-43
-1.93166e-43
-1.93328e-43
-1.93487e-43
-1.93643e-43
-1.93266e-43
-1.92891e-43
-1.92517e-43
-1.92144e-43
-1.92303e-43
-1.9193e-43
-1.90498e-43
-1.89076e-43
-1.88194e-43
-1.87849e-43
-1.87507e-43
-1.87698e-43
-1.88417e-43
-1.8913e-43
-1.89308e-43
-1.88953e-43
-1.89131e-43
-1.89838e-43
-1.90008e-43
-1.89646e-43
-1.89817e-43
-1.90517e-43
-1.9121e-43
-1.91368e-43
-1.91523e-43
-1.91677e-43
-1.91829e-43
-1.92509e-43
-1.93184e-43
-1.93322e-43
-1.92927e-43
-1.92535e-43
-1.92146e-43
-1.91228e-43
-1.89786e-43
-1.89416e-43
-1.90109e-43
-1.90797e-43
-1.9148e-43
-1.92157e-43
-1.92828e-43
-1.93494e-43
-1.94154e-43
-1.94808e-43
-1.94925e-43
-1.94511e-43
-1.94629e-43
-1.95276e-43
-1.95387e-43
-1.95496e-43
-1.95603e-43
-1.95709e-43
-1.96343e-43
-1.96972e-43
-1.97595e-43
-1.97681e-43
-1.97766e-43
-1.98379e-43
-1.98987e-43
-1.99589e-43
-2.00185e-43
-2.00245e-43
-1.99772e-43
-1.99833e-43
-2.00422e-43
-2.01005e-43
-2.01583e-43
-2.02685e-43
-2.04308e-43
-2.05917e-43
-2.07512e-43
-2.08561e-43
-2.09601e-43
-2.11161e-43
-2.12706e-43
-2.14236e-43
-2.15752e-43
-2.17253e-43
-2.18739e-43
-2.20211e-43
-2.21667e-43
-2.23109e-43
-2.24536e-43
-2.25947e-43
-2.27344e-43
-2.28726e-43
-2.30093e-43
-2.31444e-43
-2.32251e-43
-2.33046e-43
-2.34362e-43
-2.35662e-43
-2.36417e-43
-2.37162e-43
-2.38427e-43
-2.39677e-43
-2.40913e-43
-2.42134e-43
-2.42811e-43
-2.42947e-43
-2.43077e-43
-2.43201e-43
-2.4332e-43
-2.43434e-43
-2.43542e-43
-2.44175e-43
-2.4533e-43
-2.46472e-43
-2.476e-43
-2.48716e-43
-2.49819e-43
-2.50909e-43
-2.51986e-43
-2.5305e-43
-2.54101e-43
-2.5514e-43
-2.56166e-43
-2.5718e-43
-2.5765e-43
-2.57582e-43
-2.5751e-43
-2.57434e-43
-2.57885e-43
-2.58328e-43
-2.58233e-43
-2.58135e-43
-2.58034e-43
-2.5793e-43
-2.57823e-43
-2.57713e-43
-2.57601e-43
-2.57487e-43
-2.57371e-43
-2.57252e-43
-2.57132e-43
-2.5701e-43
-2.56886e-43
-2.56761e-43
-2.56634e-43
-2.56507e-43
-2.56377e-43
-2.56247e-43
-2.56116e-43
-2.55984e-43
-2.55321e-43
-2.54131e-43
-2.52949e-43
-2.51775e-43
-2.50608e-43
-2.4945e-43
-2.48301e-43
-2.47159e-43
-2.46027e-43
-2.44904e-43
-2.4432e-43
-2.44272e-43
-2.44224e-43
-2.44178e-43
-2.44132e-43
-2.44087e-43
-2.44044e-43
-2.44001e-43
-2.43959e-43
-2.43918e-43
-2.43878e-43
-2.43838e-43
-2.438e-43
-2.43762e-43
-2.43725e-43
-2.43689e-43
-2.43653e-43
-2.43619e-43
-2.43585e-43
-2.43021e-43
-2.41932e-43
-2.40851e-43
-2.40311e-43
-2.39775e-43
-2.38714e-43
-2.37662e-43
-2.3662e-43
-2.35586e-43
-2.35093e-43
-2.34606e-43
-2.33593e-43
-2.3259e-43
-2.31596e-43
-2.30612e-43
-2.29638e-43
-2.28673e-43
-2.27718e-43
-2.26773e-43
-2.25838e-43
-2.24912e-43
-2.24527e-43
-2.24147e-43
-2.23243e-43
-2.22878e-43
-2.22519e-43
-2.21636e-43
-2.20761e-43
-2.19897e-43
-2.19572e-43
-2.19783e-43
-2.19465e-43
-2.18622e-43
-2.18318e-43
-2.18019e-43
-2.17195e-43
-2.1638e-43
-2.15575e-43
-2.14778e-43
-2.1399e-43
-2.13211e-43
-2.12441e-43
-2.1168e-43
-2.10928e-43
-2.10185e-43
-2.09451e-43
-2.08726e-43
-2.08009e-43
-2.07832e-43
-2.08189e-43
-2.08016e-43
-2.07318e-43
-2.07158e-43
-2.07002e-43
-2.0632e-43
-2.05646e-43
-2.0498e-43
-2.04852e-43
-2.04728e-43
-2.04078e-43
-2.03435e-43
-2.028e-43
-2.02703e-43
-2.03141e-43
-2.03577e-43
-2.04543e-43
-2.05504e-43
-2.0646e-43
-2.0741e-43
-2.08354e-43
-2.09293e-43
-2.10225e-43
-2.11151e-43
-2.12071e-43
-2.12984e-43
-2.13891e-43
-2.14791e-43
-2.15153e-43
-2.16043e-43
-2.16926e-43
-2.17271e-43
-2.17614e-43
-2.18483e-43
-2.19876e-43
-2.20726e-43
-2.21039e-43
-2.21879e-43
-2.22711e-43
-2.23535e-43
-2.24882e-43
-2.26218e-43
-2.27011e-43
-2.27265e-43
-2.27516e-43
-2.27763e-43
-2.28536e-43
-2.29833e-43
-2.30586e-43
-2.30802e-43
-2.31014e-43
-2.31222e-43
-2.31956e-43
-2.33213e-43
-2.34459e-43
-2.35162e-43
-2.35327e-43
-2.35488e-43
-2.35645e-43
-2.35799e-43
-2.3595e-43
-2.36627e-43
-2.37827e-43
-2.38485e-43
-2.38606e-43
-2.38723e-43
-2.39367e-43
-2.40004e-43
-2.40103e-43
-2.40199e-43
-2.40291e-43
-2.40912e-43
-2.41525e-43
-2.42131e-43
-2.4273e-43
-2.42792e-43
-2.43381e-43
-2.43964e-43
-2.44539e-43
-2.45108e-43
-2.4514e-43
-2.45699e-43
-2.46252e-43
-2.46268e-43
-2.46281e-43
-2.46292e-43
-2.46831e-43
-2.47894e-43
-2.48416e-43
-2.48932e-43
-2.49972e-43
-2.50471e-43
-2.50964e-43
-2.51981e-43
-2.52457e-43
-2.52396e-43
-2.52864e-43
-2.53326e-43
-2.53251e-43
-2.53705e-43
-2.54684e-43
-2.55122e-43
-2.55024e-43
-2.55454e-43
-2.55879e-43
-2.55767e-43
-2.56185e-43
-2.57128e-43
-2.5753e-43
-2.57397e-43
-2.57262e-43
-2.57126e-43
-2.5752e-43
-2.58439e-43
-2.59348e-43
-2.60248e-43
-2.60609e-43
-2.60434e-43
-2.60789e-43
-2.61139e-43
-2.60953e-43
-2.60767e-43
-2.6111e-43
-2.61979e-43
-2.6284e-43
-2.63161e-43
-2.63478e-43
-2.6379e-43
-2.63567e-43
-2.63874e-43
-2.64707e-43
-2.65532e-43
-2.66348e-43
-2.66625e-43
-2.66368e-43
-2.6611e-43
-2.65853e-43
-2.66125e-43
-2.66394e-43
-2.66129e-43
-2.65863e-43
-2.65598e-43
-2.65864e-43
-2.66126e-43
-2.65855e-43
-2.66114e-43
-2.6637e-43
-2.66092e-43
-2.65815e-43
-2.66069e-43
-2.6632e-43
-2.66038e-43
-2.66286e-43
-2.66532e-43
-2.66244e-43
-2.66488e-43
-2.66729e-43
-2.66967e-43
-2.67202e-43
-2.67434e-43
-2.67663e-43
-2.67889e-43
-2.68113e-43
-2.68333e-43
-2.68551e-43
-2.68236e-43
-2.68452e-43
-2.69196e-43
-2.69403e-43
-2.69607e-43
-2.69809e-43
-2.70007e-43
-2.70204e-43
-2.69867e-43
-2.69531e-43
-2.69197e-43
-2.69396e-43
-2.69592e-43
-2.69785e-43
-2.69976e-43
-2.70165e-43
-2.70352e-43
-2.70006e-43
-2.70192e-43
-2.70906e-43
-2.71084e-43
-2.70728e-43
-2.70906e-43
-2.71081e-43
-2.70723e-43
-2.70898e-43
-2.71071e-43
-2.70711e-43
-2.70884e-43
-2.71054e-43
-2.70693e-43
-2.70864e-43
-2.71033e-43
-2.70669e-43
-2.70308e-43
-2.7048e-43
-2.7065e-43
-2.70288e-43
-2.69928e-43
-2.69571e-43
-2.69216e-43
-2.69394e-43
-2.6957e-43
-2.69214e-43
-2.68861e-43
-2.68511e-43
-2.68163e-43
-2.67818e-43
-2.68007e-43
-2.68724e-43
-2.68905e-43
-2.68555e-43
-2.68207e-43
-2.67861e-43
-2.67519e-43
-2.67179e-43
-2.66842e-43
-2.66508e-43
-2.66177e-43
-2.65849e-43
-2.65524e-43
-2.65201e-43
-2.64882e-43
-2.65096e-43
-2.65839e-43
-2.66577e-43
-2.6731e-43
-2.67507e-43
-2.67171e-43
-2.66839e-43
-2.66509e-43
-2.66712e-43
-2.67445e-43
-2.68172e-43
-2.68893e-43
-2.69078e-43
-2.68731e-43
-2.68386e-43
-2.68044e-43
-2.67705e-43
-2.67368e-43
-2.67564e-43
-2.68289e-43
-2.68478e-43
-2.68135e-43
-2.68325e-43
-2.67983e-43
-2.66583e-43
-2.65724e-43
-2.65402e-43
-2.64553e-43
-2.6318e-43
-2.62349e-43
-2.61525e-43
-2.60178e-43
-2.58843e-43
-2.57519e-43
-2.56737e-43
-2.55963e-43
-2.54666e-43
-2.53911e-43
-2.53165e-43
-2.51895e-43
-2.51168e-43
-2.50449e-43
-2.49738e-43
-2.49035e-43
-2.47809e-43
-2.47126e-43
-2.46981e-43
-2.46309e-43
-2.45115e-43
-2.43932e-43
-2.42762e-43
-2.41603e-43
-2.40987e-43
-2.40379e-43
-2.39248e-43
-2.38129e-43
-2.37021e-43
-2.35926e-43
-2.35373e-43
-2.34828e-43
-2.3429e-43
-2.33761e-43
-2.33238e-43
-2.33254e-43
-2.32742e-43
-2.32238e-43
-2.3174e-43
-2.3072e-43
-2.2971e-43
-2.28712e-43
-2.27725e-43
-2.26749e-43
-2.26314e-43
-2.26417e-43
-2.25992e-43
-2.25044e-43
-2.24106e-43
-2.23178e-43
-2.22792e-43
-2.22943e-43
-2.22566e-43
-2.21664e-43
-2.20773e-43
-2.19892e-43
-2.19021e-43
-2.18161e-43
-2.1784e-43
-2.17526e-43
-2.16688e-43
-2.15859e-43
-2.15571e-43
-2.15288e-43
-2.14481e-43
-2.13683e-43
-2.12894e-43
-2.12646e-43
-2.12403e-43
-2.11635e-43
-2.11406e-43
-2.11713e-43
-2.11491e-43
-2.10742e-43
-2.10003e-43
-2.09273e-43
-2.09081e-43
-2.08894e-43
-2.08182e-43
-2.07478e-43
-2.06782e-43
-2.06095e-43
-2.05416e-43
-2.04745e-43
-2.04083e-43
-2.0449e-43
-2.05958e-43
-2.07417e-43
-2.08868e-43
-2.09779e-43
-2.10154e-43
-2.10528e-43
-2.10901e-43
-2.11273e-43
-2.11643e-43
-2.12542e-43
-2.13434e-43
-2.13791e-43
-2.14145e-43
-2.14497e-43
-2.15378e-43
-2.16252e-43
-2.16589e-43
-2.16924e-43
-2.17256e-43
-2.17585e-43
-2.17912e-43
-2.18236e-43
-2.18558e-43
-2.18877e-43
-2.19193e-43
-2.19506e-43
-2.19816e-43
-2.20124e-43
-2.20429e-43
-2.20731e-43
-2.2103e-43
-2.20795e-43
-2.20032e-43
-2.19273e-43
-2.18521e-43
-2.17774e-43
-2.17032e-43
-2.16296e-43
-2.15567e-43
-2.14843e-43
-2.14125e-43
-2.13413e-43
-2.12707e-43
-2.12008e-43
-2.11315e-43
-2.10628e-43
-2.09948e-43
-2.09804e-43
-2.10193e-43
-2.1058e-43
-2.10966e-43
-2.11349e-43
-2.1173e-43
-2.12109e-43
-2.12486e-43
-2.1286e-43
-2.13763e-43
-2.14659e-43
-2.15017e-43
-2.15373e-43
-2.15727e-43
-2.16077e-43
-2.16425e-43
-2.1677e-43
-2.17112e-43
-2.17451e-43
-2.17787e-43
-2.1812e-43
-2.18449e-43
-2.18776e-43
-2.191e-43
-2.19421e-43
-2.20269e-43
-2.2111e-43
-2.21413e-43
-2.21713e-43
-2.22009e-43
-2.22303e-43
-2.22593e-43
-2.2288e-43
-2.23163e-43
-2.23974e-43
-2.24778e-43
-2.25043e-43
-2.25306e-43
-2.25565e-43
-2.2582e-43
-2.26073e-43
-2.26322e-43
-2.26568e-43
-2.26811e-43
-2.27581e-43
-2.28343e-43
-2.28568e-43
-2.2879e-43
-2.29009e-43
-2.29224e-43
-2.29437e-43
-2.30176e-43
-2.30909e-43
-2.31103e-43
-2.31295e-43
-2.31484e-43
-2.31669e-43
-2.31852e-43
-2.32032e-43
-2.32209e-43
-2.32382e-43
-2.32554e-43
-2.32722e-43
-2.32887e-43
-2.3305e-43
-2.3321e-43
-2.33368e-43
-2.33523e-43
-2.33675e-43
-2.33825e-43
-2.33972e-43
-2.34117e-43
-2.3426e-43
-2.344e-43
-2.34007e-43
-2.33086e-43
-2.32171e-43
-2.31262e-43
-2.30359e-43
-2.29463e-43
-2.28574e-43
-2.27691e-43
-2.26815e-43
-2.25945e-43
-2.25083e-43
-2.24228e-43
-2.23381e-43
-2.2254e-43
-2.21707e-43
-2.20881e-43
-2.20593e-43
-2.2084e-43
-2.20555e-43
-2.20273e-43
-2.20525e-43
-2.20776e-43
-2.21026e-43
-2.21276e-43
-2.21524e-43
-2.21772e-43
-2.21487e-43
-2.21206e-43
-2.21458e-43
-2.21709e-43
-2.21958e-43
-2.22206e-43
-2.22453e-43
-2.22699e-43
-2.22942e-43
-2.23185e-43
-2.23426e-43
-2.23665e-43
-2.23902e-43
-2.23608e-43
-2.23316e-43
-2.23557e-43
-2.23796e-43
-2.24033e-43
-2.24268e-43
-2.24502e-43
-2.24734e-43
-2.24965e-43
-2.25193e-43
-2.25419e-43
-2.25644e-43
-2.25336e-43
-2.25031e-43
-2.25258e-43
-2.24952e-43
-2.2518e-43
-2.26466e-43
-2.27743e-43
-2.29009e-43
-2.30264e-43
-2.30979e-43
-2.31687e-43
-2.3292e-43
-2.33611e-43
-2.34295e-43
-2.35503e-43
-2.3617e-43
-2.3683e-43
-2.38013e-43
-2.39185e-43
-2.40347e-43
-2.41497e-43
-2.42636e-43
-2.43764e-43
-2.44351e-43
-2.4493e-43
-2.46032e-43
-2.47124e-43
-2.47673e-43
-2.47686e-43
-2.47695e-43
-2.47701e-43
-2.47705e-43
-2.47706e-43
-2.47704e-43
-2.477e-43
-2.47163e-43
-2.46629e-43
-2.46626e-43
-2.46622e-43
-2.46085e-43
-2.45021e-43
-2.44493e-43
-2.44499e-43
-2.43973e-43
-2.43449e-43
-2.42929e-43
-2.42412e-43
-2.42428e-43
-2.41913e-43
-2.41402e-43
-2.41424e-43
-2.41446e-43
-2.40936e-43
-2.40431e-43
-2.40459e-43
-2.40486e-43
-2.39983e-43
-2.39484e-43
-2.39518e-43
-2.39022e-43
-2.38e-43
-2.37515e-43
-2.37566e-43
-2.37616e-43
-2.37135e-43
-2.36659e-43
-2.36717e-43
-2.36775e-43
-2.36833e-43
-2.36361e-43
-2.35892e-43
-2.35958e-43
-2.35494e-43
-2.34503e-43
-2.33521e-43
-2.32547e-43
-2.32112e-43
-2.32211e-43
-2.32311e-43
-2.32411e-43
-2.31981e-43
-2.31555e-43
-2.31663e-43
-2.31772e-43
-2.31351e-43
-2.30403e-43
-2.29464e-43
-2.29063e-43
-2.28667e-43
-2.27744e-43
-2.2736e-43
-2.27512e-43
-2.27663e-43
-2.27815e-43
-2.27436e-43
-2.26531e-43
-2.25634e-43
-2.24746e-43
-2.24396e-43
-2.24051e-43
-2.23179e-43
-2.21786e-43
-2.20405e-43
-2.19567e-43
-2.18737e-43
-2.17917e-43
-2.17104e-43
-2.16301e-43
-2.15506e-43
-2.14719e-43
-2.13942e-43
-2.13173e-43
-2.11882e-43
-2.11134e-43
-2.11455e-43
-2.11777e-43
-2.11569e-43
-2.10835e-43
-2.10108e-43
-2.09921e-43
-2.09737e-43
-2.09558e-43
-2.09382e-43
-2.0921e-43
-2.09042e-43
-2.08347e-43
-2.0766e-43
-2.0698e-43
-2.06839e-43
-2.06701e-43
-2.06036e-43
-2.05909e-43
-2.06316e-43
-2.06722e-43
-2.07127e-43
-2.07531e-43
-2.07934e-43
-2.07805e-43
-2.07148e-43
-2.06497e-43
-2.06384e-43
-2.06804e-43
-2.07222e-43
-2.07109e-43
-2.06467e-43
-2.05831e-43
-2.05202e-43
-2.0511e-43
-2.0608e-43
-2.07575e-43
-2.0906e-43
-2.10004e-43
-2.10942e-43
-2.12403e-43
-2.13322e-43
-2.13704e-43
-2.14084e-43
-2.1446e-43
-2.14832e-43
-2.15202e-43
-2.15568e-43
-2.15931e-43
-2.16291e-43
-2.16648e-43
-2.17001e-43
-2.17351e-43
-2.18228e-43
-2.19627e-43
-2.21016e-43
-2.21861e-43
-2.21639e-43
-2.20886e-43
-2.20138e-43
-2.19394e-43
-2.18655e-43
-2.18452e-43
-2.1878e-43
-2.18574e-43
-2.18369e-43
-2.18696e-43
-2.1902e-43
-2.19341e-43
-2.19128e-43
-2.18386e-43
-2.17649e-43
-2.16917e-43
-2.16191e-43
-2.15471e-43
-2.14756e-43
-2.14577e-43
-2.1493e-43
-2.1528e-43
-2.15628e-43
-2.15974e-43
-2.16317e-43
-2.16127e-43
-2.15408e-43
-2.14694e-43
-2.13987e-43
-2.13815e-43
-2.14175e-43
-2.14533e-43
-2.14889e-43
-2.14711e-43
-2.14005e-43
-2.13304e-43
-2.1314e-43
-2.13508e-43
-2.13873e-43
-2.14235e-43
-2.14596e-43
-2.14953e-43
-2.15308e-43
-2.1566e-43
-2.1601e-43
-2.16357e-43
-2.16701e-43
-2.17042e-43
-2.1738e-43
-2.17715e-43
-2.18047e-43
-2.18377e-43
-2.18173e-43
-2.17439e-43
-2.16711e-43
-2.15989e-43
-2.15271e-43
-2.1456e-43
-2.13853e-43
-2.13153e-43
-2.12458e-43
-2.1177e-43
-2.11617e-43
-2.11997e-43
-2.12375e-43
-2.1222e-43
-2.11536e-43
-2.10328e-43
-2.08599e-43
-2.07415e-43
-2.06771e-43
-2.05604e-43
-2.03916e-43
-2.02243e-43
-2.00585e-43
-1.99472e-43
-1.98901e-43
-1.97805e-43
-1.96721e-43
-1.95648e-43
-1.94055e-43
-1.92477e-43
-1.90915e-43
-1.89898e-43
-1.88892e-43
-1.87897e-43
-1.87444e-43
-1.86468e-43
-1.84972e-43
-1.83492e-43
-1.82557e-43
-1.81633e-43
-1.8019e-43
-1.78761e-43
-1.77348e-43
-1.7595e-43
-1.74567e-43
-1.732e-43
-1.71847e-43
-1.70509e-43
-1.69187e-43
-1.6841e-43
-1.67644e-43
-1.66888e-43
-1.66143e-43
-1.64879e-43
-1.63629e-43
-1.62393e-43
-1.61703e-43
-1.61553e-43
-1.61409e-43
-1.61271e-43
-1.61669e-43
-1.62068e-43
-1.62469e-43
-1.62871e-43
-1.62743e-43
-1.6262e-43
-1.62501e-43
-1.62386e-43
-1.62276e-43
-1.6217e-43
-1.62068e-43
-1.6197e-43
-1.62406e-43
-1.62842e-43
-1.62747e-43
-1.62655e-43
-1.62566e-43
-1.6248e-43
-1.62398e-43
-1.62318e-43
-1.61711e-43
-1.6058e-43
-1.59461e-43
-1.58352e-43
-1.57254e-43
-1.56168e-43
-1.55093e-43
-1.54029e-43
-1.53506e-43
-1.53521e-43
-1.53539e-43
-1.53559e-43
-1.53582e-43
-1.53608e-43
-1.53636e-43
-1.53667e-43
-1.53699e-43
-1.53734e-43
-1.54301e-43
-1.54866e-43
-1.54898e-43
-1.54932e-43
-1.54967e-43
-1.55003e-43
-1.55041e-43
-1.55611e-43
-1.56178e-43
-1.56211e-43
-1.56245e-43
-1.5628e-43
-1.56316e-43
-1.56353e-43
-1.56921e-43
-1.57486e-43
-1.57516e-43
-1.57547e-43
-1.57579e-43
-1.57611e-43
-1.57643e-43
-1.57676e-43
-1.57709e-43
-1.57742e-43
-1.57776e-43
-1.5781e-43
-1.57844e-43
-1.57878e-43
-1.57912e-43
-1.57947e-43
-1.57982e-43
-1.58016e-43
-1.58051e-43
-1.58086e-43
-1.58121e-43
-1.58156e-43
-1.58191e-43
-1.58226e-43
-1.58261e-43
-1.58297e-43
-1.58331e-43
-1.58366e-43
-1.58401e-43
-1.58436e-43
-1.58471e-43
-1.58505e-43
-1.58009e-43
-1.56987e-43
-1.55972e-43
-1.54966e-43
-1.53969e-43
-1.5298e-43
-1.51469e-43
-1.50501e-43
-1.50602e-43
-1.50705e-43
-1.50808e-43
-1.50911e-43
-1.51015e-43
-1.51119e-43
-1.51223e-43
-1.51328e-43
-1.51432e-43
-1.51537e-43
-1.51642e-43
-1.51747e-43
-1.51852e-43
-1.51427e-43
-1.51005e-43
-1.51118e-43
-1.51231e-43
-1.51344e-43
-1.51456e-43
-1.51569e-43
-1.51681e-43
-1.51793e-43
-1.51904e-43
-1.52015e-43
-1.52126e-43
-1.51706e-43
-1.51289e-43
-1.51407e-43
-1.50994e-43
-1.50584e-43
-1.51239e-43
-1.5242e-43
-1.53593e-43
-1.54756e-43
-1.55911e-43
-1.57056e-43
-1.58192e-43
-1.59318e-43
-1.60435e-43
-1.61543e-43
-1.6264e-43
-1.63728e-43
-1.64806e-43
-1.65874e-43
-1.66932e-43
-1.6798e-43
-1.69018e-43
-1.70046e-43
-1.71063e-43
-1.72071e-43
-1.72537e-43
-1.72998e-43
-1.73982e-43
-1.73896e-43
-1.73277e-43
-1.73191e-43
-1.73103e-43
-1.72484e-43
-1.71336e-43
-1.70726e-43
-1.70649e-43
-1.71102e-43
-1.7208e-43
-1.73049e-43
-1.73478e-43
-1.73372e-43
-1.73796e-43
-1.74745e-43
-1.75685e-43
-1.76615e-43
-1.77537e-43
-1.77919e-43
-1.78295e-43
-1.79198e-43
-1.80091e-43
-1.80974e-43
-1.81319e-43
-1.81128e-43
-1.81466e-43
-1.8233e-43
-1.82654e-43
-1.82444e-43
-1.82763e-43
-1.83607e-43
-1.84443e-43
-1.8527e-43
-1.85558e-43
-1.85842e-43
-1.86651e-43
-1.86921e-43
-1.86657e-43
-1.86922e-43
-1.88244e-43
-1.89553e-43
-1.9085e-43
-1.92665e-43
-1.94463e-43
-1.95713e-43
-1.96951e-43
-1.98706e-43
-2.00444e-43
-2.01635e-43
-2.02282e-43
-2.03451e-43
-2.05137e-43
-2.06276e-43
-2.07402e-43
-2.09045e-43
-2.10672e-43
-2.12281e-43
-2.13343e-43
-2.14392e-43
-2.15958e-43
-2.16978e-43
-2.17984e-43
-2.19508e-43
-2.20485e-43
-2.20389e-43
-2.20288e-43
-2.20713e-43
-2.20601e-43
-2.19954e-43
-2.19838e-43
-2.20249e-43
-2.20122e-43
-2.19463e-43
-2.19335e-43
-2.19734e-43
-2.19597e-43
-2.18927e-43
-2.1879e-43
-2.19181e-43
-2.19566e-43
-2.19945e-43
-2.20319e-43
-2.20156e-43
-2.19462e-43
-2.1877e-43
-2.18612e-43
-2.18983e-43
-2.19349e-43
-2.1971e-43
-2.19535e-43
-2.1883e-43
-2.18128e-43
-2.1796e-43
-2.17792e-43
-2.17093e-43
-2.16398e-43
-2.16238e-43
-2.16608e-43
-2.16974e-43
-2.16806e-43
-2.16108e-43
-2.15944e-43
-2.16311e-43
-2.16675e-43
-2.16504e-43
-2.15804e-43
-2.15638e-43
-2.16004e-43
-2.15836e-43
-2.15138e-43
-2.14444e-43
-2.14286e-43
-2.14129e-43
-2.13443e-43
-2.13292e-43
-2.13672e-43
-2.13519e-43
-2.12837e-43
-2.12159e-43
-2.11487e-43
-2.11351e-43
-2.11216e-43
-2.10552e-43
-2.10424e-43
-2.10828e-43
-2.10698e-43
-2.1004e-43
-2.08856e-43
-2.07682e-43
-2.06518e-43
-2.04833e-43
-2.03693e-43
-2.03093e-43
-2.01969e-43
-2.00325e-43
-1.99226e-43
-1.98667e-43
-1.97585e-43
-1.95982e-43
-1.94925e-43
-1.94408e-43
-1.93368e-43
-1.91808e-43
-1.90262e-43
-1.89262e-43
-1.88803e-43
-1.8782e-43
-1.86318e-43
-1.8483e-43
-1.83357e-43
-1.8243e-43
-1.82043e-43
-1.81664e-43
-1.81291e-43
-1.80924e-43
-1.80033e-43
-1.78623e-43
-1.77227e-43
-1.75845e-43
-1.74478e-43
-1.73125e-43
-1.72317e-43
-1.7152e-43
-1.70202e-43
-1.68899e-43
-1.6761e-43
-1.66866e-43
-1.66663e-43
-1.66466e-43
-1.65744e-43
-1.64501e-43
-1.63272e-43
-1.62057e-43
-1.60856e-43
-1.60199e-43
-1.60082e-43
-1.5944e-43
-1.58277e-43
-1.57127e-43
-1.56521e-43
-1.56454e-43
-1.55862e-43
-1.54748e-43
-1.53648e-43
-1.5309e-43
-1.53072e-43
-1.52527e-43
-1.51461e-43
-1.50407e-43
-1.49895e-43
-1.49392e-43
-1.48897e-43
-1.4841e-43
-1.4687e-43
-1.44816e-43
-1.42781e-43
-1.40767e-43
-1.39304e-43
-1.38387e-43
-1.38012e-43
-1.38176e-43
-1.37813e-43
-1.36927e-43
-1.36053e-43
-1.3572e-43
-1.35394e-43
-1.34545e-43
-1.33707e-43
-1.3288e-43
-1.32063e-43
-1.31258e-43
-1.30993e-43
-1.30735e-43
-1.29953e-43
-1.29181e-43
-1.2895e-43
-1.29255e-43
-1.29561e-43
-1.2987e-43
-1.30179e-43
-1.3049e-43
-1.30802e-43
-1.30584e-43
-1.29841e-43
-1.29106e-43
-1.2838e-43
-1.27662e-43
-1.26954e-43
-1.26253e-43
-1.26092e-43
-1.26466e-43
-1.2737e-43
-1.288e-43
-1.29692e-43
-1.30579e-43
-1.31461e-43
-1.31808e-43
-1.32154e-43
-1.32498e-43
-1.32841e-43
-1.33183e-43
-1.33523e-43
-1.33862e-43
-1.34199e-43
-1.35065e-43
-1.35924e-43
-1.36248e-43
-1.36569e-43
-1.36888e-43
-1.37205e-43
-1.3752e-43
-1.38362e-43
-1.39199e-43
-1.39498e-43
-1.39795e-43
-1.40089e-43
-1.4038e-43
-1.40139e-43
-1.39369e-43
-1.38604e-43
-1.37845e-43
-1.37092e-43
-1.36345e-43
-1.35603e-43
-1.34868e-43
-1.34139e-43
-1.33417e-43
-1.327e-43
-1.3199e-43
-1.31817e-43
-1.31646e-43
-1.30947e-43
-1.30255e-43
-1.29568e-43
-1.28889e-43
-1.28746e-43
-1.28606e-43
-1.27938e-43
-1.27276e-43
-1.26621e-43
-1.25972e-43
-1.2533e-43
-1.24694e-43
-1.24065e-43
-1.23443e-43
-1.22827e-43
-1.22218e-43
-1.21615e-43
-1.21019e-43
-1.2043e-43
-1.19847e-43
-1.19271e-43
-1.18701e-43
-1.18138e-43
-1.18111e-43
-1.18618e-43
-1.19123e-43
-1.19625e-43
-1.20126e-43
-1.20624e-43
-1.2112e-43
-1.21614e-43
-1.22105e-43
-1.22593e-43
-1.23078e-43
-1.2356e-43
-1.2404e-43
-1.24516e-43
-1.24989e-43
-1.25459e-43
-1.25926e-43
-1.26389e-43
-1.26849e-43
-1.27305e-43
-1.27757e-43
-1.28206e-43
-1.28651e-43
-1.29093e-43
-1.29531e-43
-1.29964e-43
-1.30394e-43
-1.30821e-43
-1.31243e-43
-1.31661e-43
-1.31545e-43
-1.30899e-43
-1.30257e-43
-1.30149e-43
-1.30573e-43
-1.30993e-43
-1.31409e-43
-1.31821e-43
-1.3223e-43
-1.32634e-43
-1.33035e-43
-1.33432e-43
-1.33825e-43
-1.34214e-43
-1.346e-43
-1.34981e-43
-1.35358e-43
-1.35732e-43
-1.36102e-43
-1.36467e-43
-1.36829e-43
-1.37187e-43
-1.3701e-43
-1.36303e-43
-1.36131e-43
-1.35959e-43
-1.35258e-43
-1.34561e-43
-1.34399e-43
-1.34768e-43
-1.35134e-43
-1.35497e-43
-1.35325e-43
-1.34624e-43
-1.33928e-43
-1.33237e-43
-1.32551e-43
-1.32401e-43
-1.32782e-43
-1.3316e-43
-1.33535e-43
-1.33907e-43
-1.34276e-43
-1.34642e-43
-1.35004e-43
-1.35364e-43
-1.3572e-43
-1.36073e-43
-1.36423e-43
-1.3677e-43
-1.36582e-43
-1.35866e-43
-1.35684e-43
-1.36034e-43
-1.36381e-43
-1.36725e-43
-1.37065e-43
-1.37402e-43
-1.37736e-43
-1.38067e-43
-1.37865e-43
-1.37132e-43
-1.36936e-43
-1.3727e-43
-1.37602e-43
-1.3793e-43
-1.38256e-43
-1.38578e-43
-1.38367e-43
-1.37626e-43
-1.36891e-43
-1.36161e-43
-1.35436e-43
-1.34186e-43
-1.32416e-43
-1.30659e-43
-1.28917e-43
-1.27189e-43
-1.25475e-43
-1.23776e-43
-1.22092e-43
-1.20954e-43
-1.20356e-43
-1.19766e-43
-1.19182e-43
-1.18606e-43
-1.18036e-43
-1.17473e-43
-1.16917e-43
-1.16367e-43
-1.15825e-43
-1.15288e-43
-1.14759e-43
-1.14236e-43
-1.1372e-43
-1.1268e-43
-1.1112e-43
-1.10105e-43
-1.09632e-43
-1.09165e-43
-1.08704e-43
-1.0825e-43
-1.07802e-43
-1.07361e-43
-1.06926e-43
-1.05967e-43
-1.05548e-43
-1.06196e-43
-1.06312e-43
-1.05899e-43
-1.05492e-43
-1.05622e-43
-1.06283e-43
-1.0641e-43
-1.06009e-43
-1.06144e-43
-1.06809e-43
-1.06942e-43
-1.06545e-43
-1.06683e-43
-1.07352e-43
-1.07487e-43
-1.07623e-43
-1.07759e-43
-1.07365e-43
-1.07506e-43
-1.08177e-43
-1.08845e-43
-1.08977e-43
-1.0911e-43
-1.09773e-43
-1.09902e-43
-1.1003e-43
-1.10158e-43
-1.09755e-43
-1.09355e-43
-1.0949e-43
-1.09624e-43
-1.09758e-43
-1.09892e-43
-1.08964e-43
-1.08574e-43
-1.09248e-43
-1.09918e-43
-1.10584e-43
-1.11244e-43
-1.1137e-43
-1.10964e-43
-1.11092e-43
-1.11749e-43
-1.12401e-43
-1.13049e-43
-1.13691e-43
-1.13798e-43
-1.13373e-43
-1.12951e-43
-1.12532e-43
-1.12116e-43
-1.12234e-43
-1.12351e-43
-1.12466e-43
-1.12581e-43
-1.12695e-43
-1.12808e-43
-1.1292e-43
-1.13032e-43
-1.12611e-43
-1.12194e-43
-1.1231e-43
-1.12956e-43
-1.13597e-43
-1.14233e-43
-1.14333e-43
-1.14432e-43
-1.1506e-43
-1.15153e-43
-1.14714e-43
-1.14808e-43
-1.15432e-43
-1.16051e-43
-1.16664e-43
-1.17802e-43
-1.18931e-43
-1.2005e-43
-1.2169e-43
-1.22786e-43
-1.23341e-43
-1.23891e-43
-1.24434e-43
-1.25502e-43
-1.2656e-43
-1.27608e-43
-1.29176e-43
-1.302e-43
-1.30682e-43
-1.3169e-43
-1.33217e-43
-1.3473e-43
-1.36228e-43
-1.37712e-43
-1.39181e-43
-1.40636e-43
