Vec Object: Vec_0x55c3e49969c0_0 1 MPI process
  type: seq
1.
0.999826
0.999653
0.999479
0.999306
0.999132
0.998958
0.998785
0.998611
0.998438
0.998264
0.99809
0.997917
0.997743
0.99757
0.997396
0.997222
0.997049
0.996875
0.996701
0.996528
0.996354
0.996181
0.996007
0.995833
0.99566
0.995486
0.995312
0.995139
0.994965
0.994792
0.994618
0.994444
0.994271
0.994097
0.993923
0.99375
0.993576
0.993402
0.993229
0.993055
0.992881
0.992708
0.992534
0.99236
0.992187
0.992013
0.991839
0.991666
0.991492
0.991318
0.991145
0.990971
0.990797
0.990624
0.99045
0.990276
0.990103
0.989929
0.989755
0.989582
0.989408
0.989234
0.989061
0.988887
0.988713
0.98854
0.988366
0.988192
0.988018
0.987845
0.987671
0.987497
0.987324
0.98715
0.986976
0.986802
0.986629
0.986455
0.986281
0.986108
0.985934
0.98576
0.985586
0.985413
0.985239
0.985065
0.984891
0.984718
0.984544
0.98437
0.984197
0.984023
0.983849
0.983675
0.983502
0.983328
0.983154
0.98298
0.982807
0.982633
0.982459
0.982285
0.982112
0.981938
0.981764
0.98159
0.981416
0.981243
0.981069
0.980895
0.980721
0.980548
0.980374
0.9802
0.980026
0.979852
0.979679
0.979505
0.979331
0.979157
0.978984
0.97881
0.978636
0.978462
0.978288
0.978115
0.977941
0.977767
0.977593
0.977419
0.977245
0.977072
0.976898
0.976724
0.97655
0.976376
0.976203
0.976029
0.975855
0.975681
0.975507
0.975333
0.97516
0.974986
0.974812
0.974638
0.974464
0.97429
0.974117
0.973943
0.973769
0.973595
0.973421
0.973247
0.973073
0.9729
0.972726
0.972552
0.972378
0.972204
0.97203
0.971856
0.971682
0.971509
0.971335
0.971161
0.970987
0.970813
0.970639
0.970465
0.970291
0.970118
0.969944
0.96977
0.969596
0.969422
0.969248
0.969074
0.9689
0.968726
0.968552
0.968378
0.968205
0.968031
0.967857
0.967683
0.967509
0.967335
0.967161
0.966987
0.966813
0.966639
0.966465
0.966291
0.966117
0.965943
0.96577
0.965596
0.965422
0.965248
0.965074
0.9649
0.964726
0.964552
0.964378
0.964204
0.96403
0.963856
0.963682
0.963508
0.963334
0.96316
0.962986
0.962812
0.962638
0.962464
0.96229
0.962116
0.961942
0.961768
0.961594
0.96142
0.961246
0.961072
0.960898
0.960724
0.96055
0.960376
0.960202
0.960028
0.959854
0.95968
0.959506
0.959332
0.959158
0.958984
0.95881
0.958636
0.958462
0.958288
0.958114
0.95794
0.957766
0.957592
0.957418
0.957244
0.95707
0.956896
0.956722
0.956547
0.956373
0.956199
0.956025
0.955851
0.955677
0.955503
0.955329
0.955155
0.954981
0.954807
0.954633
0.954459
0.954284
0.95411
0.953936
0.953762
0.953588
0.953414
0.95324
0.953066
0.952892
0.952718
0.952543
0.952369
0.952195
0.952021
0.951847
0.951673
0.951499
0.951325
0.95115
0.950976
0.950802
0.950628
0.950454
0.95028
0.950106
0.949931
0.949757
0.949583
0.949409
0.949235
0.949061
0.948886
0.948712
0.948538
0.948364
0.94819
0.948016
0.947841
0.947667
0.947493
0.947319
0.947145
0.946971
0.946796
0.946622
0.946448
0.946274
0.9461
0.945925
0.945751
0.945577
0.945403
0.945228
0.945054
0.94488
0.944706
0.944532
0.944357
0.944183
0.944009
0.943835
0.94366
0.943486
0.943312
0.943138
0.942963
0.942789
0.942615
0.942441
0.942266
0.942092
0.941918
0.941744
0.941569
0.941395
0.941221
0.941046
0.940872
0.940698
0.940524
0.940349
0.940175
0.940001
0.939826
0.939652
0.939478
0.939303
0.939129
0.938955
0.938781
0.938606
0.938432
0.938258
0.938083
0.937909
0.937735
0.93756
0.937386
0.937212
0.937037
0.936863
0.936689
0.936514
0.93634
0.936165
0.935991
0.935817
0.935642
0.935468
0.935294
0.935119
0.934945
0.934771
0.934596
0.934422
0.934247
0.934073
0.933899
0.933724
0.93355
0.933375
0.933201
0.933027
0.932852
0.932678
0.932503
0.932329
0.932154
0.93198
0.931806
0.931631
0.931457
0.931282
0.931108
0.930933
0.930759
0.930585
0.93041
0.930236
0.930061
0.929887
0.929712
0.929538
0.929363
0.929189
0.929014
0.92884
0.928665
0.928491
0.928316
0.928142
0.927967
0.927793
0.927618
0.927444
0.927269
0.927095
0.92692
0.926746
0.926571
0.926397
0.926222
0.926048
0.925873
0.925699
0.925524
0.92535
0.925175
0.925001
0.924826
0.924651
0.924477
0.924302
0.924128
0.923953
0.923779
0.923604
0.923429
0.923255
0.92308
0.922906
0.922731
0.922557
0.922382
0.922207
0.922033
0.921858
0.921684
0.921509
0.921334
0.92116
0.920985
0.92081
0.920636
0.920461
0.920287
0.920112
0.919937
0.919763
0.919588
0.919413
0.919239
0.919064
0.918889
0.918715
0.91854
0.918365
0.918191
0.918016
0.917841
0.917667
0.917492
0.917317
0.917143
0.916968
0.916793
0.916618
0.916444
0.916269
0.916094
0.91592
0.915745
0.91557
0.915395
0.915221
0.915046
0.914871
0.914696
0.914522
0.914347
0.914172
0.913997
0.913823
0.913648
0.913473
0.913298
0.913124
0.912949
0.912774
0.912599
0.912424
0.91225
0.912075
0.9119
0.911725
0.91155
0.911376
0.911201
0.911026
0.910851
0.910676
0.910502
0.910327
0.910152
0.909977
0.909802
0.909627
0.909452
0.909278
0.909103
0.908928
0.908753
0.908578
0.908403
0.908228
0.908054
0.907879
0.907704
0.907529
0.907354
0.907179
0.907004
0.906829
0.906654
0.906479
0.906305
0.90613
0.905955
0.90578
0.905605
0.90543
0.905255
0.90508
0.904905
0.90473
0.904555
0.90438
0.904205
0.90403
0.903855
0.90368
0.903505
0.90333
0.903155
0.90298
0.902805
0.90263
0.902455
0.90228
0.902105
0.90193
0.901755
0.90158
0.901405
0.90123
0.901055
0.90088
0.900705
0.90053
0.900355
0.90018
0.900005
0.89983
0.899655
0.89948
0.899305
0.899129
0.898954
0.898779
0.898604
0.898429
0.898254
0.898079
0.897904
0.897729
0.897554
0.897378
0.897203
0.897028
0.896853
0.896678
0.896503
0.896328
0.896152
0.895977
0.895802
0.895627
0.895452
0.895277
0.895101
0.894926
0.894751
0.894576
0.894401
0.894225
0.89405
0.893875
0.8937
0.893525
0.893349
0.893174
0.892999
0.892824
0.892648
0.892473
0.892298
0.892123
0.891947
0.891772
0.891597
0.891422
0.891246
0.891071
0.890896
0.890721
0.890545
0.89037
0.890195
0.890019
0.889844
0.889669
0.889493
0.889318
0.889143
0.888967
0.888792
0.888617
0.888441
0.888266
0.888091
0.887915
0.88774
0.887565
0.887389
0.887214
0.887038
0.886863
0.886688
0.886512
0.886337
0.886161
0.885986
0.885811
0.885635
0.88546
0.885284
0.885109
0.884933
0.884758
0.884582
0.884407
0.884232
0.884056
0.883881
0.883705
0.88353
0.883354
0.883179
0.883003
0.882828
0.882652
0.882477
0.882301
0.882126
0.88195
0.881775
0.881599
0.881423
0.881248
0.881072
0.880897
0.880721
0.880546
0.88037
0.880195
0.880019
0.879843
0.879668
0.879492
0.879317
0.879141
0.878965
0.87879
0.878614
0.878438
0.878263
0.878087
0.877912
0.877736
0.87756
0.877385
0.877209
0.877033
0.876858
0.876682
0.876506
0.876331
0.876155
0.875979
0.875803
0.875628
0.875452
0.875276
0.875101
0.874925
0.874749
0.874573
0.874398
0.874222
0.874046
0.87387
0.873694
0.873519
0.873343
0.873167
0.872991
0.872816
0.87264
0.872464
0.872288
0.872112
0.871936
0.871761
0.871585
0.871409
0.871233
0.871057
0.870881
0.870705
0.87053
0.870354
0.870178
0.870002
0.869826
0.86965
0.869474
0.869298
0.869122
0.868946
0.868771
0.868595
0.868419
0.868243
0.868067
0.867891
0.867715
0.867539
0.867363
0.867187
0.867011
0.866835
0.866659
0.866483
0.866307
0.866131
0.865955
0.865779
0.865603
0.865427
0.865251
0.865075
0.864898
0.864722
0.864546
0.86437
0.864194
0.864018
0.863842
0.863666
0.86349
0.863314
0.863138
0.862961
0.862785
0.862609
0.862433
0.862257
0.862081
0.861904
0.861728
0.861552
0.861376
0.8612
0.861024
0.860847
0.860671
0.860495
0.860319
0.860142
0.859966
0.85979
0.859614
0.859437
0.859261
0.859085
0.858909
0.858732
0.858556
0.85838
0.858203
0.858027
0.857851
0.857674
0.857498
0.857322
0.857145
0.856969
0.856793
0.856616
0.85644
0.856264
0.856087
0.855911
0.855734
0.855558
0.855382
0.855205
0.855029
0.854852
0.854676
0.854499
0.854323
0.854146
0.85397
0.853794
0.853617
0.853441
0.853264
0.853088
0.852911
0.852735
0.852558
0.852381
0.852205
0.852028
0.851852
0.851675
0.851499
0.851322
0.851146
0.850969
0.850792
0.850616
0.850439
0.850263
0.850086
0.849909
0.849733
0.849556
0.849379
0.849203
0.849026
0.848849
0.848673
0.848496
0.848319
0.848142
0.847966
0.847789
0.847612
0.847436
0.847259
0.847082
0.846905
0.846729
0.846552
0.846375
0.846198
0.846021
0.845845
0.845668
0.845491
0.845314
0.845137
0.84496
0.844784
0.844607
0.84443
0.844253
0.844076
0.843899
0.843722
0.843545
0.843368
0.843191
0.843015
0.842838
0.842661
0.842484
0.842307
0.84213
0.841953
0.841776
0.841599
0.841422
0.841245
0.841068
0.840891
0.840714
0.840537
0.840359
0.840182
0.840005
0.839828
0.839651
0.839474
0.839297
0.83912
0.838943
0.838766
0.838588
0.838411
0.838234
0.838057
0.83788
0.837703
0.837525
0.837348
0.837171
0.836994
0.836816
0.836639
0.836462
0.836285
0.836107
0.83593
0.835753
0.835576
0.835398
0.835221
0.835044
0.834866
0.834689
0.834512
0.834334
0.834157
0.833979
0.833802
0.833625
0.833447
0.83327
0.833092
0.832915
0.832738
0.83256
0.832383
0.832205
0.832028
0.83185
0.831673
0.831495
0.831318
0.83114
0.830963
0.830785
0.830608
0.83043
0.830252
0.830075
0.829897
0.82972
0.829542
0.829364
0.829187
0.829009
0.828831
0.828654
0.828476
0.828298
0.828121
0.827943
0.827765
0.827588
0.82741
0.827232
0.827054
0.826877
0.826699
0.826521
0.826343
0.826165
0.825988
0.82581
0.825632
0.825454
0.825276
0.825098
0.82492
0.824743
0.824565
0.824387
0.824209
0.824031
0.823853
0.823675
0.823497
0.823319
0.823141
0.822963
0.822785
0.822607
0.822429
0.822251
0.822073
0.821895
0.821717
0.821539
0.821361
0.821183
0.821004
0.820826
0.820648
0.82047
0.820292
0.820114
0.819935
0.819757
0.819579
0.819401
0.819223
0.819044
0.818866
0.818688
0.81851
0.818331
0.818153
0.817975
0.817796
0.817618
0.81744
0.817261
0.817083
0.816905
0.816726
0.816548
0.816369
0.816191
0.816012
0.815834
0.815656
0.815477
0.815299
0.81512
0.814942
0.814763
0.814584
0.814406
0.814227
0.814049
0.81387
0.813692
0.813513
0.813334
0.813156
0.812977
0.812798
0.81262
0.812441
0.812262
0.812084
0.811905
0.811726
0.811547
0.811369
0.81119
0.811011
0.810832
0.810653
0.810475
0.810296
0.810117
0.809938
0.809759
0.80958
0.809401
0.809222
0.809043
0.808864
0.808685
0.808506
0.808327
0.808148
0.807969
0.80779
0.807611
0.807432
0.807253
0.807074
0.806895
0.806716
0.806537
0.806358
0.806178
0.805999
0.80582
0.805641
0.805462
0.805282
0.805103
0.804924
0.804744
0.804565
0.804386
0.804207
0.804027
0.803848
0.803668
0.803489
0.80331
0.80313
0.802951
0.802771
0.802592
0.802412
0.802233
0.802053
0.801874
0.801694
0.801515
0.801335
0.801156
0.800976
0.800796
0.800617
0.800437
0.800257
0.800078
0.799898
0.799718
0.799539
0.799359
0.799179
0.798999
0.79882
0.79864
0.79846
0.79828
0.7981
0.79792
0.79774
0.79756
0.797381
0.797201
0.797021
0.796841
0.796661
0.796481
0.796301
0.796121
0.79594
0.79576
0.79558
0.7954
0.79522
0.79504
0.79486
0.79468
0.794499
0.794319
0.794139
0.793959
0.793778
0.793598
0.793418
0.793237
0.793057
0.792877
0.792696
0.792516
0.792335
0.792155
0.791974
0.791794
0.791613
0.791433
0.791252
0.791072
0.790891
0.790711
0.79053
0.790349
0.790169
0.789988
0.789807
0.789627
0.789446
0.789265
0.789084
0.788904
0.788723
0.788542
0.788361
0.78818
0.787999
0.787818
0.787637
0.787456
0.787275
0.787094
0.786913
0.786732
0.786551
0.78637
0.786189
0.786008
0.785827
0.785646
0.785464
0.785283
0.785102
0.784921
0.784739
0.784558
0.784377
0.784196
0.784014
0.783833
0.783651
0.78347
0.783288
0.783107
0.782925
0.782744
0.782562
0.782381
0.782199
0.782018
0.781836
0.781654
0.781473
0.781291
0.781109
0.780927
0.780746
0.780564
0.780382
0.7802
0.780018
0.779836
0.779654
0.779472
0.77929
0.779108
0.778926
0.778744
0.778562
0.77838
0.778198
0.778016
0.777833
0.777651
0.777469
0.777287
0.777104
0.776922
0.77674
0.776557
0.776375
0.776193
0.77601
0.775828
0.775645
0.775463
0.77528
0.775097
0.774915
0.774732
0.774549
0.774367
0.774184
0.774001
0.773818
0.773636
0.773453
0.77327
0.773087
0.772904
0.772721
0.772538
0.772355
0.772172
0.771989
0.771806
0.771623
0.771439
0.771256
0.771073
0.77089
0.770706
0.770523
0.77034
0.770156
0.769973
0.769789
0.769606
0.769422
0.769239
0.769055
0.768871
0.768688
0.768504
0.76832
0.768137
0.767953
0.767769
0.767585
0.767401
0.767217
0.767033
0.766849
0.766665
0.766481
0.766297
0.766113
0.765929
0.765745
0.76556
0.765376
0.765192
0.765007
0.764823
0.764638
0.764454
0.764269
0.764085
0.7639
0.763716
0.763531
0.763346
0.763162
0.762977
0.762792
0.762607
0.762422
0.762237
0.762052
0.761867
0.761682
0.761497
0.761312
0.761127
0.760942
0.760756
0.760571
0.760386
0.7602
0.760015
0.759829
0.759644
0.759458
0.759272
0.759087
0.758901
0.758715
0.75853
0.758344
0.758158
0.757972
0.757786
0.7576
0.757414
0.757228
0.757041
0.756855
0.756669
0.756483
0.756296
0.75611
0.755923
0.755737
0.75555
0.755364
0.755177
0.75499
0.754804
0.754617
0.75443
0.754243
0.754056
0.753869
0.753682
0.753495
0.753308
0.75312
0.752933
0.752746
0.752558
0.752371
0.752183
0.751996
0.751808
0.75162
0.751433
0.751245
0.751057
0.750869
0.750681
0.750493
0.750305
0.750117
0.749928
0.74974
0.749552
0.749363
0.749175
0.748986
0.748798
0.748609
0.74842
0.748232
0.748043
0.747854
0.747665
0.747476
0.747287
0.747097
0.746908
0.746719
0.746529
0.74634
0.74615
0.745961
0.745771
0.745581
0.745391
0.745202
0.745012
0.744822
0.744631
0.744441
0.744251
0.744061
0.74387
0.74368
0.743489
0.743299
0.743108
0.742917
0.742726
0.742535
0.742344
0.742153
0.741962
0.741771
0.741579
0.741388
0.741196
0.741005
0.740813
0.740621
0.740429
0.740237
0.740045
0.739853
0.739661
0.739469
0.739276
0.739084
0.738891
0.738699
0.738506
0.738313
0.73812
0.737927
0.737734
0.737541
0.737348
0.737154
0.736961
0.736767
0.736574
0.73638
0.736186
0.735992
0.735798
0.735604
0.73541
0.735215
0.735021
0.734826
0.734632
0.734437
0.734242
0.734047
0.733852
0.733657
0.733462
0.733266
0.733071
0.732875
0.73268
0.732484
0.732288
0.732092
0.731896
0.7317
0.731503
0.731307
0.73111
0.730914
0.730717
0.73052
0.730323
0.730126
0.729929
0.729732
0.729534
0.729337
0.729139
0.728941
0.728743
0.728545
0.728347
0.728149
0.727951
0.727752
0.727554
0.727355
0.727156
0.726957
0.726758
0.726559
0.72636
0.72616
0.725961
0.725761
0.725562
0.725362
0.725162
0.724962
0.724761
0.724561
0.724361
0.72416
0.723959
0.723758
0.723557
0.723356
0.723155
0.722954
0.722752
0.722551
0.722349
0.722147
0.721945
0.721743
0.721541
0.721338
0.721136
0.720933
0.720731
0.720528
0.720325
0.720122
0.719918
0.719715
0.719512
0.719308
0.719104
0.7189
0.718696
0.718492
0.718288
0.718083
0.717879
0.717674
0.717469
0.717265
0.717059
0.716854
0.716649
0.716443
0.716238
0.716032
0.715826
0.71562
0.715414
0.715208
0.715002
0.714795
0.714588
0.714382
0.714175
0.713968
0.71376
0.713553
0.713346
0.713138
0.71293
0.712722
0.712514
0.712306
0.712098
0.71189
0.711681
0.711472
0.711264
0.711055
0.710845
0.710636
0.710427
0.710217
0.710008
0.709798
0.709588
0.709378
0.709168
0.708957
0.708747
0.708536
0.708326
0.708115
0.707904
0.707693
0.707481
0.70727
0.707058
0.706846
0.706635
0.706423
0.70621
0.705998
0.705786
0.705573
0.705361
0.705148
0.704935
0.704722
0.704508
0.704295
0.704081
0.703868
0.703654
0.70344
0.703226
0.703011
0.702797
0.702582
0.702368
0.702153
0.701938
0.701723
0.701508
0.701292
0.701077
0.700861
0.700645
0.700429
0.700213
0.699997
0.69978
0.699564
0.699347
0.69913
0.698913
0.698696
0.698479
0.698261
0.698044
0.697826
0.697608
0.69739
0.697172
0.696954
0.696735
0.696517
0.696298
0.696079
0.69586
0.695641
0.695422
0.695202
0.694983
0.694763
0.694543
0.694323
0.694103
0.693883
0.693662
0.693441
0.693221
0.693
0.692779
0.692557
0.692336
0.692114
0.691893
0.691671
0.691449
0.691227
0.691005
0.690782
0.69056
0.690337
0.690114
0.689891
0.689668
0.689445
0.689221
0.688998
0.688774
0.68855
0.688326
0.688102
0.687877
0.687653
0.687428
0.687203
0.686978
0.686753
0.686528
0.686303
0.686077
0.685851
0.685625
0.685399
0.685173
0.684947
0.684721
0.684494
0.684267
0.68404
0.683813
0.683586
0.683359
0.683131
0.682903
0.682675
0.682447
0.682219
0.681991
0.681763
0.681534
0.681305
0.681076
0.680847
0.680618
0.680389
0.680159
0.679929
0.6797
0.67947
0.679239
0.679009
0.678779
0.678548
0.678317
0.678086
0.677855
0.677624
0.677393
0.677161
0.67693
0.676698
0.676466
0.676234
0.676001
0.675769
0.675536
0.675303
0.67507
0.674837
0.674604
0.674371
0.674137
0.673903
0.673669
0.673435
0.673201
0.672967
0.672732
0.672498
0.672263
0.672028
0.671793
0.671558
0.671322
0.671086
0.670851
0.670615
0.670379
0.670142
0.669906
0.669669
0.669433
0.669196
0.668959
0.668722
0.668484
0.668247
0.668009
0.667771
0.667533
0.667295
0.667057
0.666818
0.66658
0.666341
0.666102
0.665863
0.665623
0.665384
0.665144
0.664905
0.664665
0.664425
0.664184
0.663944
0.663703
0.663463
0.663222
0.662981
0.66274
0.662498
0.662257
0.662015
0.661773
0.661531
0.661289
0.661046
0.660804
0.660561
0.660318
0.660075
0.659832
0.659589
0.659345
0.659102
0.658858
0.658614
0.65837
0.658125
0.657881
0.657636
0.657392
0.657147
0.656901
0.656656
0.656411
0.656165
0.655919
0.655673
0.655427
0.655181
0.654934
0.654688
0.654441
0.654194
0.653947
0.6537
0.653452
0.653205
0.652957
0.652709
0.652461
0.652212
0.651964
0.651715
0.651467
0.651218
0.650968
0.650719
0.65047
0.65022
0.64997
0.64972
0.64947
0.64922
0.648969
0.648719
0.648468
0.648217
0.647966
0.647715
0.647463
0.647212
0.64696
0.646708
0.646456
0.646203
0.645951
0.645698
0.645445
0.645192
0.644939
0.644686
0.644432
0.644179
0.643925
0.643671
0.643417
0.643162
0.642908
0.642653
0.642398
0.642143
0.641888
0.641632
0.641377
0.641121
0.640865
0.640609
0.640353
0.640096
0.63984
0.639583
0.639326
0.639069
0.638812
0.638554
0.638297
0.638039
0.637781
0.637523
0.637264
0.637006
0.636747
0.636488
0.636229
0.63597
0.635711
0.635451
0.635192
0.634932
0.634672
0.634411
0.634151
0.633891
0.63363
0.633369
0.633108
0.632846
0.632585
0.632323
0.632062
0.6318
0.631537
0.631275
0.631013
0.63075
0.630487
0.630224
0.629961
0.629697
0.629434
0.62917
0.628906
0.628642
0.628378
0.628113
0.627849
0.627584
0.627319
0.627054
0.626788
0.626523
0.626257
0.625991
0.625725
0.625459
0.625193
0.624926
0.624659
0.624392
0.624125
0.623858
0.62359
0.623323
0.623055
0.622787
0.622519
0.62225
0.621982
0.621713
0.621444
0.621175
0.620906
0.620636
0.620366
0.620097
0.619827
0.619556
0.619286
0.619015
0.618745
0.618474
0.618203
0.617931
0.61766
0.617388
0.617117
0.616845
0.616572
0.6163
0.616027
0.615755
0.615482
0.615209
0.614935
0.614662
0.614388
0.614114
0.61384
0.613566
0.613292
0.613017
0.612743
0.612468
0.612192
0.611917
0.611642
0.611366
0.61109
0.610814
0.610538
0.610261
0.609985
0.609708
0.609431
0.609154
0.608877
0.608599
0.608321
0.608044
0.607765
0.607487
0.607209
0.60693
0.606651
0.606372
0.606093
0.605814
0.605534
0.605254
0.604974
0.604694
0.604414
0.604133
0.603853
0.603572
0.603291
0.60301
0.602728
0.602447
0.602165
0.601883
0.6016
0.601318
0.601036
0.600753
0.60047
0.600187
0.599903
0.59962
0.599336
0.599052
0.598768
0.598484
0.598199
0.597915
0.59763
0.597345
0.59706
0.596774
0.596489
0.596203
0.595917
0.595631
0.595344
0.595058
0.594771
0.594484
0.594197
0.593909
0.593622
0.593334
0.593046
0.592758
0.59247
0.592181
0.591893
0.591604
0.591315
0.591026
0.590736
0.590447
0.590157
0.589867
0.589576
0.589286
0.588995
0.588705
0.588414
0.588122
0.587831
0.587539
0.587248
0.586956
0.586664
0.586371
0.586079
0.585786
0.585493
0.5852
0.584907
0.584613
0.584319
0.584025
0.583731
0.583437
0.583142
0.582848
0.582553
0.582258
0.581962
0.581667
0.581371
0.581075
0.580779
0.580483
0.580187
0.57989
0.579593
0.579296
0.578999
0.578701
0.578404
0.578106
0.577808
0.577509
0.577211
0.576912
0.576613
0.576314
0.576015
0.575716
0.575416
0.575116
0.574816
0.574516
0.574216
0.573915
0.573614
0.573313
0.573012
0.57271
0.572409
0.572107
0.571805
0.571503
0.5712
0.570897
0.570595
0.570292
0.569988
0.569685
0.569381
0.569077
0.568773
0.568469
0.568165
0.56786
0.567555
0.56725
0.566945
0.566639
0.566334
0.566028
0.565722
0.565415
0.565109
0.564802
0.564495
0.564188
0.563881
0.563573
0.563266
0.562958
0.56265
0.562341
0.562033
0.561724
0.561415
0.561106
0.560797
0.560487
0.560177
0.559867
0.559557
0.559247
0.558936
0.558626
0.558315
0.558003
0.557692
0.55738
0.557069
0.556757
0.556444
0.556132
0.555819
0.555506
0.555193
0.55488
0.554567
0.554253
0.553939
0.553625
0.553311
0.552996
0.552682
0.552367
0.552052
0.551736
0.551421
0.551105
0.550789
0.550473
0.550156
0.54984
0.549523
0.549206
0.548889
0.548571
0.548254
0.547936
0.547618
0.5473
0.546981
0.546662
0.546344
0.546024
0.545705
0.545386
0.545066
0.544746
0.544426
0.544105
0.543785
0.543464
0.543143
0.542822
0.5425
0.542179
0.541857
0.541535
0.541213
0.54089
0.540567
0.540244
0.539921
0.539598
0.539274
0.538951
0.538627
0.538302
0.537978
0.537653
0.537329
0.537004
0.536678
0.536353
0.536027
0.535701
0.535375
0.535049
0.534722
0.534396
0.534069
0.533741
0.533414
0.533086
0.532758
0.53243
0.532102
0.531774
0.531445
0.531116
0.530787
0.530458
0.530128
0.529798
0.529468
0.529138
0.528808
0.528477
0.528146
0.527815
0.527484
0.527152
0.52682
0.526489
0.526156
0.525824
0.525491
0.525159
0.524825
0.524492
0.524159
0.523825
0.523491
0.523157
0.522823
0.522488
0.522153
0.521818
0.521483
0.521148
0.520812
0.520476
0.52014
0.519804
0.519467
0.51913
0.518793
0.518456
0.518119
0.517781
0.517443
0.517105
0.516767
0.516428
0.516089
0.51575
0.515411
0.515072
0.514732
0.514392
0.514052
0.513712
0.513371
0.513031
0.51269
0.512348
0.512007
0.511665
0.511323
0.510981
0.510639
0.510297
0.509954
0.509611
0.509268
0.508924
0.508581
0.508237
0.507893
0.507548
0.507204
0.506859
0.506514
0.506169
0.505823
0.505477
0.505132
0.504785
0.504439
0.504093
0.503746
0.503399
0.503051
0.502704
0.502356
0.502008
0.50166
0.501312
0.500963
0.500614
0.500265
0.499916
0.499566
0.499217
0.498867
0.498517
0.498166
0.497815
0.497465
0.497113
0.496762
0.496411
0.496059
0.495707
0.495354
0.495002
0.494649
0.494296
0.493943
0.49359
0.493236
0.492882
0.492528
0.492174
0.491819
0.491465
0.49111
0.490754
0.490399
0.490043
0.489687
0.489331
0.488975
0.488618
0.488261
0.487904
0.487547
0.487189
0.486832
0.486474
0.486115
0.485757
0.485398
0.485039
0.48468
0.484321
0.483961
0.483601
0.483241
0.482881
0.48252
0.48216
0.481799
0.481437
0.481076
0.480714
0.480352
0.47999
0.479628
0.479265
0.478902
0.478539
0.478176
0.477812
0.477448
0.477084
0.47672
0.476355
0.475991
0.475626
0.475261
0.474895
0.474529
0.474163
0.473797
0.473431
0.473064
0.472697
0.47233
0.471963
0.471595
0.471228
0.47086
0.470491
0.470123
0.469754
0.469385
0.469016
0.468646
0.468277
0.467907
0.467537
0.467166
0.466796
0.466425
0.466054
0.465682
0.465311
0.464939
0.464567
0.464194
0.463822
0.463449
0.463076
0.462703
0.462329
0.461956
0.461582
0.461207
0.460833
0.460458
0.460083
0.459708
0.459333
0.458957
0.458581
0.458205
0.457829
0.457452
0.457075
0.456698
0.456321
0.455943
0.455565
0.455187
0.454809
0.454431
0.454052
0.453673
0.453294
0.452914
0.452534
0.452154
0.451774
0.451394
0.451013
0.450632
0.450251
0.449869
0.449488
0.449106
0.448724
0.448341
0.447959
0.447576
0.447193
0.446809
0.446426
0.446042
0.445658
0.445273
0.444889
0.444504
0.444119
0.443734
0.443348
0.442962
0.442576
0.44219
0.441804
0.441417
0.44103
0.440643
0.440255
0.439867
0.439479
0.439091
0.438703
0.438314
0.437925
0.437536
0.437146
0.436757
0.436367
0.435976
0.435586
0.435195
0.434804
0.434413
0.434022
0.43363
0.433238
0.432846
0.432454
0.432061
0.431668
0.431275
0.430882
0.430488
0.430094
0.4297
0.429306
0.428911
0.428516
0.428121
0.427726
0.42733
0.426934
0.426538
0.426142
0.425745
0.425348
0.424951
0.424554
0.424156
0.423758
0.42336
0.422962
0.422563
0.422164
0.421765
0.421366
0.420966
0.420567
0.420167
0.419766
0.419366
0.418965
0.418564
0.418162
0.417761
0.417359
0.416957
0.416555
0.416152
0.415749
0.415346
0.414943
0.414539
0.414136
0.413731
0.413327
0.412923
0.412518
0.412113
0.411707
0.411302
0.410896
0.41049
0.410084
0.409677
0.40927
0.408863
0.408456
0.408048
0.40764
0.407232
0.406824
0.406415
0.406007
0.405597
0.405188
0.404779
0.404369
0.403959
0.403548
0.403138
0.402727
0.402316
0.401904
0.401493
0.401081
0.400669
0.400256
0.399844
0.399431
0.399018
0.398604
0.398191
0.397777
0.397363
0.396948
0.396534
0.396119
0.395704
0.395288
0.394873
0.394457
0.394041
0.393624
0.393208
0.392791
0.392374
0.391956
0.391538
0.39112
0.390702
0.390284
0.389865
0.389446
0.389027
0.388608
0.388188
0.387768
0.387348
0.386927
0.386506
0.386085
0.385664
0.385243
0.384821
0.384399
0.383977
0.383554
0.383131
0.382708
0.382285
0.381862
0.381438
0.381014
0.38059
0.380165
0.37974
0.379315
0.37889
0.378464
0.378038
0.377612
0.377186
0.376759
0.376333
0.375905
0.375478
0.37505
0.374623
0.374194
0.373766
0.373337
0.372909
0.372479
0.37205
0.37162
0.37119
0.37076
0.37033
0.369899
0.369468
0.369037
0.368605
0.368174
0.367742
0.36731
0.366877
0.366444
0.366011
0.365578
0.365145
0.364711
0.364277
0.363843
0.363408
0.362973
0.362538
0.362103
0.361667
0.361231
0.360795
0.360359
0.359922
0.359486
0.359049
0.358611
0.358174
0.357736
0.357298
0.356859
0.356421
0.355982
0.355543
0.355103
0.354663
0.354224
0.353783
0.353343
0.352902
0.352461
0.35202
0.351579
0.351137
0.350695
0.350253
0.34981
0.349367
0.348924
0.348481
0.348038
0.347594
0.34715
0.346705
0.346261
0.345816
0.345371
0.344926
0.34448
0.344034
0.343588
0.343142
0.342695
0.342248
0.341801
0.341354
0.340906
0.340458
0.34001
0.339562
0.339113
0.338664
0.338215
0.337766
0.337316
0.336866
0.336416
0.335966
0.335515
0.335064
0.334613
0.334161
0.333709
0.333257
0.332805
0.332353
0.3319
0.331447
0.330994
0.33054
0.330086
0.329632
0.329178
0.328723
0.328269
0.327814
0.327358
0.326903
0.326447
0.325991
0.325534
0.325078
0.324621
0.324164
0.323707
0.323249
0.322791
0.322333
0.321875
0.321416
0.320957
0.320498
0.320038
0.319579
0.319119
0.318659
0.318198
0.317738
0.317277
0.316815
0.316354
0.315892
0.31543
0.314968
0.314506
0.314043
0.31358
0.313117
0.312653
0.31219
0.311726
0.311261
0.310797
0.310332
0.309867
0.309402
0.308937
0.308471
0.308005
0.307539
0.307072
0.306605
0.306138
0.305671
0.305203
0.304736
0.304268
0.303799
0.303331
0.302862
0.302393
0.301924
0.301454
0.300984
0.300514
0.300044
0.299574
0.299103
0.298632
0.298161
0.297689
0.297217
0.296745
0.296273
0.2958
0.295328
0.294855
0.294381
0.293908
0.293434
0.29296
0.292486
0.292011
0.291536
0.291061
0.290586
0.290111
0.289635
0.289159
0.288683
0.288206
0.287729
0.287252
0.286775
0.286298
0.28582
0.285342
0.284864
0.284385
0.283906
0.283427
0.282948
0.282469
0.281989
0.281509
0.281029
0.280548
0.280068
0.279587
0.279106
0.278624
0.278143
0.277661
0.277179
0.276696
0.276214
0.275731
0.275248
0.274764
0.274281
0.273797
0.273313
0.272828
0.272344
0.271859
0.271374
0.270889
0.270403
0.269918
0.269432
0.268945
0.268459
0.267972
0.267485
0.266998
0.266511
0.266023
0.265535
0.265047
0.264559
0.26407
0.263581
0.263092
0.262603
0.262113
0.261623
0.261133
0.260643
0.260153
0.259662
0.259171
0.25868
0.258188
0.257697
0.257205
0.256713
0.25622
0.255728
0.255235
0.254742
0.254249
0.253755
0.253262
0.252768
0.252273
0.251779
0.251284
0.25079
0.250294
0.249799
0.249304
0.248808
0.248312
0.247816
0.247319
0.246823
0.246326
0.245829
0.245331
0.244834
0.244336
0.243838
0.24334
0.242841
0.242343
0.241844
0.241345
0.240845
0.240346
0.239846
0.239346
0.238846
0.238345
0.237845
0.237344
0.236843
0.236342
0.23584
0.235338
0.234836
0.234334
0.233832
0.233329
0.232827
0.232324
0.231821
0.231317
0.230813
0.23031
0.229806
0.229301
0.228797
0.228292
0.227787
0.227282
0.226777
0.226272
0.225766
0.22526
0.224754
0.224248
0.223741
0.223235
0.222728
0.222221
0.221713
0.221206
0.220698
0.22019
0.219682
0.219174
0.218665
0.218157
0.217648
0.217139
0.21663
0.21612
0.21561
0.215101
0.214591
0.21408
0.21357
0.213059
0.212549
0.212038
0.211527
0.211015
0.210504
0.209992
0.20948
0.208968
0.208456
0.207943
0.207431
0.206918
0.206405
0.205892
0.205378
0.204865
0.204351
0.203837
0.203323
0.202809
0.202295
0.20178
0.201266
0.200751
0.200236
0.19972
0.199205
0.19869
0.198174
0.197658
0.197142
0.196626
0.196109
0.195593
0.195076
0.194559
0.194042
0.193525
0.193008
0.19249
0.191973
0.191455
0.190937
0.190419
0.189901
0.189382
0.188864
0.188345
0.187826
0.187307
0.186788
0.186269
0.185749
0.18523
0.18471
0.18419
0.183671
0.18315
0.18263
0.18211
0.181589
0.181069
0.180548
0.180027
0.179506
0.178985
0.178464
0.177942
0.177421
0.176899
0.176378
0.175856
0.175334
0.174812
0.174289
0.173767
0.173245
0.172722
0.1722
0.171677
0.171154
0.170631
0.170108
0.169585
0.169061
0.168538
0.168015
0.167491
0.166967
0.166444
0.16592
0.165396
0.164872
0.164348
0.163824
0.163299
0.162775
0.162251
0.161726
0.161201
0.160677
0.160152
0.159627
0.159102
0.158577
0.158052
0.157527
0.157002
0.156477
0.155952
0.155426
0.154901
0.154376
0.15385
0.153325
0.152799
0.152273
0.151748
0.151222
0.150696
0.150171
0.149645
0.149119
0.148593
0.148067
0.147541
0.147015
0.146489
0.145963
0.145437
0.144911
0.144385
0.143859
0.143333
0.142807
0.142281
0.141755
0.141228
0.140702
0.140176
0.13965
0.139124
0.138598
0.138072
0.137546
0.13702
0.136494
0.135968
0.135442
0.134916
0.13439
0.133864
0.133339
0.132813
0.132287
0.131761
0.131236
0.13071
0.130185
0.129659
0.129134
0.128608
0.128083
0.127558
0.127033
0.126508
0.125983
0.125458
0.124933
0.124408
0.123884
0.123359
0.122835
0.12231
0.121786
0.121262
0.120738
0.120214
0.11969
0.119167
0.118643
0.11812
0.117597
0.117073
0.11655
0.116028
0.115505
0.114982
0.11446
0.113938
0.113416
0.112894
0.112372
0.11185
0.111329
0.110808
0.110287
0.109766
0.109245
0.108725
0.108205
0.107685
0.107165
0.106645
0.106126
0.105607
0.105088
0.104569
0.104051
0.103533
0.103015
0.102497
0.10198
0.101462
0.100946
0.100429
0.0999127
0.0993967
0.0988809
0.0983655
0.0978504
0.0973355
0.096821
0.0963068
0.0957929
0.0952794
0.0947662
0.0942533
0.0937408
0.0932286
0.0927168
0.0922053
0.0916942
0.0911835
0.0906732
0.0901633
0.0896537
0.0891446
0.0886358
0.0881275
0.0876196
0.0871121
0.0866051
0.0860985
0.0855924
0.0850867
0.0845814
0.0840767
0.0835724
0.0830686
0.0825652
0.0820624
0.0815601
0.0810583
0.080557
0.0800563
0.079556
0.0790564
0.0785572
0.0780587
0.0775607
0.0770632
0.0765664
0.0760701
0.0755745
0.0750794
0.074585
0.0740912
0.0735981
0.0731055
0.0726137
0.0721225
0.0716319
0.0711421
0.0706529
0.0701644
0.0696767
0.0691896
0.0687033
0.0682177
0.0677329
0.0672488
0.0667655
0.066283
0.0658013
0.0653203
0.0648402
0.0643609
0.0638824
0.0634047
0.062928
0.062452
0.061977
0.0615028
0.0610296
0.0605572
0.0600858
0.0596152
0.0591457
0.0586771
0.0582094
0.0577428
0.0572771
0.0568125
0.0563488
0.0558862
0.0554247
0.0549642
0.0545047
0.0540464
0.0535891
0.0531329
0.0526779
0.052224
0.0517713
0.0513197
0.0508693
0.0504201
0.0499721
0.0495253
0.0490798
0.0486355
0.0481925
0.0477507
0.0473103
0.0468712
0.0464333
0.0459969
0.0455618
0.045128
0.0446957
0.0442647
0.0438352
0.0434071
0.0429804
0.0425553
0.0421316
0.0417094
0.0412887
0.0408696
0.040452
0.040036
0.0396215
0.0392087
0.0387975
0.0383879
0.03798
0.0375738
0.0371692
0.0367664
0.0363652
0.0359659
0.0355682
0.0351724
0.0347783
0.0343861
0.0339957
0.0336072
0.0332205
0.0328357
0.0324528
0.0320718
0.0316928
0.0313157
0.0309406
0.0305675
0.0301965
0.0298274
0.0294604
0.0290955
0.0287326
0.0283719
0.0280133
0.0276568
0.0273025
0.0269504
0.0266004
0.0262527
0.0259072
0.025564
0.025223
0.0248843
0.0245479
0.0242138
0.023882
0.0235526
0.0232256
0.0229009
0.0225786
0.0222588
0.0219414
0.0216264
0.0213139
0.0210038
0.0206963
0.0203912
0.0200887
0.0197887
0.0194912
0.0191963
0.018904
0.0186142
0.018327
0.0180425
0.0177605
0.0174812
0.0172045
0.0169305
0.0166591
0.0163904
0.0161243
0.0158609
0.0156002
0.0153422
0.0150869
0.0148344
0.0145845
0.0143373
0.0140928
0.0138511
0.0136121
0.0133758
0.0131423
0.0129115
0.0126834
0.012458
0.0122354
0.0120155
0.0117983
0.0115839
0.0113722
0.0111631
0.0109568
0.0107532
0.0105524
0.0103542
0.0101586
0.00996581
0.00977565
0.00958815
0.00940331
0.0092211
0.00904153
0.00886458
0.00869023
0.00851848
0.00834931
0.00818271
0.00801865
0.00785714
0.00769815
0.00754166
0.00738767
0.00723614
0.00708707
0.00694043
0.00679621
0.00665439
0.00651495
0.00637786
0.00624311
0.00611068
0.00598054
0.00585267
0.00572706
0.00560367
0.00548249
0.00536349
0.00524664
0.00513194
0.00501934
0.00490884
0.00480039
0.00469398
0.00458959
0.00448719
0.00438674
0.00428824
0.00419165
0.00409694
0.0040041
0.00391309
0.00382389
0.00373648
0.00365083
0.0035669
0.00348469
0.00340416
0.00332528
0.00324804
0.00317239
0.00309833
0.00302582
0.00295484
0.00288537
0.00281737
0.00275083
0.00268571
0.002622
0.00255967
0.0024987
0.00243905
0.00238072
0.00232366
0.00226787
0.00221332
0.00215998
0.00210784
0.00205686
0.00200703
0.00195833
0.00191073
0.00186421
0.00181875
0.00177433
0.00173093
0.00168853
0.00164711
0.00160665
0.00156713
0.00152853
0.00149082
0.00145401
0.00141805
0.00138294
0.00134866
0.00131519
0.00128251
0.00125061
0.00121946
0.00118906
0.00115939
0.00113042
0.00110216
0.00107457
0.00104764
0.00102137
0.000995732
0.000970715
0.000946305
0.000922489
0.000899252
0.000876583
0.000854468
0.000832894
0.000811848
0.000791319
0.000771295
0.000751764
0.000732715
0.000714135
0.000696015
0.000678344
0.00066111
0.000644304
0.000627915
0.000611934
0.000596352
0.000581157
0.000566342
0.000551896
0.000537813
0.000524081
0.000510694
0.000497642
0.000484918
0.000472514
0.000460422
0.000448634
0.000437144
0.000425942
0.000415024
0.000404381
0.000394008
0.000383897
0.000374041
0.000364436
0.000355073
0.000345949
0.000337055
0.000328388
0.000319941
0.000311709
0.000303686
0.000295868
0.000288248
0.000280823
0.000273587
0.000266536
0.000259665
0.000252969
0.000246445
0.000240087
0.000233892
0.000227855
0.000221973
0.000216242
0.000210657
0.000205215
0.000199913
0.000194747
0.000189714
0.00018481
0.000180032
0.000175376
0.00017084
0.000166421
0.000162115
0.00015792
0.000153833
0.000149852
0.000145972
0.000142193
0.000138511
0.000134924
0.000131429
0.000128025
0.000124708
0.000121476
0.000118329
0.000115262
0.000112274
0.000109364
0.000106529
0.000103767
0.000101076
9.84547e-05
9.59013e-05
9.34138e-05
9.09907e-05
8.86302e-05
8.63307e-05
8.40907e-05
8.19087e-05
7.97831e-05
7.77125e-05
7.56955e-05
7.37307e-05
7.18168e-05
6.99525e-05
6.81364e-05
6.63673e-05
6.46441e-05
6.29655e-05
6.13304e-05
5.97376e-05
5.81862e-05
5.66749e-05
5.52028e-05
5.37689e-05
5.23721e-05
5.10116e-05
4.96863e-05
4.83955e-05
4.7138e-05
4.59133e-05
4.47202e-05
4.35582e-05
4.24262e-05
4.13237e-05
4.02497e-05
3.92037e-05
3.81847e-05
3.71923e-05
3.62255e-05
3.52839e-05
3.43667e-05
3.34734e-05
3.26032e-05
3.17556e-05
3.09301e-05
3.01259e-05
2.93427e-05
2.85798e-05
2.78367e-05
2.71129e-05
2.64079e-05
2.57212e-05
2.50524e-05
2.4401e-05
2.37664e-05
2.31484e-05
2.25464e-05
2.196e-05
2.13889e-05
2.08327e-05
2.02909e-05
1.97631e-05
1.92491e-05
1.87485e-05
1.82608e-05
1.77859e-05
1.73232e-05
1.68726e-05
1.64338e-05
1.60063e-05
1.55899e-05
1.51844e-05
1.47894e-05
1.44047e-05
1.403e-05
1.3665e-05
1.33095e-05
1.29632e-05
1.2626e-05
1.22975e-05
1.19776e-05
1.1666e-05
1.13625e-05
1.10669e-05
1.07789e-05
1.04985e-05
1.02254e-05
9.95933e-06
9.7002e-06
9.44782e-06
9.20201e-06
8.96258e-06
8.72939e-06
8.50226e-06
8.28103e-06
8.06556e-06
7.8557e-06
7.6513e-06
7.45221e-06
7.2583e-06
7.06943e-06
6.88548e-06
6.70632e-06
6.53181e-06
6.36185e-06
6.1963e-06
6.03507e-06
5.87802e-06
5.72507e-06
5.57609e-06
5.43099e-06
5.28966e-06
5.15201e-06
5.01795e-06
4.88737e-06
4.76018e-06
4.63631e-06
4.51566e-06
4.39815e-06
4.28369e-06
4.17222e-06
4.06364e-06
3.95789e-06
3.8549e-06
3.75458e-06
3.65687e-06
3.5617e-06
3.46901e-06
3.37874e-06
3.29081e-06
3.20517e-06
3.12175e-06
3.04051e-06
2.96138e-06
2.88432e-06
2.80925e-06
2.73614e-06
2.66494e-06
2.59558e-06
2.52803e-06
2.46224e-06
2.39816e-06
2.33575e-06
2.27496e-06
2.21575e-06
2.15809e-06
2.10192e-06
2.04722e-06
1.99394e-06
1.94205e-06
1.8915e-06
1.84228e-06
1.79433e-06
1.74763e-06
1.70215e-06
1.65785e-06
1.6147e-06
1.57268e-06
1.53175e-06
1.49188e-06
1.45306e-06
1.41524e-06
1.37841e-06
1.34253e-06
1.30759e-06
1.27356e-06
1.24041e-06
1.20813e-06
1.17669e-06
1.14606e-06
1.11624e-06
1.08718e-06
1.05889e-06
1.03133e-06
1.00449e-06
9.78345e-07
9.52882e-07
9.28082e-07
9.03927e-07
8.80401e-07
8.57488e-07
8.3517e-07
8.13434e-07
7.92263e-07
7.71643e-07
7.5156e-07
7.31999e-07
7.12948e-07
6.94392e-07
6.76319e-07
6.58717e-07
6.41573e-07
6.24875e-07
6.08611e-07
5.92771e-07
5.77343e-07
5.62317e-07
5.47682e-07
5.33427e-07
5.19544e-07
5.06022e-07
4.92852e-07
4.80024e-07
4.67531e-07
4.55362e-07
4.43511e-07
4.31968e-07
4.20725e-07
4.09775e-07
3.99109e-07
3.88722e-07
3.78605e-07
3.68751e-07
3.59153e-07
3.49806e-07
3.40701e-07
3.31834e-07
3.23197e-07
3.14785e-07
3.06592e-07
2.98613e-07
2.90841e-07
2.83271e-07
2.75898e-07
2.68718e-07
2.61724e-07
2.54912e-07
2.48277e-07
2.41815e-07
2.35521e-07
2.29391e-07
2.23421e-07
2.17606e-07
2.11942e-07
2.06426e-07
2.01054e-07
1.95821e-07
1.90724e-07
1.8576e-07
1.80925e-07
1.76216e-07
1.7163e-07
1.67163e-07
1.62812e-07
1.58575e-07
1.54447e-07
1.50427e-07
1.46512e-07
1.42699e-07
1.38985e-07
1.35368e-07
1.31844e-07
1.28413e-07
1.25071e-07
1.21815e-07
1.18645e-07
1.15557e-07
1.12549e-07
1.0962e-07
1.06767e-07
1.03988e-07
1.01281e-07
9.86453e-08
9.60779e-08
9.35772e-08
9.11417e-08
8.87695e-08
8.64591e-08
8.42088e-08
8.20171e-08
7.98824e-08
7.78033e-08
7.57783e-08
7.3806e-08
7.1885e-08
7.00141e-08
6.81918e-08
6.64169e-08
6.46883e-08
6.30046e-08
6.13648e-08
5.97676e-08
5.82121e-08
5.6697e-08
5.52213e-08
5.3784e-08
5.23842e-08
5.10208e-08
4.96928e-08
4.83995e-08
4.71398e-08
4.59128e-08
4.47179e-08
4.3554e-08
4.24204e-08
4.13163e-08
4.0241e-08
3.91936e-08
3.81735e-08
3.71799e-08
3.62122e-08
3.52697e-08
3.43518e-08
3.34577e-08
3.25869e-08
3.17387e-08
3.09127e-08
3.01081e-08
2.93244e-08
2.85612e-08
2.78178e-08
2.70938e-08
2.63886e-08
2.57018e-08
2.50329e-08
2.43813e-08
2.37468e-08
2.31287e-08
2.25267e-08
2.19404e-08
2.13694e-08
2.08132e-08
2.02715e-08
1.97438e-08
1.923e-08
1.87295e-08
1.8242e-08
1.77672e-08
1.73048e-08
1.68544e-08
1.64157e-08
1.59884e-08
1.55723e-08
1.5167e-08
1.47722e-08
1.43878e-08
1.40133e-08
1.36486e-08
1.32933e-08
1.29473e-08
1.26104e-08
1.22821e-08
1.19625e-08
1.16511e-08
1.13479e-08
1.10525e-08
1.07648e-08
1.04847e-08
1.02118e-08
9.946e-09
9.68713e-09
9.435e-09
9.18943e-09
8.95026e-09
8.71731e-09
8.49042e-09
8.26943e-09
8.0542e-09
7.84457e-09
7.6404e-09
7.44154e-09
7.24786e-09
7.05922e-09
6.87549e-09
6.69653e-09
6.52224e-09
6.35249e-09
6.18715e-09
6.02611e-09
5.86927e-09
5.71651e-09
5.56772e-09
5.42281e-09
5.28167e-09
5.1442e-09
5.01031e-09
4.87991e-09
4.7529e-09
4.62919e-09
4.50871e-09
4.39136e-09
4.27706e-09
4.16574e-09
4.05732e-09
3.95172e-09
3.84886e-09
3.74869e-09
3.65112e-09
3.55609e-09
3.46354e-09
3.37339e-09
3.28559e-09
3.20007e-09
3.11679e-09
3.03566e-09
2.95665e-09
2.8797e-09
2.80475e-09
2.73175e-09
2.66065e-09
2.5914e-09
2.52395e-09
2.45826e-09
2.39428e-09
2.33196e-09
2.27127e-09
2.21215e-09
2.15458e-09
2.0985e-09
2.04388e-09
1.99068e-09
1.93887e-09
1.88841e-09
1.83926e-09
1.79139e-09
1.74476e-09
1.69935e-09
1.65512e-09
1.61204e-09
1.57009e-09
1.52922e-09
1.48942e-09
1.45065e-09
1.4129e-09
1.37612e-09
1.34031e-09
1.30542e-09
1.27144e-09
1.23835e-09
1.20612e-09
1.17473e-09
1.14415e-09
1.11438e-09
1.08537e-09
1.05712e-09
1.02961e-09
1.00281e-09
9.76709e-10
9.51288e-10
9.26529e-10
9.02414e-10
8.78926e-10
8.5605e-10
8.33769e-10
8.12069e-10
7.90933e-10
7.70347e-10
7.50297e-10
7.30769e-10
7.11749e-10
6.93224e-10
6.75181e-10
6.57608e-10
6.40492e-10
6.23822e-10
6.07585e-10
5.91772e-10
5.76369e-10
5.61368e-10
5.46757e-10
5.32527e-10
5.18666e-10
5.05167e-10
4.92019e-10
4.79213e-10
4.6674e-10
4.54592e-10
4.4276e-10
4.31236e-10
4.20013e-10
4.09081e-10
3.98433e-10
3.88063e-10
3.77963e-10
3.68126e-10
3.58544e-10
3.49212e-10
3.40123e-10
3.31271e-10
3.22649e-10
3.14251e-10
3.06072e-10
2.98106e-10
2.90347e-10
2.8279e-10
2.7543e-10
2.68261e-10
2.61279e-10
2.54478e-10
2.47855e-10
2.41404e-10
2.35121e-10
2.29001e-10
2.23041e-10
2.17236e-10
2.11582e-10
2.06075e-10
2.00711e-10
1.95487e-10
1.90399e-10
1.85444e-10
1.80617e-10
1.75916e-10
1.71338e-10
1.66878e-10
1.62535e-10
1.58304e-10
1.54184e-10
1.50171e-10
1.46263e-10
1.42456e-10
1.38748e-10
1.35137e-10
1.3162e-10
1.28194e-10
1.24857e-10
1.21608e-10
1.18443e-10
1.1536e-10
1.12357e-10
1.09433e-10
1.06585e-10
1.03811e-10
1.01109e-10
9.84771e-11
9.5914e-11
9.34176e-11
9.09862e-11
8.8618e-11
8.63116e-11
8.40651e-11
8.18771e-11
7.97461e-11
7.76705e-11
7.56489e-11
7.368e-11
7.17623e-11
6.98945e-11
6.80754e-11
6.63035e-11
6.45778e-11
6.2897e-11
6.126e-11
5.96656e-11
5.81126e-11
5.66001e-11
5.5127e-11
5.36922e-11
5.22947e-11
5.09336e-11
4.96079e-11
4.83168e-11
4.70592e-11
4.58344e-11
4.46415e-11
4.34796e-11
4.23479e-11
4.12457e-11
4.01722e-11
3.91266e-11
3.81083e-11
3.71164e-11
3.61504e-11
3.52095e-11
3.42931e-11
3.34005e-11
3.25312e-11
3.16845e-11
3.08598e-11
3.00566e-11
2.92743e-11
2.85124e-11
2.77703e-11
2.70475e-11
2.63435e-11
2.56579e-11
2.49901e-11
2.43396e-11
2.37061e-11
2.30891e-11
2.24882e-11
2.19029e-11
2.13328e-11
2.07776e-11
2.02368e-11
1.97101e-11
1.91971e-11
1.86974e-11
1.82108e-11
1.77368e-11
1.72752e-11
1.68255e-11
1.63876e-11
1.59611e-11
1.55457e-11
1.51411e-11
1.4747e-11
1.43632e-11
1.39893e-11
1.36252e-11
1.32706e-11
1.29252e-11
1.25888e-11
1.22611e-11
1.1942e-11
1.16312e-11
1.13285e-11
1.10336e-11
1.07464e-11
1.04667e-11
1.01943e-11
9.92898e-12
9.67055e-12
9.41886e-12
9.17371e-12
8.93494e-12
8.70239e-12
8.47589e-12
8.25528e-12
8.04042e-12
7.83115e-12
7.62733e-12
7.42881e-12
7.23546e-12
7.04714e-12
6.86372e-12
6.68507e-12
6.51108e-12
6.34161e-12
6.17656e-12
6.0158e-12
5.85922e-12
5.70672e-12
5.55819e-12
5.41353e-12
5.27263e-12
5.1354e-12
5.00174e-12
4.87155e-12
4.74476e-12
4.62127e-12
4.50099e-12
4.38384e-12
4.26974e-12
4.15861e-12
4.05037e-12
3.94495e-12
3.84227e-12
3.74227e-12
3.64487e-12
3.55e-12
3.45761e-12
3.36761e-12
3.27996e-12
3.1946e-12
3.11145e-12
3.03047e-12
2.95159e-12
2.87477e-12
2.79995e-12
2.72707e-12
2.65609e-12
2.58696e-12
2.51963e-12
2.45405e-12
2.39018e-12
2.32797e-12
2.26738e-12
2.20836e-12
2.15089e-12
2.0949e-12
2.04038e-12
1.98727e-12
1.93555e-12
1.88517e-12
1.83611e-12
1.78832e-12
1.74177e-12
1.69644e-12
1.65229e-12
1.60928e-12
1.5674e-12
1.5266e-12
1.48687e-12
1.44817e-12
1.41048e-12
1.37377e-12
1.33801e-12
1.30319e-12
1.26927e-12
1.23623e-12
1.20406e-12
1.17272e-12
1.14219e-12
1.11247e-12
1.08351e-12
1.05531e-12
1.02784e-12
1.00109e-12
9.75036e-13
9.49658e-13
9.24941e-13
9.00867e-13
8.7742e-13
8.54583e-13
8.32341e-13
8.10677e-13
7.89577e-13
7.69027e-13
7.49011e-13
7.29516e-13
7.10529e-13
6.92036e-13
6.74024e-13
6.56481e-13
6.39395e-13
6.22753e-13
6.06544e-13
5.90757e-13
5.75382e-13
5.60406e-13
5.4582e-13
5.31614e-13
5.17777e-13
5.04301e-13
4.91175e-13
4.78391e-13
4.6594e-13
4.53813e-13
4.42001e-13
4.30497e-13
4.19293e-13
4.0838e-13
3.97751e-13
3.87398e-13
3.77315e-13
3.67495e-13
3.5793e-13
3.48614e-13
3.3954e-13
3.30703e-13
3.22096e-13
3.13712e-13
3.05547e-13
2.97595e-13
2.89849e-13
2.82305e-13
2.74957e-13
2.67801e-13
2.60831e-13
2.54042e-13
2.4743e-13
2.4099e-13
2.34718e-13
2.28609e-13
2.22659e-13
2.16864e-13
2.11219e-13
2.05722e-13
2.00367e-13
1.95152e-13
1.90073e-13
1.85126e-13
1.80308e-13
1.75615e-13
1.71044e-13
1.66592e-13
1.62256e-13
1.58033e-13
1.5392e-13
1.49914e-13
1.46012e-13
1.42212e-13
1.3851e-13
1.34905e-13
1.31394e-13
1.27974e-13
1.24643e-13
1.21399e-13
1.18239e-13
1.15162e-13
1.12165e-13
1.09245e-13
1.06402e-13
1.03633e-13
1.00935e-13
9.83082e-14
9.57495e-14
9.32574e-14
9.08301e-14
8.8466e-14
8.61635e-14
8.39209e-14
8.17367e-14
7.96093e-14
7.75373e-14
7.55192e-14
7.35536e-14
7.16392e-14
6.97746e-14
6.79586e-14
6.61898e-14
6.44671e-14
6.27891e-14
6.11549e-14
5.95632e-14
5.80129e-14
5.6503e-14
5.50324e-14
5.36001e-14
5.2205e-14
5.08462e-14
4.95228e-14
4.82339e-14
4.69785e-14
4.57558e-14
4.45649e-14
4.3405e-14
4.22752e-14
4.11749e-14
4.01033e-14
3.90595e-14
3.80429e-14
3.70527e-14
3.60883e-14
3.5149e-14
3.42342e-14
3.33432e-14
3.24753e-14
3.16301e-14
3.08069e-14
3.0005e-14
2.92241e-14
2.84635e-14
2.77226e-14
2.70011e-14
2.62983e-14
2.56138e-14
2.49472e-14
2.42979e-14
2.36655e-14
2.30495e-14
2.24496e-14
2.18653e-14
2.12962e-14
2.07419e-14
2.02021e-14
1.96763e-14
1.91641e-14
1.86653e-14
1.81795e-14
1.77064e-14
1.72455e-14
1.67967e-14
1.63595e-14
1.59337e-14
1.5519e-14
1.51151e-14
1.47217e-14
1.43385e-14
1.39653e-14
1.36018e-14
1.32478e-14
1.2903e-14
1.25672e-14
1.22401e-14
1.19215e-14
1.16112e-14
1.1309e-14
1.10147e-14
1.0728e-14
1.04488e-14
1.01768e-14
9.91193e-15
9.65395e-15
9.40268e-15
9.15796e-15
8.9196e-15
8.68745e-15
8.46133e-15
8.24111e-15
8.02661e-15
7.8177e-15
7.61423e-15
7.41605e-15
7.22303e-15
7.03503e-15
6.85193e-15
6.67359e-15
6.4999e-15
6.33072e-15
6.16595e-15
6.00547e-15
5.84916e-15
5.69692e-15
5.54865e-15
5.40423e-15
5.26357e-15
5.12658e-15
4.99314e-15
4.86319e-15
4.73661e-15
4.61333e-15
4.49326e-15
4.37631e-15
4.2624e-15
4.15147e-15
4.04341e-15
3.93817e-15
3.83567e-15
3.73584e-15
3.63861e-15
3.5439e-15
3.45167e-15
3.36183e-15
3.27433e-15
3.18911e-15
3.1061e-15
3.02526e-15
2.94652e-15
2.86983e-15
2.79514e-15
2.72239e-15
2.65153e-15
2.58252e-15
2.5153e-15
2.44983e-15
2.38607e-15
2.32397e-15
2.26348e-15
2.20457e-15
2.14719e-15
2.0913e-15
2.03687e-15
1.98386e-15
1.93222e-15
1.88193e-15
1.83295e-15
1.78525e-15
1.73878e-15
1.69352e-15
1.64945e-15
1.60652e-15
1.5647e-15
1.52398e-15
1.48431e-15
1.44568e-15
1.40805e-15
1.3714e-15
1.33571e-15
1.30095e-15
1.26709e-15
1.23411e-15
1.20199e-15
1.1707e-15
1.14023e-15
1.11055e-15
1.08165e-15
1.0535e-15
1.02608e-15
9.99371e-16
9.7336e-16
9.48026e-16
9.23351e-16
8.99319e-16
8.75912e-16
8.53114e-16
8.3091e-16
8.09284e-16
7.8822e-16
7.67705e-16
7.47724e-16
7.28262e-16
7.09308e-16
6.90846e-16
6.72865e-16
6.55352e-16
6.38295e-16
6.21682e-16
6.05501e-16
5.89742e-16
5.74392e-16
5.59442e-16
5.44882e-16
5.307e-16
5.16887e-16
5.03434e-16
4.90331e-16
4.77569e-16
4.65139e-16
4.53033e-16
4.41241e-16
4.29757e-16
4.18572e-16
4.07677e-16
3.97067e-16
3.86732e-16
3.76666e-16
3.66863e-16
3.57314e-16
3.48014e-16
3.38956e-16
3.30134e-16
3.21542e-16
3.13173e-16
3.05022e-16
2.97083e-16
2.89351e-16
2.8182e-16
2.74485e-16
2.6734e-16
2.60382e-16
2.53605e-16
2.47005e-16
2.40576e-16
2.34314e-16
2.28216e-16
2.22276e-16
2.1649e-16
2.10856e-16
2.05368e-16
2.00023e-16
1.94817e-16
1.89746e-16
1.84807e-16
1.79997e-16
1.75313e-16
1.7075e-16
1.66305e-16
1.61977e-16
1.57761e-16
1.53655e-16
1.49656e-16
1.45761e-16
1.41967e-16
1.38272e-16
1.34673e-16
1.31168e-16
1.27754e-16
1.24429e-16
1.2119e-16
1.18036e-16
1.14964e-16
1.11972e-16
1.09057e-16
1.06219e-16
1.03454e-16
1.00762e-16
9.8139e-17
9.55847e-17
9.30969e-17
9.06738e-17
8.83138e-17
8.60152e-17
8.37765e-17
8.1596e-17
7.94723e-17
7.74038e-17
7.53892e-17
7.3427e-17
7.15159e-17
6.96545e-17
6.78416e-17
6.60759e-17
6.43561e-17
6.26811e-17
6.10497e-17
5.94607e-17
5.79131e-17
5.64058e-17
5.49377e-17
5.35078e-17
5.21151e-17
5.07587e-17
4.94376e-17
4.81509e-17
4.68976e-17
4.5677e-17
4.44882e-17
4.33302e-17
4.22025e-17
4.11041e-17
4.00342e-17
3.89922e-17
3.79774e-17
3.69889e-17
3.60262e-17
3.50885e-17
3.41753e-17
3.32858e-17
3.24194e-17
3.15756e-17
3.07538e-17
2.99534e-17
2.91738e-17
2.84144e-17
2.76749e-17
2.69546e-17
2.6253e-17
2.55697e-17
2.49042e-17
2.4256e-17
2.36247e-17
2.30098e-17
2.24109e-17
2.18276e-17
2.12595e-17
2.07062e-17
2.01673e-17
1.96424e-17
1.91311e-17
1.86332e-17
1.81482e-17
1.76759e-17
1.72158e-17
1.67677e-17
1.63313e-17
1.59063e-17
1.54923e-17
1.5089e-17
1.46963e-17
1.43138e-17
1.39412e-17
1.35784e-17
1.3225e-17
1.28808e-17
1.25455e-17
1.2219e-17
1.1901e-17
1.15912e-17
1.12895e-17
1.09957e-17
1.07095e-17
1.04308e-17
1.01593e-17
9.89486e-18
9.63732e-18
9.38649e-18
9.14218e-18
8.90423e-18
8.67248e-18
8.44676e-18
8.22691e-18
8.01279e-18
7.80423e-18
7.60111e-18
7.40327e-18
7.21059e-18
7.02291e-18
6.84013e-18
6.6621e-18
6.4887e-18
6.31981e-18
6.15533e-18
5.99512e-18
5.83908e-18
5.68711e-18
5.53909e-18
5.39492e-18
5.2545e-18
5.11774e-18
4.98454e-18
4.85481e-18
4.72845e-18
4.60538e-18
4.48551e-18
4.36877e-18
4.25506e-18
4.14431e-18
4.03645e-18
3.93139e-18
3.82906e-18
3.7294e-18
3.63234e-18
3.5378e-18
3.44572e-18
3.35603e-18
3.26869e-18
3.18361e-18
3.10075e-18
3.02005e-18
2.94144e-18
2.86488e-18
2.79032e-18
2.71769e-18
2.64696e-18
2.57807e-18
2.51097e-18
2.44561e-18
2.38196e-18
2.31996e-18
2.25958e-18
2.20077e-18
2.14349e-18
2.0877e-18
2.03336e-18
1.98044e-18
1.92889e-18
1.87869e-18
1.82979e-18
1.78217e-18
1.73578e-18
1.6906e-18
1.6466e-18
1.60375e-18
1.562e-18
1.52135e-18
1.48175e-18
1.44319e-18
1.40562e-18
1.36904e-18
1.33341e-18
1.2987e-18
1.2649e-18
1.23198e-18
1.19991e-18
1.16868e-18
1.13826e-18
1.10864e-18
1.07978e-18
1.05168e-18
1.02431e-18
9.97648e-19
9.71681e-19
9.46391e-19
9.21759e-19
8.97768e-19
8.74402e-19
8.51643e-19
8.29477e-19
8.07888e-19
7.86861e-19
7.66381e-19
7.46434e-19
7.27006e-19
7.08084e-19
6.89655e-19
6.71705e-19
6.54222e-19
6.37194e-19
6.2061e-19
6.04457e-19
5.88725e-19
5.73402e-19
5.58478e-19
5.43942e-19
5.29784e-19
5.15996e-19
5.02566e-19
4.89485e-19
4.76745e-19
4.64337e-19
4.52251e-19
4.4048e-19
4.29016e-19
4.1785e-19
4.06974e-19
3.96382e-19
3.86065e-19
3.76017e-19
3.6623e-19
3.56698e-19
3.47414e-19
3.38372e-19
3.29565e-19
3.20987e-19
3.12633e-19
3.04496e-19
2.9657e-19
2.88851e-19
2.81333e-19
2.74011e-19
2.66879e-19
2.59933e-19
2.53168e-19
2.46578e-19
2.40161e-19
2.3391e-19
2.27822e-19
2.21892e-19
2.16117e-19
2.10492e-19
2.05013e-19
1.99677e-19
1.9448e-19
1.89419e-19
1.84488e-19
1.79687e-19
1.7501e-19
1.70455e-19
1.66018e-19
1.61697e-19
1.57489e-19
1.5339e-19
1.49397e-19
1.45509e-19
1.41722e-19
1.38033e-19
1.34441e-19
1.30941e-19
1.27533e-19
1.24214e-19
1.20981e-19
1.17832e-19
1.14765e-19
1.11778e-19
1.08869e-19
1.06035e-19
1.03276e-19
1.00588e-19
9.79696e-20
9.54197e-20
9.29362e-20
9.05173e-20
8.81614e-20
8.58667e-20
8.36319e-20
8.14551e-20
7.93351e-20
7.72702e-20
7.52591e-20
7.33003e-20
7.13924e-20
6.95343e-20
6.77245e-20
6.59618e-20
6.4245e-20
6.25729e-20
6.09442e-20
5.9358e-20
5.78131e-20
5.63084e-20
5.48428e-20
5.34154e-20
5.20251e-20
5.06711e-20
4.93522e-20
4.80677e-20
4.68166e-20
4.55981e-20
4.44113e-20
4.32554e-20
4.21296e-20
4.10331e-20
3.99651e-20
3.89249e-20
3.79118e-20
3.6925e-20
3.5964e-20
3.50279e-20
3.41162e-20
3.32283e-20
3.23634e-20
3.15211e-20
3.07007e-20
2.99016e-20
2.91234e-20
2.83654e-20
2.76271e-20
2.6908e-20
2.62077e-20
2.55256e-20
2.48612e-20
2.42141e-20
2.35839e-20
2.29701e-20
2.23722e-20
2.17899e-20
2.12228e-20
2.06704e-20
2.01324e-20
1.96084e-20
1.90981e-20
1.8601e-20
1.81169e-20
1.76453e-20
1.71861e-20
1.67388e-20
1.63031e-20
1.58788e-20
1.54655e-20
1.5063e-20
1.46709e-20
1.42891e-20
1.39172e-20
1.35549e-20
1.32021e-20
1.28585e-20
1.25238e-20
1.21979e-20
1.18804e-20
1.15712e-20
1.127e-20
1.09767e-20
1.0691e-20
1.04127e-20
1.01417e-20
9.87776e-21
9.62066e-21
9.37026e-21
9.12638e-21
8.88884e-21
8.65749e-21
8.43216e-21
8.21269e-21
7.99894e-21
7.79075e-21
7.58797e-21
7.39048e-21
7.19812e-21
7.01078e-21
6.8283e-21
6.65058e-21
6.47748e-21
6.30889e-21
6.14469e-21
5.98476e-21
5.82899e-21
5.67728e-21
5.52951e-21
5.38559e-21
5.24542e-21
5.1089e-21
4.97592e-21
4.84641e-21
4.72027e-21
4.59742e-21
4.47776e-21
4.36121e-21
4.2477e-21
4.13715e-21
4.02947e-21
3.92459e-21
3.82244e-21
3.72296e-21
3.62606e-21
3.53168e-21
3.43976e-21
3.35023e-21
3.26303e-21
3.17811e-21
3.09539e-21
3.01482e-21
2.93636e-21
2.85993e-21
2.78549e-21
2.71299e-21
2.64238e-21
2.57361e-21
2.50662e-21
2.44138e-21
2.37784e-21
2.31595e-21
2.25567e-21
2.19696e-21
2.13978e-21
2.08409e-21
2.02985e-21
1.97701e-21
1.92556e-21
1.87544e-21
1.82663e-21
1.77909e-21
1.73278e-21
1.68768e-21
1.64375e-21
1.60097e-21
1.5593e-21
1.51872e-21
1.47919e-21
1.44069e-21
1.40319e-21
1.36667e-21
1.3311e-21
1.29646e-21
1.26271e-21
1.22985e-21
1.19784e-21
1.16666e-21
1.1363e-21
1.10672e-21
1.07792e-21
1.04986e-21
1.02254e-21
9.95922e-22
9.7e-22
9.44754e-22
9.20164e-22
8.96215e-22
8.72889e-22
8.5017e-22
8.28042e-22
8.0649e-22
7.85499e-22
7.65055e-22
7.45142e-22
7.25748e-22
7.06859e-22
6.88461e-22
6.70542e-22
6.5309e-22
6.36092e-22
6.19536e-22
6.03411e-22
5.87706e-22
5.72409e-22
5.57511e-22
5.43001e-22
5.28868e-22
5.15103e-22
5.01696e-22
4.88638e-22
4.7592e-22
4.63533e-22
4.51468e-22
4.39718e-22
4.28273e-22
4.17126e-22
4.0627e-22
3.95696e-22
3.85397e-22
3.75366e-22
3.65596e-22
3.5608e-22
3.46813e-22
3.37786e-22
3.28994e-22
3.20431e-22
3.12091e-22
3.03968e-22
2.96057e-22
2.88351e-22
2.80846e-22
2.73537e-22
2.66417e-22
2.59483e-22
2.52729e-22
2.46152e-22
2.39745e-22
2.33505e-22
2.27427e-22
2.21508e-22
2.15743e-22
2.10128e-22
2.04658e-22
1.99332e-22
1.94144e-22
1.89091e-22
1.84169e-22
1.79376e-22
1.74707e-22
1.7016e-22
1.65731e-22
1.61417e-22
1.57216e-22
1.53124e-22
1.49139e-22
1.45257e-22
1.41476e-22
1.37794e-22
1.34208e-22
1.30715e-22
1.27312e-22
1.23999e-22
1.20772e-22
1.17628e-22
1.14567e-22
1.11585e-22
1.0868e-22
1.05852e-22
1.03097e-22
1.00413e-22
9.77999e-23
9.52544e-23
9.27752e-23
9.03605e-23
8.80087e-23
8.5718e-23
8.3487e-23
8.13141e-23
7.91977e-23
7.71364e-23
7.51287e-23
7.31733e-23
7.12688e-23
6.94138e-23
6.76072e-23
6.58475e-23
6.41337e-23
6.24645e-23
6.08387e-23
5.92552e-23
5.77129e-23
5.62108e-23
5.47478e-23
5.33229e-23
5.1935e-23
5.05833e-23
4.92667e-23
4.79844e-23
4.67355e-23
4.55191e-23
4.43344e-23
4.31805e-23
4.20566e-23
4.0962e-23
3.98958e-23
3.88575e-23
3.78461e-23
3.68611e-23
3.59017e-23
3.49672e-23
3.40571e-23
3.31707e-23
3.23074e-23
3.14665e-23
3.06475e-23
2.98498e-23
2.90729e-23
2.83162e-23
2.75792e-23
2.68614e-23
2.61623e-23
2.54813e-23
2.48181e-23
2.41722e-23
2.3543e-23
2.29303e-23
2.23335e-23
2.17522e-23
2.1186e-23
2.06346e-23
2.00975e-23
1.95744e-23
1.9065e-23
1.85688e-23
1.80855e-23
1.76147e-23
1.71563e-23
1.67097e-23
1.62748e-23
1.58512e-23
1.54387e-23
1.50369e-23
1.46455e-23
1.42643e-23
1.3893e-23
1.35314e-23
1.31792e-23
1.28362e-23
1.25021e-23
1.21767e-23
1.18598e-23
1.15511e-23
1.12505e-23
1.09577e-23
1.06725e-23
1.03947e-23
1.01241e-23
9.86063e-24
9.60398e-24
9.35402e-24
9.11056e-24
8.87343e-24
8.64248e-24
8.41754e-24
8.19845e-24
7.98507e-24
7.77724e-24
7.57482e-24
7.37766e-24
7.18564e-24
6.99862e-24
6.81646e-24
6.63905e-24
6.46625e-24
6.29795e-24
6.13403e-24
5.97438e-24
5.81888e-24
5.66743e-24
5.51992e-24
5.37625e-24
5.23632e-24
5.10003e-24
4.96729e-24
4.83801e-24
4.71209e-24
4.58944e-24
4.46999e-24
4.35365e-24
4.24034e-24
4.12997e-24
4.02248e-24
3.91778e-24
3.81581e-24
3.7165e-24
3.61977e-24
3.52555e-24
3.43379e-24
3.34442e-24
3.25737e-24
3.17259e-24
3.09002e-24
3.00959e-24
2.93126e-24
2.85497e-24
2.78066e-24
2.70829e-24
2.6378e-24
2.56914e-24
2.50227e-24
2.43715e-24
2.37371e-24
2.31193e-24
2.25176e-24
2.19315e-24
2.13607e-24
2.08047e-24
2.02632e-24
1.97358e-24
1.92222e-24
1.87219e-24
1.82346e-24
1.776e-24
1.72977e-24
1.68475e-24
1.6409e-24
1.59819e-24
1.5566e-24
1.51608e-24
1.47662e-24
1.43819e-24
1.40076e-24
1.3643e-24
1.32879e-24
1.29421e-24
1.26052e-24
1.22771e-24
1.19576e-24
1.16464e-24
1.13432e-24
1.1048e-24
1.07605e-24
1.04804e-24
1.02076e-24
9.94193e-25
9.68317e-25
9.43114e-25
9.18567e-25
8.94659e-25
8.71374e-25
8.48694e-25
8.26605e-25
8.0509e-25
7.84136e-25
7.63727e-25
7.43849e-25
7.24489e-25
7.05632e-25
6.87266e-25
6.69378e-25
6.51956e-25
6.34987e-25
6.1846e-25
6.02363e-25
5.86686e-25
5.71416e-25
5.56543e-25
5.42058e-25
5.27949e-25
5.14208e-25
5.00825e-25
4.8779e-25
4.75094e-25
4.62728e-25
4.50685e-25
4.38954e-25
4.2753e-25
4.16402e-25
4.05564e-25
3.95008e-25
3.84727e-25
3.74714e-25
3.64961e-25
3.55462e-25
3.4621e-25
3.37199e-25
3.28423e-25
3.19875e-25
3.11549e-25
3.03441e-25
2.95543e-25
2.87851e-25
2.80359e-25
2.73062e-25
2.65955e-25
2.59032e-25
2.5229e-25
2.45724e-25
2.39328e-25
2.33099e-25
2.27032e-25
2.21123e-25
2.15368e-25
2.09763e-25
2.04303e-25
1.98985e-25
1.93806e-25
1.88762e-25
1.83849e-25
1.79064e-25
1.74403e-25
1.69864e-25
1.65443e-25
1.61137e-25
1.56943e-25
1.52858e-25
1.4888e-25
1.45005e-25
1.41231e-25
1.37555e-25
1.33975e-25
1.30488e-25
1.27091e-25
1.23783e-25
1.20562e-25
1.17424e-25
1.14368e-25
1.11391e-25
1.08492e-25
1.05668e-25
1.02918e-25
1.00239e-25
9.763e-26
9.50889e-26
9.2614e-26
9.02035e-26
8.78557e-26
8.55691e-26
8.33419e-26
8.11728e-26
7.906e-26
7.70023e-26
7.49981e-26
7.30461e-26
7.11449e-26
6.92932e-26
6.74897e-26
6.57331e-26
6.40222e-26
6.23559e-26
6.07329e-26
5.91522e-26
5.76126e-26
5.61131e-26
5.46526e-26
5.32302e-26
5.18447e-26
5.04954e-26
4.91811e-26
4.7901e-26
4.66543e-26
4.544e-26
4.42573e-26
4.31054e-26
4.19835e-26
4.08908e-26
3.98265e-26
3.87899e-26
3.77803e-26
3.6797e-26
3.58392e-26
3.49064e-26
3.39979e-26
3.3113e-26
3.22512e-26
3.14118e-26
3.05942e-26
2.97979e-26
2.90224e-26
2.8267e-26
2.75313e-26
2.68147e-26
2.61168e-26
2.5437e-26
2.4775e-26
2.41301e-26
2.35021e-26
2.28904e-26
2.22946e-26
2.17143e-26
2.11492e-26
2.05987e-26
2.00626e-26
1.95404e-26
1.90318e-26
1.85365e-26
1.8054e-26
1.75841e-26
1.71264e-26
1.66807e-26
1.62465e-26
1.58237e-26
1.54118e-26
1.50107e-26
1.462e-26
1.42395e-26
1.38689e-26
1.35079e-26
1.31563e-26
1.28139e-26
1.24804e-26
1.21556e-26
1.18392e-26
1.1531e-26
1.12309e-26
1.09386e-26
1.06539e-26
1.03766e-26
1.01065e-26
9.84348e-27
9.58728e-27
9.33775e-27
9.09471e-27
8.858e-27
8.62745e-27
8.4029e-27
8.18419e-27
7.97118e-27
7.76371e-27
7.56164e-27
7.36483e-27
7.17314e-27
6.98644e-27
6.8046e-27
6.6275e-27
6.455e-27
6.28699e-27
6.12336e-27
5.96398e-27
5.80876e-27
5.65757e-27
5.51032e-27
5.3669e-27
5.22721e-27
5.09116e-27
4.95865e-27
4.82959e-27
4.70389e-27
4.58146e-27
4.46221e-27
4.34607e-27
4.23296e-27
4.12278e-27
4.01548e-27
3.91097e-27
3.80917e-27
3.71003e-27
3.61347e-27
3.51942e-27
3.42782e-27
3.3386e-27
3.2517e-27
3.16707e-27
3.08464e-27
3.00436e-27
2.92616e-27
2.85e-27
2.77582e-27
2.70357e-27
2.63321e-27
2.56467e-27
2.49792e-27
2.4329e-27
2.36958e-27
2.30791e-27
2.24784e-27
2.18933e-27
2.13235e-27
2.07685e-27
2.0228e-27
1.97015e-27
1.91887e-27
1.86893e-27
1.82028e-27
1.77291e-27
1.72676e-27
1.68182e-27
1.63805e-27
1.59541e-27
1.55389e-27
1.51344e-27
1.47405e-27
1.43569e-27
1.39832e-27
1.36192e-27
1.32648e-27
1.29195e-27
1.25833e-27
1.22558e-27
1.19368e-27
1.16261e-27
1.13235e-27
1.10288e-27
1.07417e-27
1.04621e-27
1.01898e-27
9.92462e-28
9.6663e-28
9.41472e-28
9.16967e-28
8.93101e-28
8.69856e-28
8.47216e-28
8.25165e-28
8.03688e-28
7.8277e-28
7.62397e-28
7.42553e-28
7.23227e-28
7.04403e-28
6.86069e-28
6.68213e-28
6.50821e-28
6.33881e-28
6.17383e-28
6.01314e-28
5.85664e-28
5.7042e-28
5.55574e-28
5.41114e-28
5.2703e-28
5.13313e-28
4.99952e-28
4.8694e-28
4.74266e-28
4.61922e-28
4.49899e-28
4.3819e-28
4.26785e-28
4.15677e-28
4.04858e-28
3.9432e-28
3.84057e-28
3.74061e-28
3.64325e-28
3.54843e-28
3.45607e-28
3.36612e-28
3.27851e-28
3.19318e-28
3.11007e-28
3.02912e-28
2.95028e-28
2.87349e-28
2.7987e-28
2.72586e-28
2.65491e-28
2.58581e-28
2.51851e-28
2.45296e-28
2.38911e-28
2.32693e-28
2.26637e-28
2.20738e-28
2.14993e-28
2.09397e-28
2.03947e-28
1.98639e-28
1.93469e-28
1.88433e-28
1.83529e-28
1.78752e-28
1.74099e-28
1.69568e-28
1.65155e-28
1.60856e-28
1.56669e-28
1.52592e-28
1.4862e-28
1.44752e-28
1.40984e-28
1.37315e-28
1.33741e-28
1.3026e-28
1.2687e-28
1.23568e-28
1.20352e-28
1.17219e-28
1.14168e-28
1.11197e-28
1.08303e-28
1.05484e-28
1.02738e-28
1.00064e-28
9.74598e-29
9.49231e-29
9.24525e-29
9.00462e-29
8.77026e-29
8.54199e-29
8.31966e-29
8.10312e-29
7.89222e-29
7.68681e-29
7.48674e-29
7.29188e-29
7.10209e-29
6.91724e-29
6.7372e-29
6.56185e-29
6.39106e-29
6.22472e-29
6.0627e-29
5.90491e-29
5.75122e-29
5.60153e-29
5.45573e-29
5.31374e-29
5.17543e-29
5.04073e-29
4.90953e-29
4.78175e-29
4.65729e-29
4.53608e-29
4.41801e-29
4.30302e-29
4.19103e-29
4.08195e-29
3.9757e-29
3.87223e-29
3.77144e-29
3.67328e-29
3.57767e-29
3.48456e-29
3.39386e-29
3.30553e-29
3.21949e-29
3.1357e-29
3.05408e-29
2.97459e-29
2.89717e-29
2.82177e-29
2.74832e-29
2.67679e-29
2.60712e-29
2.53927e-29
2.47317e-29
2.4088e-29
2.34611e-29
2.28505e-29
2.22557e-29
2.16765e-29
2.11123e-29
2.05628e-29
2.00276e-29
1.95063e-29
1.89986e-29
1.85041e-29
1.80225e-29
1.75534e-29
1.70966e-29
1.66516e-29
1.62182e-29
1.57961e-29
1.53849e-29
1.49845e-29
1.45945e-29
1.42146e-29
1.38447e-29
1.34843e-29
1.31334e-29
1.27915e-29
1.24586e-29
1.21343e-29
1.18185e-29
1.15109e-29
1.12113e-29
1.09195e-29
1.06353e-29
1.03585e-29
1.00889e-29
9.8263e-30
9.57055e-30
9.32145e-30
9.07884e-30
8.84254e-30
8.61239e-30
8.38823e-30
8.16991e-30
7.95726e-30
7.75016e-30
7.54844e-30
7.35197e-30
7.16062e-30
6.97425e-30
6.79273e-30
6.61593e-30
6.44373e-30
6.27602e-30
6.11267e-30
5.95357e-30
5.79862e-30
5.64769e-30
5.5007e-30
5.35753e-30
5.21809e-30
5.08227e-30
4.94999e-30
4.82116e-30
4.69568e-30
4.57346e-30
4.45442e-30
4.33849e-30
4.22557e-30
4.11559e-30
4.00847e-30
3.90414e-30
3.80252e-30
3.70355e-30
3.60716e-30
3.51327e-30
3.42183e-30
3.33277e-30
3.24603e-30
3.16154e-30
3.07925e-30
2.99911e-30
2.92105e-30
2.84502e-30
2.77097e-30
2.69885e-30
2.62861e-30
2.56019e-30
2.49356e-30
2.42866e-30
2.36544e-30
2.30388e-30
2.24391e-30
2.18551e-30
2.12863e-30
2.07322e-30
2.01926e-30
1.96671e-30
1.91552e-30
1.86566e-30
1.8171e-30
1.76981e-30
1.72375e-30
1.67888e-30
1.63518e-30
1.59262e-30
1.55117e-30
1.5108e-30
1.47148e-30
1.43318e-30
1.39588e-30
1.35955e-30
1.32416e-30
1.2897e-30
1.25613e-30
1.22343e-30
1.19159e-30
1.16058e-30
1.13037e-30
1.10095e-30
1.07229e-30
1.04439e-30
1.0172e-30
9.90728e-31
9.64942e-31
9.39827e-31
9.15365e-31
8.91541e-31
8.68336e-31
8.45736e-31
8.23723e-31
8.02284e-31
7.81402e-31
7.61065e-31
7.41256e-31
7.21963e-31
7.03172e-31
6.8487e-31
6.67045e-31
6.49683e-31
6.32774e-31
6.16304e-31
6.00263e-31
5.8464e-31
5.69423e-31
5.54603e-31
5.40168e-31
5.26109e-31
5.12415e-31
4.99079e-31
4.86089e-31
4.73437e-31
4.61115e-31
4.49113e-31
4.37424e-31
4.26039e-31
4.1495e-31
4.0415e-31
3.93631e-31
3.83386e-31
3.73407e-31
3.63688e-31
3.54223e-31
3.45003e-31
3.36023e-31
3.27278e-31
3.18759e-31
3.10463e-31
3.02382e-31
2.94512e-31
2.86847e-31
2.79381e-31
2.72109e-31
2.65027e-31
2.58129e-31
2.51411e-31
2.44867e-31
2.38494e-31
2.32286e-31
2.2624e-31
2.20352e-31
2.14617e-31
2.09031e-31
2.0359e-31
1.98291e-31
1.9313e-31
1.88104e-31
1.83208e-31
1.78439e-31
1.73795e-31
1.69272e-31
1.64866e-31
1.60575e-31
1.56396e-31
1.52325e-31
1.4836e-31
1.44499e-31
1.40738e-31
1.37075e-31
1.33507e-31
1.30032e-31
1.26648e-31
1.23352e-31
1.20141e-31
1.17014e-31
1.13968e-31
1.11002e-31
1.08113e-31
1.05299e-31
1.02559e-31
9.98892e-32
9.72893e-32
9.47571e-32
9.22908e-32
8.98887e-32
8.75492e-32
8.52705e-32
8.30511e-32
8.08895e-32
7.87841e-32
7.67336e-32
7.47364e-32
7.27912e-32
7.08966e-32
6.90514e-32
6.72541e-32
6.55037e-32
6.37988e-32
6.21383e-32
6.0521e-32
5.89458e-32
5.74116e-32
5.59173e-32
5.44619e-32
5.30444e-32
5.16638e-32
5.03191e-32
4.90094e-32
4.77338e-32
4.64914e-32
4.52814e-32
4.41028e-32
4.29549e-32
4.18369e-32
4.0748e-32
3.96875e-32
3.86545e-32
3.76484e-32
3.66685e-32
3.57141e-32
3.47846e-32
3.38792e-32
3.29974e-32
3.21386e-32
3.13021e-32
3.04874e-32
2.96939e-32
2.8921e-32
2.81683e-32
2.74351e-32
2.67211e-32
2.60256e-32
2.53482e-32
2.46885e-32
2.40459e-32
2.342e-32
2.28105e-32
2.22168e-32
2.16385e-32
2.10753e-32
2.05268e-32
1.99925e-32
1.94722e-32
1.89654e-32
1.84717e-32
1.7991e-32
1.75227e-32
1.70666e-32
1.66224e-32
1.61898e-32
1.57684e-32
1.5358e-32
1.49583e-32
1.45689e-32
1.41898e-32
1.38204e-32
1.34607e-32
1.31104e-32
1.27691e-32
1.24368e-32
1.21131e-32
1.17978e-32
1.14908e-32
1.11917e-32
1.09004e-32
1.06167e-32
1.03404e-32
1.00712e-32
9.80909e-33
9.55379e-33
9.30513e-33
9.06294e-33
8.82705e-33
8.59731e-33
8.37354e-33
8.1556e-33
7.94333e-33
7.73658e-33
7.53522e-33
7.3391e-33
7.14808e-33
6.96203e-33
6.78083e-33
6.60434e-33
6.43245e-33
6.26503e-33
6.10196e-33
5.94315e-33
5.78846e-33
5.6378e-33
5.49106e-33
5.34814e-33
5.20895e-33
5.07337e-33
4.94132e-33
4.81271e-33
4.68745e-33
4.56545e-33
4.44662e-33
4.33089e-33
4.21816e-33
4.10838e-33
4.00145e-33
3.8973e-33
3.79586e-33
3.69706e-33
3.60084e-33
3.50712e-33
3.41584e-33
3.32693e-33
3.24034e-33
3.156e-33
3.07386e-33
2.99385e-33
2.91593e-33
2.84004e-33
2.76612e-33
2.69412e-33
2.624e-33
2.55571e-33
2.48919e-33
2.4244e-33
2.3613e-33
2.29984e-33
2.23998e-33
2.18168e-33
2.1249e-33
2.06959e-33
2.01573e-33
1.96326e-33
1.91216e-33
1.86239e-33
1.81392e-33
1.76671e-33
1.72073e-33
1.67594e-33
1.63232e-33
1.58983e-33
1.54845e-33
1.50815e-33
1.4689e-33
1.43067e-33
1.39343e-33
1.35716e-33
1.32184e-33
1.28744e-33
1.25393e-33
1.22129e-33
1.1895e-33
1.15854e-33
1.12839e-33
1.09902e-33
1.07042e-33
1.04255e-33
1.01542e-33
9.88991e-34
9.6325e-34
9.38179e-34
9.13761e-34
8.89978e-34
8.66814e-34
8.44253e-34
8.22279e-34
8.00877e-34
7.80033e-34
7.5973e-34
7.39956e-34
7.20697e-34
7.01939e-34
6.8367e-34
6.65875e-34
6.48544e-34
6.31664e-34
6.15224e-34
5.99211e-34
5.83615e-34
5.68425e-34
5.5363e-34
5.39221e-34
5.25186e-34
5.11517e-34
4.98203e-34
4.85236e-34
4.72607e-34
4.60306e-34
4.48326e-34
4.36657e-34
4.25292e-34
4.14222e-34
4.03441e-34
3.92941e-34
3.82713e-34
3.72752e-34
3.63051e-34
3.53601e-34
3.44398e-34
3.35434e-34
3.26704e-34
3.182e-34
3.09918e-34
3.01852e-34
2.93996e-34
2.86344e-34
2.78891e-34
2.71632e-34
2.64562e-34
2.57676e-34
2.5097e-34
2.44437e-34
2.38075e-34
2.31879e-34
2.25844e-34
2.19965e-34
2.1424e-34
2.08664e-34
2.03233e-34
1.97944e-34
1.92792e-34
1.87774e-34
1.82886e-34
1.78126e-34
1.7349e-34
1.68975e-34
1.64577e-34
1.60293e-34
1.56121e-34
1.52058e-34
1.481e-34
1.44245e-34
1.40491e-34
1.36834e-34
1.33273e-34
1.29804e-34
1.26426e-34
1.23135e-34
1.1993e-34
1.16809e-34
1.13769e-34
1.10807e-34
1.07923e-34
1.05114e-34
1.02379e-34
9.97139e-35
9.71186e-35
9.45908e-35
9.21289e-35
8.9731e-35
8.73955e-35
8.51208e-35
8.29053e-35
8.07475e-35
7.86459e-35
7.65989e-35
7.46052e-35
7.26634e-35
7.07722e-35
6.89302e-35
6.71361e-35
6.53887e-35
6.36868e-35
6.20292e-35
6.04147e-35
5.88423e-35
5.73108e-35
5.58191e-35
5.43663e-35
5.29513e-35
5.15731e-35
5.02308e-35
4.89234e-35
4.765e-35
4.64098e-35
4.52019e-35
4.40254e-35
4.28795e-35
4.17635e-35
4.06765e-35
3.96178e-35
3.85866e-35
3.75823e-35
3.66041e-35
3.56514e-35
3.47235e-35
3.38197e-35
3.29395e-35
3.20822e-35
3.12472e-35
3.04339e-35
2.96418e-35
2.88702e-35
2.81188e-35
2.7387e-35
2.66742e-35
2.59799e-35
2.53037e-35
2.46451e-35
2.40037e-35
2.33789e-35
2.27704e-35
2.21778e-35
2.16005e-35
2.10383e-35
2.04907e-35
1.99574e-35
1.9438e-35
1.89321e-35
1.84393e-35
1.79594e-35
1.74919e-35
1.70367e-35
1.65932e-35
1.61614e-35
1.57407e-35
1.5331e-35
1.4932e-35
1.45434e-35
1.41648e-35
1.37962e-35
1.34371e-35
1.30873e-35
1.27467e-35
1.24149e-35
1.20918e-35
1.17771e-35
1.14706e-35
1.1172e-35
1.08812e-35
1.0598e-35
1.03222e-35
1.00535e-35
9.79186e-36
9.537e-36
9.28878e-36
9.04702e-36
8.81154e-36
8.5822e-36
8.35883e-36
8.14127e-36
7.92937e-36
7.72299e-36
7.52198e-36
7.3262e-36
7.13552e-36
6.9498e-36
6.76891e-36
6.59274e-36
6.42114e-36
6.25402e-36
6.09124e-36
5.9327e-36
5.77829e-36
5.62789e-36
5.48141e-36
5.33875e-36
5.19979e-36
5.06445e-36
4.93264e-36
4.80426e-36
4.67921e-36
4.55742e-36
4.43881e-36
4.32327e-36
4.21075e-36
4.10116e-36
3.99441e-36
3.89045e-36
3.78919e-36
3.69057e-36
3.59451e-36
3.50095e-36
3.40983e-36
3.32108e-36
3.23464e-36
3.15045e-36
3.06846e-36
2.98859e-36
2.91081e-36
2.83505e-36
2.76126e-36
2.68939e-36
2.61939e-36
2.55121e-36
2.48481e-36
2.42014e-36
2.35715e-36
2.2958e-36
2.23604e-36
2.17784e-36
2.12116e-36
2.06595e-36
2.01218e-36
1.95981e-36
1.9088e-36
1.85912e-36
1.81073e-36
1.7636e-36
1.7177e-36
1.67299e-36
1.62945e-36
1.58704e-36
1.54573e-36
1.5055e-36
1.46632e-36
1.42815e-36
1.39098e-36
1.35478e-36
1.31951e-36
1.28517e-36
1.25172e-36
1.21914e-36
1.18741e-36
1.15651e-36
1.1264e-36
1.09709e-36
1.06853e-36
1.04072e-36
1.01363e-36
9.87251e-37
9.61556e-37
9.36529e-37
9.12153e-37
8.88412e-37
8.65289e-37
8.42768e-37
8.20833e-37
7.99468e-37
7.7866e-37
7.58394e-37
7.38655e-37
7.19429e-37
7.00704e-37
6.82467e-37
6.64704e-37
6.47403e-37
6.30553e-37
6.14141e-37
5.98157e-37
5.82588e-37
5.67425e-37
5.52656e-37
5.38272e-37
5.24262e-37
5.10617e-37
4.97327e-37
4.84383e-37
4.71775e-37
4.59496e-37
4.47537e-37
4.35888e-37
4.24543e-37
4.13493e-37
4.02731e-37
3.92249e-37
3.8204e-37
3.72096e-37
3.62412e-37
3.52979e-37
3.43792e-37
3.34844e-37
3.26129e-37
3.1764e-37
3.09373e-37
3.01321e-37
2.93478e-37
2.85839e-37
2.784e-37
2.71154e-37
2.64096e-37
2.57223e-37
2.50528e-37
2.44007e-37
2.37656e-37
2.31471e-37
2.25446e-37
2.19578e-37
2.13863e-37
2.08297e-37
2.02875e-37
1.97595e-37
1.92452e-37
1.87443e-37
1.82564e-37
1.77813e-37
1.73185e-37
1.68677e-37
1.64287e-37
1.60011e-37
1.55846e-37
1.5179e-37
1.47839e-37
1.43991e-37
1.40243e-37
1.36593e-37
1.33038e-37
1.29575e-37
1.26203e-37
1.22918e-37
1.19719e-37
1.16603e-37
1.13568e-37
1.10612e-37
1.07733e-37
1.04929e-37
1.02198e-37
9.95381e-38
9.69474e-38
9.44241e-38
9.19664e-38
8.95728e-38
8.72414e-38
8.49707e-38
8.27592e-38
8.06051e-38
7.85072e-38
7.64638e-38
7.44737e-38
7.25353e-38
7.06474e-38
6.88086e-38
6.70177e-38
6.52734e-38
6.35745e-38
6.19198e-38
6.03081e-38
5.87385e-38
5.72096e-38
5.57206e-38
5.42703e-38
5.28578e-38
5.1482e-38
5.01421e-38
4.8837e-38
4.75659e-38
4.63279e-38
4.51221e-38
4.39476e-38
4.28038e-38
4.16897e-38
4.06046e-38
3.95478e-38
3.85184e-38
3.75159e-38
3.65394e-38
3.55884e-38
3.46621e-38
3.37599e-38
3.28813e-38
3.20254e-38
3.11919e-38
3.038e-38
2.95893e-38
2.88192e-38
2.80691e-38
2.73385e-38
2.66269e-38
2.59339e-38
2.52589e-38
2.46015e-38
2.39611e-38
2.33375e-38
2.27301e-38
2.21384e-38
2.15622e-38
2.1001e-38
2.04544e-38
1.9922e-38
1.94035e-38
1.88985e-38
1.84066e-38
1.79275e-38
1.74609e-38
1.70064e-38
1.65638e-38
1.61326e-38
1.57127e-38
1.53038e-38
1.49054e-38
1.45175e-38
1.41396e-38
1.37716e-38
1.34132e-38
1.3064e-38
1.2724e-38
1.23928e-38
1.20703e-38
1.17561e-38
1.14501e-38
1.11521e-38
1.08618e-38
1.05791e-38
1.03038e-38
1.00356e-38
9.77436e-39
9.51995e-39
9.27216e-39
9.03082e-39
8.79577e-39
8.56683e-39
8.34385e-39
8.12667e-39
7.91515e-39
7.70913e-39
7.50848e-39
7.31304e-39
7.1227e-39
6.93731e-39
6.75674e-39
6.58087e-39
6.40958e-39
6.24275e-39
6.08026e-39
5.922e-39
5.76786e-39
5.61773e-39
5.47151e-39
5.32909e-39
5.19038e-39
5.05528e-39
4.9237e-39
4.79554e-39
4.67072e-39
4.54915e-39
4.43074e-39
4.31541e-39
4.20308e-39
4.09368e-39
3.98713e-39
3.88335e-39
3.78227e-39
3.68382e-39
3.58793e-39
3.49454e-39
3.40358e-39
3.31499e-39
3.2287e-39
3.14466e-39
3.06281e-39
2.98308e-39
2.90544e-39
2.82981e-39
2.75615e-39
2.68441e-39
2.61454e-39
2.54648e-39
2.4802e-39
2.41564e-39
2.35276e-39
2.29152e-39
2.23187e-39
2.17377e-39
2.11719e-39
2.06208e-39
2.0084e-39
1.95612e-39
1.90521e-39
1.85561e-39
1.80731e-39
1.76026e-39
1.71444e-39
1.66981e-39
1.62635e-39
1.58401e-39
1.54278e-39
1.50262e-39
1.46351e-39
1.42541e-39
1.3883e-39
1.35216e-39
1.31697e-39
1.28268e-39
1.24929e-39
1.21677e-39
1.1851e-39
1.15425e-39
1.1242e-39
1.09493e-39
1.06643e-39
1.03867e-39
1.01163e-39
9.85293e-40
9.59643e-40
9.34661e-40
9.10328e-40
8.86629e-40
8.63548e-40
8.41066e-40
8.19171e-40
7.97844e-40
7.77073e-40
7.56842e-40
7.37137e-40
7.17946e-40
6.99253e-40
6.81048e-40
6.63316e-40
6.46045e-40
6.29224e-40
6.12841e-40
5.96885e-40
5.81343e-40
5.66206e-40
5.51463e-40
5.37104e-40
5.23119e-40
5.09497e-40
4.9623e-40
4.83309e-40
4.70724e-40
4.58465e-40
4.46527e-40
4.34899e-40
4.23573e-40
4.12542e-40
4.01799e-40
3.91335e-40
3.81143e-40
3.71216e-40
3.61548e-40
3.52132e-40
3.42961e-40
3.34028e-40
3.25328e-40
3.16854e-40
3.08601e-40
3.00563e-40
2.92734e-40
2.85108e-40
2.77681e-40
2.70447e-40
2.63402e-40
2.5654e-40
2.49856e-40
2.43347e-40
2.37007e-40
2.30832e-40
2.24818e-40
2.1896e-40
2.13254e-40
2.07698e-40
2.02286e-40
1.97014e-40
1.9188e-40
1.8688e-40
1.82009e-40
1.77266e-40
1.72645e-40
1.68145e-40
1.63762e-40
1.59494e-40
1.55336e-40
1.51287e-40
1.47342e-40
1.43501e-40
1.39759e-40
1.36115e-40
1.32566e-40
1.29109e-40
1.25742e-40
1.22463e-40
1.19269e-40
1.16159e-40
1.13128e-40
1.10177e-40
1.07303e-40
1.04503e-40
1.01777e-40
9.91208e-41
9.6534e-41
9.40147e-41
9.15613e-41
8.91714e-41
8.68438e-41
8.4577e-41
8.23689e-41
8.0218e-41
7.81234e-41
7.60835e-41
7.40965e-41
7.21611e-41
7.02764e-41
6.84405e-41
6.66521e-41
6.49105e-41
6.32145e-41
6.15626e-41
5.99537e-41
5.83864e-41
5.68597e-41
5.53727e-41
5.39243e-41
5.25139e-41
5.11405e-41
4.98025e-41
4.84994e-41
4.72305e-41
4.59945e-41
4.47905e-41
4.36176e-41
4.24751e-41
4.13627e-41
4.02792e-41
3.92239e-41
3.81963e-41
3.71952e-41
3.62199e-41
3.52699e-41
3.43447e-41
3.34438e-41
3.25666e-41
3.17122e-41
3.08801e-41
3.00694e-41
2.92797e-41
2.85109e-41
2.77621e-41
2.70328e-41
2.63222e-41
2.56301e-41
2.49563e-41
2.42997e-41
2.36603e-41
2.30377e-41
2.24314e-41
2.18405e-41
2.12651e-41
2.07049e-41
2.0159e-41
1.96273e-41
1.91097e-41
1.86053e-41
1.8114e-41
1.76355e-41
1.71695e-41
1.67156e-41
1.62735e-41
1.58429e-41
1.54235e-41
1.50151e-41
1.46172e-41
1.423e-41
1.38525e-41
1.34847e-41
1.31266e-41
1.27779e-41
1.24383e-41
1.21075e-41
1.17852e-41
1.14717e-41
1.11663e-41
1.08688e-41
1.05789e-41
1.02965e-41
1.00214e-41
9.75349e-42
9.49254e-42
9.23839e-42
8.99111e-42
8.75e-42
8.51491e-42
8.28619e-42
8.06367e-42
7.8467e-42
7.63536e-42
7.42979e-42
7.22931e-42
7.03404e-42
6.84412e-42
6.65888e-42
6.47846e-42
6.30299e-42
6.13184e-42
5.96514e-42
5.80303e-42
5.64515e-42
5.49113e-42
5.34111e-42
5.19525e-42
5.05319e-42
4.91484e-42
4.78009e-42
4.6486e-42
4.52053e-42
4.39605e-42
4.27481e-42
4.15674e-42
4.04174e-42
3.92974e-42
3.82041e-42
3.71365e-42
3.60993e-42
3.50915e-42
3.41101e-42
3.31543e-42
3.22234e-42
3.13168e-42
3.04339e-42
2.9574e-42
2.87365e-42
2.79209e-42
2.71266e-42
2.6353e-42
2.55996e-42
2.48633e-42
2.41435e-42
2.34423e-42
2.27591e-42
2.20963e-42
2.14533e-42
2.0827e-42
2.02171e-42
1.96206e-42
1.90369e-42
1.84683e-42
1.79144e-42
1.73773e-42
1.68568e-42
1.63499e-42
1.58563e-42
1.53755e-42
1.49074e-42
1.44488e-42
1.39996e-42
1.35645e-42
1.31434e-42
1.27306e-42
1.23312e-42
1.19474e-42
1.15713e-42
1.12025e-42
1.0846e-42
1.05015e-42
1.01636e-42
9.83468e-43
9.51707e-43
9.20797e-43
8.90716e-43
8.61181e-43
8.32429e-43
8.047e-43
7.77456e-43
7.50935e-43
7.25379e-43
7.0025e-43
6.75788e-43
6.51976e-43
6.28797e-43
6.06495e-43
5.84535e-43
5.62898e-43
5.42088e-43
5.22092e-43
5.02639e-43
4.83714e-43
4.65303e-43
4.47132e-43
4.29445e-43
4.1249e-43
3.95997e-43
3.79954e-43
3.6435e-43
3.4891e-43
3.33883e-43
3.19257e-43
3.05022e-43
2.91167e-43
2.77422e-43
2.64296e-43
2.5152e-43
2.39087e-43
2.27247e-43
2.15734e-43
2.0454e-43
1.93655e-43
1.83073e-43
1.72523e-43
1.61995e-43
1.52e-43
1.42535e-43
1.33333e-43
1.24389e-43
1.15434e-43
1.06458e-43
9.79749e-44
8.99803e-44
8.22108e-44
7.46601e-44
6.73226e-44
6.01924e-44
5.30032e-44
4.60074e-44
3.94607e-44
3.31001e-44
2.666e-44
2.03933e-44
1.4556e-44
8.88591e-45
3.37852e-45
-2.23132e-45
-7.69011e-45
-1.27411e-44
-1.79068e-44
-2.31941e-44
-2.80881e-44
-3.25895e-44
-3.69594e-44
-4.12015e-44
-4.558e-44
-4.98404e-44
-5.37253e-44
-5.74955e-44
-6.1154e-44
-6.47041e-44
-6.81485e-44
-7.14904e-44
-7.47324e-44
-7.83987e-44
-8.24979e-44
-8.65167e-44
-9.04571e-44
-9.40601e-44
-9.73247e-44
-1.00511e-43
-1.0362e-43
-1.06654e-43
-1.09616e-43
-1.12767e-43
-1.15853e-43
-1.18613e-43
-1.21307e-43
-1.23936e-43
-1.26764e-43
-1.29534e-43
-1.31987e-43
-1.34381e-43
-1.36718e-43
-1.39e-43
-1.41229e-43
-1.43404e-43
-1.45529e-43
-1.47603e-43
-1.49629e-43
-1.51607e-43
-1.53539e-43
-1.55426e-43
-1.57269e-43
-1.59069e-43
-1.60828e-43
-1.62285e-43
-1.63438e-43
-1.64548e-43
-1.65614e-43
-1.66638e-43
-1.67621e-43
-1.68565e-43
-1.6947e-43
-1.70339e-43
-1.71171e-43
-1.71967e-43
-1.7273e-43
-1.7346e-43
-1.74158e-43
-1.74824e-43
-1.7546e-43
-1.76328e-43
-1.77431e-43
-1.78512e-43
-1.79572e-43
-1.80611e-43
-1.81629e-43
-1.82628e-43
-1.83608e-43
-1.84568e-43
-1.85771e-43
-1.86959e-43
-1.87871e-43
-1.88766e-43
-1.89644e-43
-1.90505e-43
-1.9135e-43
-1.92179e-43
-1.92992e-43
-1.9379e-43
-1.94574e-43
-1.95343e-43
-1.96098e-43
-1.96838e-43
-1.97566e-43
-1.9828e-43
-1.99242e-43
-2.00194e-43
-2.00876e-43
-2.01545e-43
-2.02203e-43
-2.02848e-43
-2.03482e-43
-2.04105e-43
-2.04716e-43
-2.05577e-43
-2.06431e-43
-2.07016e-43
-2.0759e-43
-2.08155e-43
-2.08709e-43
-2.09253e-43
-2.09788e-43
-2.10313e-43
-2.10829e-43
-2.11597e-43
-2.12359e-43
-2.12854e-43
-2.1334e-43
-2.13817e-43
-2.14287e-43
-2.14747e-43
-2.15461e-43
-2.16169e-43
-2.16612e-43
-2.17046e-43
-2.17473e-43
-2.17892e-43
-2.18304e-43
-2.18708e-43
-2.19105e-43
-2.19495e-43
-2.19878e-43
-2.20255e-43
-2.20624e-43
-2.20988e-43
-2.21344e-43
-2.21695e-43
-2.22039e-43
-2.22377e-43
-2.2271e-43
-2.23036e-43
-2.23357e-43
-2.23672e-43
-2.23982e-43
-2.24026e-43
-2.238e-43
-2.23564e-43
-2.23318e-43
-2.23061e-43
-2.22795e-43
-2.22519e-43
-2.22234e-43
-2.21941e-43
-2.2164e-43
-2.2133e-43
-2.21013e-43
-2.20689e-43
-2.20358e-43
-2.2002e-43
-2.19676e-43
-2.19587e-43
-2.19755e-43
-2.19664e-43
-2.19569e-43
-2.19733e-43
-2.19897e-43
-2.20061e-43
-2.20226e-43
-2.20392e-43
-2.20557e-43
-2.20462e-43
-2.20365e-43
-2.20526e-43
-2.20687e-43
-2.20848e-43
-2.21011e-43
-2.21173e-43
-2.21336e-43
-2.21499e-43
-2.21662e-43
-2.21825e-43
-2.21989e-43
-2.22153e-43
-2.22056e-43
-2.21956e-43
-2.22114e-43
-2.22273e-43
-2.22432e-43
-2.22591e-43
-2.2275e-43
-2.22909e-43
-2.23069e-43
-2.23228e-43
-2.23388e-43
-2.23547e-43
-2.23446e-43
-2.23342e-43
-2.23495e-43
-2.23388e-43
-2.23539e-43
-2.24212e-43
-2.2489e-43
-2.25574e-43
-2.26264e-43
-2.26698e-43
-2.27134e-43
-2.27832e-43
-2.28274e-43
-2.28717e-43
-2.29421e-43
-2.29869e-43
-2.30317e-43
-2.31026e-43
-2.31739e-43
-2.32454e-43
-2.33173e-43
-2.33893e-43
-2.34616e-43
-2.3508e-43
-2.35542e-43
-2.36264e-43
-2.36987e-43
-2.37451e-43
-2.37652e-43
-2.37849e-43
-2.3804e-43
-2.38227e-43
-2.38409e-43
-2.38586e-43
-2.38759e-43
-2.38667e-43
-2.38568e-43
-2.38722e-43
-2.38872e-43
-2.38758e-43
-2.38377e-43
-2.38247e-43
-2.38371e-43
-2.38232e-43
-2.38087e-43
-2.37937e-43
-2.37781e-43
-2.37881e-43
-2.37718e-43
-2.37551e-43
-2.37639e-43
-2.37725e-43
-2.3755e-43
-2.37369e-43
-2.37445e-43
-2.3752e-43
-2.37333e-43
-2.37142e-43
-2.37208e-43
-2.37012e-43
-2.36552e-43
-2.36346e-43
-2.36398e-43
-2.36449e-43
-2.36239e-43
-2.36026e-43
-2.36071e-43
-2.36117e-43
-2.36162e-43
-2.35946e-43
-2.35728e-43
-2.35768e-43
-2.35547e-43
-2.35063e-43
-2.34574e-43
-2.3408e-43
-2.33841e-43
-2.33862e-43
-2.33884e-43
-2.33908e-43
-2.33672e-43
-2.33435e-43
-2.33457e-43
-2.3348e-43
-2.33244e-43
-2.32746e-43
-2.32244e-43
-2.31998e-43
-2.31752e-43
-2.31244e-43
-2.30993e-43
-2.31003e-43
-2.31015e-43
-2.31029e-43
-2.30786e-43
-2.30281e-43
-2.29772e-43
-2.29261e-43
-2.29007e-43
-2.28754e-43
-2.2824e-43
-2.27463e-43
-2.2668e-43
-2.26154e-43
-2.25625e-43
-2.25095e-43
-2.24564e-43
-2.24032e-43
-2.23499e-43
-2.22966e-43
-2.22431e-43
-2.21897e-43
-2.21101e-43
-2.20563e-43
-2.20547e-43
-2.20537e-43
-2.20272e-43
-2.1975e-43
-2.19227e-43
-2.18966e-43
-2.18707e-43
-2.18452e-43
-2.182e-43
-2.17951e-43
-2.17706e-43
-2.17202e-43
-2.16699e-43
-2.16196e-43
-2.15955e-43
-2.15716e-43
-2.15221e-43
-2.14986e-43
-2.15016e-43
-2.15053e-43
-2.15095e-43
-2.15144e-43
-2.15198e-43
-2.14997e-43
-2.14539e-43
-2.14079e-43
-2.13881e-43
-2.13945e-43
-2.14016e-43
-2.13831e-43
-2.13388e-43
-2.12944e-43
-2.125e-43
-2.12316e-43
-2.12657e-43
-2.13267e-43
-2.13888e-43
-2.14259e-43
-2.14637e-43
-2.15283e-43
-2.15678e-43
-2.15818e-43
-2.15962e-43
-2.16108e-43
-2.16257e-43
-2.16408e-43
-2.16563e-43
-2.16719e-43
-2.16878e-43
-2.17038e-43
-2.17201e-43
-2.17366e-43
-2.17793e-43
-2.18486e-43
-2.19186e-43
-2.19632e-43
-2.19561e-43
-2.19226e-43
-2.18886e-43
-2.18541e-43
-2.18191e-43
-2.18097e-43
-2.18262e-43
-2.18168e-43
-2.18073e-43
-2.18237e-43
-2.18402e-43
-2.18569e-43
-2.18477e-43
-2.18122e-43
-2.17763e-43
-2.17399e-43
-2.17032e-43
-2.1666e-43
-2.16285e-43
-2.16167e-43
-2.1631e-43
-2.16455e-43
-2.16603e-43
-2.16754e-43
-2.16906e-43
-2.16801e-43
-2.16433e-43
-2.16062e-43
-2.15688e-43
-2.1557e-43
-2.15714e-43
-2.1586e-43
-2.16009e-43
-2.159e-43
-2.15529e-43
-2.15156e-43
-2.15039e-43
-2.15184e-43
-2.15331e-43
-2.15481e-43
-2.15634e-43
-2.15789e-43
-2.15947e-43
-2.16107e-43
-2.16269e-43
-2.16433e-43
-2.166e-43
-2.16768e-43
-2.16938e-43
-2.1711e-43
-2.17283e-43
-2.17458e-43
-2.17373e-43
-2.17027e-43
-2.16675e-43
-2.1632e-43
-2.1596e-43
-2.15597e-43
-2.1523e-43
-2.14859e-43
-2.14486e-43
-2.14109e-43
-2.1399e-43
-2.14133e-43
-2.14278e-43
-2.14166e-43
-2.13793e-43
-2.13157e-43
-2.12254e-43
-2.11604e-43
-2.11209e-43
-2.10553e-43
-2.09631e-43
-2.08703e-43
-2.07768e-43
-2.07087e-43
-2.06665e-43
-2.05982e-43
-2.05297e-43
-2.0461e-43
-2.03661e-43
-2.02707e-43
-2.01749e-43
-2.01047e-43
-2.00346e-43
-1.99644e-43
-1.99203e-43
-1.98504e-43
-1.97544e-43
-1.96582e-43
-1.95879e-43
-1.95176e-43
-1.94214e-43
-1.93251e-43
-1.92286e-43
-1.9132e-43
-1.90353e-43
-1.89386e-43
-1.88419e-43
-1.87452e-43
-1.86486e-43
-1.8578e-43
-1.85079e-43
-1.84382e-43
-1.83688e-43
-1.82738e-43
-1.81789e-43
-1.80841e-43
-1.80156e-43
-1.79736e-43
-1.79324e-43
-1.7892e-43
-1.78784e-43
-1.78658e-43
-1.78543e-43
-1.78437e-43
-1.7808e-43
-1.77729e-43
-1.77385e-43
-1.77047e-43
-1.76715e-43
-1.76389e-43
-1.76069e-43
-1.75755e-43
-1.75707e-43
-1.75668e-43
-1.75377e-43
-1.75091e-43
-1.7481e-43
-1.74534e-43
-1.74263e-43
-1.73997e-43
-1.73475e-43
-1.72694e-43
-1.71912e-43
-1.71129e-43
-1.70346e-43
-1.69562e-43
-1.68779e-43
-1.67995e-43
-1.67473e-43
-1.67214e-43
-1.66962e-43
-1.66716e-43
-1.66477e-43
-1.66243e-43
-1.66016e-43
-1.65794e-43
-1.65578e-43
-1.65367e-43
-1.65423e-43
-1.65487e-43
-1.65298e-43
-1.65114e-43
-1.64935e-43
-1.64761e-43
-1.64591e-43
-1.64687e-43
-1.64789e-43
-1.64638e-43
-1.64491e-43
-1.64348e-43
-1.64209e-43
-1.64073e-43
-1.64202e-43
-1.64337e-43
-1.64217e-43
-1.64101e-43
-1.63988e-43
-1.63877e-43
-1.6377e-43
-1.63665e-43
-1.63563e-43
-1.63464e-43
-1.63367e-43
-1.63273e-43
-1.63182e-43
-1.63093e-43
-1.63007e-43
-1.62923e-43
-1.62841e-43
-1.62762e-43
-1.62684e-43
-1.62609e-43
-1.62536e-43
-1.62466e-43
-1.62397e-43
-1.6233e-43
-1.62265e-43
-1.62202e-43
-1.62141e-43
-1.62082e-43
-1.62025e-43
-1.61969e-43
-1.61915e-43
-1.61863e-43
-1.61551e-43
-1.60978e-43
-1.604e-43
-1.59819e-43
-1.59233e-43
-1.58645e-43
-1.57793e-43
-1.57195e-43
-1.57117e-43
-1.57042e-43
-1.56971e-43
-1.56903e-43
-1.56838e-43
-1.56777e-43
-1.56719e-43
-1.56664e-43
-1.56612e-43
-1.56563e-43
-1.56517e-43
-1.56474e-43
-1.56434e-43
-1.56135e-43
-1.55836e-43
-1.55798e-43
-1.55763e-43
-1.5573e-43
-1.55699e-43
-1.55672e-43
-1.55647e-43
-1.55624e-43
-1.55604e-43
-1.55585e-43
-1.5557e-43
-1.55295e-43
-1.5502e-43
-1.55005e-43
-1.54731e-43
-1.54457e-43
-1.54703e-43
-1.55216e-43
-1.55736e-43
-1.56264e-43
-1.568e-43
-1.57342e-43
-1.57891e-43
-1.58447e-43
-1.59008e-43
-1.59575e-43
-1.60147e-43
-1.60724e-43
-1.61305e-43
-1.61891e-43
-1.62482e-43
-1.63076e-43
-1.63673e-43
-1.64274e-43
-1.64877e-43
-1.65484e-43
-1.65832e-43
-1.6618e-43
-1.66787e-43
-1.66875e-43
-1.66699e-43
-1.66776e-43
-1.6685e-43
-1.66659e-43
-1.66202e-43
-1.65996e-43
-1.66044e-43
-1.66351e-43
-1.66919e-43
-1.6749e-43
-1.67803e-43
-1.67855e-43
-1.68165e-43
-1.68735e-43
-1.69308e-43
-1.69883e-43
-1.7046e-43
-1.70779e-43
-1.71096e-43
-1.71673e-43
-1.72251e-43
-1.72831e-43
-1.73151e-43
-1.73209e-43
-1.73522e-43
-1.74094e-43
-1.74407e-43
-1.74457e-43
-1.74762e-43
-1.75327e-43
-1.75892e-43
-1.76458e-43
-1.76764e-43
-1.77068e-43
-1.77629e-43
-1.77931e-43
-1.77969e-43
-1.78262e-43
-1.79074e-43
-1.79889e-43
-1.80707e-43
-1.81789e-43
-1.82876e-43
-1.83707e-43
-1.8454e-43
-1.85635e-43
-1.86733e-43
-1.87575e-43
-1.88156e-43
-1.88994e-43
-1.90093e-43
-1.90934e-43
-1.91775e-43
-1.92875e-43
-1.93977e-43
-1.9508e-43
-1.95924e-43
-1.96765e-43
-1.97865e-43
-1.98705e-43
-1.99542e-43
-2.00636e-43
-2.0147e-43
-2.01779e-43
-2.02079e-43
-2.0263e-43
-2.02914e-43
-2.02929e-43
-2.03193e-43
-2.03709e-43
-2.03959e-43
-2.0394e-43
-2.04171e-43
-2.04654e-43
-2.04873e-43
-2.04823e-43
-2.05023e-43
-2.05477e-43
-2.05927e-43
-2.06373e-43
-2.06815e-43
-2.06992e-43
-2.06902e-43
-2.06802e-43
-2.06953e-43
-2.07359e-43
-2.07761e-43
-2.08161e-43
-2.08296e-43
-2.08165e-43
-2.08025e-43
-2.08138e-43
-2.08244e-43
-2.08085e-43
-2.07918e-43
-2.08004e-43
-2.08346e-43
-2.08687e-43
-2.08765e-43
-2.08579e-43
-2.08645e-43
-2.08968e-43
-2.09291e-43
-2.09351e-43
-2.09146e-43
-2.09196e-43
-2.09502e-43
-2.09547e-43
-2.09327e-43
-2.09101e-43
-2.0913e-43
-2.09155e-43
-2.08917e-43
-2.08933e-43
-2.09208e-43
-2.09222e-43
-2.08973e-43
-2.08718e-43
-2.08458e-43
-2.08454e-43
-2.08448e-43
-2.08179e-43
-2.08166e-43
-2.08413e-43
-2.084e-43
-2.08124e-43
-2.07584e-43
-2.07036e-43
-2.06482e-43
-2.0566e-43
-2.0509e-43
-2.04775e-43
-2.04197e-43
-2.03353e-43
-2.02762e-43
-2.02428e-43
-2.01831e-43
-2.0097e-43
-2.00362e-43
-2.00013e-43
-1.99402e-43
-1.98528e-43
-1.97648e-43
-1.97024e-43
-1.96659e-43
-1.96034e-43
-1.95147e-43
-1.94256e-43
-1.93361e-43
-1.92723e-43
-1.92346e-43
-1.91971e-43
-1.916e-43
-1.91231e-43
-1.90604e-43
-1.89717e-43
-1.88827e-43
-1.87935e-43
-1.8704e-43
-1.86144e-43
-1.85507e-43
-1.84872e-43
-1.83978e-43
-1.83083e-43
-1.82187e-43
-1.81552e-43
-1.8118e-43
-1.80814e-43
-1.80192e-43
-1.79313e-43
-1.78434e-43
-1.77555e-43
-1.76676e-43
-1.76059e-43
-1.75706e-43
-1.75099e-43
-1.74236e-43
-1.73373e-43
-1.72772e-43
-1.72435e-43
-1.71846e-43
-1.70999e-43
-1.70154e-43
-1.69571e-43
-1.69253e-43
-1.68682e-43
-1.67855e-43
-1.67029e-43
-1.66466e-43
-1.65908e-43
-1.65354e-43
-1.64805e-43
-1.6374e-43
-1.62413e-43
-1.61082e-43
-1.59748e-43
-1.58672e-43
-1.57858e-43
-1.57308e-43
-1.57025e-43
-1.56492e-43
-1.55705e-43
-1.54921e-43
-1.54402e-43
-1.5389e-43
-1.53123e-43
-1.52361e-43
-1.51602e-43
-1.50847e-43
-1.50096e-43
-1.4961e-43
-1.49131e-43
-1.48399e-43
-1.4767e-43
-1.47206e-43
-1.4701e-43
-1.46824e-43
-1.46648e-43
-1.46481e-43
-1.46324e-43
-1.46175e-43
-1.45775e-43
-1.4512e-43
-1.44467e-43
-1.43817e-43
-1.4317e-43
-1.42525e-43
-1.41884e-43
-1.41507e-43
-1.41396e-43
-1.41555e-43
-1.41986e-43
-1.42171e-43
-1.42367e-43
-1.42573e-43
-1.42528e-43
-1.4249e-43
-1.42459e-43
-1.42433e-43
-1.42414e-43
-1.42401e-43
-1.42394e-43
-1.42393e-43
-1.42657e-43
-1.4293e-43
-1.4295e-43
-1.42975e-43
-1.43004e-43
-1.43037e-43
-1.43075e-43
-1.43378e-43
-1.43687e-43
-1.43743e-43
-1.43801e-43
-1.43863e-43
-1.43928e-43
-1.43736e-43
-1.43283e-43
-1.42826e-43
-1.42367e-43
-1.41906e-43
-1.41442e-43
-1.40976e-43
-1.40509e-43
-1.40039e-43
-1.39568e-43
-1.39095e-43
-1.38621e-43
-1.38407e-43
-1.38195e-43
-1.37723e-43
-1.37251e-43
-1.36778e-43
-1.36305e-43
-1.36091e-43
-1.35881e-43
-1.35411e-43
-1.34942e-43
-1.34472e-43
-1.34002e-43
-1.33532e-43
-1.33062e-43
-1.32593e-43
-1.32123e-43
-1.31654e-43
-1.31186e-43
-1.30718e-43
-1.30251e-43
-1.29785e-43
-1.2932e-43
-1.28856e-43
-1.28393e-43
-1.27931e-43
-1.27731e-43
-1.27797e-43
-1.27869e-43
-1.27949e-43
-1.28035e-43
-1.28128e-43
-1.28227e-43
-1.28332e-43
-1.28443e-43
-1.2856e-43
-1.28682e-43
-1.28809e-43
-1.28942e-43
-1.2908e-43
-1.29222e-43
-1.29369e-43
-1.2952e-43
-1.29675e-43
-1.29835e-43
-1.29998e-43
-1.30165e-43
-1.30335e-43
-1.30509e-43
-1.30686e-43
-1.30867e-43
-1.3105e-43
-1.31236e-43
-1.31425e-43
-1.31616e-43
-1.3181e-43
-1.31745e-43
-1.31419e-43
-1.31089e-43
-1.31017e-43
-1.31205e-43
-1.31395e-43
-1.31588e-43
-1.31783e-43
-1.31981e-43
-1.3218e-43
-1.32382e-43
-1.32585e-43
-1.3279e-43
-1.32997e-43
-1.33205e-43
-1.33415e-43
-1.33626e-43
-1.33839e-43
-1.34052e-43
-1.34267e-43
-1.34482e-43
-1.34699e-43
-1.34655e-43
-1.34349e-43
-1.34298e-43
-1.34245e-43
-1.33929e-43
-1.33609e-43
-1.33545e-43
-1.33741e-43
-1.33938e-43
-1.34136e-43
-1.34075e-43
-1.33752e-43
-1.33425e-43
-1.33093e-43
-1.32757e-43
-1.32678e-43
-1.32859e-43
-1.33042e-43
-1.33227e-43
-1.33414e-43
-1.33604e-43
-1.33795e-43
-1.33988e-43
-1.34182e-43
-1.34378e-43
-1.34575e-43
-1.34774e-43
-1.34973e-43
-1.34914e-43
-1.34591e-43
-1.34525e-43
-1.34717e-43
-1.34911e-43
-1.35107e-43
-1.35303e-43
-1.35501e-43
-1.357e-43
-1.359e-43
-1.35839e-43
-1.35516e-43
-1.35449e-43
-1.35641e-43
-1.35834e-43
-1.36027e-43
-1.36222e-43
-1.36418e-43
-1.36354e-43
-1.36027e-43
-1.35695e-43
-1.35358e-43
-1.35017e-43
-1.3441e-43
-1.33536e-43
-1.32652e-43
-1.31759e-43
-1.30858e-43
-1.29948e-43
-1.29031e-43
-1.28107e-43
-1.27437e-43
-1.27024e-43
-1.26611e-43
-1.26197e-43
-1.25785e-43
-1.25372e-43
-1.24959e-43
-1.24548e-43
-1.24136e-43
-1.23725e-43
-1.23315e-43
-1.22906e-43
-1.22498e-43
-1.22091e-43
-1.21424e-43
-1.20495e-43
-1.19821e-43
-1.19408e-43
-1.18996e-43
-1.18587e-43
-1.1818e-43
-1.17774e-43
-1.17371e-43
-1.16971e-43
-1.16312e-43
-1.15913e-43
-1.16037e-43
-1.1591e-43
-1.15527e-43
-1.15147e-43
-1.15029e-43
-1.15177e-43
-1.15073e-43
-1.14712e-43
-1.14614e-43
-1.14782e-43
-1.14696e-43
-1.14354e-43
-1.14274e-43
-1.14459e-43
-1.14391e-43
-1.14326e-43
-1.14265e-43
-1.13948e-43
-1.13891e-43
-1.14099e-43
-1.14314e-43
-1.14274e-43
-1.14238e-43
-1.14465e-43
-1.14437e-43
-1.14413e-43
-1.1439e-43
-1.1411e-43
-1.13829e-43
-1.13809e-43
-1.13791e-43
-1.13776e-43
-1.13763e-43
-1.13232e-43
-1.12958e-43
-1.13204e-43
-1.13457e-43
-1.13715e-43
-1.13978e-43
-1.13985e-43
-1.13733e-43
-1.13741e-43
-1.14012e-43
-1.14287e-43
-1.14567e-43
-1.14851e-43
-1.14878e-43
-1.14646e-43
-1.14411e-43
-1.14175e-43
-1.13937e-43
-1.13958e-43
-1.1398e-43
-1.14004e-43
-1.14029e-43
-1.14055e-43
-1.14083e-43
-1.14111e-43
-1.14141e-43
-1.13911e-43
-1.13679e-43
-1.13706e-43
-1.13995e-43
-1.14288e-43
-1.14585e-43
-1.14625e-43
-1.14666e-43
-1.14968e-43
-1.15013e-43
-1.14797e-43
-1.1484e-43
-1.15143e-43
-1.1545e-43
-1.15761e-43
-1.16335e-43
-1.16914e-43
-1.175e-43
-1.18351e-43
-1.18949e-43
-1.1929e-43
-1.19633e-43
-1.19977e-43
-1.20583e-43
-1.21192e-43
-1.21805e-43
-1.22681e-43
-1.23303e-43
-1.23666e-43
-1.24289e-43
-1.25176e-43
-1.26067e-43
-1.26962e-43
-1.27862e-43
-1.28765e-43
-1.29672e-43
