Vec Object: Vec_0x3_0 1 MPI process
  type: seq
1.
0.999959
0.999918
0.999877
0.999835
0.999794
0.999753
0.999712
0.999671
0.99963
0.999588
0.999547
0.999506
0.999465
0.999424
0.999383
0.999342
0.9993
0.999259
0.999218
0.999177
0.999136
0.999094
0.999053
0.999012
0.998971
0.99893
0.998889
0.998847
0.998806
0.998765
0.998724
0.998683
0.998641
0.9986
0.998559
0.998518
0.998477
0.998435
0.998394
0.998353
0.998312
0.998271
0.998229
0.998188
0.998147
0.998106
0.998065
0.998023
0.997982
0.997941
0.9979
0.997858
0.997817
0.997776
0.997735
0.997694
0.997652
0.997611
0.99757
0.997529
0.997487
0.997446
0.997405
0.997364
0.997322
0.997281
0.99724
0.997199
0.997157
0.997116
0.997075
0.997034
0.996992
0.996951
0.99691
0.996869
0.996827
0.996786
0.996745
0.996704
0.996662
0.996621
0.99658
0.996538
0.996497
0.996456
0.996415
0.996373
0.996332
0.996291
0.996249
0.996208
0.996167
0.996126
0.996084
0.996043
0.996002
0.99596
0.995919
0.995878
0.995837
0.995795
0.995754
0.995713
0.995671
0.99563
0.995589
0.995547
0.995506
0.995465
0.995423
0.995382
0.995341
0.995299
0.995258
0.995217
0.995175
0.995134
0.995093
0.995051
0.99501
0.994969
0.994927
0.994886
0.994845
0.994803
0.994762
0.994721
0.994679
0.994638
0.994597
0.994555
0.994514
0.994473
0.994431
0.99439
0.994349
0.994307
0.994266
0.994224
0.994183
0.994142
0.9941
0.994059
0.994018
0.993976
0.993935
0.993893
0.993852
0.993811
0.993769
0.993728
0.993687
0.993645
0.993604
0.993562
0.993521
0.99348
0.993438
0.993397
0.993355
0.993314
0.993273
0.993231
0.99319
0.993148
0.993107
0.993065
0.993024
0.992983
0.992941
0.9929
0.992858
0.992817
0.992776
0.992734
0.992693
0.992651
0.99261
0.992568
0.992527
0.992485
0.992444
0.992403
0.992361
0.99232
0.992278
0.992237
0.992195
0.992154
0.992112
0.992071
0.99203
0.991988
0.991947
0.991905
0.991864
0.991822
0.991781
0.991739
0.991698
0.991656
0.991615
0.991573
0.991532
0.99149
0.991449
0.991407
0.991366
0.991324
0.991283
0.991242
0.9912
0.991159
0.991117
0.991076
0.991034
0.990993
0.990951
0.99091
0.990868
0.990826
0.990785
0.990743
0.990702
0.99066
0.990619
0.990577
0.990536
0.990494
0.990453
0.990411
0.99037
0.990328
0.990287
0.990245
0.990204
0.990162
0.990121
0.990079
0.990037
0.989996
0.989954
0.989913
0.989871
0.98983
0.989788
0.989747
0.989705
0.989663
0.989622
0.98958
0.989539
0.989497
0.989456
0.989414
0.989373
0.989331
0.989289
0.989248
0.989206
0.989165
0.989123
0.989081
0.98904
0.988998
0.988957
0.988915
0.988873
0.988832
0.98879
0.988749
0.988707
0.988665
0.988624
0.988582
0.988541
0.988499
0.988457
0.988416
0.988374
0.988333
0.988291
0.988249
0.988208
0.988166
0.988124
0.988083
0.988041
0.988
0.987958
0.987916
0.987875
0.987833
0.987791
0.98775
0.987708
0.987666
0.987625
0.987583
0.987541
0.9875
0.987458
0.987416
0.987375
0.987333
0.987291
0.98725
0.987208
0.987166
0.987125
0.987083
0.987041
0.987
0.986958
0.986916
0.986875
0.986833
0.986791
0.98675
0.986708
0.986666
0.986625
0.986583
0.986541
0.986499
0.986458
0.986416
0.986374
0.986333
0.986291
0.986249
0.986207
0.986166
0.986124
0.986082
0.986041
0.985999
0.985957
0.985915
0.985874
0.985832
0.98579
0.985748
0.985707
0.985665
0.985623
0.985581
0.98554
0.985498
0.985456
0.985414
0.985373
0.985331
0.985289
0.985247
0.985206
0.985164
0.985122
0.98508
0.985039
0.984997
0.984955
0.984913
0.984871
0.98483
0.984788
0.984746
0.984704
0.984663
0.984621
0.984579
0.984537
0.984495
0.984454
0.984412
0.98437
0.984328
0.984286
0.984244
0.984203
0.984161
0.984119
0.984077
0.984035
0.983994
0.983952
0.98391
0.983868
0.983826
0.983784
0.983743
0.983701
0.983659
0.983617
0.983575
0.983533
0.983492
0.98345
0.983408
0.983366
0.983324
0.983282
0.98324
0.983199
0.983157
0.983115
0.983073
0.983031
0.982989
0.982947
0.982905
0.982864
0.982822
0.98278
0.982738
0.982696
0.982654
0.982612
0.98257
0.982528
0.982487
0.982445
0.982403
0.982361
0.982319
0.982277
0.982235
0.982193
0.982151
0.982109
0.982067
0.982026
0.981984
0.981942
0.9819
0.981858
0.981816
0.981774
0.981732
0.98169
0.981648
0.981606
0.981564
0.981522
0.98148
0.981438
0.981396
0.981355
0.981313
0.981271
0.981229
0.981187
0.981145
0.981103
0.981061
0.981019
0.980977
0.980935
0.980893
0.980851
0.980809
0.980767
0.980725
0.980683
0.980641
0.980599
0.980557
0.980515
0.980473
0.980431
0.980389
0.980347
0.980305
0.980263
0.980221
0.980179
0.980137
0.980095
0.980053
0.980011
0.979969
0.979927
0.979885
0.979843
0.979801
0.979759
0.979717
0.979675
0.979632
0.97959
0.979548
0.979506
0.979464
0.979422
0.97938
0.979338
0.979296
0.979254
0.979212
0.97917
0.979128
0.979086
0.979044
0.979002
0.978959
0.978917
0.978875
0.978833
0.978791
0.978749
0.978707
0.978665
0.978623
0.978581
0.978538
0.978496
0.978454
0.978412
0.97837
0.978328
0.978286
0.978244
0.978202
0.978159
0.978117
0.978075
0.978033
0.977991
0.977949
0.977907
0.977864
0.977822
0.97778
0.977738
0.977696
0.977654
0.977612
0.977569
0.977527
0.977485
0.977443
0.977401
0.977359
0.977316
0.977274
0.977232
0.97719
0.977148
0.977106
0.977063
0.977021
0.976979
0.976937
0.976895
0.976852
0.97681
0.976768
0.976726
0.976684
0.976641
0.976599
0.976557
0.976515
0.976472
0.97643
0.976388
0.976346
0.976304
0.976261
0.976219
0.976177
0.976135
0.976092
0.97605
0.976008
0.975966
0.975923
0.975881
0.975839
0.975797
0.975754
0.975712
0.97567
0.975628
0.975585
0.975543
0.975501
0.975458
0.975416
0.975374
0.975332
0.975289
0.975247
0.975205
0.975162
0.97512
0.975078
0.975036
0.974993
0.974951
0.974909
0.974866
0.974824
0.974782
0.974739
0.974697
0.974655
0.974612
0.97457
0.974528
0.974485
0.974443
0.974401
0.974358
0.974316
0.974274
0.974231
0.974189
0.974147
0.974104
0.974062
0.97402
0.973977
0.973935
0.973892
0.97385
0.973808
0.973765
0.973723
0.973681
0.973638
0.973596
0.973553
0.973511
0.973469
0.973426
0.973384
0.973341
0.973299
0.973257
0.973214
0.973172
0.973129
0.973087
0.973044
0.973002
0.97296
0.972917
0.972875
0.972832
0.97279
0.972747
0.972705
0.972663
0.97262
0.972578
0.972535
0.972493
0.97245
0.972408
0.972365
0.972323
0.97228
0.972238
0.972195
0.972153
0.97211
0.972068
0.972026
0.971983
0.971941
0.971898
0.971856
0.971813
0.971771
0.971728
0.971686
0.971643
0.9716
0.971558
0.971515
0.971473
0.97143
0.971388
0.971345
0.971303
0.97126
0.971218
0.971175
0.971133
0.97109
0.971048
0.971005
0.970962
0.97092
0.970877
0.970835
0.970792
0.97075
0.970707
0.970664
0.970622
0.970579
0.970537
0.970494
0.970452
0.970409
0.970366
0.970324
0.970281
0.970239
0.970196
0.970153
0.970111
0.970068
0.970026
0.969983
0.96994
0.969898
0.969855
0.969812
0.96977
0.969727
0.969685
0.969642
0.969599
0.969557
0.969514
0.969471
0.969429
0.969386
0.969343
0.969301
0.969258
0.969215
0.969173
0.96913
0.969087
0.969045
0.969002
0.968959
0.968917
0.968874
0.968831
0.968788
0.968746
0.968703
0.96866
0.968618
0.968575
0.968532
0.968489
0.968447
0.968404
0.968361
0.968319
0.968276
0.968233
0.96819
0.968148
0.968105
0.968062
0.968019
0.967977
0.967934
0.967891
0.967848
0.967805
0.967763
0.96772
0.967677
0.967634
0.967592
0.967549
0.967506
0.967463
0.96742
0.967378
0.967335
0.967292
0.967249
0.967206
0.967164
0.967121
0.967078
0.967035
0.966992
0.966949
0.966907
0.966864
0.966821
0.966778
0.966735
0.966692
0.96665
0.966607
0.966564
0.966521
0.966478
0.966435
0.966392
0.96635
0.966307
0.966264
0.966221
0.966178
0.966135
0.966092
0.966049
0.966006
0.965964
0.965921
0.965878
0.965835
0.965792
0.965749
0.965706
0.965663
0.96562
0.965577
0.965534
0.965491
0.965448
0.965406
0.965363
0.96532
0.965277
0.965234
0.965191
0.965148
0.965105
0.965062
0.965019
0.964976
0.964933
0.96489
0.964847
0.964804
0.964761
0.964718
0.964675
0.964632
0.964589
0.964546
0.964503
0.96446
0.964417
0.964374
0.964331
0.964288
0.964245
0.964202
0.964159
0.964116
0.964073
0.96403
0.963987
0.963943
0.9639
0.963857
0.963814
0.963771
0.963728
0.963685
0.963642
0.963599
0.963556
0.963513
0.96347
0.963427
0.963383
0.96334
0.963297
0.963254
0.963211
0.963168
0.963125
0.963082
0.963038
0.962995
0.962952
0.962909
0.962866
0.962823
0.96278
0.962736
0.962693
0.96265
0.962607
0.962564
0.962521
0.962477
0.962434
0.962391
0.962348
0.962305
0.962262
0.962218
0.962175
0.962132
0.962089
0.962046
0.962002
0.961959
0.961916
0.961873
0.961829
0.961786
0.961743
0.9617
0.961656
0.961613
0.96157
0.961527
0.961483
0.96144
0.961397
0.961354
0.96131
0.961267
0.961224
0.961181
0.961137
0.961094
0.961051
0.961007
0.960964
0.960921
0.960877
0.960834
0.960791
0.960747
0.960704
0.960661
0.960617
0.960574
0.960531
0.960487
0.960444
0.960401
0.960357
0.960314
0.960271
0.960227
0.960184
0.960141
0.960097
0.960054
0.96001
0.959967
0.959924
0.95988
0.959837
0.959793
0.95975
0.959707
0.959663
0.95962
0.959576
0.959533
0.959489
0.959446
0.959403
0.959359
0.959316
0.959272
0.959229
0.959185
0.959142
0.959098
0.959055
0.959011
0.958968
0.958924
0.958881
0.958837
0.958794
0.95875
0.958707
0.958663
0.95862
0.958576
0.958533
0.958489
0.958446
0.958402
0.958359
0.958315
0.958272
0.958228
0.958184
0.958141
0.958097
0.958054
0.95801
0.957967
0.957923
0.957879
0.957836
0.957792
0.957749
0.957705
0.957661
0.957618
0.957574
0.957531
0.957487
0.957443
0.9574
0.957356
0.957312
0.957269
0.957225
0.957181
0.957138
0.957094
0.95705
0.957007
0.956963
0.956919
0.956876
0.956832
0.956788
0.956745
0.956701
0.956657
0.956614
0.95657
0.956526
0.956482
0.956439
0.956395
0.956351
0.956307
0.956264
0.95622
0.956176
0.956132
0.956089
0.956045
0.956001
0.955957
0.955914
0.95587
0.955826
0.955782
0.955738
0.955695
0.955651
0.955607
0.955563
0.955519
0.955475
0.955432
0.955388
0.955344
0.9553
0.955256
0.955212
0.955168
0.955125
0.955081
0.955037
0.954993
0.954949
0.954905
0.954861
0.954817
0.954773
0.95473
0.954686
0.954642
0.954598
0.954554
0.95451
0.954466
0.954422
0.954378
0.954334
0.95429
0.954246
0.954202
0.954158
0.954114
0.95407
0.954026
0.953982
0.953938
0.953894
0.95385
0.953806
0.953762
0.953718
0.953674
0.95363
0.953586
0.953542
0.953498
0.953454
0.95341
0.953366
0.953322
0.953278
0.953233
0.953189
0.953145
0.953101
0.953057
0.953013
0.952969
0.952925
0.952881
0.952836
0.952792
0.952748
0.952704
0.95266
0.952616
0.952571
0.952527
0.952483
0.952439
0.952395
0.952351
0.952306
0.952262
0.952218
0.952174
0.95213
0.952085
0.952041
0.951997
0.951953
0.951908
0.951864
0.95182
0.951776
0.951731
0.951687
0.951643
0.951598
0.951554
0.95151
0.951466
0.951421
0.951377
0.951333
0.951288
0.951244
0.9512
0.951155
0.951111
0.951066
0.951022
0.950978
0.950933
0.950889
0.950845
0.9508
0.950756
0.950711
0.950667
0.950623
0.950578
0.950534
0.950489
0.950445
0.9504
0.950356
0.950311
0.950267
0.950223
0.950178
0.950134
0.950089
0.950045
0.95
0.949956
0.949911
0.949867
0.949822
0.949777
0.949733
0.949688
0.949644
0.949599
0.949555
0.94951
0.949465
0.949421
0.949376
0.949332
0.949287
0.949242
0.949198
0.949153
0.949109
0.949064
0.949019
0.948975
0.94893
0.948885
0.948841
0.948796
0.948751
0.948707
0.948662
0.948617
0.948572
0.948528
0.948483
0.948438
0.948394
0.948349
0.948304
0.948259
0.948214
0.94817
0.948125
0.94808
0.948035
0.94799
0.947946
0.947901
0.947856
0.947811
0.947766
0.947721
0.947677
0.947632
0.947587
0.947542
0.947497
0.947452
0.947407
0.947362
0.947318
0.947273
0.947228
0.947183
0.947138
0.947093
0.947048
0.947003
0.946958
0.946913
0.946868
0.946823
0.946778
0.946733
0.946688
0.946643
0.946598
0.946553
0.946508
0.946463
0.946418
0.946372
0.946327
0.946282
0.946237
0.946192
0.946147
0.946102
0.946057
0.946011
0.945966
0.945921
0.945876
0.945831
0.945786
0.94574
0.945695
0.94565
0.945605
0.94556
0.945514
0.945469
0.945424
0.945379
0.945333
0.945288
0.945243
0.945197
0.945152
0.945107
0.945061
0.945016
0.944971
0.944925
0.94488
0.944835
0.944789
0.944744
0.944698
0.944653
0.944608
0.944562
0.944517
0.944471
0.944426
0.94438
0.944335
0.944289
0.944244
0.944198
0.944153
0.944107
0.944062
0.944016
0.943971
0.943925
0.94388
0.943834
0.943788
0.943743
0.943697
0.943651
0.943606
0.94356
0.943515
0.943469
0.943423
0.943377
0.943332
0.943286
0.94324
0.943195
0.943149
0.943103
0.943057
0.943012
0.942966
0.94292
0.942874
0.942828
0.942783
0.942737
0.942691
0.942645
0.942599
0.942553
0.942507
0.942461
0.942415
0.94237
0.942324
0.942278
0.942232
0.942186
0.94214
0.942094
0.942048
0.942002
0.941956
0.941909
0.941863
0.941817
0.941771
0.941725
0.941679
0.941633
0.941587
0.941541
0.941494
0.941448
0.941402
0.941356
0.94131
0.941263
0.941217
0.941171
0.941125
0.941078
0.941032
0.940986
0.940939
0.940893
0.940847
0.9408
0.940754
0.940708
0.940661
0.940615
0.940568
0.940522
0.940475
0.940429
0.940382
0.940336
0.940289
0.940243
0.940196
0.94015
0.940103
0.940056
0.94001
0.939963
0.939917
0.93987
0.939823
0.939777
0.93973
0.939683
0.939636
0.93959
0.939543
0.939496
0.939449
0.939402
0.939356
0.939309
0.939262
0.939215
0.939168
0.939121
0.939074
0.939027
0.93898
0.938933
0.938886
0.938839
0.938792
0.938745
0.938698
0.938651
0.938604
0.938557
0.938509
0.938462
0.938415
0.938368
0.938321
0.938273
0.938226
0.938179
0.938132
0.938084
0.938037
0.937989
0.937942
0.937895
0.937847
0.9378
0.937752
0.937705
0.937657
0.93761
0.937562
0.937515
0.937467
0.937419
0.937372
0.937324
0.937277
0.937229
0.937181
0.937133
0.937086
0.937038
0.93699
0.936942
0.936894
0.936846
0.936799
0.936751
0.936703
0.936655
0.936607
0.936559
0.936511
0.936463
0.936414
0.936366
0.936318
0.93627
0.936222
0.936174
0.936125
0.936077
0.936029
0.935981
0.935932
0.935884
0.935836
0.935787
0.935739
0.93569
0.935642
0.935593
0.935545
0.935496
0.935448
0.935399
0.93535
0.935302
0.935253
0.935204
0.935155
0.935107
0.935058
0.935009
0.93496
0.934911
0.934862
0.934813
0.934764
0.934715
0.934666
0.934617
0.934568
0.934519
0.93447
0.934421
0.934372
0.934322
0.934273
0.934224
0.934175
0.934125
0.934076
0.934027
0.933977
0.933928
0.933878
0.933829
0.933779
0.933729
0.93368
0.93363
0.933581
0.933531
0.933481
0.933431
0.933382
0.933332
0.933282
0.933232
0.933182
0.933132
0.933082
0.933032
0.932982
0.932932
0.932882
0.932832
0.932782
0.932731
0.932681
0.932631
0.932581
0.93253
0.93248
0.932429
0.932379
0.932329
0.932278
0.932228
0.932177
0.932126
0.932076
0.932025
0.931974
0.931924
0.931873
0.931822
0.931771
0.931721
0.93167
0.931619
0.931568
0.931517
0.931466
0.931415
0.931364
0.931313
0.931261
0.93121
0.931159
0.931108
0.931056
0.931005
0.930954
0.930902
0.930851
0.930799
0.930748
0.930696
0.930645
0.930593
0.930542
0.93049
0.930438
0.930387
0.930335
0.930283
0.930231
0.930179
0.930127
0.930075
0.930023
0.929971
0.929919
0.929867
0.929815
0.929763
0.929711
0.929659
0.929606
0.929554
0.929502
0.929449
0.929397
0.929345
0.929292
0.92924
0.929187
0.929134
0.929082
0.929029
0.928977
0.928924
0.928871
0.928818
0.928765
0.928713
0.92866
0.928607
0.928554
0.928501
0.928448
0.928395
0.928342
0.928288
0.928235
0.928182
0.928129
0.928075
0.928022
0.927969
0.927915
0.927862
0.927808
0.927755
0.927701
0.927648
0.927594
0.927541
0.927487
0.927433
0.927379
0.927326
0.927272
0.927218
0.927164
0.92711
0.927056
0.927002
0.926948
0.926894
0.92684
0.926786
0.926731
0.926677
0.926623
0.926568
0.926514
0.92646
0.926405
0.926351
0.926296
0.926242
0.926187
0.926133
0.926078
0.926023
0.925968
0.925914
0.925859
0.925804
0.925749
0.925694
0.925639
0.925584
0.925529
0.925474
0.925419
0.925364
0.925309
0.925254
0.925198
0.925143
0.925088
0.925032
0.924977
0.924921
0.924866
0.92481
0.924755
0.924699
0.924644
0.924588
0.924532
0.924476
0.924421
0.924365
0.924309
0.924253
0.924197
0.924141
0.924085
0.924029
0.923973
0.923917
0.923861
0.923804
0.923748
0.923692
0.923635
0.923579
0.923523
0.923466
0.92341
0.923353
0.923297
0.92324
0.923183
0.923127
0.92307
0.923013
0.922956
0.922899
0.922843
0.922786
0.922729
0.922672
0.922615
0.922558
0.9225
0.922443
0.922386
0.922329
0.922272
0.922214
0.922157
0.9221
0.922042
0.921985
0.921927
0.92187
0.921812
0.921754
0.921697
0.921639
0.921581
0.921523
0.921466
0.921408
0.92135
0.921292
0.921234
0.921176
0.921118
0.92106
0.921001
0.920943
0.920885
0.920827
0.920768
0.92071
0.920652
0.920593
0.920535
0.920476
0.920418
0.920359
0.9203
0.920242
0.920183
0.920124
0.920065
0.920007
0.919948
0.919889
0.91983
0.919771
0.919712
0.919653
0.919594
0.919534
0.919475
0.919416
0.919357
0.919297
0.919238
0.919179
0.919119
0.91906
0.919
0.91894
0.918881
0.918821
0.918761
0.918702
0.918642
0.918582
0.918522
0.918462
0.918402
0.918342
0.918282
0.918222
0.918162
0.918102
0.918042
0.917982
0.917921
0.917861
0.917801
0.91774
0.91768
0.917619
0.917559
0.917498
0.917437
0.917377
0.917316
0.917255
0.917195
0.917134
0.917073
0.917012
0.916951
0.91689
0.916829
0.916768
0.916707
0.916646
0.916584
0.916523
0.916462
0.9164
0.916339
0.916278
0.916216
0.916155
0.916093
0.916031
0.91597
0.915908
0.915846
0.915785
0.915723
0.915661
0.915599
0.915537
0.915475
0.915413
0.915351
0.915289
0.915227
0.915165
0.915102
0.91504
0.914978
0.914915
0.914853
0.91479
0.914728
0.914665
0.914603
0.91454
0.914478
0.914415
0.914352
0.914289
0.914226
0.914163
0.914101
0.914038
0.913975
0.913911
0.913848
0.913785
0.913722
0.913659
0.913595
0.913532
0.913469
0.913405
0.913342
0.913278
0.913215
0.913151
0.913088
0.913024
0.91296
0.912896
0.912833
0.912769
0.912705
0.912641
0.912577
0.912513
0.912449
0.912385
0.91232
0.912256
0.912192
0.912128
0.912063
0.911999
0.911934
0.91187
0.911805
0.911741
0.911676
0.911611
0.911547
0.911482
0.911417
0.911352
0.911287
0.911223
0.911158
0.911093
0.911027
0.910962
0.910897
0.910832
0.910767
0.910701
0.910636
0.910571
0.910505
0.91044
0.910374
0.910309
0.910243
0.910177
0.910112
0.910046
0.90998
0.909914
0.909848
0.909782
0.909716
0.90965
0.909584
0.909518
0.909452
0.909386
0.909319
0.909253
0.909187
0.90912
0.909054
0.908987
0.908921
0.908854
0.908788
0.908721
0.908654
0.908588
0.908521
0.908454
0.908387
0.90832
0.908253
0.908186
0.908119
0.908052
0.907984
0.907917
0.90785
0.907783
0.907715
0.907648
0.90758
0.907513
0.907445
0.907378
0.90731
0.907242
0.907174
0.907107
0.907039
0.906971
0.906903
0.906835
0.906767
0.906699
0.906631
0.906563
0.906494
0.906426
0.906358
0.906289
0.906221
0.906152
0.906084
0.906015
0.905947
0.905878
0.905809
0.905741
0.905672
0.905603
0.905534
0.905465
0.905396
0.905327
0.905258
0.905189
0.90512
0.90505
0.904981
0.904912
0.904842
0.904773
0.904703
0.904634
0.904564
0.904495
0.904425
0.904355
0.904286
0.904216
0.904146
0.904076
0.904006
0.903936
0.903866
0.903796
0.903726
0.903655
0.903585
0.903515
0.903444
0.903374
0.903304
0.903233
0.903163
0.903092
0.903021
0.902951
0.90288
0.902809
0.902738
0.902667
0.902596
0.902525
0.902454
0.902383
0.902312
0.902241
0.90217
0.902098
0.902027
0.901956
0.901884
0.901813
0.901741
0.90167
0.901598
0.901526
0.901454
0.901383
0.901311
0.901239
0.901167
0.901095
0.901023
0.900951
0.900879
0.900806
0.900734
0.900662
0.90059
0.900517
0.900445
0.900372
0.9003
0.900227
0.900154
0.900082
0.900009
0.899936
0.899863
0.89979
0.899717
0.899644
0.899571
0.899498
0.899425
0.899352
0.899279
0.899205
0.899132
0.899059
0.898985
0.898912
0.898838
0.898764
0.898691
0.898617
0.898543
0.898469
0.898395
0.898322
0.898248
0.898173
0.898099
0.898025
0.897951
0.897877
0.897803
0.897728
0.897654
0.897579
0.897505
0.89743
0.897356
0.897281
0.897206
0.897132
0.897057
0.896982
0.896907
0.896832
0.896757
0.896682
0.896607
0.896532
0.896456
0.896381
0.896306
0.89623
0.896155
0.896079
0.896004
0.895928
0.895853
0.895777
0.895701
0.895625
0.895549
0.895473
0.895398
0.895321
0.895245
0.895169
0.895093
0.895017
0.894941
0.894864
0.894788
0.894711
0.894635
0.894558
0.894482
0.894405
0.894328
0.894252
0.894175
0.894098
0.894021
0.893944
0.893867
0.89379
0.893713
0.893635
0.893558
0.893481
0.893403
0.893326
0.893249
0.893171
0.893093
0.893016
0.892938
0.89286
0.892783
0.892705
0.892627
0.892549
0.892471
0.892393
0.892315
0.892236
0.892158
0.89208
0.892002
0.891923
0.891845
0.891766
0.891688
0.891609
0.89153
0.891452
0.891373
0.891294
0.891215
0.891136
0.891057
0.890978
0.890899
0.89082
0.890741
0.890661
0.890582
0.890503
0.890423
0.890344
0.890264
0.890184
0.890105
0.890025
0.889945
0.889865
0.889786
0.889706
0.889626
0.889546
0.889465
0.889385
0.889305
0.889225
0.889144
0.889064
0.888984
0.888903
0.888822
0.888742
0.888661
0.88858
0.8885
0.888419
0.888338
0.888257
0.888176
0.888095
0.888014
0.887932
0.887851
0.88777
0.887689
0.887607
0.887526
0.887444
0.887363
0.887281
0.887199
0.887117
0.887036
0.886954
0.886872
0.88679
0.886708
0.886626
0.886544
0.886461
0.886379
0.886297
0.886214
0.886132
0.886049
0.885967
0.885884
0.885802
0.885719
0.885636
0.885553
0.88547
0.885387
0.885304
0.885221
0.885138
0.885055
0.884972
0.884888
0.884805
0.884721
0.884638
0.884554
0.884471
0.884387
0.884303
0.88422
0.884136
0.884052
0.883968
0.883884
0.8838
0.883716
0.883631
0.883547
0.883463
0.883379
0.883294
0.88321
0.883125
0.88304
0.882956
0.882871
0.882786
0.882701
0.882616
0.882532
0.882447
0.882361
0.882276
0.882191
0.882106
0.88202
0.881935
0.88185
0.881764
0.881679
0.881593
0.881507
0.881422
0.881336
0.88125
0.881164
0.881078
0.880992
0.880906
0.88082
0.880733
0.880647
0.880561
0.880474
0.880388
0.880301
0.880215
0.880128
0.880042
0.879955
0.879868
0.879781
0.879694
0.879607
0.87952
0.879433
0.879346
0.879258
0.879171
0.879084
0.878996
0.878909
0.878821
0.878734
0.878646
0.878558
0.87847
0.878383
0.878295
0.878207
0.878119
0.87803
0.877942
0.877854
0.877766
0.877677
0.877589
0.8775
0.877412
0.877323
0.877235
0.877146
0.877057
0.876968
0.876879
0.87679
0.876701
0.876612
0.876523
0.876434
0.876345
0.876255
0.876166
0.876076
0.875987
0.875897
0.875807
0.875718
0.875628
0.875538
0.875448
0.875358
0.875268
0.875178
0.875088
0.874998
0.874907
0.874817
0.874727
0.874636
0.874545
0.874455
0.874364
0.874273
0.874183
0.874092
0.874001
0.87391
0.873819
0.873728
0.873636
0.873545
0.873454
0.873363
0.873271
0.87318
0.873088
0.872996
0.872905
0.872813
0.872721
0.872629
0.872537
0.872445
0.872353
0.872261
0.872169
0.872077
0.871984
0.871892
0.871799
0.871707
0.871614
0.871521
0.871429
0.871336
0.871243
0.87115
0.871057
0.870964
0.870871
0.870778
0.870685
0.870591
0.870498
0.870404
0.870311
0.870217
0.870124
0.87003
0.869936
0.869842
0.869748
0.869654
0.86956
0.869466
0.869372
0.869278
0.869184
0.869089
0.868995
0.8689
0.868806
0.868711
0.868616
0.868522
0.868427
0.868332
0.868237
0.868142
0.868047
0.867952
0.867856
0.867761
0.867666
0.86757
0.867475
0.867379
0.867284
0.867188
0.867092
0.866996
0.8669
0.866805
0.866708
0.866612
0.866516
0.86642
0.866324
0.866227
0.866131
0.866034
0.865938
0.865841
0.865744
0.865648
0.865551
0.865454
0.865357
0.86526
0.865163
0.865066
0.864968
0.864871
0.864774
0.864676
0.864579
0.864481
0.864383
0.864286
0.864188
0.86409
0.863992
0.863894
0.863796
0.863698
0.8636
0.863501
0.863403
0.863305
0.863206
0.863108
0.863009
0.86291
0.862811
0.862713
0.862614
0.862515
0.862416
0.862317
0.862217
0.862118
0.862019
0.86192
0.86182
0.861721
0.861621
0.861521
0.861422
0.861322
0.861222
0.861122
0.861022
0.860922
0.860822
0.860721
0.860621
0.860521
0.86042
0.86032
0.860219
0.860119
0.860018
0.859917
0.859816
0.859715
0.859614
0.859513
0.859412
0.859311
0.85921
0.859108
0.859007
0.858905
0.858804
0.858702
0.8586
0.858499
0.858397
0.858295
0.858193
0.858091
0.857989
0.857887
0.857784
0.857682
0.85758
0.857477
0.857374
0.857272
0.857169
0.857066
0.856963
0.856861
0.856758
0.856654
0.856551
0.856448
0.856345
0.856241
0.856138
0.856035
0.855931
0.855827
0.855724
0.85562
0.855516
0.855412
0.855308
0.855204
0.8551
0.854996
0.854891
0.854787
0.854682
0.854578
0.854473
0.854369
0.854264
0.854159
0.854054
0.853949
0.853844
0.853739
0.853634
0.853529
0.853423
0.853318
0.853212
0.853107
0.853001
0.852896
0.85279
0.852684
0.852578
0.852472
0.852366
0.85226
0.852154
0.852047
0.851941
0.851834
0.851728
0.851621
0.851515
0.851408
0.851301
0.851194
0.851087
0.85098
0.850873
0.850766
0.850659
0.850551
0.850444
0.850336
0.850229
0.850121
0.850014
0.849906
0.849798
0.84969
0.849582
0.849474
0.849366
0.849257
0.849149
0.849041
0.848932
0.848824
0.848715
0.848606
0.848498
0.848389
0.84828
0.848171
0.848062
0.847953
0.847843
0.847734
0.847625
0.847515
0.847406
0.847296
0.847186
0.847077
0.846967
0.846857
0.846747
0.846637
0.846527
0.846416
0.846306
0.846196
0.846085
0.845975
0.845864
0.845753
0.845643
0.845532
0.845421
0.84531
0.845199
0.845088
0.844976
0.844865
0.844754
0.844642
0.844531
0.844419
0.844307
0.844195
0.844084
0.843972
0.84386
0.843748
0.843635
0.843523
0.843411
0.843298
0.843186
0.843073
0.842961
0.842848
0.842735
0.842622
0.842509
0.842396
0.842283
0.84217
0.842057
0.841943
0.84183
0.841716
0.841603
0.841489
0.841375
0.841261
0.841147
0.841033
0.840919
0.840805
0.840691
0.840577
0.840462
0.840348
0.840233
0.840119
0.840004
0.839889
0.839774
0.839659
0.839544
0.839429
0.839314
0.839199
0.839083
0.838968
0.838852
0.838737
0.838621
0.838505
0.838389
0.838273
0.838157
0.838041
0.837925
0.837809
0.837693
0.837576
0.83746
0.837343
0.837226
0.83711
0.836993
0.836876
0.836759
0.836642
0.836525
0.836408
0.83629
0.836173
0.836055
0.835938
0.83582
0.835702
0.835585
0.835467
0.835349
0.835231
0.835113
0.834994
0.834876
0.834758
0.834639
0.834521
0.834402
0.834283
0.834164
0.834046
0.833927
0.833808
0.833688
0.833569
0.83345
0.833331
0.833211
0.833092
0.832972
0.832852
0.832732
0.832612
0.832493
0.832372
0.832252
0.832132
0.832012
0.831891
0.831771
0.83165
0.83153
0.831409
0.831288
0.831167
0.831046
0.830925
0.830804
0.830683
0.830562
0.83044
0.830319
0.830197
0.830075
0.829954
0.829832
0.82971
0.829588
0.829466
0.829344
0.829221
0.829099
0.828977
0.828854
0.828732
0.828609
0.828486
0.828363
0.82824
0.828117
0.827994
0.827871
0.827748
0.827624
0.827501
0.827377
0.827254
0.82713
0.827006
0.826882
0.826758
0.826634
0.82651
0.826386
0.826261
0.826137
0.826013
0.825888
0.825763
0.825638
0.825514
0.825389
0.825264
0.825139
0.825013
0.824888
0.824763
0.824637
0.824512
0.824386
0.82426
0.824135
0.824009
0.823883
0.823757
0.82363
0.823504
0.823378
0.823251
0.823125
0.822998
0.822872
0.822745
0.822618
0.822491
0.822364
0.822237
0.82211
0.821982
0.821855
0.821727
0.8216
0.821472
0.821344
0.821216
0.821088
0.82096
0.820832
0.820704
0.820576
0.820447
0.820319
0.82019
0.820062
0.819933
0.819804
0.819675
0.819546
0.819417
0.819288
0.819159
0.819029
0.8189
0.81877
0.81864
0.818511
0.818381
0.818251
0.818121
0.817991
0.817861
0.81773
0.8176
0.81747
0.817339
0.817208
0.817078
0.816947
0.816816
0.816685
0.816554
0.816422
0.816291
0.81616
0.816028
0.815897
0.815765
0.815633
0.815501
0.81537
0.815238
0.815105
0.814973
0.814841
0.814708
0.814576
0.814443
0.814311
0.814178
0.814045
0.813912
0.813779
0.813646
0.813513
0.813379
0.813246
0.813112
0.812979
0.812845
0.812711
0.812577
0.812443
0.812309
0.812175
0.812041
0.811907
0.811772
0.811638
0.811503
0.811368
0.811233
0.811098
0.810963
0.810828
0.810693
0.810558
0.810422
0.810287
0.810151
0.810016
0.80988
0.809744
0.809608
0.809472
0.809336
0.8092
0.809063
0.808927
0.80879
0.808654
0.808517
0.80838
0.808243
0.808106
0.807969
0.807832
0.807695
0.807557
0.80742
0.807282
0.807144
0.807007
0.806869
0.806731
0.806593
0.806455
0.806316
0.806178
0.80604
0.805901
0.805762
0.805624
0.805485
0.805346
0.805207
0.805068
0.804928
0.804789
0.80465
0.80451
0.804371
0.804231
0.804091
0.803951
0.803811
0.803671
0.803531
0.80339
0.80325
0.80311
0.802969
0.802828
0.802687
0.802547
0.802406
0.802264
0.802123
0.801982
0.801841
0.801699
0.801558
0.801416
0.801274
0.801132
0.80099
0.800848
0.800706
0.800564
0.800421
0.800279
0.800136
0.799994
0.799851
0.799708
0.799565
0.799422
0.799279
0.799135
0.798992
0.798849
0.798705
0.798561
0.798418
0.798274
0.79813
0.797986
0.797841
0.797697
0.797553
0.797408
0.797264
0.797119
0.796974
0.796829
0.796684
0.796539
0.796394
0.796249
0.796103
0.795958
0.795812
0.795667
0.795521
0.795375
0.795229
0.795083
0.794937
0.79479
0.794644
0.794497
0.794351
0.794204
0.794057
0.79391
0.793763
0.793616
0.793469
0.793322
0.793174
0.793027
0.792879
0.792731
0.792584
0.792436
0.792288
0.792139
0.791991
0.791843
0.791694
0.791546
0.791397
0.791248
0.791099
0.79095
0.790801
0.790652
0.790503
0.790353
0.790204
0.790054
0.789905
0.789755
0.789605
0.789455
0.789305
0.789154
0.789004
0.788854
0.788703
0.788552
0.788402
0.788251
0.7881
0.787949
0.787798
0.787646
0.787495
0.787343
0.787192
0.78704
0.786888
0.786736
0.786584
0.786432
0.78628
0.786128
0.785975
0.785823
0.78567
0.785517
0.785364
0.785211
0.785058
0.784905
0.784752
0.784598
0.784445
0.784291
0.784137
0.783984
0.78383
0.783676
0.783521
0.783367
0.783213
0.783058
0.782904
0.782749
0.782594
0.782439
0.782284
0.782129
0.781974
0.781819
0.781663
0.781508
0.781352
0.781196
0.78104
0.780884
0.780728
0.780572
0.780416
0.780259
0.780103
0.779946
0.779789
0.779632
0.779475
0.779318
0.779161
0.779004
0.778846
0.778689
0.778531
0.778373
0.778215
0.778057
0.777899
0.777741
0.777583
0.777424
0.777266
0.777107
0.776949
0.77679
0.776631
0.776472
0.776313
0.776153
0.775994
0.775834
0.775675
0.775515
0.775355
0.775195
0.775035
0.774875
0.774715
0.774554
0.774394
0.774233
0.774072
0.773911
0.77375
0.773589
0.773428
0.773267
0.773105
0.772944
0.772782
0.77262
0.772459
0.772297
0.772135
0.771972
0.77181
0.771648
0.771485
0.771322
0.77116
0.770997
0.770834
0.770671
0.770507
0.770344
0.770181
0.770017
0.769853
0.769689
0.769526
0.769362
0.769197
0.769033
0.768869
0.768704
0.76854
0.768375
0.76821
0.768045
0.76788
0.767715
0.76755
0.767384
0.767219
0.767053
0.766887
0.766722
0.766556
0.766389
0.766223
0.766057
0.76589
0.765724
0.765557
0.76539
0.765224
0.765057
0.764889
0.764722
0.764555
0.764387
0.76422
0.764052
0.763884
0.763716
0.763548
0.76338
0.763212
0.763043
0.762875
0.762706
0.762537
0.762368
0.762199
0.76203
0.761861
0.761692
0.761522
0.761352
0.761183
0.761013
0.760843
0.760673
0.760503
0.760332
0.760162
0.759991
0.759821
0.75965
0.759479
0.759308
0.759137
0.758966
0.758794
0.758623
0.758451
0.758279
0.758108
0.757936
0.757764
0.757591
0.757419
0.757247
0.757074
0.756901
0.756728
0.756556
0.756382
0.756209
0.756036
0.755863
0.755689
0.755515
0.755342
0.755168
0.754994
0.75482
0.754645
0.754471
0.754296
0.754122
0.753947
0.753772
0.753597
0.753422
0.753247
0.753071
0.752896
0.75272
0.752545
0.752369
0.752193
0.752017
0.751841
0.751664
0.751488
0.751311
0.751134
0.750958
0.750781
0.750604
0.750426
0.750249
0.750072
0.749894
0.749716
0.749539
0.749361
0.749183
0.749004
0.748826
0.748648
0.748469
0.74829
0.748112
0.747933
0.747754
0.747575
0.747395
0.747216
0.747036
0.746857
0.746677
0.746497
0.746317
0.746137
0.745956
0.745776
0.745595
0.745415
0.745234
0.745053
0.744872
0.744691
0.744509
0.744328
0.744146
0.743965
0.743783
0.743601
0.743419
0.743237
0.743054
0.742872
0.742689
0.742507
0.742324
0.742141
0.741958
0.741775
0.741591
0.741408
0.741224
0.741041
0.740857
0.740673
0.740489
0.740305
0.74012
0.739936
0.739751
0.739566
0.739381
0.739196
0.739011
0.738826
0.738641
0.738455
0.73827
0.738084
0.737898
0.737712
0.737526
0.73734
0.737153
0.736967
0.73678
0.736593
0.736406
0.736219
0.736032
0.735845
0.735657
0.73547
0.735282
0.735094
0.734906
0.734718
0.73453
0.734341
0.734153
0.733964
0.733776
0.733587
0.733398
0.733208
0.733019
0.73283
0.73264
0.732451
0.732261
0.732071
0.731881
0.731691
0.7315
0.73131
0.731119
0.730928
0.730738
0.730547
0.730356
0.730164
0.729973
0.729781
0.72959
0.729398
0.729206
0.729014
0.728822
0.728629
0.728437
0.728244
0.728052
0.727859
0.727666
0.727473
0.727279
0.727086
0.726893
0.726699
0.726505
0.726311
0.726117
0.725923
0.725729
0.725534
0.72534
0.725145
0.72495
0.724755
0.72456
0.724365
0.724169
0.723974
0.723778
0.723582
0.723386
0.72319
0.722994
0.722797
0.722601
0.722404
0.722208
0.722011
0.721814
0.721616
0.721419
0.721222
0.721024
0.720826
0.720629
0.720431
0.720232
0.720034
0.719836
0.719637
0.719439
0.71924
0.719041
0.718842
0.718642
0.718443
0.718244
0.718044
0.717844
0.717644
0.717444
0.717244
0.717044
0.716843
0.716642
0.716442
0.716241
0.71604
0.715839
0.715637
0.715436
0.715234
0.715032
0.714831
0.714629
0.714426
0.714224
0.714022
0.713819
0.713616
0.713414
0.713211
0.713007
0.712804
0.712601
0.712397
0.712194
0.71199
0.711786
0.711582
0.711377
0.711173
0.710968
0.710764
0.710559
0.710354
0.710149
0.709944
0.709738
0.709533
0.709327
0.709121
0.708915
0.708709
0.708503
0.708296
0.70809
0.707883
0.707676
0.707469
0.707262
0.707055
0.706848
0.70664
0.706432
0.706225
0.706017
0.705809
0.7056
0.705392
0.705183
0.704975
0.704766
0.704557
0.704348
0.704139
0.703929
0.70372
0.70351
0.7033
0.70309
0.70288
0.70267
0.702459
0.702249
0.702038
0.701827
0.701616
0.701405
0.701194
0.700982
0.700771
0.700559
0.700347
0.700135
0.699923
0.69971
0.699498
0.699285
0.699073
0.69886
0.698647
0.698433
0.69822
0.698007
0.697793
0.697579
0.697365
0.697151
0.696937
0.696723
0.696508
0.696293
0.696078
0.695863
0.695648
0.695433
0.695218
0.695002
0.694786
0.694571
0.694355
0.694138
0.693922
0.693706
0.693489
0.693272
0.693055
0.692838
0.692621
0.692404
0.692186
0.691968
0.691751
0.691533
0.691315
0.691096
0.690878
0.690659
0.690441
0.690222
0.690003
0.689784
0.689564
0.689345
0.689125
0.688905
0.688685
0.688465
0.688245
0.688025
0.687804
0.687584
0.687363
0.687142
0.686921
0.686699
0.686478
0.686256
0.686035
0.685813
0.685591
0.685368
0.685146
0.684923
0.684701
0.684478
0.684255
0.684032
0.683809
0.683585
0.683362
0.683138
0.682914
0.68269
0.682466
0.682241
0.682017
0.681792
0.681567
0.681342
0.681117
0.680892
0.680666
0.680441
0.680215
0.679989
0.679763
0.679537
0.67931
0.679084
0.678857
0.67863
0.678403
0.678176
0.677949
0.677721
0.677494
0.677266
0.677038
0.67681
0.676582
0.676353
0.676125
0.675896
0.675667
0.675438
0.675209
0.674979
0.67475
0.67452
0.67429
0.67406
0.67383
0.6736
0.67337
0.673139
0.672908
0.672677
0.672446
0.672215
0.671983
0.671752
0.67152
0.671288
0.671056
0.670824
0.670592
0.670359
0.670126
0.669893
0.66966
0.669427
0.669194
0.66896
0.668727
0.668493
0.668259
0.668025
0.66779
0.667556
0.667321
0.667087
0.666852
0.666617
0.666381
0.666146
0.66591
0.665675
0.665439
0.665203
0.664966
0.66473
0.664493
0.664257
0.66402
0.663783
0.663545
0.663308
0.663071
0.662833
0.662595
0.662357
0.662119
0.66188
0.661642
0.661403
0.661164
0.660925
0.660686
0.660447
0.660207
0.659968
0.659728
0.659488
0.659248
0.659007
0.658767
0.658526
0.658285
0.658044
0.657803
0.657562
0.65732
0.657079
0.656837
0.656595
0.656353
0.65611
0.655868
0.655625
0.655382
0.655139
0.654896
0.654653
0.65441
0.654166
0.653922
0.653678
0.653434
0.65319
0.652945
0.652701
0.652456
0.652211
0.651966
0.65172
0.651475
0.651229
0.650983
0.650737
0.650491
0.650245
0.649998
0.649752
0.649505
0.649258
0.649011
0.648763
0.648516
0.648268
0.64802
0.647772
0.647524
0.647276
0.647027
0.646778
0.646529
0.64628
0.646031
0.645782
0.645532
0.645282
0.645033
0.644783
0.644532
0.644282
0.644031
0.643781
0.64353
0.643279
0.643027
0.642776
0.642524
0.642272
0.64202
0.641768
0.641516
0.641264
0.641011
0.640758
0.640505
0.640252
0.639999
0.639745
0.639491
0.639237
0.638983
0.638729
0.638475
0.63822
0.637966
0.637711
0.637456
0.6372
0.636945
0.636689
0.636433
0.636178
0.635921
0.635665
0.635409
0.635152
0.634895
0.634638
0.634381
0.634124
0.633866
0.633608
0.633351
0.633092
0.632834
0.632576
0.632317
0.632058
0.6318
0.63154
0.631281
0.631022
0.630762
0.630502
0.630242
0.629982
0.629722
0.629461
0.6292
0.628939
0.628678
0.628417
0.628156
0.627894
0.627632
0.62737
0.627108
0.626846
0.626583
0.626321
0.626058
0.625795
0.625532
0.625268
0.625005
0.624741
0.624477
0.624213
0.623949
0.623684
0.623419
0.623155
0.62289
0.622624
0.622359
0.622094
0.621828
0.621562
0.621296
0.621029
0.620763
0.620496
0.62023
0.619963
0.619695
0.619428
0.61916
0.618893
0.618625
0.618357
0.618088
0.61782
0.617551
0.617282
0.617013
0.616744
0.616475
0.616205
0.615936
0.615666
0.615396
0.615125
0.614855
0.614584
0.614313
0.614042
0.613771
0.6135
0.613228
0.612956
0.612684
0.612412
0.61214
0.611867
0.611595
0.611322
0.611049
0.610775
0.610502
0.610228
0.609955
0.609681
0.609406
0.609132
0.608857
0.608583
0.608308
0.608033
0.607757
0.607482
0.607206
0.60693
0.606654
0.606378
0.606102
0.605825
0.605548
0.605271
0.604994
0.604717
0.604439
0.604161
0.603884
0.603605
0.603327
0.603049
0.60277
0.602491
0.602212
0.601933
0.601653
0.601374
0.601094
0.600814
0.600534
0.600253
0.599973
0.599692
0.599411
0.59913
0.598848
0.598567
0.598285
0.598003
0.597721
0.597439
0.597156
0.596874
0.596591
0.596308
0.596025
0.595741
0.595457
0.595174
0.59489
0.594605
0.594321
0.594036
0.593752
0.593467
0.593181
0.592896
0.592611
0.592325
0.592039
0.591753
0.591466
0.59118
0.590893
0.590606
0.590319
0.590032
0.589744
0.589457
0.589169
0.588881
0.588592
0.588304
0.588015
0.587726
0.587437
0.587148
0.586859
0.586569
0.586279
0.585989
0.585699
0.585408
0.585118
0.584827
0.584536
0.584245
0.583953
0.583662
0.58337
0.583078
0.582786
0.582493
0.582201
0.581908
0.581615
0.581322
0.581028
0.580735
0.580441
0.580147
0.579853
0.579559
0.579264
0.578969
0.578674
0.578379
0.578084
0.577788
0.577492
0.577196
0.5769
0.576604
0.576307
0.576011
0.575714
0.575416
0.575119
0.574822
0.574524
0.574226
0.573928
0.573629
0.573331
0.573032
0.572733
0.572434
0.572134
0.571835
0.571535
0.571235
0.570935
0.570635
0.570334
0.570033
0.569732
0.569431
0.56913
0.568828
0.568526
0.568224
0.567922
0.56762
0.567317
0.567014
0.566711
0.566408
0.566105
0.565801
0.565497
0.565193
0.564889
0.564585
0.56428
0.563975
0.56367
0.563365
0.563059
0.562754
0.562448
0.562142
0.561835
0.561529
0.561222
0.560915
0.560608
0.560301
0.559993
0.559686
0.559378
0.55907
0.558761
0.558453
0.558144
0.557835
0.557526
0.557216
0.556907
0.556597
0.556287
0.555977
0.555666
0.555356
0.555045
0.554734
0.554423
0.554111
0.553799
0.553488
0.553176
0.552863
0.552551
0.552238
0.551925
0.551612
0.551299
0.550985
0.550671
0.550357
0.550043
0.549729
0.549414
0.549099
0.548784
0.548469
0.548154
0.547838
0.547522
0.547206
0.54689
0.546573
0.546257
0.54594
0.545623
0.545305
0.544988
0.54467
0.544352
0.544034
0.543715
0.543397
0.543078
0.542759
0.54244
0.54212
0.541801
0.541481
0.541161
0.54084
0.54052
0.540199
0.539878
0.539557
0.539235
0.538914
0.538592
0.53827
0.537948
0.537625
0.537303
0.53698
0.536657
0.536333
0.53601
0.535686
0.535362
0.535038
0.534714
0.534389
0.534064
0.533739
0.533414
0.533088
0.532763
0.532437
0.532111
0.531784
0.531458
0.531131
0.530804
0.530477
0.530149
0.529822
0.529494
0.529166
0.528837
0.528509
0.52818
0.527851
0.527522
0.527193
0.526863
0.526533
0.526203
0.525873
0.525543
0.525212
0.524881
0.52455
0.524218
0.523887
0.523555
0.523223
0.522891
0.522558
0.522226
0.521893
0.52156
0.521226
0.520893
0.520559
0.520225
0.519891
0.519556
0.519222
0.518887
0.518552
0.518216
0.517881
0.517545
0.517209
0.516873
0.516537
0.5162
0.515863
0.515526
0.515189
0.514851
0.514513
0.514175
0.513837
0.513499
0.51316
0.512821
0.512482
0.512143
0.511803
0.511463
0.511123
0.510783
0.510443
0.510102
0.509761
0.50942
0.509079
0.508737
0.508395
0.508053
0.507711
0.507368
0.507026
0.506683
0.50634
0.505996
0.505653
0.505309
0.504965
0.50462
0.504276
0.503931
0.503586
0.503241
0.502896
0.50255
0.502204
0.501858
0.501512
0.501165
0.500818
0.500471
0.500124
0.499777
0.499429
0.499081
0.498733
0.498385
0.498036
0.497687
0.497338
0.496989
0.496639
0.49629
0.49594
0.495589
0.495239
0.494888
0.494537
0.494186
0.493835
0.493483
0.493132
0.492779
0.492427
0.492075
0.491722
0.491369
0.491016
0.490662
0.490309
0.489955
0.489601
0.489246
0.488892
0.488537
0.488182
0.487827
0.487471
0.487115
0.486759
0.486403
0.486047
0.48569
0.485333
0.484976
0.484619
0.484261
0.483903
0.483545
0.483187
0.482828
0.48247
0.482111
0.481751
0.481392
0.481032
0.480672
0.480312
0.479952
0.479591
0.47923
0.478869
0.478508
0.478146
0.477784
0.477422
0.47706
0.476698
0.476335
0.475972
0.475609
0.475245
0.474881
0.474518
0.474153
0.473789
0.473424
0.473059
0.472694
0.472329
0.471963
0.471598
0.471232
0.470865
0.470499
0.470132
0.469765
0.469398
0.46903
0.468662
0.468295
0.467926
0.467558
0.467189
0.46682
0.466451
0.466082
0.465712
0.465342
0.464972
0.464602
0.464231
0.46386
0.463489
0.463118
0.462747
0.462375
0.462003
0.461631
0.461258
0.460885
0.460512
0.460139
0.459766
0.459392
0.459018
0.458644
0.458269
0.457895
0.45752
0.457145
0.456769
0.456394
0.456018
0.455642
0.455265
0.454889
0.454512
0.454135
0.453758
0.45338
0.453002
0.452624
0.452246
0.451868
0.451489
0.45111
0.450731
0.450351
0.449971
0.449591
0.449211
0.448831
0.44845
0.448069
0.447688
0.447306
0.446925
0.446543
0.446161
0.445778
0.445396
0.445013
0.444629
0.444246
0.443862
0.443479
0.443094
0.44271
0.442325
0.441941
0.441556
0.44117
0.440785
0.440399
0.440013
0.439626
0.43924
0.438853
0.438466
0.438079
0.437691
0.437303
0.436915
0.436527
0.436138
0.43575
0.435361
0.434971
0.434582
0.434192
0.433802
0.433412
0.433021
0.43263
0.432239
0.431848
0.431457
0.431065
0.430673
0.430281
0.429888
0.429495
0.429102
0.428709
0.428316
0.427922
0.427528
0.427134
0.426739
0.426345
0.42595
0.425554
0.425159
0.424763
0.424367
0.423971
0.423574
0.423178
0.422781
0.422384
0.421986
0.421588
0.42119
0.420792
0.420394
0.419995
0.419596
0.419197
0.418797
0.418398
0.417998
0.417597
0.417197
0.416796
0.416395
0.415994
0.415593
0.415191
0.414789
0.414387
0.413984
0.413581
0.413178
0.412775
0.412372
0.411968
0.411564
0.41116
0.410755
0.410351
0.409946
0.40954
0.409135
0.408729
0.408323
0.407917
0.40751
0.407104
0.406697
0.406289
0.405882
0.405474
0.405066
0.404658
0.404249
0.40384
0.403431
0.403022
0.402613
0.402203
0.401793
0.401382
0.400972
0.400561
0.40015
0.399739
0.399327
0.398915
0.398503
0.398091
0.397678
0.397265
0.396852
0.396439
0.396025
0.395612
0.395197
0.394783
0.394368
0.393954
0.393538
0.393123
0.392707
0.392292
0.391875
0.391459
0.391042
0.390625
0.390208
0.389791
0.389373
0.388955
0.388537
0.388119
0.3877
0.387281
0.386862
0.386442
0.386023
0.385603
0.385182
0.384762
0.384341
0.38392
0.383499
0.383077
0.382656
0.382234
0.381811
0.381389
0.380966
0.380543
0.38012
0.379696
0.379272
0.378848
0.378424
0.377999
0.377574
0.377149
0.376724
0.376298
0.375872
0.375446
0.37502
0.374593
0.374166
0.373739
0.373312
0.372884
0.372456
0.372028
0.3716
0.371171
0.370742
0.370313
0.369883
0.369453
0.369023
0.368593
0.368163
0.367732
0.367301
0.36687
0.366438
0.366006
0.365574
0.365142
0.364709
0.364277
0.363844
0.36341
0.362977
0.362543
0.362109
0.361674
0.36124
0.360805
0.36037
0.359934
0.359499
0.359063
0.358626
0.35819
0.357753
0.357316
0.356879
0.356442
0.356004
0.355566
0.355128
0.354689
0.354251
0.353812
0.353372
0.352933
0.352493
0.352053
0.351613
0.351172
0.350731
0.35029
0.349849
0.349407
0.348965
0.348523
0.348081
0.347638
0.347195
0.346752
0.346309
0.345865
0.345421
0.344977
0.344533
0.344088
0.343643
0.343198
0.342752
0.342307
0.341861
0.341414
0.340968
0.340521
0.340074
0.339627
0.339179
0.338732
0.338284
0.337835
0.337387
0.336938
0.336489
0.336039
0.33559
0.33514
0.33469
0.33424
0.333789
0.333338
0.332887
0.332435
0.331984
0.331532
0.33108
0.330627
0.330175
0.329722
0.329269
0.328815
0.328361
0.327907
0.327453
0.326999
0.326544
0.326089
0.325634
0.325178
0.324722
0.324266
0.32381
0.323354
0.322897
0.32244
0.321982
0.321525
0.321067
0.320609
0.320151
0.319692
0.319233
0.318774
0.318315
0.317855
0.317395
0.316935
0.316475
0.316014
0.315553
0.315092
0.314631
0.314169
0.313707
0.313245
0.312783
0.31232
0.311857
0.311394
0.31093
0.310467
0.310003
0.309539
0.309074
0.308609
0.308144
0.307679
0.307214
0.306748
0.306282
0.305816
0.305349
0.304883
0.304416
0.303948
0.303481
0.303013
0.302545
0.302077
0.301608
0.30114
0.300671
0.300201
0.299732
0.299262
0.298792
0.298322
0.297851
0.29738
0.296909
0.296438
0.295967
0.295495
0.295023
0.29455
0.294078
0.293605
0.293132
0.292659
0.292185
0.291712
0.291237
0.290763
0.290289
0.289814
0.289339
0.288864
0.288388
0.287912
0.287436
0.28696
0.286483
0.286007
0.28553
0.285052
0.284575
0.284097
0.283619
0.283141
0.282662
0.282184
0.281705
0.281225
0.280746
0.280266
0.279786
0.279306
0.278826
0.278345
0.277864
0.277383
0.276901
0.27642
0.275938
0.275456
0.274973
0.27449
0.274008
0.273524
0.273041
0.272557
0.272074
0.271589
0.271105
0.270621
0.270136
0.269651
0.269165
0.26868
0.268194
0.267708
0.267222
0.266735
0.266248
0.265761
0.265274
0.264787
0.264299
0.263811
0.263323
0.262835
0.262346
0.261857
0.261368
0.260879
0.260389
0.259899
0.259409
0.258919
0.258428
0.257938
0.257447
0.256955
0.256464
0.255972
0.25548
0.254988
0.254496
0.254003
0.25351
0.253017
0.252524
0.25203
0.251537
0.251043
0.250548
0.250054
0.249559
0.249064
0.248569
0.248074
0.247578
0.247082
0.246586
0.24609
0.245594
0.245097
0.2446
0.244103
0.243605
0.243108
0.24261
0.242112
0.241614
0.241115
0.240616
0.240118
0.239618
0.239119
0.238619
0.23812
0.23762
0.237119
0.236619
0.236118
0.235617
0.235116
0.234615
0.234113
0.233612
0.23311
0.232607
0.232105
0.231602
0.2311
0.230597
0.230093
0.22959
0.229086
0.228582
0.228078
0.227574
0.22707
0.226565
0.22606
0.225555
0.22505
0.224544
0.224038
0.223532
0.223026
0.22252
0.222013
0.221507
0.221
0.220493
0.219985
0.219478
0.21897
0.218462
0.217954
0.217446
0.216937
0.216429
0.21592
0.215411
0.214901
0.214392
0.213882
0.213372
0.212862
0.212352
0.211842
0.211331
0.21082
0.210309
0.209798
0.209287
0.208775
0.208263
0.207752
0.207239
0.206727
0.206215
0.205702
0.205189
0.204676
0.204163
0.20365
0.203136
0.202623
0.202109
0.201595
0.201081
0.200566
0.200052
0.199537
0.199022
0.198507
0.197992
0.197476
0.196961
0.196445
0.195929
0.195413
0.194897
0.194381
0.193864
0.193348
0.192831
0.192314
0.191797
0.191279
0.190762
0.190244
0.189727
0.189209
0.188691
0.188172
0.187654
0.187136
0.186617
0.186098
0.185579
0.18506
0.184541
0.184022
0.183502
0.182983
0.182463
0.181943
0.181423
0.180903
0.180383
0.179862
0.179342
0.178821
0.1783
0.177779
0.177258
0.176737
0.176216
0.175694
0.175173
0.174651
0.17413
0.173608
0.173086
0.172564
0.172041
0.171519
0.170997
0.170474
0.169952
0.169429
0.168906
0.168383
0.16786
0.167337
0.166814
0.16629
0.165767
0.165244
0.16472
0.164196
0.163673
0.163149
0.162625
0.162101
0.161577
0.161053
0.160528
0.160004
0.15948
0.158955
0.158431
0.157906
0.157381
0.156857
0.156332
0.155807
0.155282
0.154757
0.154232
0.153707
0.153182
0.152657
0.152132
0.151606
0.151081
0.150556
0.15003
0.149505
0.148979
0.148454
0.147928
0.147403
0.146877
0.146352
0.145826
0.145301
0.144775
0.144249
0.143724
0.143198
0.142672
0.142146
0.141621
0.141095
0.140569
0.140044
0.139518
0.138992
0.138466
0.137941
0.137415
0.13689
0.136364
0.135838
0.135313
0.134787
0.134262
0.133736
0.133211
0.132685
0.13216
0.131635
0.131109
0.130584
0.130059
0.129534
0.129009
0.128484
0.127959
0.127434
0.126909
0.126385
0.12586
0.125336
0.124811
0.124287
0.123763
0.123238
0.122714
0.12219
0.121666
0.121143
0.120619
0.120095
0.119572
0.119049
0.118525
0.118002
0.117479
0.116957
0.116434
0.115912
0.115389
0.114867
0.114345
0.113823
0.113301
0.11278
0.112258
0.111737
0.111216
0.110695
0.110174
0.109654
0.109134
0.108614
0.108094
0.107574
0.107055
0.106535
0.106016
0.105498
0.104979
0.104461
0.103943
0.103425
0.102907
0.10239
0.101873
0.101356
0.100839
0.100323
0.0998071
0.0992914
0.0987759
0.0982608
0.097746
0.0972315
0.0967173
0.0962034
0.0956899
0.0951766
0.0946637
0.0941512
0.093639
0.0931271
0.0926156
0.0921045
0.0915937
0.0910833
0.0905733
0.0900637
0.0895544
0.0890456
0.0885372
0.0880292
0.0875216
0.0870145
0.0865077
0.0860014
0.0854956
0.0849902
0.0844853
0.0839808
0.0834769
0.0829734
0.0824704
0.0819678
0.0814658
0.0809643
0.0804634
0.0799629
0.079463
0.0789636
0.0784648
0.0779666
0.0774689
0.0769718
0.0764752
0.0759793
0.0754839
0.0749892
0.0744951
0.0740016
0.0735087
0.0730165
0.072525
0.0720341
0.0715438
0.0710543
0.0705654
0.0700773
0.0695898
0.0691031
0.0686171
0.0681318
0.0676473
0.0671635
0.0666805
0.0661983
0.0657169
0.0652363
0.0647564
0.0642774
0.0637993
0.0633219
0.0628455
0.0623699
0.0618951
0.0614213
0.0609483
0.0604763
0.0600052
0.059535
0.0590657
0.0585974
0.0581301
0.0576638
0.0571984
0.0567341
0.0562708
0.0558085
0.0553472
0.0548871
0.0544279
0.0539699
0.053513
0.0530571
0.0526024
0.0521489
0.0516965
0.0512452
0.0507951
0.0503463
0.0498986
0.0494521
0.0490069
0.048563
0.0481203
0.0476789
0.0472388
0.0468
0.0463625
0.0459264
0.0454916
0.0450582
0.0446262
0.0441956
0.0437664
0.0433386
0.0429123
0.0424875
0.0420641
0.0416423
0.041222
0.0408032
0.040386
0.0399703
0.0395562
0.0391437
0.0387329
0.0383237
0.0379161
0.0375102
0.037106
0.0367036
0.0363028
0.0359038
0.0355065
0.035111
0.0347174
0.0343255
0.0339355
0.0335473
0.033161
0.0327766
0.0323941
0.0320135
0.0316348
0.0312581
0.0308834
0.0305107
0.03014
0.0297714
0.0294047
0.0290402
0.0286778
0.0283174
0.0279592
0.0276031
0.0272492
0.0268975
0.0265479
0.0262006
0.0258555
0.0255127
0.0251721
0.0248338
0.0244978
0.0241641
0.0238328
0.0235038
0.0231771
0.0228529
0.022531
0.0222116
0.0218946
0.0215801
0.021268
0.0209583
0.0206512
0.0203466
0.0200444
0.0197449
0.0194478
0.0191533
0.0188614
0.0185721
0.0182854
0.0180012
0.0177197
0.0174408
0.0171645
0.0168909
0.01662
0.0163517
0.016086
0.0158231
0.0155628
0.0153053
0.0150504
0.0147982
0.0145488
0.014302
0.014058
0.0138167
0.0135781
0.0133423
0.0131091
0.0128787
0.0126511
0.0124261
0.0122039
0.0119845
0.0117677
0.0115537
0.0113423
0.0111337
0.0109279
0.0107247
0.0105242
0.0103264
0.0101313
0.00993887
0.0097491
0.009562
0.00937755
0.00919574
0.00901656
0.00884
0.00866604
0.00849467
0.00832588
0.00815965
0.00799598
0.00783484
0.00767622
0.0075201
0.00736646
0.0072153
0.00706658
0.0069203
0.00677643
0.00663496
0.00649586
0.00635911
0.0062247
0.0060926
0.00596279
0.00583525
0.00570995
0.00558688
0.00546602
0.00534733
0.00523079
0.00511639
0.0050041
0.00489389
0.00478573
0.00467961
0.0045755
0.00447338
0.00437321
0.00427498
0.00417866
0.00408422
0.00399164
0.00390089
0.00381194
0.00372478
0.00363937
0.00355569
0.00347371
0.00339341
0.00331477
0.00323775
0.00316233
0.00308849
0.00301619
0.00294542
0.00287615
0.00280836
0.00274202
0.0026771
0.00261358
0.00255144
0.00249065
0.00243119
0.00237303
0.00231615
0.00226054
0.00220615
0.00215298
0.002101
0.00205018
0.0020005
0.00195195
0.0019045
0.00185813
0.00181282
0.00176854
0.00172528
0.00168301
0.00164172
0.00160139
0.00156199
0.00152351
0.00148593
0.00144923
0.00141339
0.0013784
0.00134422
0.00131086
0.00127829
0.00124649
0.00121545
0.00118515
0.00115557
0.0011267
0.00109852
0.00107102
0.00104419
0.001018
0.000992448
0.000967513
0.000943183
0.000919445
0.000896285
0.000873691
0.000851648
0.000830145
0.000809169
0.000788708
0.00076875
0.000749284
0.000730297
0.000711779
0.000693719
0.000676106
0.00065893
0.000642179
0.000625845
0.000609917
0.000594386
0.000579242
0.000564476
0.000550079
0.000536042
0.000522356
0.000509013
0.000496005
0.000483324
0.000470961
0.000458909
0.00044716
0.000435708
0.000424544
0.000413662
0.000403055
0.000392716
0.000382638
0.000372815
0.000363242
0.000353911
0.000344816
0.000335953
0.000327314
0.000318895
0.000310691
0.000302695
0.000294902
0.000287308
0.000279908
0.000272696
0.000265668
0.00025882
0.000252146
0.000245643
0.000239307
0.000233132
0.000227115
0.000221253
0.00021554
0.000209974
0.000204551
0.000199266
0.000194117
0.000189101
0.000184213
0.00017945
0.00017481
0.000170289
0.000165884
0.000161593
0.000157412
0.000153338
0.00014937
0.000145503
0.000141736
0.000138066
0.000134491
0.000131008
0.000127614
0.000124308
0.000121088
0.00011795
0.000114894
0.000111916
0.000109015
0.000106189
0.000103436
0.000100754
9.81414e-05
9.55963e-05
9.3117e-05
9.07017e-05
8.83489e-05
8.6057e-05
8.38243e-05
8.16493e-05
7.95307e-05
7.74668e-05
7.54564e-05
7.3498e-05
7.15902e-05
6.97319e-05
6.79217e-05
6.61584e-05
6.44407e-05
6.27675e-05
6.11377e-05
5.95501e-05
5.80037e-05
5.64973e-05
5.50299e-05
5.36006e-05
5.22084e-05
5.08522e-05
4.95312e-05
4.82445e-05
4.69911e-05
4.57702e-05
4.4581e-05
4.34227e-05
4.22944e-05
4.11953e-05
4.01248e-05
3.90821e-05
3.80664e-05
3.70771e-05
3.61135e-05
3.51748e-05
3.42606e-05
3.33701e-05
3.25027e-05
3.16578e-05
3.08348e-05
3.00332e-05
2.92525e-05
2.8492e-05
2.77512e-05
2.70297e-05
2.6327e-05
2.56425e-05
2.49758e-05
2.43264e-05
2.36938e-05
2.30777e-05
2.24776e-05
2.18931e-05
2.13238e-05
2.07693e-05
2.02292e-05
1.97031e-05
1.91907e-05
1.86916e-05
1.82055e-05
1.7732e-05
1.72708e-05
1.68216e-05
1.63841e-05
1.5958e-05
1.55429e-05
1.51386e-05
1.47449e-05
1.43613e-05
1.39878e-05
1.36239e-05
1.32695e-05
1.29244e-05
1.25882e-05
1.22607e-05
1.19418e-05
1.16311e-05
1.13286e-05
1.10339e-05
1.07468e-05
1.04672e-05
1.01949e-05
9.92971e-06
9.67138e-06
9.41978e-06
9.17471e-06
8.93602e-06
8.70354e-06
8.4771e-06
8.25655e-06
8.04174e-06
7.83252e-06
7.62873e-06
7.43025e-06
7.23693e-06
7.04864e-06
6.86525e-06
6.68663e-06
6.51265e-06
6.3432e-06
6.17816e-06
6.01741e-06
5.86084e-06
5.70834e-06
5.55981e-06
5.41515e-06
5.27425e-06
5.13701e-06
5.00335e-06
4.87316e-06
4.74636e-06
4.62286e-06
4.50257e-06
4.38541e-06
4.2713e-06
4.16016e-06
4.0519e-06
3.94647e-06
3.84378e-06
3.74376e-06
3.64634e-06
3.55146e-06
3.45904e-06
3.36903e-06
3.28137e-06
3.19598e-06
3.11281e-06
3.03181e-06
2.95292e-06
2.87608e-06
2.80124e-06
2.72834e-06
2.65734e-06
2.58819e-06
2.52084e-06
2.45524e-06
2.39135e-06
2.32912e-06
2.26851e-06
2.20948e-06
2.15198e-06
2.09598e-06
2.04144e-06
1.98832e-06
1.93657e-06
1.88618e-06
1.83709e-06
1.78929e-06
1.74272e-06
1.69737e-06
1.6532e-06
1.61018e-06
1.56828e-06
1.52747e-06
1.48772e-06
1.449e-06
1.41129e-06
1.37457e-06
1.33879e-06
1.30395e-06
1.27002e-06
1.23697e-06
1.20478e-06
1.17343e-06
1.14289e-06
1.11315e-06
1.08418e-06
1.05597e-06
1.02848e-06
1.00172e-06
9.75651e-07
9.50261e-07
9.25531e-07
9.01445e-07
8.77986e-07
8.55137e-07
8.32883e-07
8.11208e-07
7.90097e-07
7.69536e-07
7.49509e-07
7.30004e-07
7.11006e-07
6.92503e-07
6.74481e-07
6.56928e-07
6.39832e-07
6.23181e-07
6.06963e-07
5.91168e-07
5.75783e-07
5.60798e-07
5.46204e-07
5.3199e-07
5.18145e-07
5.0466e-07
4.91527e-07
4.78735e-07
4.66277e-07
4.54142e-07
4.42323e-07
4.30812e-07
4.196e-07
4.0868e-07
3.98045e-07
3.87686e-07
3.77597e-07
3.6777e-07
3.58199e-07
3.48877e-07
3.39798e-07
3.30954e-07
3.22342e-07
3.13953e-07
3.05782e-07
2.97824e-07
2.90074e-07
2.82525e-07
2.75172e-07
2.68011e-07
2.61036e-07
2.54243e-07
2.47626e-07
2.41182e-07
2.34905e-07
2.28792e-07
2.22838e-07
2.17038e-07
2.1139e-07
2.05889e-07
2.0053e-07
1.95312e-07
1.90229e-07
1.85278e-07
1.80456e-07
1.7576e-07
1.71186e-07
1.66731e-07
1.62392e-07
1.58166e-07
1.54049e-07
1.5004e-07
1.46135e-07
1.42332e-07
1.38628e-07
1.3502e-07
1.31507e-07
1.28084e-07
1.24751e-07
1.21504e-07
1.18342e-07
1.15262e-07
1.12263e-07
1.09341e-07
1.06495e-07
1.03724e-07
1.01025e-07
9.83954e-08
9.58347e-08
9.33406e-08
9.09114e-08
8.85455e-08
8.62411e-08
8.39967e-08
8.18107e-08
7.96816e-08
7.76079e-08
7.55882e-08
7.3621e-08
7.17051e-08
6.9839e-08
6.80214e-08
6.62512e-08
6.4527e-08
6.28477e-08
6.12121e-08
5.96191e-08
5.80675e-08
5.65563e-08
5.50844e-08
5.36509e-08
5.22546e-08
5.08947e-08
4.95702e-08
4.82801e-08
4.70237e-08
4.57999e-08
4.46079e-08
4.3447e-08
4.23163e-08
4.12151e-08
4.01424e-08
3.90977e-08
3.80802e-08
3.70892e-08
3.6124e-08
3.51838e-08
3.42682e-08
3.33764e-08
3.25078e-08
3.16617e-08
3.08378e-08
3.00352e-08
2.92536e-08
2.84922e-08
2.77507e-08
2.70285e-08
2.63251e-08
2.564e-08
2.49727e-08
2.43228e-08
2.36898e-08
2.30733e-08
2.24728e-08
2.1888e-08
2.13183e-08
2.07635e-08
2.02232e-08
1.96969e-08
1.91843e-08
1.8685e-08
1.81987e-08
1.77251e-08
1.72638e-08
1.68145e-08
1.63769e-08
1.59507e-08
1.55356e-08
1.51313e-08
1.47375e-08
1.4354e-08
1.39804e-08
1.36166e-08
1.32622e-08
1.2917e-08
1.25809e-08
1.22535e-08
1.19346e-08
1.1624e-08
1.13215e-08
1.10268e-08
1.07399e-08
1.04604e-08
1.01881e-08
9.92298e-09
9.66474e-09
9.41322e-09
9.16824e-09
8.92964e-09
8.69724e-09
8.4709e-09
8.25045e-09
8.03573e-09
7.8266e-09
7.62292e-09
7.42453e-09
7.23131e-09
7.04312e-09
6.85982e-09
6.68129e-09
6.50741e-09
6.33806e-09
6.17311e-09
6.01246e-09
5.85599e-09
5.70358e-09
5.55515e-09
5.41058e-09
5.26977e-09
5.13262e-09
4.99905e-09
4.86895e-09
4.74224e-09
4.61882e-09
4.49862e-09
4.38154e-09
4.26751e-09
4.15645e-09
4.04828e-09
3.94292e-09
3.84031e-09
3.74037e-09
3.64302e-09
3.54821e-09
3.45587e-09
3.36593e-09
3.27834e-09
3.19302e-09
3.10992e-09
3.02899e-09
2.95016e-09
2.87338e-09
2.7986e-09
2.72577e-09
2.65483e-09
2.58574e-09
2.51844e-09
2.4529e-09
2.38907e-09
2.32689e-09
2.26633e-09
2.20735e-09
2.14991e-09
2.09396e-09
2.03946e-09
1.98638e-09
1.93469e-09
1.88434e-09
1.8353e-09
1.78754e-09
1.74102e-09
1.69571e-09
1.65158e-09
1.60859e-09
1.56673e-09
1.52596e-09
1.48624e-09
1.44756e-09
1.40989e-09
1.3732e-09
1.33746e-09
1.30266e-09
1.26875e-09
1.23573e-09
1.20358e-09
1.17225e-09
1.14174e-09
1.11203e-09
1.08309e-09
1.0549e-09
1.02745e-09
1.00071e-09
9.74667e-10
9.49301e-10
9.24596e-10
9.00534e-10
8.77097e-10
8.54271e-10
8.32039e-10
8.10385e-10
7.89295e-10
7.68754e-10
7.48747e-10
7.29261e-10
7.10282e-10
6.91797e-10
6.73793e-10
6.56258e-10
6.39179e-10
6.22544e-10
6.06343e-10
5.90563e-10
5.75193e-10
5.60224e-10
5.45644e-10
5.31444e-10
5.17613e-10
5.04143e-10
4.91022e-10
4.78244e-10
4.65797e-10
4.53675e-10
4.41868e-10
4.30369e-10
4.19168e-10
4.0826e-10
3.97635e-10
3.87286e-10
3.77207e-10
3.67391e-10
3.57829e-10
3.48517e-10
3.39447e-10
3.30613e-10
3.22009e-10
3.13628e-10
3.05466e-10
2.97517e-10
2.89774e-10
2.82232e-10
2.74887e-10
2.67733e-10
2.60766e-10
2.53979e-10
2.4737e-10
2.40932e-10
2.34662e-10
2.28555e-10
2.22606e-10
2.16813e-10
2.11171e-10
2.05675e-10
2.00322e-10
1.95109e-10
1.90031e-10
1.85086e-10
1.80269e-10
1.75577e-10
1.71008e-10
1.66558e-10
1.62223e-10
1.58001e-10
1.53889e-10
1.49884e-10
1.45984e-10
1.42184e-10
1.38484e-10
1.3488e-10
1.3137e-10
1.27951e-10
1.24621e-10
1.21378e-10
1.18219e-10
1.15142e-10
1.12146e-10
1.09227e-10
1.06385e-10
1.03616e-10
1.00919e-10
9.82929e-11
9.57349e-11
9.32434e-11
9.08167e-11
8.84532e-11
8.61513e-11
8.39092e-11
8.17255e-11
7.95986e-11
7.7527e-11
7.55094e-11
7.35443e-11
7.16303e-11
6.97661e-11
6.79505e-11
6.61821e-11
6.44597e-11
6.27822e-11
6.11483e-11
5.95569e-11
5.80069e-11
5.64973e-11
5.5027e-11
5.35949e-11
5.22001e-11
5.08416e-11
4.95185e-11
4.82298e-11
4.69746e-11
4.57521e-11
4.45614e-11
4.34017e-11
4.22722e-11
4.1172e-11
4.01005e-11
3.90569e-11
3.80405e-11
3.70505e-11
3.60863e-11
3.51471e-11
3.42324e-11
3.33415e-11
3.24738e-11
3.16287e-11
3.08056e-11
3.00039e-11
2.9223e-11
2.84625e-11
2.77218e-11
2.70003e-11
2.62976e-11
2.56132e-11
2.49466e-11
2.42974e-11
2.36651e-11
2.30492e-11
2.24493e-11
2.18651e-11
2.12961e-11
2.07418e-11
2.0202e-11
1.96763e-11
1.91642e-11
1.86655e-11
1.81797e-11
1.77066e-11
1.72458e-11
1.6797e-11
1.63598e-11
1.59341e-11
1.55194e-11
1.51155e-11
1.47221e-11
1.4339e-11
1.39658e-11
1.36023e-11
1.32483e-11
1.29036e-11
1.25677e-11
1.22407e-11
1.19221e-11
1.16118e-11
1.13096e-11
1.10153e-11
1.07286e-11
1.04494e-11
1.01775e-11
9.91261e-12
9.65464e-12
9.40338e-12
9.15866e-12
8.9203e-12
8.68816e-12
8.46205e-12
8.24182e-12
8.02733e-12
7.81842e-12
7.61495e-12
7.41677e-12
7.22375e-12
7.03575e-12
6.85265e-12
6.67431e-12
6.50061e-12
6.33144e-12
6.16666e-12
6.00617e-12
5.84986e-12
5.69762e-12
5.54934e-12
5.40492e-12
5.26426e-12
5.12726e-12
4.99382e-12
4.86386e-12
4.73728e-12
4.61399e-12
4.49391e-12
4.37696e-12
4.26305e-12
4.1521e-12
4.04405e-12
3.9388e-12
3.83629e-12
3.73646e-12
3.63922e-12
3.54451e-12
3.45226e-12
3.36242e-12
3.27491e-12
3.18968e-12
3.10667e-12
3.02582e-12
2.94707e-12
2.87038e-12
2.79567e-12
2.72292e-12
2.65205e-12
2.58303e-12
2.51581e-12
2.45034e-12
2.38657e-12
2.32446e-12
2.26396e-12
2.20505e-12
2.14766e-12
2.09177e-12
2.03733e-12
1.98431e-12
1.93267e-12
1.88237e-12
1.83338e-12
1.78567e-12
1.7392e-12
1.69393e-12
1.64985e-12
1.60691e-12
1.56509e-12
1.52436e-12
1.48469e-12
1.44605e-12
1.40842e-12
1.37176e-12
1.33606e-12
1.30129e-12
1.26743e-12
1.23444e-12
1.20232e-12
1.17103e-12
1.14055e-12
1.11087e-12
1.08196e-12
1.0538e-12
1.02638e-12
9.99664e-13
9.73648e-13
9.48309e-13
9.23629e-13
8.99592e-13
8.7618e-13
8.53378e-13
8.31169e-13
8.09538e-13
7.8847e-13
7.6795e-13
7.47964e-13
7.28498e-13
7.09539e-13
6.91074e-13
6.73089e-13
6.55572e-13
6.3851e-13
6.21893e-13
6.05709e-13
5.89945e-13
5.74592e-13
5.59638e-13
5.45074e-13
5.30888e-13
5.17072e-13
5.03615e-13
4.90509e-13
4.77743e-13
4.6531e-13
4.53201e-13
4.41406e-13
4.29919e-13
4.1873e-13
4.07833e-13
3.97219e-13
3.86881e-13
3.76813e-13
3.67006e-13
3.57455e-13
3.48152e-13
3.39092e-13
3.30267e-13
3.21672e-13
3.133e-13
3.05147e-13
2.97205e-13
2.89471e-13
2.81937e-13
2.746e-13
2.67453e-13
2.60493e-13
2.53714e-13
2.47111e-13
2.4068e-13
2.34416e-13
2.28316e-13
2.22374e-13
2.16586e-13
2.1095e-13
2.0546e-13
2.00113e-13
1.94905e-13
1.89833e-13
1.84892e-13
1.8008e-13
1.75394e-13
1.70829e-13
1.66383e-13
1.62053e-13
1.57836e-13
1.53728e-13
1.49728e-13
1.45831e-13
1.42036e-13
1.38339e-13
1.34739e-13
1.31232e-13
1.27817e-13
1.24491e-13
1.21251e-13
1.18095e-13
1.15022e-13
1.12028e-13
1.09113e-13
1.06273e-13
1.03508e-13
1.00814e-13
9.81901e-14
9.56347e-14
9.31458e-14
9.07217e-14
8.83607e-14
8.60611e-14
8.38214e-14
8.164e-14
7.95153e-14
7.74459e-14
7.54304e-14
7.34674e-14
7.15554e-14
6.96932e-14
6.78794e-14
6.61129e-14
6.43923e-14
6.27165e-14
6.10843e-14
5.94946e-14
5.79463e-14
5.64382e-14
5.49694e-14
5.35388e-14
5.21455e-14
5.07884e-14
4.94667e-14
4.81793e-14
4.69254e-14
4.57042e-14
4.45148e-14
4.33563e-14
4.22279e-14
4.1129e-14
4.00586e-14
3.90161e-14
3.80007e-14
3.70117e-14
3.60485e-14
3.51103e-14
3.41966e-14
3.33066e-14
3.24398e-14
3.15956e-14
3.07733e-14
2.99725e-14
2.91924e-14
2.84327e-14
2.76927e-14
2.6972e-14
2.62701e-14
2.55864e-14
2.49205e-14
2.4272e-14
2.36403e-14
2.30251e-14
2.24259e-14
2.18422e-14
2.12738e-14
2.07201e-14
2.01809e-14
1.96557e-14
1.91442e-14
1.86459e-14
1.81607e-14
1.76881e-14
1.72277e-14
1.67794e-14
1.63427e-14
1.59174e-14
1.55031e-14
1.50997e-14
1.47067e-14
1.4324e-14
1.39512e-14
1.35881e-14
1.32345e-14
1.28901e-14
1.25546e-14
1.22279e-14
1.19096e-14
1.15997e-14
1.12978e-14
1.10038e-14
1.07174e-14
1.04385e-14
1.01668e-14
9.90224e-15
9.64454e-15
9.39354e-15
9.14907e-15
8.91097e-15
8.67906e-15
8.45319e-15
8.2332e-15
8.01893e-15
7.81024e-15
7.60698e-15
7.40901e-15
7.21619e-15
7.02839e-15
6.84548e-15
6.66733e-15
6.49381e-15
6.32481e-15
6.16021e-15
5.99989e-15
5.84374e-15
5.69166e-15
5.54354e-15
5.39927e-15
5.25875e-15
5.12189e-15
4.9886e-15
4.85877e-15
4.73232e-15
4.60916e-15
4.48921e-15
4.37238e-15
4.25859e-15
4.14776e-15
4.03981e-15
3.93468e-15
3.83228e-15
3.73255e-15
3.63541e-15
3.5408e-15
3.44865e-15
3.3589e-15
3.27148e-15
3.18634e-15
3.10342e-15
3.02265e-15
2.94399e-15
2.86737e-15
2.79275e-15
2.72007e-15
2.64928e-15
2.58033e-15
2.51318e-15
2.44777e-15
2.38407e-15
2.32203e-15
2.2616e-15
2.20274e-15
2.14541e-15
2.08958e-15
2.0352e-15
1.98223e-15
1.93064e-15
1.8804e-15
1.83146e-15
1.7838e-15
1.73738e-15
1.69216e-15
1.64812e-15
1.60523e-15
1.56345e-15
1.52277e-15
1.48314e-15
1.44454e-15
1.40694e-15
1.37033e-15
1.33467e-15
1.29993e-15
1.2661e-15
1.23315e-15
1.20106e-15
1.1698e-15
1.13936e-15
1.10971e-15
1.08083e-15
1.0527e-15
1.0253e-15
9.98617e-16
9.72629e-16
9.47316e-16
9.22662e-16
8.9865e-16
8.75263e-16
8.52484e-16
8.30299e-16
8.0869e-16
7.87644e-16
7.67146e-16
7.47181e-16
7.27736e-16
7.08797e-16
6.9035e-16
6.72384e-16
6.54885e-16
6.37842e-16
6.21242e-16
6.05075e-16
5.89328e-16
5.7399e-16
5.59052e-16
5.44503e-16
5.30333e-16
5.16531e-16
5.03088e-16
4.89995e-16
4.77243e-16
4.64823e-16
4.52726e-16
4.40944e-16
4.29469e-16
4.18292e-16
4.07406e-16
3.96803e-16
3.86476e-16
3.76418e-16
3.66622e-16
3.57081e-16
3.47788e-16
3.38737e-16
3.29921e-16
3.21335e-16
3.12972e-16
3.04827e-16
2.96894e-16
2.89168e-16
2.81642e-16
2.74312e-16
2.67173e-16
2.6022e-16
2.53448e-16
2.46852e-16
2.40428e-16
2.34171e-16
2.28076e-16
2.22141e-16
2.1636e-16
2.10729e-16
2.05245e-16
1.99903e-16
1.94701e-16
1.89634e-16
1.84699e-16
1.79892e-16
1.7521e-16
1.7065e-16
1.66209e-16
1.61884e-16
1.57671e-16
1.53567e-16
1.49571e-16
1.45678e-16
1.41887e-16
1.38194e-16
1.34598e-16
1.31095e-16
1.27683e-16
1.2436e-16
1.21124e-16
1.17972e-16
1.14901e-16
1.11911e-16
1.08999e-16
1.06162e-16
1.03399e-16
1.00708e-16
9.80873e-17
9.55346e-17
9.30483e-17
9.06267e-17
8.82682e-17
8.5971e-17
8.37336e-17
8.15545e-17
7.9432e-17
7.73648e-17
7.53514e-17
7.33904e-17
7.14805e-17
6.96202e-17
6.78083e-17
6.60436e-17
6.43249e-17
6.26508e-17
6.10203e-17
5.94323e-17
5.78856e-17
5.63791e-17
5.49119e-17
5.34828e-17
5.20909e-17
5.07352e-17
4.94149e-17
4.81289e-17
4.68763e-17
4.56564e-17
4.44682e-17
4.33109e-17
4.21837e-17
4.10859e-17
4.00166e-17
3.89752e-17
3.79609e-17
3.6973e-17
3.60108e-17
3.50736e-17
3.41608e-17
3.32718e-17
3.24059e-17
3.15625e-17
3.07411e-17
2.99411e-17
2.91619e-17
2.84029e-17
2.76637e-17
2.69438e-17
2.62426e-17
2.55596e-17
2.48944e-17
2.42466e-17
2.36156e-17
2.3001e-17
2.24024e-17
2.18194e-17
2.12515e-17
2.06984e-17
2.01598e-17
1.96351e-17
1.91241e-17
1.86264e-17
1.81417e-17
1.76695e-17
1.72097e-17
1.67618e-17
1.63256e-17
1.59007e-17
1.54869e-17
1.50839e-17
1.46913e-17
1.4309e-17
1.39366e-17
1.35739e-17
1.32206e-17
1.28766e-17
1.25414e-17
1.22151e-17
1.18972e-17
1.15875e-17
1.1286e-17
1.09923e-17
1.07062e-17
1.04276e-17
1.01562e-17
9.89187e-18
9.63443e-18
9.3837e-18
9.13949e-18
8.90164e-18
8.66997e-18
8.44434e-18
8.22458e-18
8.01053e-18
7.80206e-18
7.59901e-18
7.40125e-18
7.20863e-18
7.02103e-18
6.83831e-18
6.66034e-18
6.48701e-18
6.31818e-18
6.15375e-18
5.9936e-18
5.83762e-18
5.6857e-18
5.53773e-18
5.39361e-18
5.25324e-18
5.11653e-18
4.98337e-18
4.85368e-18
4.72736e-18
4.60433e-18
4.48451e-18
4.3678e-18
4.25413e-18
4.14341e-18
4.03558e-18
3.93056e-18
3.82827e-18
3.72864e-18
3.6316e-18
3.53709e-18
3.44503e-18
3.35538e-18
3.26805e-18
3.183e-18
3.10017e-18
3.01949e-18
2.9409e-18
2.86437e-18
2.78982e-18
2.71722e-18
2.6465e-18
2.57763e-18
2.51055e-18
2.44521e-18
2.38157e-18
2.31959e-18
2.25923e-18
2.20043e-18
2.14316e-18
2.08739e-18
2.03306e-18
1.98015e-18
1.92862e-18
1.87843e-18
1.82954e-18
1.78193e-18
1.73556e-18
1.69039e-18
1.6464e-18
1.60355e-18
1.56182e-18
1.52117e-18
1.48158e-18
1.44302e-18
1.40547e-18
1.36889e-18
1.33327e-18
1.29857e-18
1.26477e-18
1.23186e-18
1.1998e-18
1.16858e-18
1.13816e-18
1.10854e-18
1.07969e-18
1.05159e-18
1.02423e-18
9.97571e-19
9.7161e-19
9.46324e-19
9.21696e-19
8.97709e-19
8.74346e-19
8.51591e-19
8.29429e-19
8.07843e-19
7.86819e-19
7.66342e-19
7.46398e-19
7.26973e-19
7.08054e-19
6.89627e-19
6.71679e-19
6.54199e-19
6.37174e-19
6.20591e-19
6.04441e-19
5.8871e-19
5.73389e-19
5.58467e-19
5.43933e-19
5.29777e-19
5.1599e-19
5.02561e-19
4.89482e-19
4.76743e-19
4.64336e-19
4.52252e-19
4.40482e-19
4.29019e-19
4.17853e-19
4.06979e-19
3.96387e-19
3.86071e-19
3.76024e-19
3.66238e-19
3.56707e-19
3.47423e-19
3.38382e-19
3.29575e-19
3.20998e-19
3.12644e-19
3.04508e-19
2.96583e-19
2.88865e-19
2.81347e-19
2.74025e-19
2.66893e-19
2.59948e-19
2.53182e-19
2.46593e-19
2.40176e-19
2.33925e-19
2.27837e-19
2.21908e-19
2.16133e-19
2.10508e-19
2.0503e-19
1.99694e-19
1.94497e-19
1.89435e-19
1.84505e-19
1.79703e-19
1.75027e-19
1.70472e-19
1.66035e-19
1.61714e-19
1.57505e-19
1.53406e-19
1.49414e-19
1.45526e-19
1.41738e-19
1.3805e-19
1.34457e-19
1.30958e-19
1.27549e-19
1.2423e-19
1.20997e-19
1.17848e-19
1.14781e-19
1.11794e-19
1.08884e-19
1.06051e-19
1.03291e-19
1.00603e-19
9.79845e-20
9.54344e-20
9.29508e-20
9.05318e-20
8.81757e-20
8.58809e-20
8.36459e-20
8.1469e-20
7.93488e-20
7.72838e-20
7.52725e-20
7.33135e-20
7.14055e-20
6.95472e-20
6.77373e-20
6.59744e-20
6.42574e-20
6.25851e-20
6.09564e-20
5.937e-20
5.78249e-20
5.632e-20
5.48543e-20
5.34267e-20
5.20363e-20
5.06821e-20
4.93631e-20
4.80784e-20
4.68272e-20
4.56085e-20
4.44215e-20
4.32655e-20
4.21395e-20
4.10428e-20
3.99747e-20
3.89344e-20
3.79211e-20
3.69342e-20
3.5973e-20
3.50368e-20
3.4125e-20
3.32369e-20
3.23719e-20
3.15294e-20
3.07089e-20
2.99097e-20
2.91313e-20
2.83732e-20
2.76347e-20
2.69156e-20
2.62151e-20
2.55328e-20
2.48684e-20
2.42212e-20
2.35908e-20
2.29769e-20
2.23789e-20
2.17965e-20
2.12292e-20
2.06767e-20
2.01386e-20
1.96145e-20
1.91041e-20
1.86069e-20
1.81226e-20
1.7651e-20
1.71916e-20
1.67442e-20
1.63085e-20
1.5884e-20
1.54707e-20
1.5068e-20
1.46759e-20
1.4294e-20
1.3922e-20
1.35596e-20
1.32068e-20
1.28631e-20
1.25283e-20
1.22022e-20
1.18847e-20
1.15754e-20
1.12741e-20
1.09807e-20
1.0695e-20
1.04166e-20
1.01455e-20
9.8815e-21
9.62433e-21
9.37386e-21
9.12991e-21
8.8923e-21
8.66088e-21
8.43548e-21
8.21595e-21
8.00213e-21
7.79388e-21
7.59104e-21
7.39349e-21
7.20107e-21
7.01367e-21
6.83114e-21
6.65336e-21
6.48021e-21
6.31156e-21
6.1473e-21
5.98732e-21
5.8315e-21
5.67974e-21
5.53192e-21
5.38796e-21
5.24773e-21
5.11116e-21
4.97815e-21
4.84859e-21
4.72241e-21
4.59951e-21
4.4798e-21
4.36322e-21
4.24967e-21
4.13907e-21
4.03135e-21
3.92644e-21
3.82425e-21
3.72473e-21
3.62779e-21
3.53338e-21
3.44142e-21
3.35186e-21
3.26463e-21
3.17967e-21
3.09692e-21
3.01632e-21
2.93782e-21
2.86136e-21
2.7869e-21
2.71437e-21
2.64373e-21
2.57492e-21
2.50791e-21
2.44264e-21
2.37908e-21
2.31716e-21
2.25686e-21
2.19812e-21
2.14092e-21
2.0852e-21
2.03093e-21
1.97808e-21
1.9266e-21
1.87646e-21
1.82762e-21
1.78006e-21
1.73374e-21
1.68861e-21
1.64467e-21
1.60187e-21
1.56018e-21
1.51957e-21
1.48003e-21
1.44151e-21
1.404e-21
1.36746e-21
1.33187e-21
1.29721e-21
1.26345e-21
1.23057e-21
1.19854e-21
1.16735e-21
1.13697e-21
1.10738e-21
1.07856e-21
1.05049e-21
1.02315e-21
9.96525e-22
9.70591e-22
9.45331e-22
9.20729e-22
8.96767e-22
8.73429e-22
8.50698e-22
8.28559e-22
8.06996e-22
7.85994e-22
7.65538e-22
7.45615e-22
7.26211e-22
7.07311e-22
6.88904e-22
6.70975e-22
6.53513e-22
6.36505e-22
6.1994e-22
6.03807e-22
5.88093e-22
5.72788e-22
5.57881e-22
5.43362e-22
5.29221e-22
5.15448e-22
5.02034e-22
4.88968e-22
4.76243e-22
4.63849e-22
4.51777e-22
4.4002e-22
4.28569e-22
4.17415e-22
4.06552e-22
3.95971e-22
3.85666e-22
3.75629e-22
3.65854e-22
3.56332e-22
3.47059e-22
3.38027e-22
3.2923e-22
3.20662e-22
3.12316e-22
3.04188e-22
2.96272e-22
2.88562e-22
2.81052e-22
2.73737e-22
2.66613e-22
2.59675e-22
2.52917e-22
2.46335e-22
2.39924e-22
2.3368e-22
2.27598e-22
2.21675e-22
2.15906e-22
2.10287e-22
2.04815e-22
1.99484e-22
1.94293e-22
1.89236e-22
1.84311e-22
1.79515e-22
1.74843e-22
1.70293e-22
1.65861e-22
1.61544e-22
1.5734e-22
1.53245e-22
1.49257e-22
1.45373e-22
1.4159e-22
1.37905e-22
1.34316e-22
1.3082e-22
1.27416e-22
1.241e-22
1.2087e-22
1.17724e-22
1.14661e-22
1.11677e-22
1.0877e-22
1.05939e-22
1.03182e-22
1.00497e-22
9.78817e-23
9.53343e-23
9.28533e-23
9.04368e-23
8.80832e-23
8.57908e-23
8.35581e-23
8.13835e-23
7.92655e-23
7.72027e-23
7.51935e-23
7.32366e-23
7.13306e-23
6.94742e-23
6.76662e-23
6.59052e-23
6.419e-23
6.25195e-23
6.08924e-23
5.93077e-23
5.77642e-23
5.62609e-23
5.47967e-23
5.33707e-23
5.19817e-23
5.06289e-23
4.93113e-23
4.8028e-23
4.6778e-23
4.55606e-23
4.43749e-23
4.32201e-23
4.20953e-23
4.09998e-23
3.99328e-23
3.88935e-23
3.78813e-23
3.68955e-23
3.59353e-23
3.5e-23
3.40892e-23
3.3202e-23
3.23379e-23
3.14963e-23
3.06767e-23
2.98783e-23
2.91007e-23
2.83434e-23
2.76057e-23
2.68873e-23
2.61876e-23
2.5506e-23
2.48423e-23
2.41957e-23
2.3566e-23
2.29527e-23
2.23554e-23
2.17736e-23
2.1207e-23
2.0655e-23
2.01175e-23
1.95939e-23
1.9084e-23
1.85874e-23
1.81036e-23
1.76325e-23
1.71736e-23
1.67267e-23
1.62913e-23
1.58674e-23
1.54544e-23
1.50522e-23
1.46605e-23
1.4279e-23
1.39073e-23
1.35454e-23
1.31929e-23
1.28496e-23
1.25151e-23
1.21894e-23
1.18722e-23
1.15632e-23
1.12623e-23
1.09692e-23
1.06837e-23
1.04057e-23
1.01349e-23
9.87113e-24
9.61423e-24
9.36402e-24
9.12033e-24
8.88297e-24
8.65179e-24
8.42663e-24
8.20733e-24
7.99373e-24
7.7857e-24
7.58308e-24
7.38573e-24
7.19352e-24
7.00631e-24
6.82397e-24
6.64638e-24
6.4734e-24
6.30494e-24
6.14085e-24
5.98104e-24
5.82538e-24
5.67378e-24
5.52612e-24
5.3823e-24
5.24223e-24
5.1058e-24
4.97292e-24
4.8435e-24
4.71745e-24
4.59468e-24
4.4751e-24
4.35864e-24
4.24521e-24
4.13473e-24
4.02712e-24
3.92231e-24
3.82024e-24
3.72082e-24
3.62398e-24
3.52967e-24
3.43781e-24
3.34834e-24
3.2612e-24
3.17633e-24
3.09367e-24
3.01315e-24
2.93474e-24
2.85836e-24
2.78397e-24
2.71152e-24
2.64095e-24
2.57222e-24
2.50528e-24
2.44008e-24
2.37658e-24
2.31473e-24
2.25449e-24
2.19581e-24
2.13867e-24
2.08301e-24
2.0288e-24
1.976e-24
1.92458e-24
1.87449e-24
1.82571e-24
1.77819e-24
1.73192e-24
1.68684e-24
1.64294e-24
1.60019e-24
1.55854e-24
1.51798e-24
1.47847e-24
1.44e-24
1.40252e-24
1.36602e-24
1.33047e-24
1.29585e-24
1.26212e-24
1.22927e-24
1.19728e-24
1.16612e-24
1.13578e-24
1.10622e-24
1.07743e-24
1.04939e-24
1.02208e-24
9.95479e-25
9.69572e-25
9.44339e-25
9.19762e-25
8.95826e-25
8.72512e-25
8.49805e-25
8.27689e-25
8.06148e-25
7.85169e-25
7.64735e-25
7.44833e-25
7.25448e-25
7.06569e-25
6.8818e-25
6.70271e-25
6.52827e-25
6.35837e-25
6.1929e-25
6.03173e-25
5.87475e-25
5.72186e-25
5.57295e-25
5.42792e-25
5.28666e-25
5.14907e-25
5.01507e-25
4.88455e-25
4.75743e-25
4.63362e-25
4.51303e-25
4.39558e-25
4.28119e-25
4.16977e-25
4.06125e-25
3.95556e-25
3.85261e-25
3.75235e-25
3.6547e-25
3.55958e-25
3.46695e-25
3.37672e-25
3.28884e-25
3.20325e-25
3.11988e-25
3.03869e-25
2.95961e-25
2.88259e-25
2.80757e-25
2.7345e-25
2.66334e-25
2.59402e-25
2.52651e-25
2.46076e-25
2.39672e-25
2.33435e-25
2.27359e-25
2.21442e-25
2.15679e-25
2.10066e-25
2.04599e-25
1.99275e-25
1.94089e-25
1.89038e-25
1.84118e-25
1.79326e-25
1.74659e-25
1.70114e-25
1.65687e-25
1.61375e-25
1.57175e-25
1.53084e-25
1.491e-25
1.4522e-25
1.41441e-25
1.3776e-25
1.34175e-25
1.30683e-25
1.27282e-25
1.23969e-25
1.20743e-25
1.17601e-25
1.1454e-25
1.11559e-25
1.08656e-25
1.05828e-25
1.03074e-25
1.00392e-25
9.77789e-26
9.52342e-26
9.27557e-26
9.03418e-26
8.79907e-26
8.57007e-26
8.34704e-26
8.12981e-26
7.91823e-26
7.71216e-26
7.51145e-26
7.31597e-26
7.12557e-26
6.94013e-26
6.75951e-26
6.5836e-26
6.41226e-26
6.24538e-26
6.08285e-26
5.92454e-26
5.77036e-26
5.62018e-26
5.47392e-26
5.33146e-26
5.19271e-26
5.05757e-26
4.92595e-26
4.79775e-26
4.67289e-26
4.55128e-26
4.43283e-26
4.31747e-26
4.20511e-26
4.09567e-26
3.98908e-26
3.88527e-26
3.78415e-26
3.68567e-26
3.58975e-26
3.49633e-26
3.40534e-26
3.31671e-26
3.2304e-26
3.14633e-26
3.06444e-26
2.98469e-26
2.90702e-26
2.83136e-26
2.75768e-26
2.68591e-26
2.61601e-26
2.54793e-26
2.48162e-26
2.41703e-26
2.35413e-26
2.29286e-26
2.23319e-26
2.17507e-26
2.11847e-26
2.06333e-26
2.00964e-26
1.95734e-26
1.9064e-26
1.85678e-26
1.80846e-26
1.7614e-26
1.71556e-26
1.67091e-26
1.62742e-26
1.58507e-26
1.54382e-26
1.50364e-26
1.46451e-26
1.4264e-26
1.38927e-26
1.35312e-26
1.3179e-26
1.28361e-26
1.2502e-26
1.21766e-26
1.18597e-26
1.15511e-26
1.12505e-26
1.09577e-26
1.06725e-26
1.03948e-26
1.01242e-26
9.86076e-27
9.60413e-27
9.35419e-27
9.11074e-27
8.87364e-27
8.6427e-27
8.41778e-27
8.19871e-27
7.98534e-27
7.77752e-27
7.57511e-27
7.37797e-27
7.18596e-27
6.99895e-27
6.8168e-27
6.63939e-27
6.4666e-27
6.29831e-27
6.1344e-27
5.97475e-27
5.81926e-27
5.66781e-27
5.52031e-27
5.37665e-27
5.23672e-27
5.10043e-27
4.9677e-27
4.83841e-27
4.71249e-27
4.58985e-27
4.4704e-27
4.35406e-27
4.24075e-27
4.13038e-27
4.02289e-27
3.91819e-27
3.81622e-27
3.71691e-27
3.62017e-27
3.52596e-27
3.4342e-27
3.34482e-27
3.25777e-27
3.17299e-27
3.09041e-27
3.00999e-27
2.93165e-27
2.85536e-27
2.78105e-27
2.70867e-27
2.63818e-27
2.56952e-27
2.50265e-27
2.43752e-27
2.37408e-27
2.3123e-27
2.25212e-27
2.19351e-27
2.13642e-27
2.08082e-27
2.02667e-27
1.97392e-27
1.92255e-27
1.87252e-27
1.82379e-27
1.77632e-27
1.7301e-27
1.68507e-27
1.64122e-27
1.5985e-27
1.5569e-27
1.51638e-27
1.47692e-27
1.43848e-27
1.40105e-27
1.36459e-27
1.32907e-27
1.29448e-27
1.2608e-27
1.22798e-27
1.19602e-27
1.1649e-27
1.13458e-27
1.10505e-27
1.0763e-27
1.04829e-27
1.021e-27
9.94433e-28
9.68553e-28
9.43346e-28
9.18796e-28
8.94884e-28
8.71595e-28
8.48912e-28
8.26819e-28
8.05301e-28
7.84343e-28
7.63931e-28
7.4405e-28
7.24686e-28
7.05826e-28
6.87457e-28
6.69566e-28
6.52141e-28
6.35169e-28
6.18639e-28
6.02539e-28
5.86858e-28
5.71585e-28
5.56709e-28
5.42221e-28
5.2811e-28
5.14366e-28
5.0098e-28
4.87942e-28
4.75243e-28
4.62875e-28
4.50829e-28
4.39096e-28
4.27669e-28
4.16539e-28
4.05698e-28
3.9514e-28
3.84857e-28
3.74841e-28
3.65086e-28
3.55584e-28
3.4633e-28
3.37317e-28
3.28538e-28
3.19988e-28
3.11661e-28
3.0355e-28
2.9565e-28
2.87956e-28
2.80462e-28
2.73163e-28
2.66054e-28
2.5913e-28
2.52386e-28
2.45817e-28
2.3942e-28
2.33189e-28
2.2712e-28
2.2121e-28
2.15453e-28
2.09846e-28
2.04384e-28
1.99065e-28
1.93885e-28
1.88839e-28
1.83924e-28
1.79138e-28
1.74476e-28
1.69935e-28
1.65513e-28
1.61205e-28
1.5701e-28
1.52924e-28
1.48944e-28
1.45068e-28
1.41292e-28
1.37615e-28
1.34034e-28
1.30545e-28
1.27148e-28
1.23839e-28
1.20616e-28
1.17477e-28
1.1442e-28
1.11442e-28
1.08542e-28
1.05717e-28
1.02966e-28
1.00286e-28
9.76761e-29
9.51341e-29
9.26582e-29
9.02468e-29
8.78982e-29
8.56106e-29
8.33826e-29
8.12126e-29
7.90991e-29
7.70405e-29
7.50355e-29
7.30828e-29
7.11808e-29
6.93283e-29
6.75241e-29
6.57668e-29
6.40552e-29
6.23882e-29
6.07645e-29
5.91831e-29
5.76429e-29
5.61427e-29
5.46816e-29
5.32586e-29
5.18725e-29
5.05225e-29
4.92077e-29
4.79271e-29
4.66798e-29
4.54649e-29
4.42817e-29
4.31293e-29
4.20069e-29
4.09136e-29
3.98489e-29
3.88118e-29
3.78017e-29
3.6818e-29
3.58598e-29
3.49265e-29
3.40176e-29
3.31323e-29
3.227e-29
3.14302e-29
3.06122e-29
2.98155e-29
2.90396e-29
2.82838e-29
2.75478e-29
2.68308e-29
2.61326e-29
2.54525e-29
2.47901e-29
2.41449e-29
2.35165e-29
2.29045e-29
2.23084e-29
2.17279e-29
2.11624e-29
2.06117e-29
2.00752e-29
1.95528e-29
1.90439e-29
1.85483e-29
1.80656e-29
1.75954e-29
1.71375e-29
1.66915e-29
1.62571e-29
1.5834e-29
1.5422e-29
1.50206e-29
1.46297e-29
1.4249e-29
1.38781e-29
1.3517e-29
1.31652e-29
1.28226e-29
1.24888e-29
1.21638e-29
1.18473e-29
1.15389e-29
1.12386e-29
1.09462e-29
1.06613e-29
1.03838e-29
1.01136e-29
9.85039e-30
9.59403e-30
9.34435e-30
9.10116e-30
8.86431e-30
8.63361e-30
8.40893e-30
8.19009e-30
7.97694e-30
7.76934e-30
7.56714e-30
7.37021e-30
7.1784e-30
6.99159e-30
6.80963e-30
6.63241e-30
6.4598e-30
6.29169e-30
6.12795e-30
5.96847e-30
5.81314e-30
5.66185e-30
5.5145e-30
5.37099e-30
5.23121e-30
5.09507e-30
4.96247e-30
4.83332e-30
4.70754e-30
4.58502e-30
4.4657e-30
4.34948e-30
4.23629e-30
4.12604e-30
4.01866e-30
3.91407e-30
3.81221e-30
3.713e-30
3.61637e-30
3.52225e-30
3.43059e-30
3.3413e-30
3.25435e-30
3.16965e-30
3.08716e-30
3.00682e-30
2.92857e-30
2.85235e-30
2.77812e-30
2.70582e-30
2.6354e-30
2.56682e-30
2.50002e-30
2.43495e-30
2.37158e-30
2.30986e-30
2.24975e-30
2.1912e-30
2.13417e-30
2.07863e-30
2.02454e-30
1.97185e-30
1.92053e-30
1.87055e-30
1.82187e-30
1.77446e-30
1.72828e-30
1.6833e-30
1.63949e-30
1.59682e-30
1.55527e-30
1.51479e-30
1.47537e-30
1.43697e-30
1.39957e-30
1.36315e-30
1.32767e-30
1.29312e-30
1.25947e-30
1.22669e-30
1.19477e-30
1.16367e-30
1.13339e-30
1.10389e-30
1.07516e-30
1.04718e-30
1.01993e-30
9.93387e-31
9.67534e-31
9.42354e-31
9.17829e-31
8.93943e-31
8.70678e-31
8.48019e-31
8.25949e-31
8.04454e-31
7.83518e-31
7.63127e-31
7.43267e-31
7.23924e-31
7.05084e-31
6.86734e-31
6.68862e-31
6.51455e-31
6.34501e-31
6.17988e-31
6.01905e-31
5.8624e-31
5.70984e-31
5.56124e-31
5.41651e-31
5.27554e-31
5.13825e-31
5.00453e-31
4.87428e-31
4.74743e-31
4.62388e-31
4.50354e-31
4.38634e-31
4.27219e-31
4.161e-31
4.05271e-31
3.94724e-31
3.84452e-31
3.74446e-31
3.64701e-31
3.5521e-31
3.45966e-31
3.36962e-31
3.28193e-31
3.19652e-31
3.11333e-31
3.0323e-31
2.95339e-31
2.87653e-31
2.80166e-31
2.72875e-31
2.65774e-31
2.58857e-31
2.5212e-31
2.45559e-31
2.39168e-31
2.32944e-31
2.26882e-31
2.20977e-31
2.15226e-31
2.09625e-31
2.04169e-31
1.98856e-31
1.93681e-31
1.8864e-31
1.83731e-31
1.78949e-31
1.74292e-31
1.69756e-31
1.65338e-31
1.61035e-31
1.56845e-31
1.52763e-31
1.48787e-31
1.44915e-31
1.41143e-31
1.3747e-31
1.33893e-31
1.30408e-31
1.27014e-31
1.23709e-31
1.20489e-31
1.17353e-31
1.14299e-31
1.11325e-31
1.08428e-31
1.05606e-31
1.02857e-31
1.0018e-31
9.75733e-32
9.5034e-32
9.25607e-32
9.01519e-32
8.78057e-32
8.55205e-32
8.32949e-32
8.11271e-32
7.90158e-32
7.69594e-32
7.49566e-32
7.30058e-32
7.11059e-32
6.92554e-32
6.7453e-32
6.56975e-32
6.39878e-32
6.23225e-32
6.07006e-32
5.91208e-32
5.75822e-32
5.60837e-32
5.46241e-32
5.32025e-32
5.18179e-32
5.04694e-32
4.91559e-32
4.78766e-32
4.66307e-32
4.54171e-32
4.42351e-32
4.30839e-32
4.19627e-32
4.08706e-32
3.98069e-32
3.8771e-32
3.7762e-32
3.67792e-32
3.5822e-32
3.48898e-32
3.39818e-32
3.30974e-32
3.2236e-32
3.13971e-32
3.058e-32
2.97842e-32
2.9009e-32
2.82541e-32
2.75188e-32
2.68026e-32
2.61051e-32
2.54257e-32
2.4764e-32
2.41195e-32
2.34918e-32
2.28804e-32
2.2285e-32
2.1705e-32
2.11401e-32
2.059e-32
2.00541e-32
1.95322e-32
1.90239e-32
1.85288e-32
1.80466e-32
1.75769e-32
1.71195e-32
1.66739e-32
1.624e-32
1.58174e-32
1.54057e-32
1.50048e-32
1.46143e-32
1.4234e-32
1.38635e-32
1.35027e-32
1.31513e-32
1.28091e-32
1.24757e-32
1.2151e-32
1.18348e-32
1.15268e-32
1.12268e-32
1.09346e-32
1.06501e-32
1.03729e-32
1.01029e-32
9.84002e-33
9.58393e-33
9.33451e-33
9.09158e-33
8.85498e-33
8.62453e-33
8.40007e-33
8.18146e-33
7.96854e-33
7.76116e-33
7.55918e-33
7.36245e-33
7.17085e-33
6.98423e-33
6.80246e-33
6.62543e-33
6.453e-33
6.28506e-33
6.1215e-33
5.96219e-33
5.80702e-33
5.65589e-33
5.5087e-33
5.36534e-33
5.2257e-33
5.08971e-33
4.95725e-33
4.82824e-33
4.70258e-33
4.5802e-33
4.461e-33
4.3449e-33
4.23183e-33
4.12169e-33
4.01443e-33
3.90995e-33
3.8082e-33
3.70909e-33
3.61256e-33
3.51854e-33
3.42697e-33
3.33779e-33
3.25092e-33
3.16632e-33
3.08391e-33
3.00366e-33
2.92549e-33
2.84935e-33
2.7752e-33
2.70297e-33
2.63263e-33
2.56411e-33
2.49738e-33
2.43239e-33
2.36909e-33
2.30743e-33
2.24738e-33
2.18889e-33
2.13193e-33
2.07644e-33
2.02241e-33
1.96977e-33
1.91851e-33
1.86858e-33
1.81995e-33
1.77259e-33
1.72646e-33
1.68152e-33
1.63776e-33
1.59514e-33
1.55363e-33
1.51319e-33
1.47381e-33
1.43546e-33
1.3981e-33
1.36172e-33
1.32628e-33
1.29176e-33
1.25814e-33
1.2254e-33
1.19351e-33
1.16245e-33
1.1322e-33
1.10273e-33
1.07403e-33
1.04608e-33
1.01886e-33
9.92341e-34
9.66515e-34
9.41362e-34
9.16863e-34
8.93002e-34
8.69761e-34
8.47126e-34
8.2508e-34
8.03607e-34
7.82693e-34
7.62324e-34
7.42484e-34
7.23161e-34
7.04341e-34
6.86011e-34
6.68157e-34
