Vec Object: Vec_0x55e2489620c0_0 1 MPI process
  type: seq
1.
0.99998
0.99996
0.99994
0.99992
0.9999
0.99988
0.99986
0.99984
0.99982
0.9998
0.99978
0.99976
0.99974
0.999719
0.999699
0.999679
0.999659
0.999639
0.999619
0.999599
0.999579
0.999559
0.999539
0.999519
0.999499
0.999479
0.999459
0.999439
0.999419
0.999399
0.999379
0.999359
0.999338
0.999318
0.999298
0.999278
0.999258
0.999238
0.999218
0.999198
0.999178
0.999158
0.999138
0.999118
0.999098
0.999078
0.999057
0.999037
0.999017
0.998997
0.998977
0.998957
0.998937
0.998917
0.998897
0.998877
0.998857
0.998837
0.998816
0.998796
0.998776
0.998756
0.998736
0.998716
0.998696
0.998676
0.998656
0.998636
0.998615
0.998595
0.998575
0.998555
0.998535
0.998515
0.998495
0.998475
0.998455
0.998434
0.998414
0.998394
0.998374
0.998354
0.998334
0.998314
0.998294
0.998274
0.998253
0.998233
0.998213
0.998193
0.998173
0.998153
0.998133
0.998113
0.998092
0.998072
0.998052
0.998032
0.998012
0.997992
0.997972
0.997951
0.997931
0.997911
0.997891
0.997871
0.997851
0.997831
0.99781
0.99779
0.99777
0.99775
0.99773
0.99771
0.99769
0.997669
0.997649
0.997629
0.997609
0.997589
0.997569
0.997548
0.997528
0.997508
0.997488
0.997468
0.997448
0.997428
0.997407
0.997387
0.997367
0.997347
0.997327
0.997306
0.997286
0.997266
0.997246
0.997226
0.997206
0.997185
0.997165
0.997145
0.997125
0.997105
0.997085
0.997064
0.997044
0.997024
0.997004
0.996984
0.996963
0.996943
0.996923
0.996903
0.996883
0.996862
0.996842
0.996822
0.996802
0.996782
0.996761
0.996741
0.996721
0.996701
0.996681
0.99666
0.99664
0.99662
0.9966
0.99658
0.996559
0.996539
0.996519
0.996499
0.996478
0.996458
0.996438
0.996418
0.996398
0.996377
0.996357
0.996337
0.996317
0.996296
0.996276
0.996256
0.996236
0.996216
0.996195
0.996175
0.996155
0.996135
0.996114
0.996094
0.996074
0.996054
0.996033
0.996013
0.995993
0.995973
0.995952
0.995932
0.995912
0.995892
0.995871
0.995851
0.995831
0.995811
0.99579
0.99577
0.99575
0.99573
0.995709
0.995689
0.995669
0.995649
0.995628
0.995608
0.995588
0.995567
0.995547
0.995527
0.995507
0.995486
0.995466
0.995446
0.995426
0.995405
0.995385
0.995365
0.995344
0.995324
0.995304
0.995284
0.995263
0.995243
0.995223
0.995202
0.995182
0.995162
0.995141
0.995121
0.995101
0.995081
0.99506
0.99504
0.99502
0.994999
0.994979
0.994959
0.994938
0.994918
0.994898
0.994878
0.994857
0.994837
0.994817
0.994796
0.994776
0.994756
0.994735
0.994715
0.994695
0.994674
0.994654
0.994634
0.994613
0.994593
0.994573
0.994552
0.994532
0.994512
0.994491
0.994471
0.994451
0.99443
0.99441
0.99439
0.994369
0.994349
0.994329
0.994308
0.994288
0.994268
0.994247
0.994227
0.994207
0.994186
0.994166
0.994146
0.994125
0.994105
0.994084
0.994064
0.994044
0.994023
0.994003
0.993983
0.993962
0.993942
0.993922
0.993901
0.993881
0.99386
0.99384
0.99382
0.993799
0.993779
0.993759
0.993738
0.993718
0.993697
0.993677
0.993657
0.993636
0.993616
0.993596
0.993575
0.993555
0.993534
0.993514
0.993494
0.993473
0.993453
0.993432
0.993412
0.993392
0.993371
0.993351
0.99333
0.99331
0.99329
0.993269
0.993249
0.993228
0.993208
0.993188
0.993167
0.993147
0.993126
0.993106
0.993085
0.993065
0.993045
0.993024
0.993004
0.992983
0.992963
0.992943
0.992922
0.992902
0.992881
0.992861
0.99284
0.99282
0.992799
0.992779
0.992759
0.992738
0.992718
0.992697
0.992677
0.992656
0.992636
0.992616
0.992595
0.992575
0.992554
0.992534
0.992513
0.992493
0.992472
0.992452
0.992431
0.992411
0.992391
0.99237
0.99235
0.992329
0.992309
0.992288
0.992268
0.992247
0.992227
0.992206
0.992186
0.992165
0.992145
0.992124
0.992104
0.992083
0.992063
0.992042
0.992022
0.992001
0.991981
0.991961
0.99194
0.99192
0.991899
0.991879
0.991858
0.991838
0.991817
0.991797
0.991776
0.991756
0.991735
0.991715
0.991694
0.991674
0.991653
0.991633
0.991612
0.991591
0.991571
0.99155
0.99153
0.991509
0.991489
0.991468
0.991448
0.991427
0.991407
0.991386
0.991366
0.991345
0.991325
0.991304
0.991284
0.991263
0.991243
0.991222
0.991202
0.991181
0.99116
0.99114
0.991119
0.991099
0.991078
0.991058
0.991037
0.991017
0.990996
0.990976
0.990955
0.990934
0.990914
0.990893
0.990873
0.990852
0.990832
0.990811
0.99079
0.99077
0.990749
0.990729
0.990708
0.990688
0.990667
0.990646
0.990626
0.990605
0.990585
0.990564
0.990544
0.990523
0.990502
0.990482
0.990461
0.990441
0.99042
0.990399
0.990379
0.990358
0.990338
0.990317
0.990297
0.990276
0.990255
0.990235
0.990214
0.990194
0.990173
0.990152
0.990132
0.990111
0.99009
0.99007
0.990049
0.990029
0.990008
0.989987
0.989967
0.989946
0.989926
0.989905
0.989884
0.989864
0.989843
0.989822
0.989802
0.989781
0.98976
0.98974
0.989719
0.989699
0.989678
0.989657
0.989637
0.989616
0.989595
0.989575
0.989554
0.989533
0.989513
0.989492
0.989471
0.989451
0.98943
0.989409
0.989389
0.989368
0.989348
0.989327
0.989306
0.989286
0.989265
0.989244
0.989224
0.989203
0.989182
0.989161
0.989141
0.98912
0.989099
0.989079
0.989058
0.989037
0.989017
0.988996
0.988975
0.988955
0.988934
0.988913
0.988893
0.988872
0.988851
0.98883
0.98881
0.988789
0.988768
0.988748
0.988727
0.988706
0.988686
0.988665
0.988644
0.988623
0.988603
0.988582
0.988561
0.988541
0.98852
0.988499
0.988478
0.988458
0.988437
0.988416
0.988395
0.988375
0.988354
0.988333
0.988313
0.988292
0.988271
0.98825
0.98823
0.988209
0.988188
0.988167
0.988147
0.988126
0.988105
0.988084
0.988064
0.988043
0.988022
0.988001
0.987981
0.98796
0.987939
0.987918
0.987898
0.987877
0.987856
0.987835
0.987814
0.987794
0.987773
0.987752
0.987731
0.987711
0.98769
0.987669
0.987648
0.987627
0.987607
0.987586
0.987565
0.987544
0.987523
0.987503
0.987482
0.987461
0.98744
0.987419
0.987399
0.987378
0.987357
0.987336
0.987315
0.987295
0.987274
0.987253
0.987232
0.987211
0.987191
0.98717
0.987149
0.987128
0.987107
0.987086
0.987066
0.987045
0.987024
0.987003
0.986982
0.986961
0.986941
0.98692
0.986899
0.986878
0.986857
0.986836
0.986816
0.986795
0.986774
0.986753
0.986732
0.986711
0.98669
0.98667
0.986649
0.986628
0.986607
0.986586
0.986565
0.986544
0.986524
0.986503
0.986482
0.986461
0.98644
0.986419
0.986398
0.986377
0.986357
0.986336
0.986315
0.986294
0.986273
0.986252
0.986231
0.98621
0.986189
0.986169
0.986148
0.986127
0.986106
0.986085
0.986064
0.986043
0.986022
0.986001
0.98598
0.985959
0.985939
0.985918
0.985897
0.985876
0.985855
0.985834
0.985813
0.985792
0.985771
0.98575
0.985729
0.985708
0.985687
0.985667
0.985646
0.985625
0.985604
0.985583
0.985562
0.985541
0.98552
0.985499
0.985478
0.985457
0.985436
0.985415
0.985394
0.985373
0.985352
0.985331
0.98531
0.985289
0.985268
0.985247
0.985226
0.985206
0.985185
0.985164
0.985143
0.985122
0.985101
0.98508
0.985059
0.985038
0.985017
0.984996
0.984975
0.984954
0.984933
0.984912
0.984891
0.98487
0.984849
0.984828
0.984807
0.984786
0.984765
0.984744
0.984723
0.984702
0.984681
0.98466
0.984639
0.984618
0.984597
0.984576
0.984554
0.984533
0.984512
0.984491
0.98447
0.984449
0.984428
0.984407
0.984386
0.984365
0.984344
0.984323
0.984302
0.984281
0.98426
0.984239
0.984218
0.984197
0.984176
0.984155
0.984134
0.984113
0.984091
0.98407
0.984049
0.984028
0.984007
0.983986
0.983965
0.983944
0.983923
0.983902
0.983881
0.98386
0.983838
0.983817
0.983796
0.983775
0.983754
0.983733
0.983712
0.983691
0.98367
0.983649
0.983628
0.983606
0.983585
0.983564
0.983543
0.983522
0.983501
0.98348
0.983459
0.983437
0.983416
0.983395
0.983374
0.983353
0.983332
0.983311
0.98329
0.983268
0.983247
0.983226
0.983205
0.983184
0.983163
0.983142
0.98312
0.983099
0.983078
0.983057
0.983036
0.983015
0.982993
0.982972
0.982951
0.98293
0.982909
0.982888
0.982866
0.982845
0.982824
0.982803
0.982782
0.982761
0.982739
0.982718
0.982697
0.982676
0.982655
0.982633
0.982612
0.982591
0.98257
0.982549
0.982527
0.982506
0.982485
0.982464
0.982443
0.982421
0.9824
0.982379
0.982358
0.982336
0.982315
0.982294
0.982273
0.982252
0.98223
0.982209
0.982188
0.982167
0.982145
0.982124
0.982103
0.982082
0.98206
0.982039
0.982018
0.981997
0.981975
0.981954
0.981933
0.981912
0.98189
0.981869
0.981848
0.981826
0.981805
0.981784
0.981763
0.981741
0.98172
0.981699
0.981678
0.981656
0.981635
0.981614
0.981592
0.981571
0.98155
0.981528
0.981507
0.981486
0.981465
0.981443
0.981422
0.981401
0.981379
0.981358
0.981337
0.981315
0.981294
0.981273
0.981251
0.98123
0.981209
0.981187
0.981166
0.981145
0.981123
0.981102
0.981081
0.981059
0.981038
0.981017
0.980995
0.980974
0.980953
0.980931
0.98091
0.980888
0.980867
0.980846
0.980824
0.980803
0.980782
0.98076
0.980739
0.980717
0.980696
0.980675
0.980653
0.980632
0.980611
0.980589
0.980568
0.980546
0.980525
0.980504
0.980482
0.980461
0.980439
0.980418
0.980397
0.980375
0.980354
0.980332
0.980311
0.980289
0.980268
0.980247
0.980225
0.980204
0.980182
0.980161
0.980139
0.980118
0.980096
0.980075
0.980054
0.980032
0.980011
0.979989
0.979968
0.979946
0.979925
0.979903
0.979882
0.97986
0.979839
0.979817
0.979796
0.979775
0.979753
0.979732
0.97971
0.979689
0.979667
0.979646
0.979624
0.979603
0.979581
0.97956
0.979538
0.979517
0.979495
0.979474
0.979452
0.97943
0.979409
0.979387
0.979366
0.979344
0.979323
0.979301
0.97928
0.979258
0.979237
0.979215
0.979194
0.979172
0.979151
0.979129
0.979107
0.979086
0.979064
0.979043
0.979021
0.979
0.978978
0.978956
0.978935
0.978913
0.978892
0.97887
0.978849
0.978827
0.978805
0.978784
0.978762
0.978741
0.978719
0.978697
0.978676
0.978654
0.978633
0.978611
0.978589
0.978568
0.978546
0.978525
0.978503
0.978481
0.97846
0.978438
0.978416
0.978395
0.978373
0.978351
0.97833
0.978308
0.978287
0.978265
0.978243
0.978222
0.9782
0.978178
0.978157
0.978135
0.978113
0.978092
0.97807
0.978048
0.978026
0.978005
0.977983
0.977961
0.97794
0.977918
0.977896
0.977875
0.977853
0.977831
0.97781
0.977788
0.977766
0.977744
0.977723
0.977701
0.977679
0.977657
0.977636
0.977614
0.977592
0.977571
0.977549
0.977527
0.977505
0.977484
0.977462
0.97744
0.977418
0.977397
0.977375
0.977353
0.977331
0.977309
0.977288
0.977266
0.977244
0.977222
0.977201
0.977179
0.977157
0.977135
0.977113
0.977092
0.97707
0.977048
0.977026
0.977004
0.976983
0.976961
0.976939
0.976917
0.976895
0.976873
0.976852
0.97683
0.976808
0.976786
0.976764
0.976742
0.976721
0.976699
0.976677
0.976655
0.976633
0.976611
0.976589
0.976567
0.976546
0.976524
0.976502
0.97648
0.976458
0.976436
0.976414
0.976392
0.97637
0.976349
0.976327
0.976305
0.976283
0.976261
0.976239
0.976217
0.976195
0.976173
0.976151
0.976129
0.976107
0.976085
0.976064
0.976042
0.97602
0.975998
0.975976
0.975954
0.975932
0.97591
0.975888
0.975866
0.975844
0.975822
0.9758
0.975778
0.975756
0.975734
0.975712
0.97569
0.975668
0.975646
0.975624
0.975602
0.97558
0.975558
0.975536
0.975514
0.975492
0.97547
0.975448
0.975426
0.975404
0.975382
0.97536
0.975338
0.975315
0.975293
0.975271
0.975249
0.975227
0.975205
0.975183
0.975161
0.975139
0.975117
0.975095
0.975073
0.975051
0.975028
0.975006
0.974984
0.974962
0.97494
0.974918
0.974896
0.974874
0.974851
0.974829
0.974807
0.974785
0.974763
0.974741
0.974719
0.974696
0.974674
0.974652
0.97463
0.974608
0.974586
0.974563
0.974541
0.974519
0.974497
0.974475
0.974452
0.97443
0.974408
0.974386
0.974364
0.974341
0.974319
0.974297
0.974275
0.974253
0.97423
0.974208
0.974186
0.974164
0.974141
0.974119
0.974097
0.974074
0.974052
0.97403
0.974008
0.973985
0.973963
0.973941
0.973919
0.973896
0.973874
0.973852
0.973829
0.973807
0.973785
0.973762
0.97374
0.973718
0.973695
0.973673
0.973651
0.973628
0.973606
0.973584
0.973561
0.973539
0.973516
0.973494
0.973472
0.973449
0.973427
0.973405
0.973382
0.97336
0.973337
0.973315
0.973293
0.97327
0.973248
0.973225
0.973203
0.97318
0.973158
0.973135
0.973113
0.973091
0.973068
0.973046
0.973023
0.973001
0.972978
0.972956
0.972933
0.972911
0.972888
0.972866
0.972843
0.972821
0.972798
0.972776
0.972753
0.972731
0.972708
0.972685
0.972663
0.97264
0.972618
0.972595
0.972573
0.97255
0.972528
0.972505
0.972482
0.97246
0.972437
0.972415
0.972392
0.972369
0.972347
0.972324
0.972301
0.972279
0.972256
0.972233
0.972211
0.972188
0.972166
0.972143
0.97212
0.972097
0.972075
0.972052
0.972029
0.972007
0.971984
0.971961
0.971939
0.971916
0.971893
0.97187
0.971848
0.971825
0.971802
0.971779
0.971757
0.971734
0.971711
0.971688
0.971665
0.971643
0.97162
0.971597
0.971574
0.971551
0.971529
0.971506
0.971483
0.97146
0.971437
0.971414
0.971391
0.971369
0.971346
0.971323
0.9713
0.971277
0.971254
0.971231
0.971208
0.971185
0.971162
0.971139
0.971116
0.971094
0.971071
0.971048
0.971025
0.971002
0.970979
0.970956
0.970933
0.97091
0.970887
0.970864
0.970841
0.970818
0.970794
0.970771
0.970748
0.970725
0.970702
0.970679
0.970656
0.970633
0.97061
0.970587
0.970564
0.970541
0.970517
0.970494
0.970471
0.970448
0.970425
0.970402
0.970378
0.970355
0.970332
0.970309
0.970286
0.970262
0.970239
0.970216
0.970193
0.970169
0.970146
0.970123
0.9701
0.970076
0.970053
0.97003
0.970006
0.969983
0.96996
0.969936
0.969913
0.96989
0.969866
0.969843
0.969819
0.969796
0.969773
0.969749
0.969726
0.969702
0.969679
0.969655
0.969632
0.969608
0.969585
0.969562
0.969538
0.969514
0.969491
0.969467
0.969444
0.96942
0.969397
0.969373
0.96935
0.969326
0.969302
0.969279
0.969255
0.969232
0.969208
0.969184
0.969161
0.969137
0.969113
0.969089
0.969066
0.969042
0.969018
0.968995
0.968971
0.968947
0.968923
0.968899
0.968876
0.968852
0.968828
0.968804
0.96878
0.968756
0.968733
0.968709
0.968685
0.968661
0.968637
0.968613
0.968589
0.968565
0.968541
0.968517
0.968493
0.968469
0.968445
0.968421
0.968397
0.968373
0.968349
0.968325
0.968301
0.968277
0.968252
0.968228
0.968204
0.96818
0.968156
0.968132
0.968107
0.968083
0.968059
0.968035
0.96801
0.967986
0.967962
0.967937
0.967913
0.967889
0.967865
0.96784
0.967816
0.967791
0.967767
0.967743
0.967718
0.967694
0.967669
0.967645
0.96762
0.967596
0.967571
0.967547
0.967522
0.967498
0.967473
0.967448
0.967424
0.967399
0.967375
0.96735
0.967325
0.967301
0.967276
0.967251
0.967226
0.967202
0.967177
0.967152
0.967127
0.967103
0.967078
0.967053
0.967028
0.967003
0.966978
0.966953
0.966928
0.966903
0.966879
0.966854
0.966829
0.966804
0.966779
0.966754
0.966729
0.966703
0.966678
0.966653
0.966628
0.966603
0.966578
0.966553
0.966528
0.966502
0.966477
0.966452
0.966427
0.966401
0.966376
0.966351
0.966326
0.9663
0.966275
0.96625
0.966224
0.966199
0.966173
0.966148
0.966123
0.966097
0.966072
0.966046
0.966021
0.965995
0.96597
0.965944
0.965918
0.965893
0.965867
0.965842
0.965816
0.96579
0.965765
0.965739
0.965713
0.965687
0.965662
0.965636
0.96561
0.965584
0.965559
0.965533
0.965507
0.965481
0.965455
0.965429
0.965403
0.965377
0.965351
0.965325
0.965299
0.965273
0.965247
0.965221
0.965195
0.965169
0.965143
0.965117
0.965091
0.965065
0.965038
0.965012
0.964986
0.96496
0.964934
0.964907
0.964881
0.964855
0.964828
0.964802
0.964776
0.964749
0.964723
0.964697
0.96467
0.964644
0.964617
0.964591
0.964564
0.964538
0.964511
0.964485
0.964458
0.964432
0.964405
0.964378
0.964352
0.964325
0.964298
0.964272
0.964245
0.964218
0.964192
0.964165
0.964138
0.964111
0.964084
0.964058
0.964031
0.964004
0.963977
0.96395
0.963923
0.963896
0.963869
0.963842
0.963815
0.963788
0.963761
0.963734
0.963707
0.96368
0.963653
0.963626
0.963598
0.963571
0.963544
0.963517
0.96349
0.963462
0.963435
0.963408
0.963381
0.963353
0.963326
0.963299
0.963271
0.963244
0.963216
0.963189
0.963161
0.963134
0.963107
0.963079
0.963051
0.963024
0.962996
0.962969
0.962941
0.962914
0.962886
0.962858
0.962831
0.962803
0.962775
0.962747
0.96272
0.962692
0.962664
0.962636
0.962608
0.962581
0.962553
0.962525
0.962497
0.962469
0.962441
0.962413
0.962385
0.962357
0.962329
0.962301
0.962273
0.962245
0.962217
0.962188
0.96216
0.962132
0.962104
0.962076
0.962048
0.962019
0.961991
0.961963
0.961934
0.961906
0.961878
0.961849
0.961821
0.961793
0.961764
0.961736
0.961707
0.961679
0.96165
0.961622
0.961593
0.961565
0.961536
0.961508
0.961479
0.96145
0.961422
0.961393
0.961364
0.961336
0.961307
0.961278
0.961249
0.96122
0.961192
0.961163
0.961134
0.961105
0.961076
0.961047
0.961018
0.960989
0.96096
0.960931
0.960902
0.960873
0.960844
0.960815
0.960786
0.960757
0.960728
0.960699
0.960669
0.96064
0.960611
0.960582
0.960553
0.960523
0.960494
0.960465
0.960435
0.960406
0.960377
0.960347
0.960318
0.960288
0.960259
0.960229
0.9602
0.96017
0.960141
0.960111
0.960082
0.960052
0.960022
0.959993
0.959963
0.959933
0.959904
0.959874
0.959844
0.959814
0.959785
0.959755
0.959725
0.959695
0.959665
0.959635
0.959605
0.959575
0.959545
0.959515
0.959485
0.959455
0.959425
0.959395
0.959365
0.959335
0.959305
0.959275
0.959245
0.959214
0.959184
0.959154
0.959124
0.959093
0.959063
0.959033
0.959003
0.958972
0.958942
0.958911
0.958881
0.958851
0.95882
0.95879
0.958759
0.958729
0.958698
0.958667
0.958637
0.958606
0.958576
0.958545
0.958514
0.958483
0.958453
0.958422
0.958391
0.95836
0.95833
0.958299
0.958268
0.958237
0.958206
0.958175
0.958144
0.958113
0.958082
0.958051
0.95802
0.957989
0.957958
0.957927
0.957896
0.957865
0.957834
0.957803
0.957771
0.95774
0.957709
0.957678
0.957646
0.957615
0.957584
0.957552
0.957521
0.95749
0.957458
0.957427
0.957395
0.957364
0.957332
0.957301
0.957269
0.957238
0.957206
0.957174
0.957143
0.957111
0.95708
0.957048
0.957016
0.956984
0.956953
0.956921
0.956889
0.956857
0.956825
0.956793
0.956761
0.95673
0.956698
0.956666
0.956634
0.956602
0.95657
0.956538
0.956505
0.956473
0.956441
0.956409
0.956377
0.956345
0.956312
0.95628
0.956248
0.956216
0.956183
0.956151
0.956119
0.956086
0.956054
0.956022
0.955989
0.955957
0.955924
0.955892
0.955859
0.955827
0.955794
0.955761
0.955729
0.955696
0.955663
0.955631
0.955598
0.955565
0.955533
0.9555
0.955467
0.955434
0.955401
0.955368
0.955335
0.955303
0.95527
0.955237
0.955204
0.955171
0.955138
0.955105
0.955071
0.955038
0.955005
0.954972
0.954939
0.954906
0.954872
0.954839
0.954806
0.954773
0.954739
0.954706
0.954673
0.954639
0.954606
0.954572
0.954539
0.954505
0.954472
0.954438
0.954405
0.954371
0.954338
0.954304
0.95427
0.954237
0.954203
0.954169
0.954136
0.954102
0.954068
0.954034
0.954
0.953967
0.953933
0.953899
0.953865
0.953831
0.953797
0.953763
0.953729
0.953695
0.953661
0.953627
0.953593
0.953558
0.953524
0.95349
0.953456
0.953422
0.953387
0.953353
0.953319
0.953284
0.95325
0.953216
0.953181
0.953147
0.953112
0.953078
0.953043
0.953009
0.952974
0.95294
0.952905
0.952871
0.952836
0.952801
0.952767
0.952732
0.952697
0.952662
0.952628
0.952593
0.952558
0.952523
0.952488
0.952453
0.952418
0.952383
0.952348
0.952313
0.952278
0.952243
0.952208
0.952173
0.952138
0.952103
0.952068
0.952032
0.951997
0.951962
0.951927
0.951891
0.951856
0.951821
0.951785
0.95175
0.951714
0.951679
0.951643
0.951608
0.951572
0.951537
0.951501
0.951466
0.95143
0.951394
0.951359
0.951323
0.951287
0.951251
0.951216
0.95118
0.951144
0.951108
0.951072
0.951036
0.951
0.950964
0.950929
0.950893
0.950856
0.95082
0.950784
0.950748
0.950712
0.950676
0.95064
0.950604
0.950567
0.950531
0.950495
0.950458
0.950422
0.950386
0.950349
0.950313
0.950276
0.95024
0.950204
0.950167
0.95013
0.950094
0.950057
0.950021
0.949984
0.949947
0.949911
0.949874
0.949837
0.9498
0.949764
0.949727
0.94969
0.949653
0.949616
0.949579
0.949542
0.949505
0.949468
0.949431
0.949394
0.949357
0.94932
0.949283
0.949246
0.949209
0.949171
0.949134
0.949097
0.94906
0.949022
0.948985
0.948947
0.94891
0.948873
0.948835
0.948798
0.94876
0.948723
0.948685
0.948648
0.94861
0.948572
0.948535
0.948497
0.948459
0.948422
0.948384
0.948346
0.948308
0.94827
0.948232
0.948195
0.948157
0.948119
0.948081
0.948043
0.948005
0.947967
0.947928
0.94789
0.947852
0.947814
0.947776
0.947738
0.947699
0.947661
0.947623
0.947584
0.947546
0.947508
0.947469
0.947431
0.947392
0.947354
0.947315
0.947277
0.947238
0.9472
0.947161
0.947122
0.947084
0.947045
0.947006
0.946968
0.946929
0.94689
0.946851
0.946812
0.946773
0.946734
0.946695
0.946657
0.946618
0.946578
0.946539
0.9465
0.946461
0.946422
0.946383
0.946344
0.946304
0.946265
0.946226
0.946187
0.946147
0.946108
0.946069
0.946029
0.94599
0.94595
0.945911
0.945871
0.945832
0.945792
0.945752
0.945713
0.945673
0.945633
0.945594
0.945554
0.945514
0.945474
0.945434
0.945395
0.945355
0.945315
0.945275
0.945235
0.945195
0.945155
0.945115
0.945075
0.945035
0.944994
0.944954
0.944914
0.944874
0.944834
0.944793
0.944753
0.944713
0.944672
0.944632
0.944591
0.944551
0.94451
0.94447
0.944429
0.944389
0.944348
0.944308
0.944267
0.944226
0.944186
0.944145
0.944104
0.944063
0.944022
0.943982
0.943941
0.9439
0.943859
0.943818
0.943777
0.943736
0.943695
0.943654
0.943613
0.943571
0.94353
0.943489
0.943448
0.943407
0.943365
0.943324
0.943283
0.943241
0.9432
0.943158
0.943117
0.943075
0.943034
0.942992
0.942951
0.942909
0.942868
0.942826
0.942784
0.942742
0.942701
0.942659
0.942617
0.942575
0.942533
0.942491
0.94245
0.942408
0.942366
0.942324
0.942281
0.942239
0.942197
0.942155
0.942113
0.942071
0.942029
0.941986
0.941944
0.941902
0.941859
0.941817
0.941775
0.941732
0.94169
0.941647
0.941605
0.941562
0.941519
0.941477
0.941434
0.941392
0.941349
0.941306
0.941263
0.941221
0.941178
0.941135
0.941092
0.941049
0.941006
0.940963
0.94092
0.940877
0.940834
0.940791
0.940748
0.940705
0.940661
0.940618
0.940575
0.940532
0.940488
0.940445
0.940402
0.940358
0.940315
0.940271
0.940228
0.940184
0.940141
0.940097
0.940054
0.94001
0.939966
0.939923
0.939879
0.939835
0.939791
0.939747
0.939704
0.93966
0.939616
0.939572
0.939528
0.939484
0.93944
0.939396
0.939352
0.939307
0.939263
0.939219
0.939175
0.939131
0.939086
0.939042
0.938998
0.938953
0.938909
0.938864
0.93882
0.938775
0.938731
0.938686
0.938642
0.938597
0.938552
0.938508
0.938463
0.938418
0.938373
0.938328
0.938284
0.938239
0.938194
0.938149
0.938104
0.938059
0.938014
0.937969
0.937923
0.937878
0.937833
0.937788
0.937743
0.937697
0.937652
0.937607
0.937561
0.937516
0.937471
0.937425
0.93738
0.937334
0.937289
0.937243
0.937197
0.937152
0.937106
0.93706
0.937015
0.936969
0.936923
0.936877
0.936831
0.936785
0.936739
0.936693
0.936647
0.936601
0.936555
0.936509
0.936463
0.936417
0.936371
0.936324
0.936278
0.936232
0.936185
0.936139
0.936093
0.936046
0.936
0.935953
0.935907
0.93586
0.935814
0.935767
0.93572
0.935674
0.935627
0.93558
0.935533
0.935486
0.93544
0.935393
0.935346
0.935299
0.935252
0.935205
0.935158
0.935111
0.935063
0.935016
0.934969
0.934922
0.934875
0.934827
0.93478
0.934733
0.934685
0.934638
0.93459
0.934543
0.934495
0.934448
0.9344
0.934353
0.934305
0.934257
0.93421
0.934162
0.934114
0.934066
0.934018
0.93397
0.933922
0.933874
0.933827
0.933778
0.93373
0.933682
0.933634
0.933586
0.933538
0.93349
0.933441
0.933393
0.933345
0.933296
0.933248
0.933199
0.933151
0.933102
0.933054
0.933005
0.932957
0.932908
0.932859
0.932811
0.932762
0.932713
0.932664
0.932616
0.932567
0.932518
0.932469
0.93242
0.932371
0.932322
0.932273
0.932224
0.932174
0.932125
0.932076
0.932027
0.931977
0.931928
0.931879
0.931829
0.93178
0.93173
0.931681
0.931631
0.931582
0.931532
0.931483
0.931433
0.931383
0.931333
0.931284
0.931234
0.931184
0.931134
0.931084
0.931034
0.930984
0.930934
0.930884
0.930834
0.930784
0.930734
0.930683
0.930633
0.930583
0.930533
0.930482
0.930432
0.930381
0.930331
0.93028
0.93023
0.930179
0.930129
0.930078
0.930027
0.929977
0.929926
0.929875
0.929824
0.929774
0.929723
0.929672
0.929621
0.92957
0.929519
0.929468
0.929417
0.929366
0.929314
0.929263
0.929212
0.929161
0.929109
0.929058
0.929007
0.928955
0.928904
0.928852
0.928801
0.928749
0.928697
0.928646
0.928594
0.928542
0.928491
0.928439
0.928387
0.928335
0.928283
0.928231
0.928179
0.928127
0.928075
0.928023
0.927971
0.927919
0.927867
0.927815
0.927762
0.92771
0.927658
0.927605
0.927553
0.9275
0.927448
0.927395
0.927343
0.92729
0.927238
0.927185
0.927132
0.92708
0.927027
0.926974
0.926921
0.926868
0.926815
0.926762
0.926709
0.926656
0.926603
0.92655
0.926497
0.926444
0.92639
0.926337
0.926284
0.926231
0.926177
0.926124
0.92607
0.926017
0.925963
0.92591
0.925856
0.925802
0.925749
0.925695
0.925641
0.925588
0.925534
0.92548
0.925426
0.925372
0.925318
0.925264
0.92521
0.925156
0.925102
0.925047
0.924993
0.924939
0.924885
0.92483
0.924776
0.924722
0.924667
0.924613
0.924558
0.924504
0.924449
0.924394
0.92434
0.924285
0.92423
0.924175
0.924121
0.924066
0.924011
0.923956
0.923901
0.923846
0.923791
0.923736
0.923681
0.923625
0.92357
0.923515
0.92346
0.923404
0.923349
0.923294
0.923238
0.923183
0.923127
0.923072
0.923016
0.92296
0.922905
0.922849
0.922793
0.922737
0.922681
0.922626
0.92257
0.922514
0.922458
0.922402
0.922346
0.922289
0.922233
0.922177
0.922121
0.922065
0.922008
0.921952
0.921896
0.921839
0.921783
0.921726
0.92167
0.921613
0.921556
0.9215
0.921443
0.921386
0.921329
0.921273
0.921216
0.921159
0.921102
0.921045
0.920988
0.920931
0.920874
0.920816
0.920759
0.920702
0.920645
0.920587
0.92053
0.920473
0.920415
0.920358
0.9203
0.920243
0.920185
0.920127
0.92007
0.920012
0.919954
0.919896
0.919839
0.919781
0.919723
0.919665
0.919607
0.919549
0.919491
0.919433
0.919374
0.919316
0.919258
0.9192
0.919141
0.919083
0.919025
0.918966
0.918908
0.918849
0.91879
0.918732
0.918673
0.918614
0.918556
0.918497
0.918438
0.918379
0.91832
0.918261
0.918202
0.918143
0.918084
0.918025
0.917966
0.917907
0.917848
0.917788
0.917729
0.91767
0.91761
0.917551
0.917491
0.917432
0.917372
0.917312
0.917253
0.917193
0.917133
0.917074
0.917014
0.916954
0.916894
0.916834
0.916774
0.916714
0.916654
0.916594
0.916534
0.916473
0.916413
0.916353
0.916292
0.916232
0.916172
0.916111
0.916051
0.91599
0.915929
0.915869
0.915808
0.915747
0.915687
0.915626
0.915565
0.915504
0.915443
0.915382
0.915321
0.91526
0.915199
0.915138
0.915077
0.915015
0.914954
0.914893
0.914831
0.91477
0.914709
0.914647
0.914586
0.914524
0.914462
0.914401
0.914339
0.914277
0.914215
0.914153
0.914092
0.91403
0.913968
0.913906
0.913844
0.913781
0.913719
0.913657
0.913595
0.913533
0.91347
0.913408
0.913346
0.913283
0.913221
0.913158
0.913095
0.913033
0.91297
0.912907
0.912845
0.912782
0.912719
0.912656
0.912593
0.91253
0.912467
0.912404
0.912341
0.912278
0.912214
0.912151
0.912088
0.912025
0.911961
0.911898
0.911834
0.911771
0.911707
0.911644
0.91158
0.911516
0.911452
0.911389
0.911325
0.911261
0.911197
0.911133
0.911069
0.911005
0.910941
0.910877
0.910812
0.910748
0.910684
0.91062
0.910555
0.910491
0.910426
0.910362
0.910297
0.910233
0.910168
0.910103
0.910039
0.909974
0.909909
0.909844
0.909779
0.909714
0.909649
0.909584
0.909519
0.909454
0.909389
0.909323
0.909258
0.909193
0.909127
0.909062
0.908996
0.908931
0.908865
0.9088
0.908734
0.908668
0.908603
0.908537
0.908471
0.908405
0.908339
0.908273
0.908207
0.908141
0.908075
0.908009
0.907942
0.907876
0.90781
0.907743
0.907677
0.907611
0.907544
0.907478
0.907411
0.907344
0.907278
0.907211
0.907144
0.907077
0.90701
0.906943
0.906876
0.906809
0.906742
0.906675
0.906608
0.906541
0.906474
0.906406
0.906339
0.906272
0.906204
0.906137
0.906069
0.906002
0.905934
0.905866
0.905798
0.905731
0.905663
0.905595
0.905527
0.905459
0.905391
0.905323
0.905255
0.905187
0.905118
0.90505
0.904982
0.904914
0.904845
0.904777
0.904708
0.90464
0.904571
0.904502
0.904434
0.904365
0.904296
0.904227
0.904158
0.90409
0.904021
0.903952
0.903882
0.903813
0.903744
0.903675
0.903606
0.903536
0.903467
0.903398
0.903328
0.903259
0.903189
0.903119
0.90305
0.90298
0.90291
0.90284
0.90277
0.902701
0.902631
0.902561
0.902491
0.90242
0.90235
0.90228
0.90221
0.902139
0.902069
0.901999
0.901928
0.901858
0.901787
0.901717
0.901646
0.901575
0.901504
0.901434
0.901363
0.901292
0.901221
0.90115
0.901079
0.901008
0.900937
0.900865
0.900794
0.900723
0.900651
0.90058
0.900509
0.900437
0.900366
0.900294
0.900222
0.900151
0.900079
0.900007
0.899935
0.899863
0.899791
0.899719
0.899647
0.899575
0.899503
0.899431
0.899358
0.899286
0.899214
0.899141
0.899069
0.898996
0.898924
0.898851
0.898778
0.898706
0.898633
0.89856
0.898487
0.898414
0.898341
0.898268
0.898195
0.898122
0.898049
0.897976
0.897902
0.897829
0.897756
0.897682
0.897609
0.897535
0.897461
0.897388
0.897314
0.89724
0.897167
0.897093
0.897019
0.896945
0.896871
0.896797
0.896723
0.896648
0.896574
0.8965
0.896426
0.896351
0.896277
0.896202
0.896128
0.896053
0.895978
0.895904
0.895829
0.895754
0.895679
0.895604
0.895529
0.895454
0.895379
0.895304
0.895229
0.895154
0.895079
0.895003
0.894928
0.894852
0.894777
0.894701
0.894626
0.89455
0.894474
0.894399
0.894323
0.894247
0.894171
0.894095
0.894019
0.893943
0.893867
0.893791
0.893714
0.893638
0.893562
0.893485
0.893409
0.893332
0.893256
0.893179
0.893102
0.893026
0.892949
0.892872
0.892795
0.892718
0.892641
0.892564
0.892487
0.89241
0.892333
0.892255
0.892178
0.892101
0.892023
0.891946
0.891868
0.891791
0.891713
0.891635
0.891558
0.89148
0.891402
0.891324
0.891246
0.891168
0.89109
0.891012
0.890934
0.890855
0.890777
0.890699
0.89062
0.890542
0.890463
0.890385
0.890306
0.890227
0.890148
0.89007
0.889991
0.889912
0.889833
0.889754
0.889675
0.889596
0.889516
0.889437
0.889358
0.889278
0.889199
0.88912
0.88904
0.88896
0.888881
0.888801
0.888721
0.888642
0.888562
0.888482
0.888402
0.888322
0.888242
0.888161
0.888081
0.888001
0.887921
0.88784
0.88776
0.887679
0.887599
0.887518
0.887438
0.887357
0.887276
0.887195
0.887114
0.887033
0.886952
0.886871
0.88679
0.886709
0.886628
0.886546
0.886465
0.886384
0.886302
0.886221
0.886139
0.886058
0.885976
0.885894
0.885812
0.88573
0.885648
0.885567
0.885484
0.885402
0.88532
0.885238
0.885156
0.885073
0.884991
0.884909
0.884826
0.884744
0.884661
0.884578
0.884495
0.884413
0.88433
0.884247
0.884164
0.884081
0.883998
0.883915
0.883832
0.883748
0.883665
0.883582
0.883498
0.883415
0.883331
0.883247
0.883164
0.88308
0.882996
0.882912
0.882829
0.882745
0.882661
0.882576
0.882492
0.882408
0.882324
0.882239
0.882155
0.882071
0.881986
0.881902
0.881817
0.881732
0.881648
0.881563
0.881478
0.881393
0.881308
0.881223
0.881138
0.881053
0.880967
0.880882
0.880797
0.880711
0.880626
0.88054
0.880455
0.880369
0.880284
0.880198
0.880112
0.880026
0.87994
0.879854
0.879768
0.879682
0.879596
0.87951
0.879423
0.879337
0.87925
0.879164
0.879077
0.878991
0.878904
0.878817
0.878731
0.878644
0.878557
0.87847
0.878383
0.878296
0.878209
0.878121
0.878034
0.877947
0.877859
0.877772
0.877684
0.877597
0.877509
0.877421
0.877334
0.877246
0.877158
0.87707
0.876982
0.876894
0.876806
0.876717
0.876629
0.876541
0.876452
0.876364
0.876275
0.876187
0.876098
0.87601
0.875921
0.875832
0.875743
0.875654
0.875565
0.875476
0.875387
0.875298
0.875208
0.875119
0.87503
0.87494
0.874851
0.874761
0.874671
0.874582
0.874492
0.874402
0.874312
0.874222
0.874132
0.874042
0.873952
0.873862
0.873771
0.873681
0.873591
0.8735
0.87341
0.873319
0.873228
0.873138
0.873047
0.872956
0.872865
0.872774
0.872683
0.872592
0.872501
0.872409
0.872318
0.872227
0.872135
0.872044
0.871952
0.871861
0.871769
0.871677
0.871585
0.871494
0.871402
0.87131
0.871217
0.871125
0.871033
0.870941
0.870849
0.870756
0.870664
0.870571
0.870479
0.870386
0.870293
0.8702
0.870107
0.870015
0.869922
0.869828
0.869735
0.869642
0.869549
0.869456
0.869362
0.869269
0.869175
0.869082
0.868988
0.868894
0.868801
0.868707
0.868613
0.868519
0.868425
0.868331
0.868236
0.868142
0.868048
0.867953
0.867859
0.867765
0.86767
0.867575
0.867481
0.867386
0.867291
0.867196
0.867101
0.867006
0.866911
0.866816
0.866721
0.866625
0.86653
0.866434
0.866339
0.866243
0.866148
0.866052
0.865956
0.86586
0.865764
0.865668
0.865572
0.865476
0.86538
0.865284
0.865187
0.865091
0.864995
0.864898
0.864802
0.864705
0.864608
0.864511
0.864414
0.864318
0.864221
0.864123
0.864026
0.863929
0.863832
0.863734
0.863637
0.86354
0.863442
0.863344
0.863247
0.863149
0.863051
0.862953
0.862855
0.862757
0.862659
0.862561
0.862463
0.862364
0.862266
0.862168
0.862069
0.861971
0.861872
0.861773
0.861674
0.861575
0.861477
0.861378
0.861278
0.861179
0.86108
0.860981
0.860881
0.860782
0.860683
0.860583
0.860483
0.860384
0.860284
0.860184
0.860084
0.859984
0.859884
0.859784
0.859684
0.859584
0.859483
0.859383
0.859282
0.859182
0.859081
0.85898
0.85888
0.858779
0.858678
0.858577
0.858476
0.858375
0.858274
0.858172
0.858071
0.85797
0.857868
0.857767
0.857665
0.857563
0.857462
0.85736
0.857258
0.857156
0.857054
0.856952
0.85685
0.856747
0.856645
0.856543
0.85644
0.856338
0.856235
0.856132
0.85603
0.855927
0.855824
0.855721
0.855618
0.855515
0.855411
0.855308
0.855205
0.855101
0.854998
0.854894
0.854791
0.854687
0.854583
0.854479
0.854375
0.854271
0.854167
0.854063
0.853959
0.853855
0.85375
0.853646
0.853541
0.853437
0.853332
0.853227
0.853123
0.853018
0.852913
0.852808
0.852703
0.852597
0.852492
0.852387
0.852282
0.852176
0.85207
0.851965
0.851859
0.851753
0.851648
0.851542
0.851436
0.85133
0.851223
0.851117
0.851011
0.850905
0.850798
0.850692
0.850585
0.850478
0.850372
0.850265
0.850158
0.850051
0.849944
0.849837
0.84973
0.849622
0.849515
0.849408
0.8493
0.849193
0.849085
0.848977
0.848869
0.848761
0.848654
0.848546
0.848437
0.848329
0.848221
0.848113
0.848004
0.847896
0.847787
0.847679
0.84757
0.847461
0.847352
0.847243
0.847134
0.847025
0.846916
0.846807
0.846697
0.846588
0.846479
0.846369
0.846259
0.84615
0.84604
0.84593
0.84582
0.84571
0.8456
0.84549
0.84538
0.845269
0.845159
0.845048
0.844938
0.844827
0.844716
0.844606
0.844495
0.844384
0.844273
0.844162
0.844051
0.843939
0.843828
0.843717
0.843605
0.843493
0.843382
0.84327
0.843158
0.843046
0.842934
0.842822
0.84271
0.842598
0.842486
0.842373
0.842261
0.842148
0.842036
0.841923
0.84181
0.841698
0.841585
0.841472
0.841359
0.841245
0.841132
0.841019
0.840906
0.840792
0.840679
0.840565
0.840451
0.840337
0.840224
0.84011
0.839996
0.839881
0.839767
0.839653
0.839539
0.839424
0.83931
0.839195
0.83908
0.838966
0.838851
0.838736
0.838621
0.838506
0.838391
0.838275
0.83816
0.838045
0.837929
0.837814
0.837698
0.837582
0.837467
0.837351
0.837235
0.837119
0.837003
0.836886
0.83677
0.836654
0.836537
0.836421
0.836304
0.836187
0.836071
0.835954
0.835837
0.83572
0.835603
0.835485
0.835368
0.835251
0.835133
0.835016
0.834898
0.83478
0.834663
0.834545
0.834427
0.834309
0.834191
0.834073
0.833954
0.833836
0.833717
0.833599
0.83348
0.833362
0.833243
0.833124
0.833005
0.832886
0.832767
0.832648
0.832529
0.832409
0.83229
0.83217
0.832051
0.831931
0.831811
0.831691
0.831571
0.831451
0.831331
0.831211
0.831091
0.83097
0.83085
0.830729
0.830609
0.830488
0.830367
0.830246
0.830125
0.830004
0.829883
0.829762
0.829641
0.829519
0.829398
0.829276
0.829155
0.829033
0.828911
0.828789
0.828667
0.828545
0.828423
0.828301
0.828178
0.828056
0.827934
0.827811
0.827688
0.827566
0.827443
0.82732
0.827197
0.827074
0.826951
0.826827
0.826704
0.82658
0.826457
0.826333
0.82621
0.826086
0.825962
0.825838
0.825714
0.82559
0.825466
0.825341
0.825217
0.825092
0.824968
0.824843
0.824718
0.824593
0.824469
0.824344
0.824218
0.824093
0.823968
0.823843
0.823717
0.823592
0.823466
0.82334
0.823214
0.823089
0.822963
0.822836
0.82271
0.822584
0.822458
0.822331
0.822205
0.822078
0.821951
0.821825
0.821698
0.821571
0.821444
0.821317
0.821189
0.821062
0.820935
0.820807
0.82068
0.820552
0.820424
0.820296
0.820168
0.82004
0.819912
0.819784
0.819656
0.819527
0.819399
0.81927
0.819142
0.819013
0.818884
0.818755
0.818626
0.818497
0.818368
0.818238
0.818109
0.81798
0.81785
0.81772
0.817591
0.817461
0.817331
0.817201
0.817071
0.81694
0.81681
0.81668
0.816549
0.816419
0.816288
0.816157
0.816026
0.815896
0.815765
0.815633
0.815502
0.815371
0.815239
0.815108
0.814976
0.814845
0.814713
0.814581
0.814449
0.814317
0.814185
0.814053
0.81392
0.813788
0.813655
0.813523
0.81339
0.813257
0.813125
0.812992
0.812858
0.812725
0.812592
0.812459
0.812325
0.812192
0.812058
0.811924
0.811791
0.811657
0.811523
0.811389
0.811254
0.81112
0.810986
0.810851
0.810717
0.810582
0.810447
0.810312
0.810177
0.810042
0.809907
0.809772
0.809637
0.809501
0.809366
0.80923
0.809094
0.808959
0.808823
0.808687
0.808551
0.808414
0.808278
0.808142
0.808005
0.807869
0.807732
0.807595
0.807459
0.807322
0.807185
0.807047
0.80691
0.806773
0.806635
0.806498
0.80636
0.806223
0.806085
0.805947
0.805809
0.805671
0.805533
0.805394
0.805256
0.805117
0.804979
0.80484
0.804701
0.804562
0.804423
0.804284
0.804145
0.804006
0.803867
0.803727
0.803588
0.803448
0.803308
0.803168
0.803028
0.802888
0.802748
0.802608
0.802467
0.802327
0.802187
0.802046
0.801905
0.801764
0.801623
0.801482
0.801341
0.8012
0.801059
0.800917
0.800776
0.800634
0.800492
0.80035
0.800209
0.800067
0.799924
0.799782
0.79964
0.799497
0.799355
0.799212
0.79907
0.798927
0.798784
0.798641
0.798498
0.798354
0.798211
0.798068
0.797924
0.79778
0.797637
0.797493
0.797349
0.797205
0.797061
0.796917
0.796772
0.796628
0.796483
0.796339
0.796194
0.796049
0.795904
0.795759
0.795614
0.795469
0.795323
0.795178
0.795032
0.794887
0.794741
0.794595
0.794449
0.794303
0.794157
0.794011
0.793864
0.793718
0.793571
0.793425
0.793278
0.793131
0.792984
0.792837
0.79269
0.792542
0.792395
0.792247
0.7921
0.791952
0.791804
0.791656
0.791508
0.79136
0.791212
0.791064
0.790915
0.790767
0.790618
0.790469
0.790321
0.790172
0.790023
0.789873
0.789724
0.789575
0.789425
0.789276
0.789126
0.788976
0.788826
0.788676
0.788526
0.788376
0.788226
0.788075
0.787925
0.787774
0.787623
0.787473
0.787322
0.787171
0.787019
0.786868
0.786717
0.786565
0.786414
0.786262
0.78611
0.785958
0.785806
0.785654
0.785502
0.78535
0.785197
0.785045
0.784892
0.784739
0.784587
0.784434
0.784281
0.784127
0.783974
0.783821
0.783667
0.783514
0.78336
0.783206
0.783052
0.782898
0.782744
0.78259
0.782435
0.782281
0.782126
0.781972
0.781817
0.781662
0.781507
0.781352
0.781197
0.781041
0.780886
0.78073
0.780575
0.780419
0.780263
0.780107
0.779951
0.779795
0.779638
0.779482
0.779325
0.779169
0.779012
0.778855
0.778698
0.778541
0.778384
0.778227
0.778069
0.777912
0.777754
0.777596
0.777438
0.777281
0.777122
0.776964
0.776806
0.776648
0.776489
0.77633
0.776172
0.776013
0.775854
0.775695
0.775536
0.775376
0.775217
0.775057
0.774898
0.774738
0.774578
0.774418
0.774258
0.774098
0.773938
0.773777
0.773617
0.773456
0.773295
0.773135
0.772974
0.772813
0.772651
0.77249
0.772329
0.772167
0.772005
0.771844
0.771682
0.77152
0.771358
0.771196
0.771033
0.770871
0.770708
0.770546
0.770383
0.77022
0.770057
0.769894
0.769731
0.769567
0.769404
0.76924
0.769077
0.768913
0.768749
0.768585
0.768421
0.768256
0.768092
0.767928
0.767763
0.767598
0.767433
0.767268
0.767103
0.766938
0.766773
0.766607
0.766442
0.766276
0.766111
0.765945
0.765779
0.765613
0.765446
0.76528
0.765114
0.764947
0.76478
0.764614
0.764447
0.76428
0.764112
0.763945
0.763778
0.76361
0.763443
0.763275
0.763107
0.762939
0.762771
0.762603
0.762435
0.762266
0.762098
0.761929
0.76176
0.761591
0.761422
0.761253
0.761084
0.760914
0.760745
0.760575
0.760405
0.760236
0.760066
0.759896
0.759725
0.759555
0.759385
0.759214
0.759043
0.758873
0.758702
0.758531
0.758359
0.758188
0.758017
0.757845
0.757674
0.757502
0.75733
0.757158
0.756986
0.756814
0.756641
0.756469
0.756296
0.756123
0.755951
0.755778
0.755605
0.755431
0.755258
0.755085
0.754911
0.754737
0.754564
0.75439
0.754216
0.754041
0.753867
0.753693
0.753518
0.753343
0.753169
0.752994
0.752819
0.752644
0.752468
0.752293
0.752117
0.751942
0.751766
0.75159
0.751414
0.751238
0.751062
0.750885
0.750709
0.750532
0.750356
0.750179
0.750002
0.749825
0.749647
0.74947
0.749293
0.749115
0.748937
0.748759
0.748581
0.748403
0.748225
0.748047
0.747868
0.74769
0.747511
0.747332
0.747153
0.746974
0.746795
0.746616
0.746436
0.746257
0.746077
0.745897
0.745717
0.745537
0.745357
0.745176
0.744996
0.744815
0.744635
0.744454
0.744273
0.744092
0.74391
0.743729
0.743548
0.743366
0.743184
0.743002
0.74282
0.742638
0.742456
0.742274
0.742091
0.741909
0.741726
0.741543
0.74136
0.741177
0.740994
0.74081
0.740627
0.740443
0.740259
0.740076
0.739892
0.739707
0.739523
0.739339
0.739154
0.738969
0.738785
0.7386
0.738415
0.73823
0.738044
0.737859
0.737673
0.737488
0.737302
0.737116
0.73693
0.736744
0.736557
0.736371
0.736184
0.735997
0.735811
0.735624
0.735436
0.735249
0.735062
0.734874
0.734687
0.734499
0.734311
0.734123
0.733935
0.733747
0.733558
0.73337
0.733181
0.732992
0.732803
0.732614
0.732425
0.732236
0.732046
0.731856
0.731667
0.731477
0.731287
0.731097
0.730906
0.730716
0.730526
0.730335
0.730144
0.729953
0.729762
0.729571
0.72938
0.729188
0.728997
0.728805
0.728613
0.728421
0.728229
0.728037
0.727844
0.727652
0.727459
0.727266
0.727073
0.72688
0.726687
0.726494
0.7263
0.726107
0.725913
0.725719
0.725525
0.725331
0.725137
0.724942
0.724748
0.724553
0.724358
0.724163
0.723968
0.723773
0.723578
0.723382
0.723187
0.722991
0.722795
0.722599
0.722403
0.722206
0.72201
0.721813
0.721617
0.72142
0.721223
0.721026
0.720828
0.720631
0.720434
0.720236
0.720038
0.71984
0.719642
0.719444
0.719245
0.719047
0.718848
0.71865
0.718451
0.718252
0.718052
0.717853
0.717654
0.717454
0.717254
0.717054
0.716854
0.716654
0.716454
0.716254
0.716053
0.715852
0.715651
0.71545
0.715249
0.715048
0.714847
0.714645
0.714443
0.714242
0.71404
0.713837
0.713635
0.713433
0.71323
0.713028
0.712825
0.712622
0.712419
0.712216
0.712012
0.711809
0.711605
0.711401
0.711197
0.710993
0.710789
0.710585
0.71038
0.710176
0.709971
0.709766
0.709561
0.709356
0.70915
0.708945
0.708739
0.708533
0.708327
0.708121
0.707915
0.707709
0.707502
0.707296
0.707089
0.706882
0.706675
0.706468
0.70626
0.706053
0.705845
0.705637
0.705429
0.705221
0.705013
0.704805
0.704596
0.704388
0.704179
0.70397
0.703761
0.703552
0.703342
0.703133
0.702923
0.702713
0.702503
0.702293
0.702083
0.701873
0.701662
0.701451
0.70124
0.701029
0.700818
0.700607
0.700396
0.700184
0.699972
0.699761
0.699549
0.699336
0.699124
0.698912
0.698699
0.698486
0.698274
0.69806
0.697847
0.697634
0.697421
0.697207
0.696993
0.696779
0.696565
0.696351
0.696137
0.695922
0.695707
0.695493
0.695278
0.695063
0.694847
0.694632
0.694416
0.694201
0.693985
0.693769
0.693553
0.693336
0.69312
0.692903
0.692687
0.69247
0.692253
0.692036
0.691818
0.691601
0.691383
0.691165
0.690947
0.690729
0.690511
0.690293
0.690074
0.689855
0.689637
0.689418
0.689198
0.688979
0.68876
0.68854
0.68832
0.6881
0.68788
0.68766
0.68744
0.687219
0.686999
0.686778
0.686557
0.686336
0.686114
0.685893
0.685671
0.68545
0.685228
0.685006
0.684783
0.684561
0.684339
0.684116
0.683893
0.68367
0.683447
0.683224
0.683
0.682777
0.682553
0.682329
0.682105
0.681881
0.681657
0.681432
0.681207
0.680983
0.680758
0.680532
0.680307
0.680082
0.679856
0.67963
0.679405
0.679178
0.678952
0.678726
0.678499
0.678273
0.678046
0.677819
0.677592
0.677364
0.677137
0.676909
0.676681
0.676454
0.676225
0.675997
0.675769
0.67554
0.675311
0.675083
0.674854
0.674624
0.674395
0.674165
0.673936
0.673706
0.673476
0.673246
0.673016
0.672785
0.672554
0.672324
0.672093
0.671862
0.67163
0.671399
0.671167
0.670936
0.670704
0.670472
0.670239
0.670007
0.669774
0.669542
0.669309
0.669076
0.668843
0.668609
0.668376
0.668142
0.667908
0.667674
0.66744
0.667206
0.666971
0.666737
0.666502
0.666267
0.666032
0.665797
0.665561
0.665326
0.66509
0.664854
0.664618
0.664382
0.664145
0.663909
0.663672
0.663435
0.663198
0.662961
0.662723
0.662486
0.662248
0.66201
0.661772
0.661534
0.661296
0.661057
0.660818
0.66058
0.660341
0.660101
0.659862
0.659622
0.659383
0.659143
0.658903
0.658663
0.658422
0.658182
0.657941
0.6577
0.657459
0.657218
0.656977
0.656735
0.656494
0.656252
0.65601
0.655768
0.655525
0.655283
0.65504
0.654797
0.654554
0.654311
0.654068
0.653824
0.653581
0.653337
0.653093
0.652849
0.652604
0.65236
0.652115
0.65187
0.651625
0.65138
0.651135
0.650889
0.650644
0.650398
0.650152
0.649906
0.649659
0.649413
0.649166
0.648919
0.648672
0.648425
0.648177
0.64793
0.647682
0.647434
0.647186
0.646938
0.64669
0.646441
0.646192
0.645943
0.645694
0.645445
0.645196
0.644946
0.644696
0.644446
0.644196
0.643946
0.643696
0.643445
0.643194
0.642943
0.642692
0.642441
0.642189
0.641938
0.641686
0.641434
0.641182
0.640929
0.640677
0.640424
0.640171
0.639918
0.639665
0.639412
0.639158
0.638904
0.638651
0.638397
0.638142
0.637888
0.637633
0.637378
0.637124
0.636868
0.636613
0.636358
0.636102
0.635846
0.63559
0.635334
0.635078
0.634821
0.634565
0.634308
0.634051
0.633793
0.633536
0.633278
0.633021
0.632763
0.632505
0.632246
0.631988
0.631729
0.63147
0.631211
0.630952
0.630693
0.630433
0.630174
0.629914
0.629654
0.629394
0.629133
0.628873
0.628612
0.628351
0.62809
0.627829
0.627567
0.627305
0.627044
0.626782
0.626519
0.626257
0.625995
0.625732
0.625469
0.625206
0.624943
0.624679
0.624415
0.624152
0.623888
0.623624
0.623359
0.623095
0.62283
0.622565
0.6223
0.622035
0.621769
0.621504
0.621238
0.620972
0.620706
0.620439
0.620173
0.619906
0.619639
0.619372
0.619105
0.618838
0.61857
0.618302
0.618034
0.617766
0.617498
0.617229
0.616961
0.616692
0.616423
0.616153
0.615884
0.615614
0.615344
0.615075
0.614804
0.614534
0.614263
0.613993
0.613722
0.613451
0.613179
0.612908
0.612636
0.612364
0.612092
0.61182
0.611548
0.611275
0.611003
0.61073
0.610456
0.610183
0.60991
0.609636
0.609362
0.609088
0.608814
0.608539
0.608265
0.60799
0.607715
0.60744
0.607164
0.606889
0.606613
0.606337
0.606061
0.605785
0.605508
0.605232
0.604955
0.604678
0.6044
0.604123
0.603845
0.603568
0.60329
0.603011
0.602733
0.602454
0.602176
0.601897
0.601618
0.601338
0.601059
0.600779
0.600499
0.600219
0.599939
0.599658
0.599378
0.599097
0.598816
0.598535
0.598253
0.597972
0.59769
0.597408
0.597126
0.596843
0.596561
0.596278
0.595995
0.595712
0.595428
0.595145
0.594861
0.594577
0.594293
0.594009
0.593724
0.59344
0.593155
0.59287
0.592585
0.592299
0.592013
0.591728
0.591442
0.591155
0.590869
0.590582
0.590296
0.590009
0.589721
0.589434
0.589146
0.588859
0.588571
0.588282
0.587994
0.587706
0.587417
0.587128
0.586839
0.586549
0.58626
0.58597
0.58568
0.58539
0.5851
0.584809
0.584519
0.584228
0.583936
0.583645
0.583354
0.583062
0.58277
0.582478
0.582186
0.581893
0.581601
0.581308
0.581015
0.580721
0.580428
0.580134
0.57984
0.579546
0.579252
0.578958
0.578663
0.578368
0.578073
0.577778
0.577482
0.577187
0.576891
0.576595
0.576298
0.576002
0.575705
0.575408
0.575111
0.574814
0.574517
0.574219
0.573921
0.573623
0.573325
0.573026
0.572728
0.572429
0.57213
0.57183
0.571531
0.571231
0.570931
0.570631
0.570331
0.570031
0.56973
0.569429
0.569128
0.568827
0.568525
0.568223
0.567922
0.567619
0.567317
0.567015
0.566712
0.566409
0.566106
0.565803
0.565499
0.565195
0.564891
0.564587
0.564283
0.563978
0.563674
0.563369
0.563063
0.562758
0.562452
0.562147
0.561841
0.561535
0.561228
0.560922
0.560615
0.560308
0.56
0.559693
0.559385
0.559078
0.55877
0.558461
0.558153
0.557844
0.557535
0.557226
0.556917
0.556607
0.556298
0.555988
0.555678
0.555367
0.555057
0.554746
0.554435
0.554124
0.553813
0.553501
0.553189
0.552877
0.552565
0.552253
0.55194
0.551627
0.551314
0.551001
0.550687
0.550374
0.55006
0.549746
0.549431
0.549117
0.548802
0.548487
0.548172
0.547857
0.547541
0.547225
0.546909
0.546593
0.546277
0.54596
0.545643
0.545326
0.545009
0.544692
0.544374
0.544056
0.543738
0.54342
0.543101
0.542782
0.542463
0.542144
0.541825
0.541505
0.541185
0.540865
0.540545
0.540225
0.539904
0.539583
0.539262
0.538941
0.538619
0.538298
0.537976
0.537654
0.537331
0.537009
0.536686
0.536363
0.536039
0.535716
0.535392
0.535068
0.534744
0.53442
0.534096
0.533771
0.533446
0.533121
0.532795
0.53247
0.532144
0.531818
0.531492
0.531165
0.530838
0.530511
0.530184
0.529857
0.529529
0.529202
0.528874
0.528545
0.528217
0.527888
0.527559
0.52723
0.526901
0.526572
0.526242
0.525912
0.525582
0.525251
0.524921
0.52459
0.524259
0.523927
0.523596
0.523264
0.522932
0.5226
0.522268
0.521935
0.521602
0.521269
0.520936
0.520602
0.520269
0.519935
0.519601
0.519266
0.518932
0.518597
0.518262
0.517927
0.517591
0.517255
0.51692
0.516583
0.516247
0.51591
0.515574
0.515237
0.514899
0.514562
0.514224
0.513886
0.513548
0.51321
0.512871
0.512532
0.512193
0.511854
0.511515
0.511175
0.510835
0.510495
0.510154
0.509814
0.509473
0.509132
0.508791
0.508449
0.508107
0.507765
0.507423
0.507081
0.506738
0.506395
0.506052
0.505709
0.505365
0.505022
0.504678
0.504333
0.503989
0.503644
0.503299
0.502954
0.502609
0.502263
0.501917
0.501571
0.501225
0.500879
0.500532
0.500185
0.499838
0.49949
0.499143
0.498795
0.498447
0.498098
0.49775
0.497401
0.497052
0.496703
0.496353
0.496004
0.495654
0.495304
0.494953
0.494603
0.494252
0.493901
0.49355
0.493198
0.492846
0.492494
0.492142
0.49179
0.491437
0.491084
0.490731
0.490378
0.490024
0.48967
0.489316
0.488962
0.488607
0.488252
0.487897
0.487542
0.487187
0.486831
0.486475
0.486119
0.485763
0.485406
0.485049
0.484692
0.484335
0.483977
0.483619
0.483261
0.482903
0.482545
0.482186
0.481827
0.481468
0.481108
0.480749
0.480389
0.480029
0.479668
0.479308
0.478947
0.478586
0.478225
0.477863
0.477501
0.477139
0.476777
0.476415
0.476052
0.475689
0.475326
0.474962
0.474599
0.474235
0.473871
0.473506
0.473142
0.472777
0.472412
0.472047
0.471681
0.471315
0.470949
0.470583
0.470217
0.46985
0.469483
0.469116
0.468748
0.468381
0.468013
0.467645
0.467276
0.466907
0.466539
0.46617
0.4658
0.465431
0.465061
0.464691
0.46432
0.46395
0.463579
0.463208
0.462837
0.462465
0.462094
0.461722
0.461349
0.460977
0.460604
0.460231
0.459858
0.459485
0.459111
0.458737
0.458363
0.457989
0.457614
0.457239
0.456864
0.456489
0.456113
0.455737
0.455361
0.454985
0.454608
0.454232
0.453855
0.453477
0.4531
0.452722
0.452344
0.451966
0.451587
0.451209
0.45083
0.45045
0.450071
0.449691
0.449311
0.448931
0.448551
0.44817
0.447789
0.447408
0.447027
0.446645
0.446263
0.445881
0.445499
0.445116
0.444733
0.44435
0.443967
0.443583
0.443199
0.442815
0.442431
0.442046
0.441661
0.441276
0.440891
0.440505
0.44012
0.439734
0.439347
0.438961
0.438574
0.438187
0.4378
0.437412
0.437024
0.436636
0.436248
0.435859
0.435471
0.435082
0.434692
0.434303
0.433913
0.433523
0.433133
0.432742
0.432352
0.431961
0.43157
0.431178
0.430786
0.430394
0.430002
0.42961
0.429217
0.428824
0.428431
0.428037
0.427644
0.42725
0.426855
0.426461
0.426066
0.425671
0.425276
0.424881
0.424485
0.424089
0.423693
0.423296
0.4229
0.422503
0.422105
0.421708
0.42131
0.420912
0.420514
0.420116
0.419717
0.419318
0.418919
0.418519
0.41812
0.41772
0.41732
0.416919
0.416518
0.416118
0.415716
0.415315
0.414913
0.414511
0.414109
0.413707
0.413304
0.412901
0.412498
0.412094
0.41169
0.411286
0.410882
0.410478
0.410073
0.409668
0.409263
0.408857
0.408452
0.408046
0.407639
0.407233
0.406826
0.406419
0.406012
0.405604
0.405197
0.404789
0.40438
0.403972
0.403563
0.403154
0.402745
0.402335
0.401926
0.401515
0.401105
0.400695
0.400284
0.399873
0.399461
0.39905
0.398638
0.398226
0.397814
0.397401
0.396988
0.396575
0.396162
0.395748
0.395334
0.39492
0.394506
0.394091
0.393677
0.393261
0.392846
0.39243
0.392015
0.391598
0.391182
0.390765
0.390348
0.389931
0.389514
0.389096
0.388678
0.38826
0.387842
0.387423
0.387004
0.386585
0.386165
0.385746
0.385326
0.384905
0.384485
0.384064
0.383643
0.383222
0.3828
0.382379
0.381957
0.381534
0.381112
0.380689
0.380266
0.379843
0.379419
0.378995
0.378571
0.378147
0.377722
0.377297
0.376872
0.376447
0.376021
0.375595
0.375169
0.374743
0.374316
0.373889
0.373462
0.373035
0.372607
0.372179
0.371751
0.371323
0.370894
0.370465
0.370036
0.369606
0.369177
0.368747
0.368316
0.367886
0.367455
0.367024
0.366593
0.366161
0.365729
0.365297
0.364865
0.364432
0.364
0.363567
0.363133
0.3627
0.362266
0.361832
0.361397
0.360963
0.360528
0.360093
0.359657
0.359222
0.358786
0.358349
0.357913
0.357476
0.357039
0.356602
0.356165
0.355727
0.355289
0.354851
0.354412
0.353973
0.353534
0.353095
0.352656
0.352216
0.351776
0.351335
0.350895
0.350454
0.350013
0.349572
0.34913
0.348688
0.348246
0.347804
0.347361
0.346918
0.346475
0.346032
0.345588
0.345144
0.3447
0.344255
0.343811
0.343366
0.342921
0.342475
0.342029
0.341583
0.341137
0.340691
0.340244
0.339797
0.339349
0.338902
0.338454
0.338006
0.337558
0.337109
0.33666
0.336211
0.335762
0.335312
0.334862
0.334412
0.333962
0.333511
0.33306
0.332609
0.332158
0.331706
0.331254
0.330802
0.33035
0.329897
0.329444
0.328991
0.328537
0.328084
0.32763
0.327175
0.326721
0.326266
0.325811
0.325356
0.3249
0.324445
0.323989
0.323532
0.323076
0.322619
0.322162
0.321704
0.321247
0.320789
0.320331
0.319873
0.319414
0.318955
0.318496
0.318037
0.317577
0.317117
0.316657
0.316197
0.315736
0.315275
0.314814
0.314352
0.313891
0.313429
0.312967
0.312504
0.312042
0.311579
0.311115
0.310652
0.310188
0.309724
0.30926
0.308796
0.308331
0.307866
0.307401
0.306935
0.306469
0.306003
0.305537
0.305071
0.304604
0.304137
0.30367
0.303202
0.302734
0.302266
0.301798
0.301329
0.300861
0.300392
0.299922
0.299453
0.298983
0.298513
0.298043
0.297572
0.297101
0.29663
0.296159
0.295687
0.295216
0.294744
0.294271
0.293799
0.293326
0.292853
0.29238
0.291906
0.291432
0.290958
0.290484
0.290009
0.289534
0.289059
0.288584
0.288109
0.287633
0.287157
0.28668
0.286204
0.285727
0.28525
0.284773
0.284295
0.283817
0.283339
0.282861
0.282383
0.281904
0.281425
0.280946
0.280466
0.279986
0.279506
0.279026
0.278546
0.278065
0.277584
0.277103
0.276621
0.276139
0.275657
0.275175
0.274693
0.27421
0.273727
0.273244
0.272761
0.272277
0.271793
0.271309
0.270825
0.27034
0.269855
0.26937
0.268885
0.268399
0.267913
0.267427
0.266941
0.266454
0.265968
0.265481
0.264993
0.264506
0.264018
0.26353
0.263042
0.262554
0.262065
0.261576
0.261087
0.260597
0.260108
0.259618
0.259128
0.258638
0.258147
0.257656
0.257165
0.256674
0.256183
0.255691
0.255199
0.254707
0.254214
0.253722
0.253229
0.252736
0.252242
0.251749
0.251255
0.250761
0.250267
0.249772
0.249278
0.248783
0.248287
0.247792
0.247296
0.246801
0.246305
0.245808
0.245312
0.244815
0.244318
0.243821
0.243323
0.242826
0.242328
0.24183
0.241332
0.240833
0.240334
0.239835
0.239336
0.238837
0.238337
0.237837
0.237337
0.236837
0.236336
0.235836
0.235335
0.234834
0.234332
0.233831
0.233329
0.232827
0.232325
0.231822
0.23132
0.230817
0.230314
0.229811
0.229307
0.228804
0.2283
0.227796
0.227291
0.226787
0.226282
0.225777
0.225272
0.224767
0.224261
0.223755
0.223249
0.222743
0.222237
0.22173
0.221224
0.220717
0.220209
0.219702
0.219195
0.218687
0.218179
0.217671
0.217162
0.216654
0.216145
0.215636
0.215127
0.214618
0.214108
0.213599
0.213089
0.212579
0.212068
0.211558
0.211047
0.210537
0.210026
0.209514
0.209003
0.208491
0.20798
0.207468
0.206956
0.206443
0.205931
0.205418
0.204906
0.204393
0.203879
0.203366
0.202852
0.202339
0.201825
0.201311
0.200797
0.200282
0.199768
0.199253
0.198738
0.198223
0.197708
0.197192
0.196677
0.196161
0.195645
0.195129
0.194613
0.194097
0.19358
0.193064
0.192547
0.19203
0.191513
0.190995
0.190478
0.18996
0.189442
0.188925
0.188406
0.187888
0.18737
0.186851
0.186333
0.185814
0.185295
0.184776
0.184257
0.183738
0.183218
0.182698
0.182179
0.181659
0.181139
0.180619
0.180098
0.179578
0.179057
0.178537
0.178016
0.177495
0.176974
0.176453
0.175932
0.17541
0.174889
0.174367
0.173845
0.173323
0.172802
0.172279
0.171757
0.171235
0.170713
0.17019
0.169667
0.169145
0.168622
0.168099
0.167576
0.167053
0.16653
0.166006
0.165483
0.16496
0.164436
0.163912
0.163389
0.162865
0.162341
0.161817
0.161293
0.160769
0.160244
0.15972
0.159196
0.158671
0.158147
0.157622
0.157098
0.156573
0.156048
0.155523
0.154999
0.154474
0.153949
0.153424
0.152899
0.152373
0.151848
0.151323
0.150798
0.150272
0.149747
0.149222
0.148696
0.148171
0.147645
0.14712
0.146594
0.146069
0.145543
0.145018
0.144492
0.143966
0.143441
0.142915
0.14239
0.141864
0.141338
0.140813
0.140287
0.139761
0.139236
0.13871
0.138184
0.137659
0.137133
0.136608
0.136082
0.135556
0.135031
0.134505
0.13398
0.133455
0.132929
0.132404
0.131879
0.131353
0.130828
0.130303
0.129778
0.129253
0.128728
0.128203
0.127678
0.127154
0.126629
0.126104
0.12558
0.125055
0.124531
0.124007
0.123483
0.122958
0.122434
0.121911
0.121387
0.120863
0.12034
0.119816
0.119293
0.11877
0.118247
0.117724
0.117201
0.116678
0.116156
0.115633
0.115111
0.114589
0.114067
0.113545
0.113024
0.112502
0.111981
0.11146
0.110939
0.110418
0.109898
0.109377
0.108857
0.108337
0.107817
0.107298
0.106779
0.10626
0.105741
0.105222
0.104704
0.104185
0.103668
0.10315
0.102632
0.102115
0.101598
0.101082
0.100565
0.100049
0.0995335
0.099018
0.0985028
0.0979879
0.0974732
0.0969589
0.0964449
0.0959313
0.0954179
0.0949049
0.0943922
0.0938799
0.0933679
0.0928562
0.092345
0.0918341
0.0913235
0.0908134
0.0903036
0.0897942
0.0892852
0.0887766
0.0882685
0.0877607
0.0872534
0.0867465
0.08624
0.085734
0.0852285
0.0847233
0.0842187
0.0837145
0.0832108
0.0827076
0.0822049
0.0817027
0.081201
0.0806998
0.0801991
0.079699
0.0791994
0.0787003
0.0782019
0.0777039
0.0772066
0.0767098
0.0762136
0.075718
0.075223
0.0747286
0.0742348
0.0737417
0.0732492
0.0727574
0.0722662
0.0717757
0.0712858
0.0707967
0.0703082
0.0698205
0.0693334
0.0688471
0.0683615
0.0678766
0.0673925
0.0669092
0.0664266
0.0659449
0.0654639
0.0649837
0.0645043
0.0640258
0.0635481
0.0630712
0.0625952
0.0621201
0.0616458
0.0611725
0.0607
0.0602285
0.0597579
0.0592882
0.0588195
0.0583517
0.0578849
0.0574191
0.0569544
0.0564906
0.0560278
0.0555661
0.0551054
0.0546458
0.0541873
0.0537298
0.0532735
0.0528183
0.0523642
0.0519113
0.0514595
0.0510089
0.0505594
0.0501112
0.0496642
0.0492184
0.0487739
0.0483306
0.0478886
0.0474479
0.0470085
0.0465704
0.0461336
0.0456982
0.0452642
0.0448315
0.0444002
0.0439704
0.043542
0.043115
0.0426895
0.0422655
0.0418429
0.0414219
0.0410024
0.0405844
0.040168
0.0397532
0.03934
0.0389284
0.0385184
0.03811
0.0377034
0.0372984
0.0368951
0.0364935
0.0360937
0.0356956
0.0352993
0.0349048
0.034512
0.0341211
0.0337321
0.0333449
0.0329596
0.0325762
0.0321947
0.0318151
0.0314375
0.0310619
0.0306882
0.0303166
0.0299469
0.0295794
0.0292138
0.0288504
0.0284891
0.0281298
0.0277728
0.0274178
0.0270651
0.0267145
0.0263661
0.0260199
0.025676
0.0253344
0.024995
0.0246579
0.0243231
0.0239907
0.0236606
0.0233328
0.0230074
0.0226844
0.0223639
0.0220457
0.02173
0.0214167
0.0211059
0.0207976
0.0204918
0.0201885
0.0198877
0.0195894
0.0192937
0.0190006
0.01871
0.0184221
0.0181367
0.0178539
0.0175738
0.0172963
0.0170214
0.0167492
0.0164796
0.0162127
0.0159485
0.0156869
0.0154281
0.0151719
0.0149185
0.0146677
0.0144197
0.0141744
0.0139318
0.0136919
0.0134547
0.0132203
0.0129886
0.0127596
0.0125334
0.0123099
0.0120891
0.0118711
0.0116557
0.0114431
0.0112332
0.011026
0.0108216
0.0106198
0.0104207
0.0102243
0.0100306
0.0098396
0.00965123
0.00946551
0.00928245
0.00910201
0.0089242
0.00874899
0.00857639
0.00840637
0.00823892
0.00807403
0.00791168
0.00775186
0.00759454
0.00743973
0.00728738
0.0071375
0.00699006
0.00684504
0.00670242
0.00656219
0.00642432
0.00628879
0.00615559
0.00602469
0.00589606
0.0057697
0.00564557
0.00552365
0.00540393
0.00528636
0.00517095
0.00505765
0.00494644
0.00483731
0.00473022
0.00462515
0.00452208
0.00442098
0.00432182
0.00422459
0.00412925
0.00403578
0.00394416
0.00385436
0.00376634
0.0036801
0.00359559
0.0035128
0.00343171
0.00335227
0.00327448
0.00319829
0.0031237
0.00305067
0.00297917
0.00290919
0.00284069
0.00277365
0.00270806
0.00264387
0.00258107
0.00251964
0.00245954
0.00240077
0.00234328
0.00228706
0.00223209
0.00217834
0.00212579
0.00207441
0.00202419
0.00197511
0.00192713
0.00188025
0.00183443
0.00178966
0.00174591
0.00170317
0.00166142
0.00162063
0.00158079
0.00154187
0.00150386
0.00146674
0.00143049
0.00139509
0.00136053
0.00132678
0.00129383
0.00126166
0.00123026
0.0011996
0.00116968
0.00114047
0.00111197
0.00108414
0.00105699
0.0010305
0.00100464
0.00097941
0.000954792
0.000930772
0.000907336
0.000884472
0.000862166
0.000840406
0.000819179
0.000798472
0.000778274
0.000758574
0.000739358
0.000720617
0.000702338
0.000684512
0.000667127
0.000650174
0.000633641
0.00061752
0.000601799
0.000586471
0.000571524
0.000556951
0.000542742
0.000528889
0.000515383
0.000502215
0.000489378
0.000476863
0.000464663
0.000452769
0.000441176
0.000429874
0.000418858
0.000408119
0.000397652
0.00038745
0.000377506
0.000367813
0.000358367
0.000349159
0.000340186
0.00033144
0.000322916
0.000314609
0.000306513
0.000298624
0.000290935
0.000283442
0.00027614
0.000269025
0.000262091
0.000255334
0.00024875
0.000242334
0.000236082
0.00022999
0.000224054
0.000218269
0.000212633
0.000207142
0.000201791
0.000196578
0.000191498
0.000186548
0.000181726
0.000177027
0.00017245
0.000167989
0.000163644
0.00015941
0.000155285
0.000151266
0.000147351
0.000143537
0.000139821
0.0001362
0.000132673
0.000129236
0.000125889
0.000122627
0.00011945
0.000116355
0.000113339
0.000110402
0.00010754
0.000104752
0.000102036
9.93906e-05
9.68133e-05
9.43025e-05
9.18567e-05
8.9474e-05
8.7153e-05
8.4892e-05
8.26895e-05
8.05439e-05
7.84539e-05
7.64179e-05
7.44346e-05
7.25027e-05
7.06208e-05
6.87876e-05
6.70018e-05
6.52623e-05
6.35679e-05
6.19174e-05
6.03096e-05
5.87435e-05
5.72179e-05
5.57319e-05
5.42845e-05
5.28745e-05
5.15011e-05
5.01633e-05
4.88602e-05
4.75908e-05
4.63544e-05
4.51501e-05
4.3977e-05
4.28343e-05
4.17213e-05
4.06372e-05
3.95811e-05
3.85525e-05
3.75506e-05
3.65747e-05
3.56241e-05
3.46982e-05
3.37963e-05
3.29179e-05
3.20622e-05
3.12288e-05
3.0417e-05
2.96263e-05
2.88561e-05
2.81059e-05
2.73752e-05
2.66635e-05
2.59702e-05
2.5295e-05
2.46373e-05
2.39967e-05
2.33727e-05
2.2765e-05
2.2173e-05
2.15965e-05
2.10349e-05
2.04878e-05
1.99551e-05
1.94361e-05
1.89306e-05
1.84383e-05
1.79588e-05
1.74917e-05
1.70368e-05
1.65937e-05
1.61621e-05
1.57418e-05
1.53323e-05
1.49335e-05
1.45451e-05
1.41668e-05
1.37983e-05
1.34394e-05
1.30898e-05
1.27493e-05
1.24176e-05
1.20946e-05
1.178e-05
1.14736e-05
1.11751e-05
1.08844e-05
1.06012e-05
1.03254e-05
1.00568e-05
9.7952e-06
9.54038e-06
9.29218e-06
9.05044e-06
8.81498e-06
8.58565e-06
8.36228e-06
8.14472e-06
7.93282e-06
7.72643e-06
7.52541e-06
7.32962e-06
7.13892e-06
6.95318e-06
6.77228e-06
6.59607e-06
6.42445e-06
6.2573e-06
6.09449e-06
5.93592e-06
5.78148e-06
5.63105e-06
5.48453e-06
5.34183e-06
5.20284e-06
5.06746e-06
4.93561e-06
4.80718e-06
4.6821e-06
4.56027e-06
4.44161e-06
4.32604e-06
4.21348e-06
4.10384e-06
3.99705e-06
3.89305e-06
3.79175e-06
3.69308e-06
3.59699e-06
3.50339e-06
3.41223e-06
3.32344e-06
3.23695e-06
3.15272e-06
3.07069e-06
2.99078e-06
2.91296e-06
2.83716e-06
2.76333e-06
2.69142e-06
2.62139e-06
2.55317e-06
2.48673e-06
2.42202e-06
2.359e-06
2.29761e-06
2.23782e-06
2.17959e-06
2.12287e-06
2.06763e-06
2.01382e-06
1.96142e-06
1.91038e-06
1.86066e-06
1.81224e-06
1.76508e-06
1.71915e-06
1.67441e-06
1.63084e-06
1.5884e-06
1.54707e-06
1.50681e-06
1.4676e-06
1.4294e-06
1.39221e-06
1.35598e-06
1.32069e-06
1.28632e-06
1.25285e-06
1.22024e-06
1.18849e-06
1.15756e-06
1.12744e-06
1.0981e-06
1.06952e-06
1.04169e-06
1.01458e-06
9.88177e-07
9.62461e-07
9.37414e-07
9.13019e-07
8.89259e-07
8.66118e-07
8.43578e-07
8.21625e-07
8.00243e-07
7.79418e-07
7.59135e-07
7.39379e-07
7.20138e-07
7.01397e-07
6.83144e-07
6.65366e-07
6.48051e-07
6.31186e-07
6.1476e-07
5.98761e-07
5.83179e-07
5.68003e-07
5.53221e-07
5.38824e-07
5.24802e-07
5.11144e-07
4.97842e-07
4.84886e-07
4.72268e-07
4.59977e-07
4.48007e-07
4.36348e-07
4.24992e-07
4.13932e-07
4.0316e-07
3.92668e-07
3.82449e-07
3.72496e-07
3.62803e-07
3.53361e-07
3.44165e-07
3.35208e-07
3.26485e-07
3.17988e-07
3.09713e-07
3.01653e-07
2.93803e-07
2.86157e-07
2.7871e-07
2.71457e-07
2.64392e-07
2.57511e-07
2.5081e-07
2.44283e-07
2.37926e-07
2.31734e-07
2.25703e-07
2.19829e-07
2.14108e-07
2.08536e-07
2.03109e-07
1.97824e-07
1.92675e-07
1.87661e-07
1.82777e-07
1.78021e-07
1.73388e-07
1.68876e-07
1.64481e-07
1.602e-07
1.56031e-07
1.5197e-07
1.48016e-07
1.44164e-07
1.40412e-07
1.36758e-07
1.33199e-07
1.29732e-07
1.26356e-07
1.23068e-07
1.19865e-07
1.16746e-07
1.13707e-07
1.10748e-07
1.07866e-07
1.05059e-07
1.02325e-07
9.96618e-08
9.70682e-08
9.4542e-08
9.20816e-08
8.96852e-08
8.73512e-08
8.5078e-08
8.28639e-08
8.07074e-08
7.8607e-08
7.65613e-08
7.45689e-08
7.26283e-08
7.07381e-08
6.88972e-08
6.71042e-08
6.53579e-08
6.3657e-08
6.20003e-08
6.03868e-08
5.88153e-08
5.72846e-08
5.57938e-08
5.43418e-08
5.29276e-08
5.15502e-08
5.02087e-08
4.8902e-08
4.76294e-08
4.63898e-08
4.51826e-08
4.40067e-08
4.28615e-08
4.1746e-08
4.06596e-08
3.96015e-08
3.85708e-08
3.75671e-08
3.65894e-08
3.56372e-08
3.47097e-08
3.38064e-08
3.29266e-08
3.20698e-08
3.12352e-08
3.04223e-08
2.96306e-08
2.88594e-08
2.81084e-08
2.73769e-08
2.66644e-08
2.59705e-08
2.52946e-08
2.46363e-08
2.39952e-08
2.33707e-08
2.27625e-08
2.21701e-08
2.15932e-08
2.10312e-08
2.04839e-08
1.99508e-08
1.94316e-08
1.89259e-08
1.84334e-08
1.79536e-08
1.74864e-08
1.70313e-08
1.65881e-08
1.61564e-08
1.5736e-08
1.53264e-08
1.49276e-08
1.45391e-08
1.41607e-08
1.37922e-08
1.34333e-08
1.30837e-08
1.27432e-08
1.24115e-08
1.20885e-08
1.17739e-08
1.14675e-08
1.11691e-08
1.08784e-08
1.05953e-08
1.03196e-08
1.0051e-08
9.78944e-09
9.53467e-09
9.28654e-09
9.04486e-09
8.80947e-09
8.58021e-09
8.35692e-09
8.13943e-09
7.92761e-09
7.7213e-09
7.52035e-09
7.32464e-09
7.13402e-09
6.94836e-09
6.76753e-09
6.59141e-09
6.41987e-09
6.2528e-09
6.09008e-09
5.93158e-09
5.77722e-09
5.62687e-09
5.48043e-09
5.33781e-09
5.19889e-09
5.0636e-09
4.93182e-09
4.80347e-09
4.67846e-09
4.55671e-09
4.43812e-09
4.32262e-09
4.21013e-09
4.10056e-09
3.99385e-09
3.88991e-09
3.78868e-09
3.69008e-09
3.59405e-09
3.50051e-09
3.40941e-09
3.32068e-09
3.23427e-09
3.1501e-09
3.06812e-09
2.98827e-09
2.9105e-09
2.83476e-09
2.76098e-09
2.68913e-09
2.61915e-09
2.55099e-09
2.4846e-09
2.41994e-09
2.35696e-09
2.29562e-09
2.23588e-09
2.17769e-09
2.12102e-09
2.06582e-09
2.01206e-09
1.9597e-09
1.9087e-09
1.85902e-09
1.81064e-09
1.76352e-09
1.71763e-09
1.67293e-09
1.62939e-09
1.58699e-09
1.54568e-09
1.50546e-09
1.46628e-09
1.42812e-09
1.39095e-09
1.35476e-09
1.3195e-09
1.28516e-09
1.25171e-09
1.21914e-09
1.18741e-09
1.15651e-09
1.12641e-09
1.0971e-09
1.06855e-09
1.04074e-09
1.01365e-09
9.87274e-10
9.61581e-10
9.36556e-10
9.12183e-10
8.88443e-10
8.65322e-10
8.42803e-10
8.20869e-10
7.99506e-10
7.787e-10
7.58434e-10
7.38697e-10
7.19472e-10
7.00748e-10
6.82512e-10
6.6475e-10
6.4745e-10
6.30601e-10
6.14189e-10
5.98206e-10
5.82638e-10
5.67475e-10
5.52706e-10
5.38323e-10
5.24313e-10
5.10668e-10
4.97378e-10
4.84434e-10
4.71827e-10
4.59548e-10
4.47588e-10
4.3594e-10
4.24595e-10
4.13545e-10
4.02783e-10
3.92301e-10
3.82091e-10
3.72148e-10
3.62463e-10
3.5303e-10
3.43842e-10
3.34894e-10
3.26179e-10
3.1769e-10
3.09422e-10
3.0137e-10
2.93527e-10
2.85888e-10
2.78448e-10
2.71201e-10
2.64143e-10
2.57269e-10
2.50574e-10
2.44053e-10
2.37701e-10
2.31515e-10
2.2549e-10
2.19622e-10
2.13907e-10
2.0834e-10
2.02918e-10
1.97637e-10
1.92494e-10
1.87484e-10
1.82605e-10
1.77853e-10
1.73224e-10
1.68716e-10
1.64325e-10
1.60049e-10
1.55884e-10
1.51827e-10
1.47876e-10
1.44027e-10
1.40279e-10
1.36628e-10
1.33073e-10
1.2961e-10
1.26236e-10
1.22951e-10
1.19752e-10
1.16635e-10
1.136e-10
1.10643e-10
1.07764e-10
1.04959e-10
1.02228e-10
9.95674e-11
9.69762e-11
9.44525e-11
9.19944e-11
8.96003e-11
8.72685e-11
8.49974e-11
8.27854e-11
8.06309e-11
7.85325e-11
7.64888e-11
7.44982e-11
7.25594e-11
7.06711e-11
6.88319e-11
6.70406e-11
6.52959e-11
6.35966e-11
6.19415e-11
6.03295e-11
5.87595e-11
5.72303e-11
5.57409e-11
5.42903e-11
5.28774e-11
5.15013e-11
5.0161e-11
4.88556e-11
4.75842e-11
4.63458e-11
4.51397e-11
4.39649e-11
4.28208e-11
4.17064e-11
4.0621e-11
3.95639e-11
3.85342e-11
3.75314e-11
3.65547e-11
3.56034e-11
3.46768e-11
3.37743e-11
3.28954e-11
3.20393e-11
3.12055e-11
3.03934e-11
2.96024e-11
2.8832e-11
2.80817e-11
2.73509e-11
2.66391e-11
2.59458e-11
2.52706e-11
2.46129e-11
2.39724e-11
2.33485e-11
2.27409e-11
2.21491e-11
2.15727e-11
2.10112e-11
2.04644e-11
1.99319e-11
1.94131e-11
1.89079e-11
1.84159e-11
1.79366e-11
1.74698e-11
1.70152e-11
1.65723e-11
1.61411e-11
1.5721e-11
1.53119e-11
1.49134e-11
1.45253e-11
1.41473e-11
1.37791e-11
1.34205e-11
1.30712e-11
1.27311e-11
1.23997e-11
1.2077e-11
1.17627e-11
1.14566e-11
1.11585e-11
1.08681e-11
1.05852e-11
1.03098e-11
1.00415e-11
9.78014e-12
9.52561e-12
9.27771e-12
9.03627e-12
8.8011e-12
8.57206e-12
8.34897e-12
8.1317e-12
7.92007e-12
7.71396e-12
7.51321e-12
7.31768e-12
7.12724e-12
6.94176e-12
6.7611e-12
6.58515e-12
6.41377e-12
6.24686e-12
6.08429e-12
5.92595e-12
5.77173e-12
5.62152e-12
5.47522e-12
5.33273e-12
5.19395e-12
5.05878e-12
4.92713e-12
4.7989e-12
4.67401e-12
4.55238e-12
4.4339e-12
4.31851e-12
4.20613e-12
4.09666e-12
3.99005e-12
3.88621e-12
3.78507e-12
3.68657e-12
3.59063e-12
3.49718e-12
3.40617e-12
3.31753e-12
3.23119e-12
3.1471e-12
3.0652e-12
2.98543e-12
2.90773e-12
2.83206e-12
2.75836e-12
2.68657e-12
2.61666e-12
2.54856e-12
2.48224e-12
2.41764e-12
2.35472e-12
2.29344e-12
2.23375e-12
2.17562e-12
2.119e-12
2.06386e-12
2.01014e-12
1.95783e-12
1.90688e-12
1.85725e-12
1.80892e-12
1.76184e-12
1.71599e-12
1.67134e-12
1.62784e-12
1.58548e-12
1.54422e-12
1.50403e-12
1.46489e-12
1.42676e-12
1.38963e-12
1.35347e-12
1.31824e-12
1.28394e-12
1.25052e-12
1.21798e-12
1.18628e-12
1.15541e-12
1.12534e-12
1.09605e-12
1.06753e-12
1.03975e-12
1.01269e-12
9.86335e-13
9.60666e-13
9.35665e-13
9.11315e-13
8.87599e-13
8.64499e-13
8.42001e-13
8.20089e-13
7.98746e-13
7.77959e-13
7.57713e-13
7.37994e-13
7.18788e-13
7.00082e-13
6.81863e-13
6.64118e-13
6.46834e-13
6.30001e-13
6.13605e-13
5.97637e-13
5.82084e-13
5.66935e-13
5.52181e-13
5.37811e-13
5.23814e-13
5.10182e-13
4.96905e-13
4.83974e-13
4.71378e-13
4.59111e-13
4.47163e-13
4.35526e-13
4.24191e-13
4.13152e-13
4.024e-13
3.91928e-13
3.81728e-13
3.71794e-13
3.62118e-13
3.52694e-13
3.43515e-13
3.34576e-13
3.25868e-13
3.17388e-13
3.09128e-13
3.01083e-13
2.93248e-13
2.85616e-13
2.78183e-13
2.70943e-13
2.63892e-13
2.57025e-13
2.50336e-13
2.43821e-13
2.37475e-13
2.31295e-13
2.25276e-13
2.19413e-13
2.13703e-13
2.08142e-13
2.02725e-13
1.97449e-13
1.92311e-13
1.87306e-13
1.82431e-13
1.77684e-13
1.73059e-13
1.68556e-13
1.64169e-13
1.59897e-13
1.55735e-13
1.51682e-13
1.47735e-13
1.4389e-13
1.40146e-13
1.36498e-13
1.32946e-13
1.29486e-13
1.26116e-13
1.22834e-13
1.19638e-13
1.16524e-13
1.13492e-13
1.10538e-13
1.07661e-13
1.0486e-13
1.02131e-13
9.94727e-14
9.6884e-14
9.43626e-14
9.19069e-14
8.95151e-14
8.71855e-14
8.49165e-14
8.27066e-14
8.05542e-14
7.84578e-14
7.6416e-14
7.44273e-14
7.24904e-14
7.06039e-14
6.87665e-14
6.69768e-14
6.52338e-14
6.35361e-14
6.18826e-14
6.02722e-14
5.87036e-14
5.71759e-14
5.56879e-14
5.42387e-14
5.28271e-14
5.14523e-14
5.01133e-14
4.88091e-14
4.75389e-14
4.63017e-14
4.50968e-14
4.39231e-14
4.27801e-14
4.16667e-14
4.05824e-14
3.95262e-14
3.84976e-14
3.74957e-14
3.65199e-14
3.55695e-14
3.46438e-14
3.37422e-14
3.28641e-14
3.20088e-14
3.11758e-14
3.03645e-14
2.95743e-14
2.88046e-14
2.8055e-14
2.73249e-14
2.66137e-14
2.59211e-14
2.52466e-14
2.45895e-14
2.39496e-14
2.33263e-14
2.27193e-14
2.2128e-14
2.15521e-14
2.09913e-14
2.0445e-14
1.99129e-14
1.93947e-14
1.88899e-14
1.83983e-14
1.79195e-14
1.74532e-14
1.6999e-14
1.65566e-14
1.61257e-14
1.5706e-14
1.52973e-14
1.48992e-14
1.45115e-14
1.41338e-14
1.3766e-14
1.34077e-14
1.30588e-14
1.27189e-14
1.23879e-14
1.20656e-14
1.17516e-14
1.14457e-14
1.11479e-14
1.08577e-14
1.05752e-14
1.03e-14
1.00319e-14
9.77083e-15
9.51655e-15
9.26889e-15
9.02767e-15
8.79273e-15
8.5639e-15
8.34103e-15
8.12396e-15
7.91254e-15
7.70662e-15
7.50606e-15
7.31072e-15
7.12046e-15
6.93515e-15
6.75467e-15
6.57888e-15
6.40767e-15
6.24092e-15
6.0785e-15
5.92031e-15
5.76624e-15
5.61617e-15
5.47001e-15
5.32766e-15
5.18901e-15
5.05397e-15
4.92244e-15
4.79434e-15
4.66957e-15
4.54805e-15
4.42968e-15
4.3144e-15
4.20212e-15
4.09277e-15
3.98625e-15
3.88251e-15
3.78147e-15
3.68306e-15
3.58721e-15
3.49386e-15
3.40293e-15
3.31437e-15
3.22812e-15
3.14411e-15
3.06228e-15
2.98259e-15
2.90497e-15
2.82937e-15
2.75574e-15
2.68402e-15
2.61417e-15
2.54614e-15
2.47987e-15
2.41534e-15
2.35248e-15
2.29126e-15
2.23163e-15
2.17355e-15
2.11699e-15
2.06189e-15
2.00823e-15
1.95597e-15
1.90507e-15
1.85549e-15
1.8072e-15
1.76017e-15
1.71436e-15
1.66975e-15
1.62629e-15
1.58397e-15
1.54275e-15
1.5026e-15
1.46349e-15
1.42541e-15
1.38831e-15
1.35218e-15
1.31699e-15
1.28272e-15
1.24933e-15
1.21682e-15
1.18515e-15
1.15431e-15
1.12427e-15
1.09501e-15
1.06652e-15
1.03876e-15
1.01173e-15
9.85397e-16
9.59752e-16
9.34775e-16
9.10448e-16
8.86754e-16
8.63677e-16
8.412e-16
8.19308e-16
7.97986e-16
7.77219e-16
7.56992e-16
7.37292e-16
7.18104e-16
6.99416e-16
6.81214e-16
6.63486e-16
6.46219e-16
6.29402e-16
6.13022e-16
5.97068e-16
5.8153e-16
5.66396e-16
5.51656e-16
5.37299e-16
5.23316e-16
5.09697e-16
4.96432e-16
4.83513e-16
4.7093e-16
4.58674e-16
4.46737e-16
4.35111e-16
4.23788e-16
4.12759e-16
4.02017e-16
3.91555e-16
3.81365e-16
3.7144e-16
3.61773e-16
3.52358e-16
3.43188e-16
3.34257e-16
3.25558e-16
3.17086e-16
3.08834e-16
3.00797e-16
2.92969e-16
2.85344e-16
2.77918e-16
2.70686e-16
2.63641e-16
2.5678e-16
2.50097e-16
2.43589e-16
2.37249e-16
2.31075e-16
2.25062e-16
2.19204e-16
2.135e-16
2.07944e-16
2.02532e-16
1.97261e-16
1.92128e-16
1.87128e-16
1.82258e-16
1.77514e-16
1.72895e-16
1.68395e-16
1.64013e-16
1.59744e-16
1.55587e-16
1.51538e-16
1.47594e-16
1.43753e-16
1.40012e-16
1.36369e-16
1.3282e-16
1.29363e-16
1.25996e-16
1.22717e-16
1.19524e-16
1.16413e-16
1.13384e-16
1.10433e-16
1.07559e-16
1.0476e-16
1.02033e-16
9.93781e-17
9.67918e-17
9.42729e-17
9.18195e-17
8.94299e-17
8.71025e-17
8.48357e-17
8.26279e-17
8.04776e-17
7.83832e-17
7.63433e-17
7.43565e-17
7.24214e-17
7.05367e-17
6.8701e-17
6.69131e-17
6.51717e-17
6.34757e-17
6.18237e-17
6.02148e-17
5.86478e-17
5.71215e-17
5.56349e-17
5.4187e-17
5.27769e-17
5.14034e-17
5.00656e-17
4.87627e-17
4.74937e-17
4.62577e-17
4.50538e-17
4.38813e-17
4.27393e-17
4.16271e-17
4.05438e-17
3.94886e-17
3.8461e-17
3.746e-17
3.64851e-17
3.55356e-17
3.46108e-17
3.37101e-17
3.28328e-17
3.19784e-17
3.11461e-17
3.03356e-17
2.95461e-17
2.87772e-17
2.80283e-17
2.72989e-17
2.65884e-17
2.58965e-17
2.52225e-17
2.45661e-17
2.39268e-17
2.33041e-17
2.26976e-17
2.2107e-17
2.15316e-17
2.09713e-17
2.04255e-17
1.98939e-17
1.93762e-17
1.8872e-17
1.83808e-17
1.79025e-17
1.74366e-17
1.69828e-17
1.65408e-17
1.61104e-17
1.56911e-17
1.52827e-17
1.4885e-17
1.44976e-17
1.41204e-17
1.37529e-17
1.3395e-17
1.30464e-17
1.27068e-17
1.23762e-17
1.20541e-17
1.17404e-17
1.14348e-17
1.11372e-17
1.08474e-17
1.05651e-17
1.02902e-17
1.00224e-17
9.76153e-18
9.5075e-18
9.26007e-18
9.01908e-18
8.78436e-18
8.55575e-18
8.33309e-18
8.11623e-18
7.90501e-18
7.69929e-18
7.49892e-18
7.30376e-18
7.11368e-18
6.92855e-18
6.74824e-18
6.57262e-18
6.40157e-18
6.23498e-18
6.07271e-18
5.91467e-18
5.76075e-18
5.61083e-18
5.46481e-18
5.32259e-18
5.18407e-18
5.04916e-18
4.91776e-18
4.78978e-18
4.66512e-18
4.54372e-18
4.42547e-18
4.3103e-18
4.19812e-18
4.08887e-18
3.98246e-18
3.87882e-18
3.77787e-18
3.67956e-18
3.5838e-18
3.49053e-18
3.39969e-18
3.31122e-18
3.22504e-18
3.14111e-18
3.05937e-18
2.97975e-18
2.9022e-18
2.82668e-18
2.75311e-18
2.68146e-18
2.61168e-18
2.54371e-18
2.47751e-18
2.41304e-18
2.35024e-18
2.28908e-18
2.2295e-18
2.17148e-18
2.11497e-18
2.05993e-18
2.00632e-18
1.95411e-18
1.90325e-18
1.85372e-18
1.80548e-18
1.75849e-18
1.71273e-18
1.66816e-18
1.62474e-18
1.58246e-18
1.54128e-18
1.50117e-18
1.4621e-18
1.42405e-18
1.38699e-18
1.35089e-18
1.31574e-18
1.2815e-18
1.24815e-18
1.21566e-18
1.18403e-18
1.15321e-18
1.1232e-18
1.09397e-18
1.0655e-18
1.03777e-18
1.01076e-18
9.84459e-19
9.58839e-19
9.33885e-19
9.09582e-19
8.8591e-19
8.62855e-19
8.40399e-19
8.18528e-19
7.97227e-19
7.76479e-19
7.56272e-19
7.3659e-19
7.17421e-19
6.9875e-19
6.80566e-19
6.62854e-19
6.45604e-19
6.28802e-19
6.12438e-19
5.965e-19
5.80976e-19
5.65857e-19
5.5113e-19
5.36788e-19
5.22818e-19
5.09212e-19
4.9596e-19
4.83053e-19
4.70482e-19
4.58238e-19
4.46312e-19
4.34697e-19
4.23384e-19
4.12366e-19
4.01634e-19
3.91182e-19
3.81002e-19
3.71086e-19
3.61429e-19
3.52023e-19
3.42862e-19
3.33939e-19
3.25248e-19
3.16784e-19
3.0854e-19
3.0051e-19
2.9269e-19
2.85073e-19
2.77654e-19
2.70428e-19
2.6339e-19
2.56536e-19
2.49859e-19
2.43357e-19
2.37024e-19
2.30855e-19
2.24847e-19
2.18996e-19
2.13297e-19
2.07746e-19
2.02339e-19
1.97073e-19
1.91945e-19
1.86949e-19
1.82084e-19
1.77345e-19
1.7273e-19
1.68235e-19
1.63857e-19
1.59592e-19
1.55439e-19
1.51394e-19
1.47454e-19
1.43617e-19
1.39879e-19
1.36239e-19
1.32693e-19
1.2924e-19
1.25876e-19
1.22601e-19
1.1941e-19
1.16302e-19
1.13276e-19
1.10328e-19
1.07457e-19
1.0466e-19
1.01936e-19
9.92835e-20
9.66997e-20
9.41831e-20
9.1732e-20
8.93448e-20
8.70196e-20
8.4755e-20
8.25493e-20
8.0401e-20
7.83086e-20
7.62706e-20
7.42857e-20
7.23525e-20
7.04695e-20
6.86356e-20
6.68494e-20
6.51097e-20
6.34152e-20
6.17649e-20
6.01575e-20
5.85919e-20
5.70671e-20
5.5582e-20
5.41355e-20
5.27266e-20
5.13544e-20
5.0018e-20
4.87163e-20
4.74484e-20
4.62136e-20
4.50109e-20
4.38396e-20
4.26987e-20
4.15874e-20
4.05052e-20
3.9451e-20
3.84243e-20
3.74244e-20
3.64504e-20
3.55018e-20
3.45779e-20
3.3678e-20
3.28016e-20
3.19479e-20
3.11165e-20
3.03067e-20
2.9518e-20
2.87498e-20
2.80016e-20
2.72729e-20
2.65631e-20
2.58718e-20
2.51985e-20
2.45427e-20
2.3904e-20
2.32819e-20
2.2676e-20
2.20859e-20
2.15111e-20
2.09513e-20
2.04061e-20
1.9875e-20
1.93578e-20
1.8854e-20
1.83633e-20
1.78854e-20
1.742e-20
1.69666e-20
1.65251e-20
1.6095e-20
1.56762e-20
1.52682e-20
1.48708e-20
1.44838e-20
1.41069e-20
1.37398e-20
1.33822e-20
1.30339e-20
1.26947e-20
1.23644e-20
1.20426e-20
1.17292e-20
1.14239e-20
1.11266e-20
1.08371e-20
1.0555e-20
1.02804e-20
1.00128e-20
9.75224e-21
9.49844e-21
9.25125e-21
9.01049e-21
8.776e-21
8.54761e-21
8.32516e-21
8.1085e-21
7.89748e-21
7.69195e-21
7.49178e-21
7.29681e-21
7.10691e-21
6.92196e-21
6.74182e-21
6.56636e-21
6.39548e-21
6.22904e-21
6.06693e-21
5.90904e-21
5.75526e-21
5.60548e-21
5.4596e-21
5.31752e-21
5.17914e-21
5.04435e-21
4.91307e-21
4.78521e-21
4.66068e-21
4.53939e-21
4.42125e-21
4.30619e-21
4.19413e-21
4.08498e-21
3.97867e-21
3.87512e-21
3.77428e-21
3.67605e-21
3.58039e-21
3.48721e-21
3.39646e-21
3.30806e-21
3.22197e-21
3.13812e-21
3.05646e-21
2.97691e-21
2.89944e-21
2.82398e-21
2.75049e-21
2.67891e-21
2.60919e-21
2.54129e-21
2.47515e-21
2.41074e-21
2.348e-21
2.2869e-21
2.22738e-21
2.16941e-21
2.11296e-21
2.05797e-21
2.00441e-21
1.95225e-21
1.90144e-21
1.85196e-21
1.80376e-21
1.75682e-21
1.7111e-21
1.66657e-21
1.6232e-21
1.58095e-21
1.53981e-21
1.49974e-21
1.46071e-21
1.42269e-21
1.38567e-21
1.34961e-21
1.31448e-21
1.28028e-21
1.24696e-21
1.21451e-21
1.1829e-21
1.15211e-21
1.12213e-21
1.09293e-21
1.06449e-21
1.03678e-21
1.0098e-21
9.83521e-22
9.57926e-22
9.32996e-22
9.08715e-22
8.85066e-22
8.62033e-22
8.39599e-22
8.17749e-22
7.96467e-22
7.7574e-22
7.55552e-22
7.35889e-22
7.16738e-22
6.98085e-22
6.79918e-22
6.62223e-22
6.44989e-22
6.28204e-22
6.11855e-22
5.95932e-22
5.80423e-22
5.65318e-22
5.50606e-22
5.36276e-22
5.2232e-22
5.08727e-22
4.95488e-22
4.82593e-22
4.70033e-22
4.57801e-22
4.45887e-22
4.34283e-22
4.22981e-22
4.11973e-22
4.01252e-22
3.90809e-22
3.80639e-22
3.70733e-22
3.61085e-22
3.51688e-22
3.42535e-22
3.33621e-22
3.24939e-22
3.16482e-22
3.08246e-22
3.00224e-22
2.92411e-22
2.84801e-22
2.77389e-22
2.7017e-22
2.63139e-22
2.56291e-22
2.49621e-22
2.43125e-22
2.36798e-22
2.30635e-22
2.24633e-22
2.18787e-22
2.13093e-22
2.07548e-22
2.02146e-22
1.96886e-22
1.91762e-22
1.86771e-22
1.81911e-22
1.77177e-22
1.72566e-22
1.68075e-22
1.63701e-22
1.5944e-22
1.55291e-22
1.5125e-22
1.47313e-22
1.4348e-22
1.39746e-22
1.36109e-22
1.32567e-22
1.29117e-22
1.25757e-22
1.22484e-22
