Vec Object: 1 MPI process
  type: seq
1.
0.999268
0.998535
0.997803
0.99707
0.996338
0.995606
0.994873
0.994141
0.993409
0.992677
0.991944
0.991212
0.99048
0.989748
0.989015
0.988283
0.987551
0.986819
0.986087
0.985354
0.984622
0.98389
0.983158
0.982426
0.981694
0.980962
0.98023
0.979498
0.978766
0.978034
0.977302
0.97657
0.975838
0.975106
0.974374
0.973642
0.97291
0.972179
0.971447
0.970715
0.969983
0.969251
0.96852
0.967788
0.967056
0.966324
0.965593
0.964861
0.964129
0.963397
0.962666
0.961934
0.961203
0.960471
0.959739
0.959008
0.958276
0.957545
0.956813
0.956082
0.95535
0.954619
0.953887
0.953156
0.952424
0.951693
0.950961
0.95023
0.949499
0.948767
0.948036
0.947305
0.946573
0.945842
0.945111
0.944379
0.943648
0.942917
0.942186
0.941454
0.940723
0.939992
0.939261
0.93853
0.937799
0.937068
0.936337
0.935605
0.934874
0.934143
0.933412
0.932681
0.93195
0.931219
0.930488
0.929757
0.929027
0.928296
0.927565
0.926834
0.926103
0.925372
0.924641
0.923911
0.92318
0.922449
0.921718
0.920988
0.920257
0.919526
0.918795
0.918065
0.917334
0.916603
0.915873
0.915142
0.914412
0.913681
0.912951
0.91222
0.91149
0.910759
0.910029
0.909298
0.908568
0.907837
0.907107
0.906376
0.905646
0.904916
0.904185
0.903455
0.902725
0.901994
0.901264
0.900534
0.899804
0.899073
0.898343
0.897613
0.896883
0.896153
0.895423
0.894693
0.893962
0.893232
0.892502
0.891772
0.891042
0.890312
0.889582
0.888852
0.888122
0.887392
0.886663
0.885933
0.885203
0.884473
0.883743
0.883013
0.882283
0.881554
0.880824
0.880094
0.879364
0.878635
0.877905
0.877175
0.876446
0.875716
0.874986
0.874257
0.873527
0.872798
0.872068
0.871339
0.870609
0.86988
0.86915
0.868421
0.867691
0.866962
0.866233
0.865503
0.864774
0.864045
0.863315
0.862586
0.861857
0.861127
0.860398
0.859669
0.85894
0.858211
0.857481
0.856752
0.856023
0.855294
0.854565
0.853836
0.853107
0.852378
0.851649
0.85092
0.850191
0.849462
0.848733
0.848004
0.847275
0.846546
0.845818
0.845089
0.84436
0.843631
0.842902
0.842174
0.841445
0.840716
0.839988
0.839259
0.83853
0.837802
0.837073
0.836345
0.835616
0.834887
0.834159
0.83343
0.832702
0.831973
0.831245
0.830517
0.829788
0.82906
0.828331
0.827603
0.826875
0.826147
0.825418
0.82469
0.823962
0.823234
0.822505
0.821777
0.821049
0.820321
0.819593
0.818865
0.818137
0.817409
0.816681
0.815953
0.815225
0.814497
0.813769
0.813041
0.812313
0.811585
0.810857
0.81013
0.809402
0.808674
0.807946
0.807218
0.806491
0.805763
0.805035
0.804308
0.80358
0.802852
0.802125
0.801397
0.80067
0.799942
0.799215
0.798487
0.79776
0.797032
0.796305
0.795578
0.79485
0.794123
0.793396
0.792668
0.791941
0.791214
0.790487
0.789759
0.789032
0.788305
0.787578
0.786851
0.786124
0.785397
0.78467
0.783943
0.783216
0.782489
0.781762
0.781035
0.780308
0.779581
0.778854
0.778127
0.777401
0.776674
0.775947
0.77522
0.774494
0.773767
0.77304
0.772314
0.771587
0.77086
0.770134
0.769407
0.768681
0.767954
0.767228
0.766501
0.765775
0.765048
0.764322
0.763596
0.762869
0.762143
0.761417
0.76069
0.759964
0.759238
0.758512
0.757786
0.75706
0.756333
0.755607
0.754881
0.754155
0.753429
0.752703
0.751977
0.751251
0.750525
0.7498
0.749074
0.748348
0.747622
0.746896
0.74617
0.745445
0.744719
0.743993
0.743268
0.742542
0.741816
0.741091
0.740365
0.73964
0.738914
0.738189
0.737463
0.736738
0.736012
0.735287
0.734562
0.733836
0.733111
0.732386
0.731661
0.730935
0.73021
0.729485
0.72876
0.728035
0.72731
0.726585
0.72586
0.725135
0.72441
0.723685
0.72296
0.722235
0.72151
0.720785
0.72006
0.719335
0.718611
0.717886
0.717161
0.716437
0.715712
0.714987
0.714263
0.713538
0.712814
0.712089
0.711365
0.71064
0.709916
0.709191
0.708467
0.707743
0.707018
0.706294
0.70557
0.704845
0.704121
0.703397
0.702673
0.701949
0.701225
0.700501
0.699777
0.699053
0.698329
0.697605
0.696881
0.696157
0.695433
0.694709
0.693985
0.693261
0.692538
0.691814
0.69109
0.690367
0.689643
0.688919
0.688196
0.687472
0.686749
0.686025
0.685302
0.684578
0.683855
0.683132
0.682408
0.681685
0.680962
0.680238
0.679515
0.678792
0.678069
0.677346
0.676623
0.6759
0.675177
0.674454
0.673731
0.673008
0.672285
0.671562
0.670839
0.670116
0.669393
0.668671
0.667948
0.667225
0.666503
0.66578
0.665057
0.664335
0.663612
0.66289
0.662167
0.661445
0.660722
0.66
0.659278
0.658555
0.657833
0.657111
0.656389
0.655666
0.654944
0.654222
0.6535
0.652778
0.652056
0.651334
0.650612
0.64989
0.649168
0.648446
0.647724
0.647003
0.646281
0.645559
0.644837
0.644116
0.643394
0.642673
0.641951
0.641229
0.640508
0.639787
0.639065
0.638344
0.637622
0.636901
0.63618
0.635458
0.634737
0.634016
0.633295
0.632574
0.631853
0.631132
0.630411
0.62969
0.628969
0.628248
0.627527
0.626806
0.626085
0.625364
0.624644
0.623923
0.623202
0.622482
0.621761
0.621041
0.62032
0.6196
0.618879
0.618159
0.617438
0.616718
0.615998
0.615277
0.614557
0.613837
0.613117
0.612397
0.611677
0.610957
0.610237
0.609517
0.608797
0.608077
0.607357
0.606637
0.605917
0.605198
0.604478
0.603758
0.603039
0.602319
0.601599
0.60088
0.60016
0.599441
0.598722
0.598002
0.597283
0.596564
0.595844
0.595125
0.594406
0.593687
0.592968
0.592249
0.59153
0.590811
0.590092
0.589373
0.588654
0.587935
0.587216
0.586497
0.585779
0.58506
0.584341
0.583623
0.582904
0.582186
0.581467
0.580749
0.580031
0.579312
0.578594
0.577876
0.577157
0.576439
0.575721
0.575003
0.574285
0.573567
0.572849
0.572131
0.571413
0.570695
0.569977
0.56926
0.568542
0.567824
0.567107
0.566389
0.565672
0.564954
0.564237
0.563519
0.562802
0.562084
0.561367
0.56065
0.559933
0.559215
0.558498
0.557781
0.557064
0.556347
0.55563
0.554913
0.554197
0.55348
0.552763
0.552046
0.55133
0.550613
0.549896
0.54918
0.548463
0.547747
0.54703
0.546314
0.545598
0.544881
0.544165
0.543449
0.542733
0.542017
0.541301
0.540585
0.539869
0.539153
0.538437
0.537721
0.537005
0.53629
0.535574
0.534858
0.534143
0.533427
0.532712
0.531996
0.531281
0.530566
0.52985
0.529135
0.52842
0.527705
0.52699
0.526275
0.52556
0.524845
0.52413
0.523415
0.5227
0.521985
0.521271
0.520556
0.519841
0.519127
0.518412
0.517698
0.516983
0.516269
0.515555
0.514841
0.514126
0.513412
0.512698
0.511984
0.51127
0.510556
0.509842
0.509128
0.508415
0.507701
0.506987
0.506273
0.50556
0.504846
0.504133
0.503419
0.502706
0.501993
0.501279
0.500566
0.499853
0.49914
0.498427
0.497714
0.497001
0.496288
0.495575
0.494862
0.49415
0.493437
0.492724
0.492012
0.491299
0.490587
0.489874
0.489162
0.48845
0.487738
0.487025
0.486313
0.485601
0.484889
0.484177
0.483465
0.482754
0.482042
0.48133
0.480618
0.479907
0.479195
0.478484
0.477772
0.477061
0.47635
0.475638
0.474927
0.474216
0.473505
0.472794
0.472083
0.471372
0.470661
0.46995
0.46924
0.468529
0.467818
0.467108
0.466397
0.465687
0.464977
0.464266
0.463556
0.462846
0.462136
0.461426
0.460716
0.460006
0.459296
0.458586
0.457876
0.457167
0.456457
0.455748
0.455038
0.454329
0.453619
0.45291
0.452201
0.451492
0.450782
0.450073
0.449364
0.448655
0.447947
0.447238
0.446529
0.445821
0.445112
0.444403
0.443695
0.442987
0.442278
0.44157
0.440862
0.440154
0.439446
0.438738
0.43803
0.437322
0.436614
0.435906
0.435199
0.434491
0.433784
0.433076
0.432369
0.431662
0.430954
0.430247
0.42954
0.428833
0.428126
0.427419
0.426713
0.426006
0.425299
0.424593
0.423886
0.42318
0.422473
0.421767
0.421061
0.420355
0.419649
0.418943
0.418237
0.417531
0.416825
0.416119
0.415414
0.414708
0.414003
0.413297
0.412592
0.411887
0.411182
0.410477
0.409772
0.409067
0.408362
0.407657
0.406952
0.406248
0.405543
0.404839
0.404134
0.40343
0.402726
0.402021
0.401317
0.400613
0.399909
0.399206
0.398502
0.397798
0.397095
0.396391
0.395688
0.394984
0.394281
0.393578
0.392875
0.392172
0.391469
0.390766
0.390063
0.389361
0.388658
0.387955
0.387253
0.386551
0.385848
0.385146
0.384444
0.383742
0.38304
0.382338
0.381637
0.380935
0.380233
0.379532
0.378831
0.378129
0.377428
0.376727
0.376026
0.375325
0.374624
0.373923
0.373223
0.372522
0.371822
0.371121
0.370421
0.369721
0.369021
0.368321
0.367621
0.366921
0.366221
0.365522
0.364822
0.364122
0.363423
0.362724
0.362025
0.361326
0.360627
0.359928
0.359229
0.35853
0.357832
0.357133
0.356435
0.355737
0.355038
0.35434
0.353642
0.352944
0.352247
0.351549
0.350851
0.350154
0.349456
0.348759
0.348062
0.347365
0.346668
0.345971
0.345274
0.344578
0.343881
0.343185
0.342488
0.341792
0.341096
0.3404
0.339704
0.339008
0.338312
0.337617
0.336921
0.336226
0.335531
0.334835
0.33414
0.333445
0.332751
0.332056
0.331361
0.330667
0.329972
0.329278
0.328584
0.32789
0.327196
0.326502
0.325809
0.325115
0.324422
0.323728
0.323035
0.322342
0.321649
0.320956
0.320263
0.319571
0.318878
0.318186
0.317494
0.316801
0.316109
0.315418
0.314726
0.314034
0.313343
0.312651
0.31196
0.311269
0.310578
0.309887
0.309196
0.308505
0.307815
0.307124
0.306434
0.305744
0.305054
0.304364
0.303674
0.302985
0.302295
0.301606
0.300917
0.300228
0.299539
0.29885
0.298161
0.297473
0.296784
0.296096
0.295408
0.29472
0.294032
0.293344
0.292657
0.291969
0.291282
0.290595
0.289908
0.289221
0.288534
0.287848
0.287161
0.286475
0.285789
0.285103
0.284417
0.283731
0.283046
0.28236
0.281675
0.28099
0.280305
0.27962
0.278935
0.278251
0.277566
0.276882
0.276198
0.275514
0.27483
0.274147
0.273463
0.27278
0.272097
0.271414
0.270731
0.270049
0.269366
0.268684
0.268002
0.26732
0.266638
0.265956
0.265275
0.264593
0.263912
0.263231
0.26255
0.26187
0.261189
0.260509
0.259829
0.259149
0.258469
0.257789
0.25711
0.256431
0.255752
0.255073
0.254394
0.253715
0.253037
0.252359
0.251681
0.251003
0.250325
0.249648
0.24897
0.248293
0.247616
0.24694
0.246263
0.245587
0.24491
0.244234
0.243559
0.242883
0.242208
0.241532
0.240857
0.240183
0.239508
0.238833
0.238159
0.237485
0.236811
0.236138
0.235464
0.234791
0.234118
0.233445
0.232773
0.2321
0.231428
0.230756
0.230084
0.229413
0.228741
0.22807
0.227399
0.226728
0.226058
0.225388
0.224718
0.224048
0.223378
0.222709
0.22204
0.221371
0.220702
0.220033
0.219365
0.218697
0.218029
0.217362
0.216694
0.216027
0.21536
0.214694
0.214027
0.213361
0.212695
0.212029
0.211364
0.210699
0.210034
0.209369
0.208705
0.20804
0.207377
0.206713
0.206049
0.205386
0.204723
0.20406
0.203398
0.202736
0.202074
0.201412
0.200751
0.20009
0.199429
0.198768
0.198108
0.197448
0.196788
0.196129
0.195469
0.19481
0.194152
0.193493
0.192835
0.192177
0.19152
0.190862
0.190205
0.189549
0.188892
0.188236
0.18758
0.186925
0.18627
0.185615
0.18496
0.184306
0.183652
0.182998
0.182345
0.181692
0.181039
0.180386
0.179734
0.179082
0.178431
0.17778
0.177129
0.176478
0.175828
0.175178
0.174528
0.173879
0.17323
0.172582
0.171933
0.171286
0.170638
0.169991
0.169344
0.168697
0.168051
0.167405
0.16676
0.166115
0.16547
0.164826
0.164182
0.163538
0.162895
0.162252
0.161609
0.160967
0.160325
0.159684
0.159043
0.158402
0.157762
0.157122
0.156483
0.155844
0.155205
0.154567
0.153929
0.153291
0.152654
0.152017
0.151381
0.150745
0.15011
0.149475
0.14884
0.148206
0.147572
0.146939
0.146306
0.145674
0.145042
0.14441
0.143779
0.143149
0.142518
0.141889
0.141259
0.14063
0.140002
0.139374
0.138747
0.13812
0.137493
0.136867
0.136242
0.135617
0.134992
0.134368
0.133745
0.133121
0.132499
0.131877
0.131255
0.130634
0.130014
0.129394
0.128774
0.128155
0.127537
0.126919
0.126302
0.125685
0.125069
0.124453
0.123838
0.123223
0.122609
0.121996
0.121383
0.120771
0.120159
0.119548
0.118937
0.118327
0.117718
0.117109
0.116501
0.115894
0.115287
0.114681
0.114075
0.11347
0.112865
0.112262
0.111658
0.111056
0.110454
0.109853
0.109252
0.108653
0.108054
0.107455
0.106857
0.10626
0.105664
0.105068
0.104473
0.103879
0.103285
0.102692
0.1021
0.101509
0.100918
0.100328
0.0997389
0.0991505
0.0985629
0.097976
0.0973899
0.0968046
0.0962201
0.0956363
0.0950534
0.0944713
0.09389
0.0933095
0.0927298
0.092151
0.091573
0.0909959
0.0904196
0.0898441
0.0892696
0.0886959
0.0881231
0.0875512
0.0869802
0.0864101
0.0858409
0.0852726
0.0847053
0.0841389
0.0835734
0.0830089
0.0824454
0.0818828
0.0813212
0.0807606
0.080201
0.0796424
0.0790848
0.0785282
0.0779727
0.0774182
0.0768647
0.0763123
0.0757609
0.0752107
0.0746615
0.0741134
0.0735664
0.0730205
0.0724757
0.0719321
0.0713896
0.0708483
0.0703081
0.0697691
0.0692313
0.0686947
0.0681593
0.0676251
0.0670921
0.0665604
0.0660299
0.0655007
0.0649727
0.064446
0.0639206
0.0633966
0.0628738
0.0623524
0.0618323
0.0613135
0.0607962
0.0602802
0.0597655
0.0592523
0.0587405
0.0582302
0.0577213
0.0572138
0.0567078
0.0562033
0.0557002
0.0551987
0.0546987
0.0542002
0.0537033
0.053208
0.0527142
0.052222
0.0517314
0.0512425
0.0507551
0.0502694
0.0497854
0.0493031
0.0488225
0.0483435
0.0478663
0.0473909
0.0469172
0.0464452
0.0459751
0.0455067
0.0450402
0.0445755
0.0441127
0.0436517
0.0431926
0.0427355
0.0422802
0.0418269
0.0413755
0.0409261
0.0404787
0.0400333
0.0395899
0.0391485
0.0387092
0.038272
0.0378369
0.0374038
0.0369729
0.0365442
0.0361176
0.0356932
0.0352709
0.0348509
0.0344332
0.0340176
0.0336044
0.0331934
0.0327848
0.0323784
0.0319744
0.0315728
0.0311736
0.0307767
0.0303822
0.0299902
0.0296007
0.0292136
0.0288289
0.0284468
0.0280672
0.0276902
0.0273156
0.0269437
0.0265744
0.0262076
0.0258435
0.025482
0.0251232
0.024767
0.0244136
0.0240628
0.0237147
0.0233694
0.0230269
0.0226871
0.02235
0.0220158
0.0216844
0.0213558
0.02103
0.0207071
0.020387
0.0200699
0.0197555
0.0194441
0.0191356
0.01883
0.0185274
0.0182277
0.0179309
0.0176371
0.0173462
0.0170583
0.0167734
0.0164915
0.0162126
0.0159366
0.0156637
0.0153938
0.0151269
0.014863
0.0146021
0.0143443
0.0140894
0.0138376
0.0135888
0.013343
0.0131003
0.0128606
0.0126238
0.0123901
0.0121594
0.0119318
0.0117071
0.0114854
0.0112667
0.0110509
0.0108382
0.0106284
0.0104215
0.0102176
0.0100167
0.00981861
0.00962346
0.00943122
0.00924186
0.00905536
0.00887172
0.00869091
0.00851292
0.00833774
0.00816534
0.00799571
0.00782883
0.00766468
0.00750324
0.00734449
0.0071884
0.00703496
0.00688415
0.00673594
0.00659031
0.00644723
0.00630669
0.00616865
0.00603309
0.0059
0.00576933
0.00564107
0.00551518
0.00539165
0.00527045
0.00515154
0.0050349
0.00492051
0.00480833
0.00469834
0.00459051
0.00448481
0.00438121
0.00427969
0.00418021
0.00408275
0.00398727
0.00389375
0.00380216
0.00371247
0.00362466
0.00353868
0.00345452
0.00337214
0.00329152
0.00321263
0.00313544
0.00305992
0.00298604
0.00291377
0.00284309
0.00277397
0.00270638
0.00264029
0.00257569
0.00251253
0.00245079
0.00239045
0.00233148
0.00227386
0.00221755
0.00216254
0.0021088
0.0020563
0.00200502
0.00195493
0.00190602
0.00185825
0.00181161
0.00176606
0.0017216
0.00167819
0.00163581
0.00159445
0.00155407
0.00151467
0.00147622
0.00143869
0.00140207
0.00136634
0.00133148
0.00129747
0.00126428
0.00123192
0.00120034
0.00116954
0.00113951
0.00111021
0.00108164
0.00105377
0.0010266
0.00100011
0.000974274
0.000949085
0.000924526
0.000900583
0.000877241
0.000854486
0.000832304
0.000810681
0.000789605
0.000769062
0.000749039
0.000729524
0.000710505
0.00069197
0.000673907
0.000656304
0.000639151
0.000622437
0.00060615
0.00059028
0.000574818
0.000559752
0.000545074
0.000530773
0.000516841
0.000503268
0.000490045
0.000477164
0.000464616
0.000452393
0.000440486
0.000428887
0.00041759
0.000406586
0.000395867
0.000385428
0.00037526
0.000365357
0.000355712
0.000346318
0.000337169
0.00032826
0.000319583
0.000311133
0.000302904
0.00029489
0.000287086
0.000279487
0.000272086
0.00026488
0.000257863
0.00025103
0.000244377
0.000237899
0.00023159
0.000225448
0.000219468
0.000213644
0.000207975
0.000202454
0.000197079
0.000191846
0.000186751
0.00018179
0.00017696
0.000172258
0.00016768
0.000163223
0.000158883
0.000154659
0.000150546
0.000146542
0.000142644
0.000138849
0.000135154
0.000131558
0.000128056
0.000124648
0.00012133
0.000118099
0.000114955
0.000111893
0.000108913
0.000106012
0.000103188
0.000100439
9.77633e-05
9.51583e-05
9.26225e-05
9.0154e-05
8.77511e-05
8.54121e-05
8.31352e-05
8.09189e-05
7.87614e-05
7.66614e-05
7.46171e-05
7.26273e-05
7.06903e-05
6.88049e-05
6.69697e-05
6.51833e-05
6.34445e-05
6.17519e-05
6.01044e-05
5.85007e-05
5.69398e-05
5.54204e-05
5.39415e-05
5.25019e-05
5.11008e-05
4.97369e-05
4.84094e-05
4.71172e-05
4.58595e-05
4.46353e-05
4.34438e-05
4.2284e-05
4.11551e-05
4.00563e-05
3.89868e-05
3.79458e-05
3.69326e-05
3.59464e-05
3.49865e-05
3.40522e-05
3.31428e-05
3.22577e-05
3.13962e-05
3.05576e-05
2.97415e-05
2.89471e-05
2.81739e-05
2.74214e-05
2.66889e-05
2.5976e-05
2.52821e-05
2.46067e-05
2.39494e-05
2.33096e-05
2.26868e-05
2.20807e-05
2.14908e-05
2.09166e-05
2.03578e-05
1.98139e-05
1.92845e-05
1.87692e-05
1.82677e-05
1.77796e-05
1.73045e-05
1.68421e-05
1.6392e-05
1.5954e-05
1.55277e-05
1.51127e-05
1.47089e-05
1.43158e-05
1.39332e-05
1.35609e-05
1.31985e-05
1.28457e-05
1.25024e-05
1.21683e-05
1.18431e-05
1.15266e-05
1.12185e-05
1.09187e-05
1.06268e-05
1.03428e-05
1.00664e-05
9.79732e-06
9.53546e-06
9.28059e-06
9.03253e-06
8.79111e-06
8.55613e-06
8.32743e-06
8.10484e-06
7.8882e-06
7.67735e-06
7.47213e-06
7.2724e-06
7.078e-06
6.8888e-06
6.70466e-06
6.52544e-06
6.35101e-06
6.18123e-06
6.016e-06
5.85518e-06
5.69866e-06
5.54633e-06
5.39806e-06
5.25376e-06
5.11331e-06
4.97662e-06
4.84358e-06
4.7141e-06
4.58808e-06
4.46543e-06
4.34605e-06
4.22987e-06
4.11679e-06
4.00673e-06
3.89962e-06
3.79537e-06
3.6939e-06
3.59515e-06
3.49904e-06
3.40549e-06
3.31445e-06
3.22584e-06
3.1396e-06
3.05567e-06
2.97397e-06
2.89447e-06
2.81708e-06
2.74177e-06
2.66847e-06
2.59713e-06
2.52769e-06
2.46012e-06
2.39435e-06
2.33033e-06
2.26803e-06
2.20739e-06
2.14838e-06
2.09094e-06
2.03504e-06
1.98063e-06
1.92768e-06
1.87614e-06
1.82598e-06
1.77716e-06
1.72965e-06
1.68341e-06
1.6384e-06
1.59459e-06
1.55196e-06
1.51047e-06
1.47009e-06
1.43078e-06
1.39253e-06
1.3553e-06
1.31906e-06
1.2838e-06
1.24947e-06
1.21607e-06
1.18355e-06
1.15191e-06
1.12111e-06
1.09114e-06
1.06196e-06
1.03357e-06
1.00594e-06
9.79042e-07
9.52866e-07
9.2739e-07
9.02594e-07
8.78462e-07
8.54975e-07
8.32116e-07
8.09868e-07
7.88215e-07
7.67141e-07
7.4663e-07
7.26668e-07
7.07239e-07
6.8833e-07
6.69926e-07
6.52015e-07
6.34582e-07
6.17615e-07
6.01102e-07
5.85031e-07
5.69389e-07
5.54165e-07
5.39349e-07
5.24928e-07
5.10893e-07
4.97234e-07
4.83939e-07
4.71e-07
4.58407e-07
4.46151e-07
4.34222e-07
4.22612e-07
4.11313e-07
4.00316e-07
3.89612e-07
3.79195e-07
3.69057e-07
3.59189e-07
3.49586e-07
3.40239e-07
3.31142e-07
3.22288e-07
3.13671e-07
3.05284e-07
2.97122e-07
2.89178e-07
2.81446e-07
2.73921e-07
2.66597e-07
2.59469e-07
2.52532e-07
2.4578e-07
2.39208e-07
2.32813e-07
2.26588e-07
2.2053e-07
2.14633e-07
2.08895e-07
2.03309e-07
1.97873e-07
1.92583e-07
1.87434e-07
1.82422e-07
1.77545e-07
1.72798e-07
1.68178e-07
1.63681e-07
1.59305e-07
1.55045e-07
1.509e-07
1.46865e-07
1.42938e-07
1.39117e-07
1.35397e-07
1.31777e-07
1.28254e-07
1.24825e-07
1.21487e-07
1.18239e-07
1.15077e-07
1.12001e-07
1.09006e-07
1.06091e-07
1.03255e-07
1.00494e-07
9.78072e-08
9.51921e-08
9.26469e-08
9.01698e-08
8.77589e-08
8.54125e-08
8.31288e-08
8.09062e-08
7.8743e-08
7.66376e-08
7.45885e-08
7.25942e-08
7.06532e-08
6.87642e-08
6.69256e-08
6.51362e-08
6.33946e-08
6.16996e-08
6.005e-08
5.84444e-08
5.68817e-08
5.53609e-08
5.38807e-08
5.24401e-08
5.1038e-08
4.96733e-08
4.83452e-08
4.70526e-08
4.57945e-08
4.45701e-08
4.33784e-08
4.22186e-08
4.10898e-08
3.99912e-08
3.89219e-08
3.78812e-08
3.68684e-08
3.58826e-08
3.49232e-08
3.39895e-08
3.30807e-08
3.21962e-08
3.13354e-08
3.04975e-08
2.96821e-08
2.88885e-08
2.81161e-08
2.73644e-08
2.66327e-08
2.59206e-08
2.52276e-08
2.45531e-08
2.38966e-08
2.32576e-08
2.26358e-08
2.20306e-08
2.14415e-08
2.08682e-08
2.03103e-08
1.97672e-08
1.92387e-08
1.87243e-08
1.82237e-08
1.77364e-08
1.72622e-08
1.68007e-08
1.63515e-08
1.59143e-08
1.54888e-08
1.50746e-08
1.46716e-08
1.42793e-08
1.38975e-08
1.35259e-08
1.31643e-08
1.28123e-08
1.24697e-08
1.21363e-08
1.18118e-08
1.1496e-08
1.11887e-08
1.08895e-08
1.05983e-08
1.0315e-08
1.00392e-08
9.77075e-09
9.50951e-09
9.25525e-09
9.00779e-09
8.76695e-09
8.53254e-09
8.30441e-09
8.08237e-09
7.86627e-09
7.65594e-09
7.45124e-09
7.25202e-09
7.05812e-09
6.8694e-09
6.68573e-09
6.50698e-09
6.333e-09
6.16367e-09
5.99887e-09
5.83848e-09
5.68237e-09
5.53044e-09
5.38257e-09
5.23865e-09
5.09859e-09
4.96226e-09
4.82959e-09
4.70046e-09
4.57478e-09
4.45246e-09
4.33341e-09
4.21755e-09
4.10478e-09
3.99503e-09
3.88822e-09
3.78426e-09
3.68308e-09
3.5846e-09
3.48876e-09
3.39548e-09
3.30469e-09
3.21633e-09
3.13034e-09
3.04664e-09
2.96518e-09
2.8859e-09
2.80874e-09
2.73364e-09
2.66055e-09
2.58941e-09
2.52018e-09
2.4528e-09
2.38722e-09
2.32339e-09
2.26127e-09
2.20081e-09
2.14196e-09
2.08469e-09
2.02895e-09
1.97471e-09
1.92191e-09
1.87052e-09
1.82051e-09
1.77183e-09
1.72446e-09
1.67835e-09
1.63348e-09
1.5898e-09
1.54729e-09
1.50592e-09
1.46566e-09
1.42647e-09
1.38833e-09
1.35121e-09
1.31508e-09
1.27992e-09
1.2457e-09
1.21239e-09
1.17998e-09
1.14843e-09
1.11772e-09
1.08784e-09
1.05875e-09
1.03044e-09
1.00289e-09
9.76077e-10
9.49979e-10
9.24579e-10
8.99859e-10
8.75799e-10
8.52382e-10
8.29592e-10
8.07411e-10
7.85823e-10
7.64812e-10
7.44363e-10
7.24461e-10
7.05091e-10
6.86238e-10
6.6789e-10
6.50033e-10
6.32652e-10
6.15737e-10
5.99274e-10
5.83251e-10
5.67656e-10
5.52479e-10
5.37707e-10
5.2333e-10
5.09338e-10
4.95719e-10
4.82465e-10
4.69565e-10
4.5701e-10
4.44791e-10
4.32899e-10
4.21324e-10
4.10059e-10
3.99095e-10
3.88424e-10
3.78039e-10
3.67931e-10
3.58094e-10
3.48519e-10
3.39201e-10
3.30131e-10
3.21305e-10
3.12714e-10
3.04353e-10
2.96215e-10
2.88295e-10
2.80587e-10
2.73085e-10
2.65783e-10
2.58677e-10
2.5176e-10
2.45029e-10
2.38478e-10
2.32101e-10
2.25896e-10
2.19856e-10
2.13977e-10
2.08256e-10
2.02688e-10
1.97269e-10
1.91994e-10
1.86861e-10
1.81865e-10
1.77002e-10
1.7227e-10
1.67664e-10
1.63181e-10
1.58818e-10
1.54571e-10
1.50438e-10
1.46416e-10
1.42501e-10
1.38691e-10
1.34983e-10
1.31374e-10
1.27861e-10
1.24443e-10
1.21115e-10
1.17877e-10
1.14725e-10
1.11658e-10
1.08673e-10
1.05767e-10
1.02939e-10
1.00187e-10
9.75079e-11
9.49008e-11
9.23634e-11
8.98939e-11
8.74904e-11
8.51511e-11
8.28744e-11
8.06586e-11
7.8502e-11
7.6403e-11
7.43602e-11
7.2372e-11
7.0437e-11
6.85537e-11
6.67208e-11
6.49368e-11
6.32006e-11
6.15108e-11
5.98661e-11
5.82655e-11
5.67076e-11
5.51914e-11
5.37157e-11
5.22795e-11
5.08817e-11
4.95213e-11
4.81972e-11
4.69085e-11
4.56543e-11
4.44336e-11
4.32456e-11
4.20893e-11
4.0964e-11
3.98687e-11
3.88027e-11
3.77653e-11
3.67555e-11
3.57728e-11
3.48163e-11
3.38854e-11
3.29794e-11
3.20976e-11
3.12394e-11
3.04042e-11
2.95912e-11
2.88e-11
2.803e-11
2.72806e-11
2.65511e-11
2.58412e-11
2.51503e-11
2.44779e-11
2.38234e-11
2.31864e-11
2.25665e-11
2.19631e-11
2.13759e-11
2.08043e-11
2.02481e-11
1.97067e-11
1.91798e-11
1.8667e-11
1.81679e-11
1.76821e-11
1.72093e-11
1.67492e-11
1.63014e-11
1.58655e-11
1.54413e-11
1.50285e-11
1.46266e-11
1.42356e-11
1.38549e-11
1.34845e-11
1.3124e-11
1.27731e-11
1.24315e-11
1.20992e-11
1.17757e-11
1.14608e-11
1.11544e-11
1.08561e-11
1.05659e-11
1.02834e-11
1.00084e-11
9.74083e-12
9.48038e-12
9.2269e-12
8.9802e-12
8.74009e-12
8.50641e-12
8.27897e-12
8.05761e-12
7.84217e-12
7.63249e-12
7.42842e-12
7.2298e-12
7.0365e-12
6.84836e-12
6.66526e-12
6.48704e-12
6.3136e-12
6.14479e-12
5.98049e-12
5.82059e-12
5.66496e-12
5.5135e-12
5.36608e-12
5.22261e-12
5.08297e-12
4.94706e-12
4.81479e-12
4.68606e-12
4.56077e-12
4.43882e-12
4.32014e-12
4.20463e-12
4.09221e-12
3.9828e-12
3.87631e-12
3.77266e-12
3.67179e-12
3.57362e-12
3.47807e-12
3.38508e-12
3.29457e-12
3.20648e-12
3.12075e-12
3.03731e-12
2.9561e-12
2.87706e-12
2.80014e-12
2.72527e-12
2.6524e-12
2.58148e-12
2.51246e-12
2.44528e-12
2.3799e-12
2.31627e-12
2.25434e-12
2.19407e-12
2.1354e-12
2.07831e-12
2.02274e-12
1.96866e-12
1.91602e-12
1.86479e-12
1.81493e-12
1.7664e-12
1.71918e-12
1.67321e-12
1.62847e-12
1.58493e-12
1.54255e-12
1.50131e-12
1.46117e-12
1.4221e-12
1.38408e-12
1.34707e-12
1.31106e-12
1.276e-12
1.24188e-12
1.20868e-12
1.17636e-12
1.14491e-12
1.1143e-12
1.0845e-12
1.05551e-12
1.02729e-12
9.9982e-13
9.73087e-13
9.47069e-13
9.21747e-13
8.97102e-13
8.73116e-13
8.49771e-13
8.27051e-13
8.04937e-13
7.83416e-13
7.62469e-13
7.42083e-13
7.22241e-13
7.02931e-13
6.84136e-13
6.65844e-13
6.48041e-13
6.30714e-13
6.13851e-13
5.97438e-13
5.81464e-13
5.65917e-13
5.50786e-13
5.3606e-13
5.21727e-13
5.07777e-13
4.94201e-13
4.80987e-13
4.68127e-13
4.5561e-13
4.43429e-13
4.31572e-13
4.20033e-13
4.08803e-13
3.97873e-13
3.87234e-13
3.76881e-13
3.66804e-13
3.56997e-13
3.47452e-13
3.38162e-13
3.2912e-13
3.2032e-13
3.11756e-13
3.0342e-13
2.95308e-13
2.87412e-13
2.79727e-13
2.72248e-13
2.64969e-13
2.57884e-13
2.50989e-13
2.44278e-13
2.37747e-13
2.3139e-13
2.25204e-13
2.19182e-13
2.13322e-13
2.07618e-13
2.02067e-13
1.96664e-13
1.91406e-13
1.86288e-13
1.81308e-13
1.7646e-13
1.71742e-13
1.6715e-13
1.62681e-13
1.58331e-13
1.54098e-13
1.49978e-13
1.45968e-13
1.42065e-13
1.38266e-13
1.3457e-13
1.30971e-13
1.2747e-13
1.24061e-13
1.20744e-13
1.17516e-13
1.14374e-13
1.11316e-13
1.0834e-13
1.05443e-13
1.02624e-13
9.98798e-14
9.72092e-14
9.46101e-14
9.20805e-14
8.96185e-14
8.72224e-14
8.48903e-14
8.26205e-14
8.04115e-14
7.82615e-14
7.6169e-14
7.41324e-14
7.21503e-14
7.02212e-14
6.83437e-14
6.65164e-14
6.47379e-14
6.3007e-14
6.13223e-14
5.96827e-14
5.8087e-14
5.65339e-14
5.50223e-14
5.35512e-14
5.21194e-14
5.07258e-14
4.93696e-14
4.80495e-14
4.67648e-14
4.55145e-14
4.42975e-14
4.31131e-14
4.19604e-14
4.08385e-14
3.97466e-14
3.86839e-14
3.76496e-14
3.66429e-14
3.56632e-14
3.47096e-14
3.37816e-14
3.28784e-14
3.19993e-14
3.11437e-14
3.0311e-14
2.95006e-14
2.87118e-14
2.79441e-14
2.7197e-14
2.64698e-14
2.57621e-14
2.50733e-14
2.44029e-14
2.37504e-14
2.31154e-14
2.24973e-14
2.18958e-14
2.13104e-14
2.07406e-14
2.01861e-14
1.96463e-14
1.9121e-14
1.86098e-14
1.81122e-14
1.7628e-14
1.71566e-14
1.66979e-14
1.62514e-14
1.58169e-14
1.5394e-14
1.49824e-14
1.45818e-14
1.4192e-14
1.38125e-14
1.34432e-14
1.30838e-14
1.27339e-14
1.23935e-14
1.20621e-14
1.17396e-14
1.14257e-14
1.11202e-14
1.08229e-14
1.05335e-14
1.02519e-14
9.97777e-15
9.71099e-15
9.45134e-15
9.19864e-15
8.95269e-15
8.71332e-15
8.48035e-15
8.25361e-15
8.03293e-15
7.81815e-15
7.60911e-15
7.40567e-15
7.20766e-15
7.01494e-15
6.82738e-15
6.64484e-15
6.46717e-15
6.29426e-15
6.12597e-15
5.96217e-15
5.80276e-15
5.64761e-15
5.49661e-15
5.34964e-15
5.20661e-15
5.0674e-15
4.93191e-15
4.80004e-15
4.6717e-15
4.54679e-15
4.42523e-15
4.30691e-15
4.19175e-15
4.07968e-15
3.9706e-15
3.86443e-15
3.76111e-15
3.66055e-15
3.56267e-15
3.46742e-15
3.37471e-15
3.28448e-15
3.19666e-15
3.11119e-15
3.028e-15
2.94704e-15
2.86825e-15
2.79156e-15
2.71692e-15
2.64428e-15
2.57357e-15
2.50476e-15
2.43779e-15
2.37261e-15
2.30918e-15
2.24743e-15
2.18734e-15
2.12886e-15
2.07194e-15
2.01654e-15
1.96263e-15
1.91015e-15
1.85908e-15
1.80937e-15
1.76099e-15
1.71391e-15
1.66808e-15
1.62348e-15
1.58008e-15
1.53783e-15
1.49671e-15
1.45669e-15
1.41775e-15
1.37984e-15
1.34295e-15
1.30704e-15
1.27209e-15
1.23808e-15
1.20498e-15
1.17276e-15
1.1414e-15
1.11088e-15
1.08118e-15
1.05227e-15
1.02414e-15
9.96757e-16
9.70106e-16
9.44168e-16
9.18924e-16
8.94354e-16
8.70441e-16
8.47168e-16
8.24517e-16
8.02472e-16
7.81016e-16
7.60133e-16
7.3981e-16
7.20029e-16
7.00777e-16
6.8204e-16
6.63804e-16
6.46056e-16
6.28782e-16
6.1197e-16
5.95608e-16
5.79683e-16
5.64184e-16
5.49099e-16
5.34418e-16
5.20129e-16
5.06222e-16
4.92687e-16
4.79514e-16
4.66693e-16
4.54215e-16
4.4207e-16
4.3025e-16
4.18747e-16
4.0755e-16
3.96654e-16
3.86048e-16
3.75726e-16
3.6568e-16
3.55903e-16
3.46387e-16
3.37126e-16
3.28112e-16
3.19339e-16
3.10801e-16
3.02491e-16
2.94403e-16
2.86531e-16
2.7887e-16
2.71414e-16
2.64157e-16
2.57094e-16
2.5022e-16
2.4353e-16
2.37019e-16
2.30682e-16
2.24514e-16
2.18511e-16
2.12668e-16
2.06982e-16
2.01448e-16
1.96062e-16
1.9082e-16
1.85718e-16
1.80752e-16
1.75919e-16
1.71216e-16
1.66638e-16
1.62182e-16
1.57846e-16
1.53626e-16
1.49518e-16
1.4552e-16
1.4163e-16
1.37843e-16
1.34157e-16
1.3057e-16
1.27079e-16
1.23681e-16
1.20375e-16
1.17156e-16
1.14024e-16
1.10975e-16
1.08008e-16
1.0512e-16
1.02309e-16
9.95738e-17
9.69114e-17
9.43203e-17
9.17984e-17
8.9344e-17
8.69552e-17
8.46302e-17
8.23674e-17
8.01651e-17
7.80217e-17
7.59356e-17
7.39053e-17
7.19293e-17
7.00061e-17
6.81343e-17
6.63126e-17
6.45396e-17
6.2814e-17
6.11345e-17
5.94999e-17
5.7909e-17
5.63607e-17
5.48538e-17
5.33871e-17
5.19597e-17
5.05704e-17
4.92183e-17
4.79024e-17
4.66216e-17
4.5375e-17
4.41618e-17
4.29811e-17
4.18319e-17
4.07134e-17
3.96248e-17
3.85654e-17
3.75342e-17
3.65307e-17
3.55539e-17
3.46033e-17
3.36781e-17
3.27777e-17
3.19013e-17
3.10483e-17
3.02182e-17
2.94102e-17
2.86239e-17
2.78585e-17
2.71137e-17
2.63887e-17
2.56832e-17
2.49965e-17
2.43281e-17
2.36777e-17
2.30446e-17
2.24284e-17
2.18287e-17
2.12451e-17
2.06771e-17
2.01242e-17
1.95862e-17
1.90625e-17
1.85528e-17
1.80567e-17
1.7574e-17
1.71041e-17
1.66468e-17
1.62017e-17
1.57685e-17
1.53469e-17
1.49365e-17
1.45372e-17
1.41485e-17
1.37702e-17
1.3402e-17
1.30437e-17
1.26949e-17
1.23555e-17
1.20251e-17
1.17036e-17
1.13907e-17
1.10861e-17
1.07897e-17
1.05012e-17
1.02205e-17
9.9472e-18
9.68124e-18
9.42239e-18
9.17046e-18
8.92527e-18
8.68663e-18
8.45437e-18
8.22832e-18
8.00832e-18
7.7942e-18
7.5858e-18
7.38298e-18
7.18558e-18
6.99345e-18
6.80647e-18
6.62448e-18
6.44736e-18
6.27498e-18
6.1072e-18
5.94391e-18
5.78499e-18
5.63031e-18
5.47977e-18
5.33326e-18
5.19066e-18
5.05187e-18
4.9168e-18
4.78534e-18
4.65739e-18
4.53287e-18
4.41167e-18
4.29371e-18
4.17891e-18
4.06718e-18
3.95843e-18
3.85259e-18
3.74959e-18
3.64933e-18
3.55176e-18
3.45679e-18
3.36437e-18
3.27441e-18
3.18687e-18
3.10166e-18
3.01873e-18
2.93801e-18
2.85946e-18
2.78301e-18
2.7086e-18
2.63617e-18
2.56569e-18
2.49709e-18
2.43033e-18
2.36535e-18
2.3021e-18
2.24055e-18
2.18064e-18
2.12234e-18
2.06559e-18
2.01037e-18
1.95661e-18
1.9043e-18
1.85338e-18
1.80383e-18
1.7556e-18
1.70866e-18
1.66297e-18
1.61851e-18
1.57524e-18
1.53312e-18
1.49213e-18
1.45223e-18
1.4134e-18
1.37561e-18
1.33883e-18
1.30303e-18
1.2682e-18
1.23429e-18
1.20129e-18
1.16917e-18
1.13791e-18
1.10748e-18
1.07787e-18
1.04905e-18
1.021e-18
9.93703e-19
9.67134e-19
9.41276e-19
9.16109e-19
8.91614e-19
8.67775e-19
8.44573e-19
8.21991e-19
8.00013e-19
7.78623e-19
7.57805e-19
7.37543e-19
7.17823e-19
6.98631e-19
6.79951e-19
6.61771e-19
6.44077e-19
6.26856e-19
6.10096e-19
5.93783e-19
5.77907e-19
5.62455e-19
5.47417e-19
5.3278e-19
5.18535e-19
5.04671e-19
4.91178e-19
4.78045e-19
4.65263e-19
4.52823e-19
4.40716e-19
4.28932e-19
4.17464e-19
4.06302e-19
3.95439e-19
3.84866e-19
3.74575e-19
3.6456e-19
3.54813e-19
3.45326e-19
3.36093e-19
3.27107e-19
3.18361e-19
3.09849e-19
3.01564e-19
2.93501e-19
2.85654e-19
2.78016e-19
2.70583e-19
2.63348e-19
2.56307e-19
2.49454e-19
2.42784e-19
2.36293e-19
2.29975e-19
2.23826e-19
2.17841e-19
2.12017e-19
2.06348e-19
2.00831e-19
1.95461e-19
1.90235e-19
1.85149e-19
1.80198e-19
1.7538e-19
1.70691e-19
1.66127e-19
1.61686e-19
1.57363e-19
1.53155e-19
1.4906e-19
1.45075e-19
1.41196e-19
1.37421e-19
1.33746e-19
1.3017e-19
1.2669e-19
1.23303e-19
1.20006e-19
1.16797e-19
1.13674e-19
1.10635e-19
1.07677e-19
1.04798e-19
1.01996e-19
9.92688e-20
9.66146e-20
9.40314e-20
9.15172e-20
8.90703e-20
8.66888e-20
8.4371e-20
8.21151e-20
7.99196e-20
7.77827e-20
7.5703e-20
7.36789e-20
7.1709e-20
6.97916e-20
6.79256e-20
6.61095e-20
6.43419e-20
6.26215e-20
6.09472e-20
5.93176e-20
5.77316e-20
5.61881e-20
5.46857e-20
5.32236e-20
5.18005e-20
5.04155e-20
4.90675e-20
4.77556e-20
4.64788e-20
4.5236e-20
4.40265e-20
4.28494e-20
4.17037e-20
4.05887e-20
3.95034e-20
3.84472e-20
3.74192e-20
3.64188e-20
3.5445e-20
3.44973e-20
3.35749e-20
3.26772e-20
3.18035e-20
3.09532e-20
3.01256e-20
2.93201e-20
2.85362e-20
2.77732e-20
2.70306e-20
2.63079e-20
2.56045e-20
2.49199e-20
2.42536e-20
2.36051e-20
2.2974e-20
2.23597e-20
2.17619e-20
2.118e-20
2.06137e-20
2.00626e-20
1.95262e-20
1.90041e-20
1.8496e-20
1.80014e-20
1.75201e-20
1.70517e-20
1.65958e-20
1.6152e-20
1.57202e-20
1.52999e-20
1.48908e-20
1.44926e-20
1.41051e-20
1.3728e-20
1.3361e-20
1.30037e-20
1.2656e-20
1.23177e-20
1.19883e-20
1.16678e-20
1.13558e-20
1.10522e-20
1.07567e-20
1.04691e-20
1.01892e-20
9.91673e-21
9.65158e-21
9.39352e-21
9.14237e-21
8.89792e-21
8.66002e-21
8.42847e-21
8.20312e-21
7.98379e-21
7.77032e-21
7.56256e-21
7.36036e-21
7.16357e-21
6.97203e-21
6.78562e-21
6.60419e-21
6.42761e-21
6.25575e-21
6.08849e-21
5.9257e-21
5.76726e-21
5.61306e-21
5.46298e-21
5.31692e-21
5.17476e-21
5.0364e-21
4.90174e-21
4.77068e-21
4.64312e-21
4.51898e-21
4.39815e-21
4.28056e-21
4.16611e-21
4.05472e-21
3.94631e-21
3.84079e-21
3.7381e-21
3.63815e-21
3.54088e-21
3.4462e-21
3.35406e-21
3.26438e-21
3.1771e-21
3.09216e-21
3.00948e-21
2.92901e-21
2.8507e-21
2.77448e-21
2.7003e-21
2.6281e-21
2.55783e-21
2.48944e-21
2.42288e-21
2.3581e-21
2.29505e-21
2.23369e-21
2.17396e-21
2.11584e-21
2.05927e-21
2.00421e-21
1.95062e-21
1.89847e-21
1.84771e-21
1.7983e-21
1.75022e-21
1.70342e-21
1.65788e-21
1.61355e-21
1.57041e-21
1.52842e-21
1.48756e-21
1.44778e-21
1.40907e-21
1.3714e-21
1.33473e-21
1.29904e-21
1.26431e-21
1.23051e-21
1.19761e-21
1.16558e-21
1.13442e-21
1.10409e-21
1.07457e-21
1.04584e-21
1.01787e-21
9.90659e-22
9.64172e-22
9.38392e-22
9.13302e-22
8.88883e-22
8.65117e-22
8.41986e-22
8.19473e-22
7.97563e-22
7.76238e-22
7.55483e-22
7.35284e-22
7.15624e-22
6.9649e-22
6.77868e-22
6.59744e-22
6.42104e-22
6.24936e-22
6.08227e-22
5.91964e-22
5.76137e-22
5.60732e-22
5.4574e-22
5.31148e-22
5.16947e-22
5.03125e-22
4.89673e-22
4.7658e-22
4.63838e-22
4.51436e-22
4.39366e-22
4.27618e-22
4.16185e-22
4.05057e-22
3.94227e-22
3.83687e-22
3.73428e-22
3.63443e-22
3.53726e-22
3.44268e-22
3.35063e-22
3.26105e-22
3.17386e-22
3.089e-22
3.0064e-22
2.92602e-22
2.84779e-22
2.77164e-22
2.69754e-22
2.62541e-22
2.55522e-22
2.4869e-22
2.4204e-22
2.35569e-22
2.2927e-22
2.2314e-22
2.17174e-22
2.11367e-22
2.05716e-22
2.00216e-22
1.94863e-22
1.89652e-22
1.84582e-22
1.79646e-22
1.74843e-22
1.70168e-22
1.65618e-22
1.6119e-22
1.5688e-22
1.52686e-22
1.48604e-22
1.4463e-22
1.40763e-22
1.37e-22
1.33337e-22
1.29772e-22
1.26302e-22
1.22925e-22
1.19638e-22
1.16439e-22
1.13326e-22
1.10296e-22
1.07347e-22
1.04477e-22
1.01683e-22
9.89647e-23
9.63186e-23
9.37433e-23
9.12369e-23
8.87974e-23
8.64232e-23
8.41125e-23
8.18636e-23
7.96747e-23
7.75445e-23
7.54711e-23
7.34532e-23
7.14893e-23
6.95779e-23
6.77175e-23
6.59069e-23
6.41448e-23
6.24297e-23
6.07605e-23
5.91359e-23
5.75548e-23
5.60159e-23
5.45182e-23
5.30605e-23
5.16418e-23
5.02611e-23
4.89172e-23
4.76093e-23
4.63364e-23
4.50975e-23
4.38917e-23
4.27181e-23
4.1576e-23
4.04643e-23
3.93824e-23
3.83294e-23
3.73046e-23
3.63072e-23
3.53364e-23
3.43916e-23
3.34721e-23
3.25771e-23
3.17061e-23
3.08584e-23
3.00333e-23
2.92303e-23
2.84488e-23
2.76881e-23
2.69478e-23
2.62273e-23
2.5526e-23
2.48435e-23
2.41793e-23
2.35328e-23
2.29036e-23
2.22912e-23
2.16952e-23
2.11151e-23
2.05506e-23
2.00011e-23
1.94663e-23
1.89459e-23
1.84393e-23
1.79463e-23
1.74664e-23
1.69994e-23
1.65449e-23
1.61026e-23
1.5672e-23
1.5253e-23
1.48452e-23
1.44482e-23
1.40619e-23
1.3686e-23
1.332e-23
1.29639e-23
1.26173e-23
1.22799e-23
1.19516e-23
1.1632e-23
1.1321e-23
1.10183e-23
1.07237e-23
1.0437e-23
1.01579e-23
9.88635e-24
9.62202e-24
9.36475e-24
9.11436e-24
8.87067e-24
8.63349e-24
8.40265e-24
8.17799e-24
7.95933e-24
7.74652e-24
7.5394e-24
7.33781e-24
7.14162e-24
6.95067e-24
6.76483e-24
6.58396e-24
6.40792e-24
6.23659e-24
6.06984e-24
5.90755e-24
5.7496e-24
5.59587e-24
5.44625e-24
5.30063e-24
5.15891e-24
5.02097e-24
4.88672e-24
4.75607e-24
4.6289e-24
4.50514e-24
4.38468e-24
4.26745e-24
4.15335e-24
4.0423e-24
3.93422e-24
3.82903e-24
3.72665e-24
3.62701e-24
3.53003e-24
3.43565e-24
3.34379e-24
3.25438e-24
3.16737e-24
3.08268e-24
3.00026e-24
2.92004e-24
2.84197e-24
2.76598e-24
2.69203e-24
2.62005e-24
2.55e-24
2.48182e-24
2.41546e-24
2.35088e-24
2.28802e-24
2.22684e-24
2.1673e-24
2.10936e-24
2.05296e-24
1.99807e-24
1.94464e-24
1.89265e-24
1.84205e-24
1.79279e-24
1.74486e-24
1.69821e-24
1.6528e-24
1.60861e-24
1.5656e-24
1.52374e-24
1.483e-24
1.44335e-24
1.40476e-24
1.3672e-24
1.33064e-24
1.29506e-24
1.26044e-24
1.22674e-24
1.19394e-24
1.16201e-24
1.13094e-24
1.10071e-24
1.07128e-24
1.04263e-24
1.01476e-24
9.87624e-25
9.61218e-25
9.35518e-25
9.10504e-25
8.8616e-25
8.62466e-25
8.39406e-25
8.16963e-25
7.95119e-25
7.7386e-25
7.53169e-25
7.33031e-25
7.13432e-25
6.94357e-25
6.75792e-25
6.57723e-25
6.40137e-25
6.23021e-25
6.06364e-25
5.90151e-25
5.74372e-25
5.59015e-25
5.44068e-25
5.29521e-25
5.15363e-25
5.01584e-25
4.88173e-25
4.7512e-25
4.62417e-25
4.50053e-25
4.3802e-25
4.26308e-25
4.1491e-25
4.03817e-25
3.9302e-25
3.82511e-25
3.72284e-25
3.6233e-25
3.52642e-25
3.43214e-25
3.34037e-25
3.25106e-25
3.16413e-25
3.07953e-25
2.99719e-25
2.91706e-25
2.83906e-25
2.76315e-25
2.68927e-25
2.61737e-25
2.54739e-25
2.47928e-25
2.41299e-25
2.34847e-25
2.28568e-25
2.22457e-25
2.16509e-25
2.1072e-25
2.05086e-25
1.99602e-25
1.94266e-25
1.89071e-25
1.84016e-25
1.79096e-25
1.74308e-25
1.69647e-25
1.65111e-25
1.60697e-25
1.564e-25
1.52218e-25
1.48148e-25
1.44187e-25
1.40332e-25
1.3658e-25
1.32928e-25
1.29374e-25
1.25915e-25
1.22548e-25
1.19272e-25
1.16083e-25
1.12979e-25
1.09958e-25
1.07018e-25
1.04157e-25
1.01372e-25
9.86615e-26
9.60235e-26
9.34561e-26
9.09574e-26
8.85254e-26
8.61585e-26
8.38548e-26
8.16128e-26
7.94307e-26
7.73069e-26
7.52399e-26
7.32282e-26
7.12703e-26
6.93647e-26
6.75101e-26
6.5705e-26
6.39483e-26
6.22385e-26
6.05744e-26
5.89548e-26
5.73785e-26
5.58443e-26
5.43512e-26
5.2898e-26
5.14836e-26
5.01071e-26
4.87674e-26
4.74635e-26
4.61944e-26
4.49593e-26
4.37572e-26
4.25873e-26
4.14486e-26
4.03404e-26
3.92618e-26
3.8212e-26
3.71903e-26
3.6196e-26
3.52282e-26
3.42863e-26
3.33696e-26
3.24773e-26
3.1609e-26
3.07638e-26
2.99413e-26
2.91408e-26
2.83616e-26
2.76033e-26
2.68653e-26
2.6147e-26
2.54479e-26
2.47674e-26
2.41052e-26
2.34607e-26
2.28334e-26
2.22229e-26
2.16288e-26
2.10505e-26
2.04876e-26
1.99398e-26
1.94067e-26
1.88878e-26
1.83828e-26
1.78913e-26
1.74129e-26
1.69474e-26
1.64942e-26
1.60532e-26
1.5624e-26
1.52063e-26
1.47997e-26
1.4404e-26
1.40189e-26
1.3644e-26
1.32792e-26
1.29242e-26
1.25786e-26
1.22423e-26
1.1915e-26
1.15964e-26
1.12863e-26
1.09846e-26
1.06909e-26
1.0405e-26
1.01268e-26
9.85606e-27
9.59254e-27
9.33606e-27
9.08644e-27
8.84349e-27
8.60704e-27
8.37691e-27
8.15294e-27
7.93495e-27
7.72279e-27
7.5163e-27
7.31534e-27
7.11974e-27
6.92938e-27
6.74411e-27
6.56379e-27
6.38829e-27
6.21748e-27
6.05125e-27
5.88945e-27
5.73198e-27
5.57873e-27
5.42957e-27
5.28439e-27
5.1431e-27
5.00559e-27
4.87175e-27
4.7415e-27
4.61472e-27
4.49134e-27
4.37125e-27
4.25437e-27
4.14062e-27
4.02991e-27
3.92217e-27
3.8173e-27
3.71523e-27
3.6159e-27
3.51922e-27
3.42512e-27
3.33354e-27
3.24441e-27
3.15767e-27
3.07324e-27
2.99107e-27
2.9111e-27
2.83326e-27
2.75751e-27
2.68378e-27
2.61202e-27
2.54218e-27
2.47421e-27
2.40806e-27
2.34367e-27
2.28101e-27
2.22002e-27
2.16066e-27
2.10289e-27
2.04667e-27
1.99195e-27
1.93869e-27
1.88685e-27
1.8364e-27
1.7873e-27
1.73951e-27
1.693e-27
1.64774e-27
1.60368e-27
1.5608e-27
1.51907e-27
1.47846e-27
1.43893e-27
1.40045e-27
1.36301e-27
1.32657e-27
1.2911e-27
1.25658e-27
1.22298e-27
1.19028e-27
1.15845e-27
1.12748e-27
1.09733e-27
1.06799e-27
1.03944e-27
1.01165e-27
9.84599e-28
9.58273e-28
9.32652e-28
9.07715e-28
8.83445e-28
8.59824e-28
8.36835e-28
8.1446e-28
7.92684e-28
7.71489e-28
7.50862e-28
7.30786e-28
7.11247e-28
6.9223e-28
6.73721e-28
6.55708e-28
6.38176e-28
6.21113e-28
6.04506e-28
5.88343e-28
5.72612e-28
5.57302e-28
5.42402e-28
5.27899e-28
5.13785e-28
5.00047e-28
4.86677e-28
4.73665e-28
4.61e-28
4.48674e-28
4.36678e-28
4.25003e-28
4.13639e-28
4.02579e-28
3.91816e-28
3.81339e-28
3.71143e-28
3.6122e-28
3.51562e-28
3.42162e-28
3.33014e-28
3.2411e-28
3.15444e-28
3.0701e-28
2.98801e-28
2.90812e-28
2.83037e-28
2.75469e-28
2.68104e-28
2.60935e-28
2.53959e-28
2.47168e-28
2.4056e-28
2.34128e-28
2.27868e-28
2.21775e-28
2.15846e-28
2.10074e-28
2.04458e-28
1.98991e-28
1.93671e-28
1.88492e-28
1.83453e-28
1.78547e-28
1.73774e-28
1.69127e-28
1.64605e-28
1.60204e-28
1.55921e-28
1.51752e-28
1.47694e-28
1.43746e-28
1.39902e-28
1.36162e-28
1.32521e-28
1.28978e-28
1.25529e-28
1.22173e-28
1.18906e-28
1.15727e-28
1.12633e-28
1.09621e-28
1.0669e-28
1.03838e-28
1.01061e-28
9.83593e-29
9.57294e-29
9.31698e-29
9.06787e-29
8.82542e-29
8.58945e-29
8.3598e-29
8.13628e-29
7.91873e-29
7.70701e-29
7.50094e-29
7.30039e-29
7.1052e-29
6.91522e-29
6.73033e-29
6.55038e-29
6.37524e-29
6.20478e-29
6.03888e-29
5.87742e-29
5.72027e-29
5.56733e-29
5.41847e-29
5.2736e-29
5.13259e-29
4.99536e-29
4.8618e-29
4.73181e-29
4.60529e-29
4.48216e-29
4.36232e-29
4.24568e-29
4.13216e-29
4.02168e-29
3.91415e-29
3.8095e-29
3.70764e-29
3.60851e-29
3.51203e-29
3.41812e-29
3.32673e-29
3.23779e-29
3.15122e-29
3.06696e-29
2.98496e-29
2.90515e-29
2.82747e-29
2.75187e-29
2.6783e-29
2.60669e-29
2.53699e-29
2.46916e-29
2.40314e-29
2.33889e-29
2.27635e-29
2.21549e-29
2.15625e-29
2.0986e-29
2.04249e-29
1.98788e-29
1.93473e-29
1.883e-29
1.83265e-29
1.78365e-29
1.73596e-29
1.68954e-29
1.64437e-29
1.6004e-29
1.55761e-29
1.51597e-29
1.47543e-29
1.43599e-29
1.39759e-29
1.36022e-29
1.32385e-29
1.28846e-29
1.25401e-29
1.22048e-29
1.18785e-29
1.15609e-29
1.12518e-29
1.09509e-29
1.06581e-29
1.03732e-29
1.00958e-29
9.82587e-30
9.56315e-30
9.30746e-30
9.0586e-30
8.8164e-30
8.58067e-30
8.35125e-30
8.12796e-30
7.91064e-30
7.69913e-30
7.49328e-30
7.29293e-30
7.09793e-30
6.90815e-30
6.72345e-30
6.54368e-30
6.36872e-30
6.19844e-30
6.03271e-30
5.87141e-30
5.71442e-30
5.56164e-30
5.41293e-30
5.2682e-30
5.12735e-30
4.99026e-30
4.85683e-30
4.72697e-30
4.60058e-30
4.47758e-30
4.35786e-30
4.24134e-30
4.12794e-30
4.01757e-30
3.91015e-30
3.8056e-30
3.70385e-30
3.60482e-30
3.50844e-30
3.41463e-30
3.32333e-30
3.23448e-30
3.14799e-30
3.06383e-30
2.98191e-30
2.90218e-30
2.82458e-30
2.74906e-30
2.67556e-30
2.60402e-30
2.5344e-30
2.46663e-30
2.40068e-30
2.33649e-30
2.27402e-30
2.21322e-30
2.15405e-30
2.09645e-30
2.0404e-30
1.98584e-30
1.93275e-30
1.88107e-30
1.83078e-30
1.78183e-30
1.73419e-30
1.68782e-30
1.64269e-30
1.59877e-30
1.55602e-30
1.51442e-30
1.47393e-30
1.43452e-30
1.39616e-30
1.35883e-30
1.3225e-30
1.28714e-30
1.25273e-30
1.21923e-30
1.18663e-30
1.15491e-30
1.12403e-30
1.09397e-30
1.06472e-30
1.03626e-30
1.00855e-30
9.81583e-31
9.55338e-31
9.29795e-31
9.04934e-31
8.80739e-31
8.5719e-31
8.34271e-31
8.11965e-31
7.90255e-31
7.69126e-31
7.48562e-31
7.28547e-31
7.09068e-31
6.90109e-31
6.71658e-31
6.53699e-31
6.36221e-31
6.1921e-31
6.02654e-31
5.86541e-31
5.70858e-31
5.55595e-31
5.4074e-31
5.26282e-31
5.12211e-31
4.98515e-31
4.85187e-31
4.72214e-31
4.59588e-31
4.473e-31
4.3534e-31
4.23701e-31
4.12372e-31
4.01346e-31
3.90615e-31
3.80171e-31
3.70007e-31
3.60114e-31
3.50485e-31
3.41114e-31
3.31994e-31
3.23117e-31
3.14478e-31
3.06069e-31
2.97886e-31
2.89921e-31
2.8217e-31
2.74625e-31
2.67282e-31
2.60136e-31
2.53181e-31
2.46411e-31
2.39823e-31
2.33411e-31
2.2717e-31
2.21096e-31
2.15184e-31
2.09431e-31
2.03831e-31
1.98381e-31
1.93077e-31
1.87915e-31
1.82891e-31
1.78001e-31
1.73241e-31
1.68609e-31
1.64101e-31
1.59713e-31
1.55443e-31
1.51287e-31
1.47242e-31
1.43305e-31
1.39474e-31
1.35744e-31
1.32115e-31
1.28583e-31
1.25145e-31
1.21799e-31
1.18542e-31
1.15373e-31
1.12288e-31
1.09285e-31
1.06363e-31
1.0352e-31
1.00752e-31
9.80579e-32
9.54361e-32
9.28844e-32
9.04009e-32
8.79839e-32
8.56314e-32
8.33419e-32
8.11135e-32
7.89448e-32
7.6834e-32
7.47797e-32
7.27802e-32
7.08343e-32
6.89404e-32
6.70971e-32
6.53031e-32
6.35571e-32
6.18577e-32
6.02038e-32
5.85941e-32
5.70275e-32
5.55027e-32
5.40187e-32
5.25744e-32
5.11687e-32
4.98006e-32
4.84691e-32
4.71731e-32
4.59118e-32
4.46843e-32
4.34895e-32
4.23267e-32
4.1195e-32
4.00936e-32
3.90216e-32
3.79783e-32
3.69628e-32
3.59745e-32
3.50127e-32
3.40765e-32
3.31654e-32
3.22787e-32
3.14156e-32
3.05757e-32
2.97581e-32
2.89625e-32
2.81881e-32
2.74344e-32
2.67009e-32
2.5987e-32
2.52922e-32
2.46159e-32
2.39578e-32
2.33172e-32
2.26938e-32
2.2087e-32
2.14964e-32
2.09217e-32
2.03623e-32
1.98179e-32
1.9288e-32
1.87723e-32
1.82703e-32
1.77818e-32
1.73064e-32
1.68437e-32
1.63933e-32
1.5955e-32
1.55284e-32
1.51132e-32
1.47091e-32
1.43159e-32
1.39331e-32
1.35605e-32
1.3198e-32
1.28451e-32
1.25017e-32
1.21674e-32
1.18421e-32
1.15254e-32
1.12173e-32
1.09174e-32
1.06254e-32
1.03413e-32
1.00648e-32
9.79574e-33
9.53383e-33
9.27891e-33
9.03082e-33
8.78936e-33
8.55437e-33
8.32564e-33
8.10302e-33
7.88637e-33
7.67552e-33
7.47029e-33
7.27055e-33
7.07614e-33
6.88695e-33
6.7028e-33
6.52359e-33
6.34917e-33
6.17939e-33
6.01416e-33
5.85335e-33
5.69685e-33
5.5445e-33
5.39627e-33
5.25199e-33
5.11154e-33
4.97488e-33
4.84186e-33
4.71239e-33
4.58643e-33
4.46375e-33
4.34439e-33
4.22821e-33
4.11515e-33
4.00512e-33
3.89801e-33
3.79379e-33
3.69237e-33
3.59363e-33
3.49752e-33
3.40395e-33
3.31297e-33
3.22433e-33
3.1381e-33
3.05422e-33
2.9725e-33
2.89308e-33
2.81578e-33
2.74041e-33
2.66715e-33
2.59582e-33
2.52642e-33
2.45885e-33
2.39312e-33
2.32912e-33
2.26687e-33
2.20631e-33
2.14735e-33
2.08993e-33
2.03403e-33
1.97953e-33
1.92664e-33
1.87505e-33
1.82493e-33
1.77603e-33
1.72863e-33
1.68237e-33
1.63742e-33
1.59369e-33
1.5509e-33
1.50943e-33
1.46909e-33
1.42978e-33
1.3916e-33
1.35445e-33
1.31815e-33
1.28289e-33
1.24866e-33
1.21527e-33
1.18283e-33
1.15114e-33
1.12039e-33
1.09039e-33
1.06114e-33
1.03284e-33
1.00509e-33
9.78293e-34
9.52056e-34
9.26666e-34
9.01839e-34
8.77671e-34
8.54255e-34
8.31404e-34
8.09116e-34
7.87581e-34
7.66422e-34
7.45828e-34
7.25891e-34
7.06519e-34
6.87617e-34
6.69279e-34
6.51318e-34
6.33921e-34
6.16899e-34
6.00443e-34
5.84362e-34
5.68751e-34
5.53517e-34
5.38753e-34
5.24365e-34
5.10259e-34
4.96623e-34
4.83363e-34
4.7048e-34
4.57879e-34
4.45559e-34
4.33616e-34
4.22049e-34
4.10765e-34
3.99856e-34
3.89042e-34
3.78697e-34
3.68541e-34
3.58573e-34
3.49075e-34
3.39765e-34
3.30643e-34
3.21709e-34
3.13152e-34
3.04782e-34
2.96601e-34
2.88701e-34
2.8099e-34
2.73467e-34
2.66038e-34
2.59079e-34
2.5212e-34
2.45349e-34
2.38766e-34
2.32466e-34
2.26259e-34
2.20147e-34
2.14316e-34
2.0858e-34
2.03031e-34
1.97577e-34
1.92311e-34
1.87139e-34
1.82155e-34
1.77265e-34
1.72469e-34
1.67955e-34
1.63441e-34
1.59209e-34
1.54977e-34
1.50839e-34
1.46796e-34
1.42893e-34
1.39037e-34
1.35323e-34
1.31749e-34
1.28176e-34
1.24743e-34
1.21452e-34
1.18208e-34
1.1501e-34
1.11954e-34
1.08992e-34
1.0603e-34
1.03208e-34
1.00434e-34
9.77071e-35
9.5121e-35
9.25349e-35
9.01369e-35
8.76919e-35
8.53409e-35
8.30369e-35
8.0827e-35
7.86641e-35
7.65952e-35
7.45263e-35
7.25985e-35
7.06707e-35
6.87429e-35
6.69091e-35
6.51694e-35
6.34297e-35
6.1737e-35
6.00913e-35
5.84456e-35
5.68939e-35
5.53423e-35
5.38376e-35
5.24035e-35
5.10165e-35
4.96764e-35
4.83363e-35
4.70668e-35
4.58208e-35
4.45983e-35
4.33993e-35
4.22708e-35
4.11188e-35
4.00373e-35
3.89559e-35
3.79214e-35
3.6887e-35
3.59231e-35
3.49592e-35
3.40188e-35
3.31489e-35
3.22556e-35
3.14092e-35
3.05629e-35
2.974e-35
2.89642e-35
2.81884e-35
2.74595e-35
2.67307e-35
2.59784e-35
2.52966e-35
2.46149e-35
2.39566e-35
2.33218e-35
2.27106e-35
2.20758e-35
2.14998e-35
2.0912e-35
2.03713e-35
1.98188e-35
1.93134e-35
1.87962e-35
1.83024e-35
1.7797e-35
1.73385e-35
1.68683e-35
1.64334e-35
1.59985e-35
1.55635e-35
1.51521e-35
1.47525e-35
1.43528e-35
1.39766e-35
1.36005e-35
1.32361e-35
1.28834e-35
1.25543e-35
1.22134e-35
1.18842e-35
1.15669e-35
1.12436e-35
1.09497e-35
1.06559e-35
1.0362e-35
1.00916e-35
9.82713e-36
9.5744e-36
9.30404e-36
9.06306e-36
8.81033e-36
8.58111e-36
8.34601e-36
8.12267e-36
7.91108e-36
7.70537e-36
7.49378e-36
7.29394e-36
7.09999e-36
6.91191e-36
6.72971e-36
6.54163e-36
6.37118e-36
6.19486e-36
6.03029e-36
5.87747e-36
5.71878e-36
5.56597e-36
5.41609e-36
5.27209e-36
5.13103e-36
4.99585e-36
4.86361e-36
4.73136e-36
4.60794e-36
4.48157e-36
4.36402e-36
4.24647e-36
4.13186e-36
4.02607e-36
3.91733e-36
3.81448e-36
3.71162e-36
3.60877e-36
3.51767e-36
3.42069e-36
3.32959e-36
3.23849e-36
3.15032e-36
3.07098e-36
2.98576e-36
2.90641e-36
2.83e-36
2.7536e-36
2.67866e-36
2.60666e-36
2.53907e-36
2.47001e-36
2.40389e-36
2.34217e-36
2.27752e-36
2.21728e-36
2.15703e-36
2.1012e-36
2.04536e-36
1.98952e-36
1.93663e-36
1.88373e-36
1.8323e-36
1.78381e-36
1.73679e-36
1.68977e-36
1.64422e-36
1.60161e-36
1.55753e-36
1.51639e-36
1.47671e-36
1.43704e-36
1.39737e-36
1.35917e-36
1.32243e-36
1.28717e-36
1.25337e-36
1.22031e-36
1.18578e-36
1.15492e-36
1.12407e-36
1.09394e-36
1.06529e-36
1.03737e-36
1.00872e-36
9.81538e-37
9.55089e-37
9.29375e-37
9.05131e-37
8.81621e-37
8.57376e-37
8.35336e-37
8.1256e-37
7.9052e-37
7.69214e-37
7.48643e-37
7.29541e-37
7.0897e-37
6.90603e-37
6.72236e-37
6.54603e-37
6.37338e-37
6.20073e-37
6.03176e-37
5.87012e-37
5.71584e-37
5.56156e-37
5.41462e-37
5.27136e-37
5.12809e-37
4.99218e-37
4.85626e-37
4.72402e-37
4.59912e-37
4.47423e-37
4.35668e-37
4.2428e-37
4.12892e-37
4.01505e-37
3.91219e-37
3.80199e-37
3.70648e-37
3.6073e-37
3.51179e-37
3.41995e-37
3.32628e-37
3.23812e-37
3.15179e-37
3.07098e-37
2.98649e-37
2.90935e-37
2.83037e-37
2.75506e-37
2.6816e-37
2.60813e-37
2.54017e-37
2.47037e-37
2.40425e-37
2.33997e-37
2.27568e-37
2.21691e-37
2.15813e-37
2.09936e-37
2.04242e-37
1.98916e-37
1.93773e-37
1.88446e-37
1.83487e-37
1.78528e-37
1.73753e-37
1.69161e-37
1.64569e-37
1.60161e-37
1.55937e-37
1.51804e-37
1.47763e-37
1.43723e-37
1.39957e-37
1.36192e-37
1.32519e-37
1.28937e-37
1.25539e-37
1.22233e-37
1.19019e-37
1.15805e-37
1.12774e-37
1.09652e-37
1.06805e-37
1.03958e-37
1.01203e-37
9.84477e-38
9.58763e-38
9.33049e-38
9.09171e-38
8.84376e-38
8.60499e-38
8.37081e-38
8.14581e-38
7.93e-38
7.71877e-38
7.51214e-38
7.31011e-38
7.11725e-38
6.93358e-38
6.74532e-38
6.56624e-38
6.38257e-38
6.21726e-38
6.04737e-38
5.89125e-38
5.73972e-38
5.57901e-38
5.43207e-38
5.28972e-38
5.14738e-38
5.00963e-38
4.88565e-38
4.7479e-38
4.62392e-38
4.49535e-38
4.37596e-38
4.26117e-38
4.14637e-38
4.03617e-38
3.93056e-38
3.82036e-38
3.72163e-38
3.62291e-38
3.52648e-38
3.43006e-38
3.33822e-38
3.25098e-38
3.16373e-38
3.08108e-38
3.00072e-38
2.92037e-38
2.8469e-38
2.76884e-38
2.69308e-38
2.6219e-38
2.55303e-38
2.48645e-38
2.41757e-38
2.35328e-38
2.289e-38
2.22931e-38
2.16961e-38
2.11222e-38
2.05712e-38
2.00087e-38
1.94806e-38
1.89755e-38
1.84704e-38
1.79768e-38
1.74947e-38
1.7024e-38
1.65763e-38
1.61286e-38
1.57039e-38
1.52906e-38
1.48888e-38
1.44985e-38
1.40967e-38
1.37064e-38
1.33621e-38
1.30062e-38
1.26503e-38
1.23174e-38
1.19845e-38
1.16746e-38
1.13532e-38
1.10547e-38
1.07677e-38
1.04692e-38
1.01995e-38
9.93545e-39
9.66569e-39
9.4074e-39
9.16059e-39
8.91378e-39
8.67845e-39
8.43739e-39
8.21354e-39
8.00117e-39
7.78306e-39
7.57643e-39
7.37554e-39
7.16891e-39
6.98524e-39
6.79583e-39
6.60642e-39
6.43422e-39
6.26777e-39
6.10706e-39
5.94061e-39
5.78564e-39
5.63066e-39
5.47569e-39
5.3322e-39
5.18871e-39
5.04808e-39
4.91607e-39
4.78406e-39
4.65204e-39
4.53151e-39
4.41384e-39
4.29618e-39
4.17565e-39
4.06372e-39
3.95754e-39
3.85422e-39
3.75378e-39
3.64759e-39
3.55289e-39
3.45531e-39
3.36634e-39
3.27738e-39
3.19128e-39
3.10519e-39
3.01909e-39
2.93874e-39
2.86125e-39
2.78376e-39
2.70915e-39
2.63597e-39
2.56565e-39
2.49678e-39
2.43221e-39
2.36476e-39
2.30163e-39
2.24136e-39
2.18253e-39
2.12226e-39
2.06773e-39
2.01177e-39
1.95868e-39
1.90702e-39
1.85536e-39
1.80658e-39
1.75779e-39
1.71044e-39
1.66595e-39
1.62147e-39
1.57842e-39
1.53537e-39
1.49663e-39
1.45502e-39
1.41771e-39
1.37897e-39
1.34166e-39
1.30507e-39
1.27135e-39
1.23619e-39
1.20319e-39
1.1709e-39
1.13933e-39
1.1092e-39
1.07907e-39
1.05109e-39
1.02239e-39
9.94406e-40
9.6786e-40
9.42031e-40
9.1692e-40
8.93244e-40
8.6885e-40
8.44456e-40
8.22215e-40
8.00691e-40
7.79167e-40
7.5836e-40
7.37554e-40
7.18182e-40
6.99528e-40
6.80874e-40
6.62579e-40
6.45001e-40
6.27423e-40
6.10204e-40
5.9442e-40
5.78277e-40
5.6321e-40
5.47426e-40
5.33076e-40
5.19086e-40
5.05095e-40
4.91463e-40
4.78549e-40
4.65635e-40
4.53438e-40
4.41241e-40
4.29403e-40
4.17923e-40
4.06803e-40
3.95682e-40
3.85637e-40
3.74875e-40
3.65548e-40
3.55145e-40
3.45818e-40
3.3685e-40
3.27702e-40
3.19092e-40
3.10483e-40
3.02411e-40
2.9434e-40
2.86268e-40
2.78735e-40
2.71381e-40
2.64206e-40
2.57211e-40
2.50216e-40
2.43579e-40
2.36943e-40
2.30486e-40
2.24387e-40
2.18468e-40
2.12728e-40
2.06989e-40
2.01608e-40
1.96227e-40
1.91025e-40
1.86003e-40
1.8098e-40
1.76317e-40
1.71474e-40
1.6699e-40
1.62685e-40
1.58201e-40
1.53717e-40
1.49591e-40
1.45466e-40
1.4152e-40
1.37574e-40
1.33987e-40
1.30399e-40
1.26633e-40
1.23225e-40
1.19637e-40
1.16409e-40
1.1318e-40
1.09772e-40
1.06902e-40
1.03674e-40
1.00804e-40
9.79339e-41
9.50641e-41
9.14768e-41
8.82482e-41
8.53783e-41
8.32259e-41
8.03561e-41
7.82037e-41
7.53338e-41
7.31814e-41
7.03116e-41
6.60068e-41
6.31369e-41
6.0267e-41
5.73972e-41
5.73972e-41
5.16575e-41
4.87876e-41
4.59177e-41
4.0178e-41
4.0178e-41
3.44383e-41
3.44383e-41
2.29589e-41
2.29589e-41
2.29589e-41
2.29589e-41
1.14794e-41
1.14794e-41
0.
-1.14794e-41
0.
-2.29589e-41
-4.59177e-41
-4.59177e-41
-6.88766e-41
-9.18355e-41
-1.37753e-40
-1.37753e-40
-1.83671e-40
-1.83671e-40
-1.83671e-40
-3.67342e-40
-3.67342e-40
-2.75506e-40
-3.67342e-40
-4.59177e-40
-4.59177e-40
-5.51013e-40
-5.51013e-40
-5.51013e-40
-5.51013e-40
-7.34684e-40
-7.34684e-40
-1.10203e-39
-1.46937e-39
-1.46937e-39
-1.46937e-39
-1.46937e-39
-2.57139e-39
-2.93874e-39
-3.67342e-39
-3.67342e-39
-2.93874e-39
-3.67342e-39
-2.93874e-39
-4.4081e-39
-4.4081e-39
-4.4081e-39
-4.4081e-39
-5.87747e-39
-5.87747e-39
-7.34684e-39
-8.81621e-39
-8.81621e-39
-8.81621e-39
-8.81621e-39
-1.17549e-38
-1.46937e-38
-1.46937e-38
-1.76324e-38
-1.76324e-38
-2.35099e-38
-2.35099e-38
-2.35099e-38
-2.93874e-38
-3.52648e-38
-3.52648e-38
-3.52648e-38
-3.52648e-38
-3.52648e-38
-5.87747e-38
-4.70198e-38
-5.87747e-38
-5.87747e-38
-7.05297e-38
-1.17549e-37
-9.40395e-38
-1.41059e-37
-1.64569e-37
-1.88079e-37
-1.64569e-37
-1.88079e-37
-1.88079e-37
-1.88079e-37
-2.35099e-37
-2.35099e-37
-1.88079e-37
-2.35099e-37
-2.82119e-37
-4.70198e-37
-4.70198e-37
-3.76158e-37
-4.70198e-37
-5.64237e-37
-4.70198e-37
-5.64237e-37
-6.58277e-37
-9.40395e-37
-9.40395e-37
-7.52316e-37
-7.52316e-37
-7.52316e-37
-5.64237e-37
-7.52316e-37
-7.52316e-37
-1.12847e-36
-1.12847e-36
-1.50463e-36
-1.50463e-36
-1.50463e-36
-1.88079e-36
-1.88079e-36
-2.25695e-36
-2.25695e-36
-3.00927e-36
-3.76158e-36
-3.76158e-36
-4.5139e-36
-4.5139e-36
-5.26621e-36
-3.76158e-36
-4.5139e-36
-3.76158e-36
-4.5139e-36
-6.01853e-36
-6.01853e-36
-4.5139e-36
-6.01853e-36
-7.52316e-36
-7.52316e-36
-1.05324e-35
-1.05324e-35
-1.20371e-35
-1.50463e-35
-1.50463e-35
-1.50463e-35
-1.50463e-35
-1.80556e-35
-1.80556e-35
-2.10649e-35
-2.40741e-35
-2.70834e-35
-2.40741e-35
-3.00927e-35
-3.00927e-35
-3.00927e-35
-3.61112e-35
-3.00927e-35
-3.00927e-35
-4.21297e-35
-4.81482e-35
-4.21297e-35
-4.81482e-35
-4.81482e-35
-6.01853e-35
-4.81482e-35
-4.81482e-35
-6.01853e-35
-6.01853e-35
-6.01853e-35
-6.01853e-35
-6.01853e-35
-6.01853e-35
-7.22224e-35
-9.62965e-35
-9.62965e-35
-9.62965e-35
-1.20371e-34
-1.44445e-34
-1.44445e-34
-1.44445e-34
-1.68519e-34
-1.20371e-34
-1.44445e-34
-1.20371e-34
-9.62965e-35
-1.92593e-34
-9.62965e-35
-1.44445e-34
-1.44445e-34
-1.44445e-34
-1.92593e-34
-1.92593e-34
-1.92593e-34
-1.92593e-34
-2.40741e-34
-2.88889e-34
-3.37038e-34
-3.85186e-34
-3.85186e-34
-3.85186e-34
-2.88889e-34
-2.88889e-34
-3.85186e-34
-1.92593e-34
-3.85186e-34
-3.85186e-34
-4.81482e-34
-5.77779e-34
-6.74075e-34
-6.74075e-34
-6.74075e-34
-7.70372e-34
-7.70372e-34
-7.70372e-34
-9.62965e-34
-9.62965e-34
-1.15556e-33
-9.62965e-34
-1.15556e-33
-1.15556e-33
-1.34815e-33
-1.34815e-33
-1.34815e-33
-1.34815e-33
-1.54074e-33
-1.54074e-33
-1.54074e-33
-1.54074e-33
-1.15556e-33
-1.54074e-33
-1.54074e-33
-1.54074e-33
-1.54074e-33
-1.54074e-33
-1.54074e-33
-1.54074e-33
-1.92593e-33
-1.54074e-33
-1.54074e-33
-1.54074e-33
-1.54074e-33
-1.15556e-33
-1.15556e-33
-1.15556e-33
-1.54074e-33
-1.54074e-33
-1.54074e-33
-2.31112e-33
-2.31112e-33
-2.31112e-33
-2.31112e-33
-3.08149e-33
-3.08149e-33
-2.31112e-33
-3.08149e-33
-2.31112e-33
-2.31112e-33
-2.31112e-33
-3.08149e-33
-3.85186e-33
-3.85186e-33
-3.08149e-33
-3.85186e-33
-4.62223e-33
-3.08149e-33
-3.85186e-33
-3.08149e-33
-3.08149e-33
-6.16298e-33
-4.62223e-33
-6.16298e-33
-4.62223e-33
-4.62223e-33
-4.62223e-33
-6.16298e-33
-6.16298e-33
-6.16298e-33
-6.16298e-33
-4.62223e-33
-6.16298e-33
-6.16298e-33
-6.16298e-33
-6.16298e-33
-7.70372e-33
-6.16298e-33
-6.16298e-33
-6.16298e-33
-6.16298e-33
-6.16298e-33
-6.16298e-33
-6.16298e-33
-6.16298e-33
-7.70372e-33
-6.16298e-33
-9.24446e-33
-6.16298e-33
-6.16298e-33
-3.08149e-33
-3.08149e-33
0.
0.
0.
0.
-3.08149e-33
-6.16298e-33
-6.16298e-33
-9.24446e-33
-9.24446e-33
-1.2326e-32
-1.2326e-32
-1.2326e-32
-1.84889e-32
-1.2326e-32
-1.54074e-32
-1.2326e-32
-1.2326e-32
-9.24446e-33
-9.24446e-33
-1.2326e-32
-1.54074e-32
-1.84889e-32
-2.15704e-32
-2.77334e-32
-3.38964e-32
-3.38964e-32
-4.00593e-32
-4.00593e-32
-4.62223e-32
-4.93038e-32
-5.54668e-32
-6.16298e-32
-5.85483e-32
-6.47112e-32
-7.08742e-32
-7.08742e-32
-7.39557e-32
-8.01187e-32
-8.01187e-32
-8.32002e-32
-8.93631e-32
-9.24446e-32
-9.24446e-32
-9.24446e-32
-9.86076e-32
-9.86076e-32
-1.01689e-31
-1.04771e-31
-1.10934e-31
-1.07852e-31
-1.14015e-31
-1.14015e-31
-1.17097e-31
-1.20178e-31
-1.2326e-31
-1.2326e-31
-1.29422e-31
-1.32504e-31
-1.32504e-31
-1.32504e-31
-1.35585e-31
-1.38667e-31
-1.4483e-31
-1.4483e-31
-1.4483e-31
-1.4483e-31
-1.4483e-31
-1.4483e-31
-1.4483e-31
-1.4483e-31
-1.4483e-31
-1.4483e-31
-1.4483e-31
-1.4483e-31
-1.4483e-31
-1.47911e-31
-1.50993e-31
-1.54074e-31
-1.54074e-31
-1.57156e-31
-1.60237e-31
-1.60237e-31
-1.60237e-31
-1.63319e-31
-1.664e-31
-1.664e-31
-1.69482e-31
-1.69482e-31
-1.69482e-31
-1.69482e-31
-1.72563e-31
-1.72563e-31
-1.72563e-31
-1.75645e-31
-1.72563e-31
-1.75645e-31
-1.75645e-31
-1.78726e-31
-1.78726e-31
-1.72563e-31
-1.75645e-31
-1.75645e-31
-1.75645e-31
-1.75645e-31
-1.75645e-31
-1.75645e-31
-1.75645e-31
-1.75645e-31
-1.72563e-31
-1.78726e-31
-1.75645e-31
-1.72563e-31
-1.78726e-31
-1.78726e-31
-1.72563e-31
-1.75645e-31
-1.78726e-31
-1.75645e-31
-1.75645e-31
-1.72563e-31
-1.75645e-31
-1.664e-31
-1.664e-31
-1.60237e-31
-1.57156e-31
-1.50993e-31
-1.47911e-31
-1.41748e-31
-1.35585e-31
-1.35585e-31
-1.32504e-31
-1.29422e-31
-1.2326e-31
-1.20178e-31
-1.17097e-31
-1.17097e-31
-1.07852e-31
-1.07852e-31
-1.01689e-31
-1.01689e-31
-1.01689e-31
-9.55261e-32
-9.24446e-32
-8.93631e-32
-8.62817e-32
-8.32002e-32
-8.32002e-32
-7.70372e-32
-7.70372e-32
-7.39557e-32
-7.08742e-32
-6.93335e-32
-6.77927e-32
-6.47112e-32
-6.31705e-32
-6.16298e-32
-5.85483e-32
-5.70075e-32
-5.70075e-32
-5.3926e-32
-5.23853e-32
-5.23853e-32
-4.93038e-32
-4.77631e-32
-4.77631e-32
-4.62223e-32
-4.46816e-32
-4.46816e-32
-4.31408e-32
-4.31408e-32
-4.16001e-32
-4.00593e-32
-3.85186e-32
-3.69779e-32
-3.69779e-32
-3.54371e-32
-3.38964e-32
-3.38964e-32
-3.23556e-32
-3.23556e-32
-2.92741e-32
-2.92741e-32
-2.92741e-32
-2.92741e-32
-2.77334e-32
-2.61926e-32
-2.46519e-32
-2.46519e-32
-2.38815e-32
-2.31112e-32
-2.23408e-32
-2.15704e-32
-2.15704e-32
-2.00297e-32
-1.92593e-32
-1.77186e-32
-1.69482e-32
-1.69482e-32
-1.61778e-32
-1.54074e-32
-1.46371e-32
-1.46371e-32
-1.46371e-32
-1.30963e-32
-1.38667e-32
-1.30963e-32
-1.30963e-32
-1.2326e-32
-1.2326e-32
-1.2326e-32
-1.15556e-32
-1.07852e-32
-1.15556e-32
-1.07852e-32
-1.07852e-32
-9.24446e-33
-1.00148e-32
-9.24446e-33
-8.47409e-33
-8.47409e-33
-7.70372e-33
-7.70372e-33
-7.31853e-33
-7.31853e-33
-7.31853e-33
-7.31853e-33
-7.31853e-33
-7.31853e-33
-7.70372e-33
-7.31853e-33
-6.93335e-33
-6.54816e-33
-6.16298e-33
-6.16298e-33
-5.77779e-33
-5.3926e-33
-5.3926e-33
-5.3926e-33
-5.00742e-33
-5.00742e-33
-4.62223e-33
-4.62223e-33
-4.62223e-33
-4.23705e-33
-4.23705e-33
-4.23705e-33
-3.85186e-33
-3.46667e-33
-3.46667e-33
-3.27408e-33
-3.27408e-33
-3.08149e-33
-3.08149e-33
-2.88889e-33
-2.88889e-33
-2.6963e-33
-2.88889e-33
-2.88889e-33
-2.6963e-33
-2.6963e-33
-2.6963e-33
-2.50371e-33
-2.31112e-33
-2.50371e-33
-2.31112e-33
-2.11852e-33
-2.11852e-33
-1.92593e-33
-2.11852e-33
-1.92593e-33
-1.92593e-33
-1.92593e-33
-1.73334e-33
-1.54074e-33
-1.73334e-33
-1.54074e-33
-1.54074e-33
-1.54074e-33
-1.44445e-33
-1.34815e-33
-1.34815e-33
-1.25185e-33
-1.15556e-33
-1.15556e-33
-1.25185e-33
-1.15556e-33
-1.15556e-33
-1.15556e-33
-1.05926e-33
-9.62965e-34
-1.05926e-33
-9.62965e-34
-8.66668e-34
-8.66668e-34
-8.66668e-34
-8.66668e-34
-8.66668e-34
-6.74075e-34
-6.74075e-34
-6.74075e-34
-5.77779e-34
-5.77779e-34
-5.77779e-34
-5.29631e-34
-4.81482e-34
-4.81482e-34
-4.81482e-34
-4.81482e-34
-4.81482e-34
-4.33334e-34
-4.33334e-34
-4.33334e-34
-4.81482e-34
-4.33334e-34
-4.33334e-34
-4.33334e-34
-3.85186e-34
-3.85186e-34
-3.37038e-34
-3.37038e-34
-3.37038e-34
-3.37038e-34
-2.40741e-34
-2.40741e-34
-2.40741e-34
-2.88889e-34
-2.40741e-34
-2.40741e-34
-2.40741e-34
-2.64815e-34
-2.40741e-34
-2.16667e-34
-2.16667e-34
-2.16667e-34
-1.92593e-34
-1.92593e-34
-1.92593e-34
-1.92593e-34
-1.68519e-34
-1.68519e-34
-1.68519e-34
-1.44445e-34
-1.68519e-34
-1.20371e-34
-1.20371e-34
-1.20371e-34
-1.20371e-34
-1.20371e-34
-1.20371e-34
-1.20371e-34
-1.20371e-34
-1.20371e-34
-9.62965e-35
-9.62965e-35
-1.20371e-34
-1.08334e-34
-1.08334e-34
-1.08334e-34
-9.62965e-35
-9.62965e-35
-9.62965e-35
-8.42594e-35
-7.22224e-35
-7.22224e-35
-7.22224e-35
-6.01853e-35
-6.01853e-35
-8.42594e-35
-8.42594e-35
-7.22224e-35
-7.22224e-35
-7.22224e-35
-7.22224e-35
-7.22224e-35
-7.22224e-35
-7.22224e-35
-6.01853e-35
-6.01853e-35
-6.01853e-35
-4.81482e-35
-4.81482e-35
-5.41668e-35
-4.81482e-35
-4.81482e-35
-4.21297e-35
-4.21297e-35
-4.21297e-35
-3.61112e-35
-3.61112e-35
-3.61112e-35
-3.61112e-35
-3.61112e-35
-3.61112e-35
-3.00927e-35
-3.00927e-35
-3.00927e-35
-3.00927e-35
-3.00927e-35
-1.80556e-35
-2.40741e-35
-3.00927e-35
-2.40741e-35
-1.80556e-35
-1.80556e-35
-1.80556e-35
-1.80556e-35
-1.80556e-35
-2.10649e-35
-1.50463e-35
-1.50463e-35
-1.50463e-35
-1.50463e-35
-1.50463e-35
-1.80556e-35
-1.50463e-35
-1.50463e-35
-1.50463e-35
-1.50463e-35
-1.50463e-35
-9.0278e-36
-9.0278e-36
-9.0278e-36
-9.0278e-36
-6.01853e-36
-9.0278e-36
-9.0278e-36
-9.0278e-36
-1.20371e-35
-9.0278e-36
-6.01853e-36
-6.01853e-36
-7.52316e-36
-4.5139e-36
-7.52316e-36
-7.52316e-36
-6.01853e-36
-6.01853e-36
-6.01853e-36
-4.5139e-36
-3.00927e-36
-3.00927e-36
-3.00927e-36
-1.50463e-36
-1.50463e-36
-1.50463e-36
-3.00927e-36
-1.50463e-36
-1.50463e-36
0.
0.
-1.50463e-36
-1.50463e-36
0.
0.
-1.50463e-36
-1.50463e-36
0.
0.
0.
0.
0.
7.52316e-37
0.
0.
0.
7.52316e-37
7.52316e-37
7.52316e-37
7.52316e-37
1.50463e-36
1.50463e-36
1.50463e-36
7.52316e-37
7.52316e-37
7.52316e-37
7.52316e-37
7.52316e-37
7.52316e-37
7.52316e-37
0.
7.52316e-37
0.
0.
0.
3.76158e-37
0.
0.
0.
-3.76158e-37
-3.76158e-37
0.
0.
0.
0.
0.
0.
3.76158e-37
0.
0.
3.76158e-37
3.76158e-37
0.
3.76158e-37
3.76158e-37
7.52316e-37
7.52316e-37
7.52316e-37
7.52316e-37
5.64237e-37
3.76158e-37
3.76158e-37
3.76158e-37
3.76158e-37
5.64237e-37
3.76158e-37
3.76158e-37
5.64237e-37
3.76158e-37
5.64237e-37
5.64237e-37
5.64237e-37
5.64237e-37
5.64237e-37
5.64237e-37
5.64237e-37
5.64237e-37
5.64237e-37
5.64237e-37
5.64237e-37
3.76158e-37
3.76158e-37
3.76158e-37
5.64237e-37
5.64237e-37
5.64237e-37
4.70198e-37
6.58277e-37
5.64237e-37
5.64237e-37
5.64237e-37
5.64237e-37
5.64237e-37
5.64237e-37
5.64237e-37
5.64237e-37
5.64237e-37
5.64237e-37
5.64237e-37
5.64237e-37
5.64237e-37
5.64237e-37
4.70198e-37
4.70198e-37
4.70198e-37
4.70198e-37
4.70198e-37
4.70198e-37
4.70198e-37
3.76158e-37
3.76158e-37
4.23178e-37
3.76158e-37
4.23178e-37
3.76158e-37
3.29138e-37
3.76158e-37
3.76158e-37
3.76158e-37
3.29138e-37
2.82119e-37
2.35099e-37
1.88079e-37
9.40395e-38
1.41059e-37
9.40395e-38
1.41059e-37
1.41059e-37
1.41059e-37
1.41059e-37
9.40395e-38
1.41059e-37
1.41059e-37
4.70198e-38
4.70198e-38
9.40395e-38
9.40395e-38
7.05297e-38
7.05297e-38
9.40395e-38
7.05297e-38
7.05297e-38
7.05297e-38
7.05297e-38
9.40395e-38
7.05297e-38
4.70198e-38
2.35099e-38
2.35099e-38
4.70198e-38
4.70198e-38
4.70198e-38
0.
2.35099e-38
2.35099e-38
4.70198e-38
7.05297e-38
4.70198e-38
4.70198e-38
9.40395e-38
7.05297e-38
7.05297e-38
5.87747e-38
7.05297e-38
7.05297e-38
7.05297e-38
5.87747e-38
4.70198e-38
4.70198e-38
5.87747e-38
4.70198e-38
5.87747e-38
5.87747e-38
5.87747e-38
5.87747e-38
5.87747e-38
5.87747e-38
7.05297e-38
7.05297e-38
7.05297e-38
5.87747e-38
7.05297e-38
5.87747e-38
7.05297e-38
5.87747e-38
5.87747e-38
5.87747e-38
5.87747e-38
5.28972e-38
5.87747e-38
4.70198e-38
4.70198e-38
5.87747e-38
4.70198e-38
5.28972e-38
5.28972e-38
5.28972e-38
5.28972e-38
5.28972e-38
5.28972e-38
5.87747e-38
5.87747e-38
4.70198e-38
4.70198e-38
4.70198e-38
4.70198e-38
5.28972e-38
4.11423e-38
4.70198e-38
4.11423e-38
4.70198e-38
4.11423e-38
4.11423e-38
4.11423e-38
4.11423e-38
4.11423e-38
4.11423e-38
4.11423e-38
4.11423e-38
4.11423e-38
3.52648e-38
3.82036e-38
3.52648e-38
3.82036e-38
3.82036e-38
3.82036e-38
3.52648e-38
3.23261e-38
3.52648e-38
3.52648e-38
2.93874e-38
2.93874e-38
2.93874e-38
2.93874e-38
2.64486e-38
2.64486e-38
2.93874e-38
2.64486e-38
2.64486e-38
2.7918e-38
2.64486e-38
2.64486e-38
2.64486e-38
2.49793e-38
2.49793e-38
2.64486e-38
2.35099e-38
2.35099e-38
2.20405e-38
2.05712e-38
1.91018e-38
1.76324e-38
1.6163e-38
1.6163e-38
1.6163e-38
1.6163e-38
1.6163e-38
1.46937e-38
1.46937e-38
1.32243e-38
1.46937e-38
1.32243e-38
1.32243e-38
1.32243e-38
1.24896e-38
1.17549e-38
1.17549e-38
1.24896e-38
1.17549e-38
1.17549e-38
1.17549e-38
1.10203e-38
1.10203e-38
1.02856e-38
9.55089e-39
8.81621e-39
8.08152e-39
8.08152e-39
8.81621e-39
8.81621e-39
8.08152e-39
8.08152e-39
8.81621e-39
7.34684e-39
7.34684e-39
6.61216e-39
7.34684e-39
7.34684e-39
6.61216e-39
6.9795e-39
6.61216e-39
6.9795e-39
6.61216e-39
6.61216e-39
6.24481e-39
5.87747e-39
5.87747e-39
6.24481e-39
5.51013e-39
5.51013e-39
5.14279e-39
4.77545e-39
4.77545e-39
4.77545e-39
5.14279e-39
4.77545e-39
4.77545e-39
5.14279e-39
4.4081e-39
4.4081e-39
4.04076e-39
4.4081e-39
3.67342e-39
4.04076e-39
4.04076e-39
3.85709e-39
3.67342e-39
3.48975e-39
3.48975e-39
3.48975e-39
3.48975e-39
3.30608e-39
3.12241e-39
3.12241e-39
3.30608e-39
3.30608e-39
3.30608e-39
3.30608e-39
3.30608e-39
3.12241e-39
2.93874e-39
2.93874e-39
2.93874e-39
2.75506e-39
2.75506e-39
2.38772e-39
2.57139e-39
2.57139e-39
2.20405e-39
2.38772e-39
2.38772e-39
2.29589e-39
2.20405e-39
2.11222e-39
2.11222e-39
2.11222e-39
2.02038e-39
2.02038e-39
2.02038e-39
2.02038e-39
1.92855e-39
1.83671e-39
1.83671e-39
1.83671e-39
1.83671e-39
1.74487e-39
1.65304e-39
1.65304e-39
1.65304e-39
1.74487e-39
1.5612e-39
1.65304e-39
1.5612e-39
1.65304e-39
1.46937e-39
1.5612e-39
1.5612e-39
1.46937e-39
1.42345e-39
1.46937e-39
1.37753e-39
1.37753e-39
1.33161e-39
1.2857e-39
1.23978e-39
1.23978e-39
1.14794e-39
1.14794e-39
1.10203e-39
1.14794e-39
1.10203e-39
1.05611e-39
1.01019e-39
1.05611e-39
1.01019e-39
9.64273e-40
9.64273e-40
1.01019e-39
9.18355e-40
8.72437e-40
9.18355e-40
8.26519e-40
8.26519e-40
7.80602e-40
7.80602e-40
7.80602e-40
7.34684e-40
7.11725e-40
7.11725e-40
6.65807e-40
6.65807e-40
6.42848e-40
6.1989e-40
6.1989e-40
5.73972e-40
5.73972e-40
5.51013e-40
5.51013e-40
5.05095e-40
5.28054e-40
5.05095e-40
5.05095e-40
5.05095e-40
4.59177e-40
4.59177e-40
4.36219e-40
4.59177e-40
4.36219e-40
4.1326e-40
4.1326e-40
3.90301e-40
3.90301e-40
3.44383e-40
3.67342e-40
3.67342e-40
3.44383e-40
3.44383e-40
3.21424e-40
2.98465e-40
2.98465e-40
2.98465e-40
2.98465e-40
2.98465e-40
2.52548e-40
2.52548e-40
2.75506e-40
2.52548e-40
2.52548e-40
2.52548e-40
2.75506e-40
2.52548e-40
2.0663e-40
1.83671e-40
2.0663e-40
1.83671e-40
2.0663e-40
2.0663e-40
1.83671e-40
2.0663e-40
2.0663e-40
1.83671e-40
1.83671e-40
1.60712e-40
1.37753e-40
1.37753e-40
1.60712e-40
1.37753e-40
1.14794e-40
1.14794e-40
1.14794e-40
1.14794e-40
1.14794e-40
1.14794e-40
9.18355e-41
9.18355e-41
9.18355e-41
9.18355e-41
9.18355e-41
6.88766e-41
6.88766e-41
9.18355e-41
9.18355e-41
6.88766e-41
6.88766e-41
6.88766e-41
2.29589e-41
4.59177e-41
6.88766e-41
4.59177e-41
2.29589e-41
6.88766e-41
2.29589e-41
2.29589e-41
2.29589e-41
4.59177e-41
2.29589e-41
2.29589e-41
0.
2.29589e-41
0.
2.29589e-41
-2.29589e-41
0.
-2.29589e-41
-4.59177e-41
-4.59177e-41
-4.59177e-41
0.
-2.29589e-41
0.
0.
2.29589e-41
2.29589e-41
2.29589e-41
0.
0.
-4.59177e-41
-4.59177e-41
-4.59177e-41
-6.88766e-41
-4.59177e-41
-4.59177e-41
0.
0.
-9.18355e-41
-9.18355e-41
-4.59177e-41
-4.59177e-41
-9.18355e-41
-9.18355e-41
-4.59177e-41
-4.59177e-41
0.
-4.59177e-41
0.
0.
-4.59177e-41
-4.59177e-41
0.
-4.59177e-41
-4.59177e-41
-4.59177e-41
-4.59177e-41
0.
-9.18355e-41
-4.59177e-41
0.
0.
-4.59177e-41
-4.59177e-41
-4.59177e-41
0.
-9.18355e-41
-9.18355e-41
-9.18355e-41
-9.18355e-41
-4.59177e-41
-4.59177e-41
-4.59177e-41
-9.18355e-41
-9.18355e-41
-4.59177e-41
-9.18355e-41
0.
-9.18355e-41
-4.59177e-41
-9.18355e-41
-1.37753e-40
-1.37753e-40
-1.37753e-40
-9.18355e-41
-9.18355e-41
-4.59177e-41
-4.59177e-41
-4.59177e-41
-4.59177e-41
-1.37753e-40
-9.18355e-41
-1.83671e-40
-1.83671e-40
-2.29589e-40
-2.29589e-40
-2.75506e-40
-2.75506e-40
-1.83671e-40
-2.75506e-40
-2.75506e-40
-2.75506e-40
-2.75506e-40
-1.83671e-40
-1.83671e-40
-1.83671e-40
-1.83671e-40
-1.83671e-40
-9.18355e-41
-9.18355e-41
-9.18355e-41
0.
0.
0.
0.
-1.83671e-40
-1.83671e-40
-1.83671e-40
-2.75506e-40
-2.75506e-40
-2.75506e-40
-1.83671e-40
-1.83671e-40
-1.83671e-40
-2.75506e-40
-1.83671e-40
-2.75506e-40
-3.67342e-40
-2.75506e-40
-3.67342e-40
-2.75506e-40
-2.75506e-40
-1.83671e-40
-3.67342e-40
-2.75506e-40
-2.75506e-40
-2.75506e-40
-2.75506e-40
-2.75506e-40
-3.67342e-40
-3.67342e-40
-2.75506e-40
-2.75506e-40
-3.67342e-40
-2.75506e-40
-2.75506e-40
-2.75506e-40
-2.75506e-40
-3.67342e-40
-3.67342e-40
-2.75506e-40
-1.83671e-40
-2.75506e-40
-2.75506e-40
-1.83671e-40
-2.75506e-40
-3.67342e-40
-2.75506e-40
-2.75506e-40
-3.67342e-40
-2.75506e-40
-2.75506e-40
-2.75506e-40
-2.75506e-40
-2.75506e-40
-2.75506e-40
-3.67342e-40
-3.67342e-40
-3.67342e-40
-2.75506e-40
-2.75506e-40
-1.83671e-40
-3.67342e-40
-3.67342e-40
-2.75506e-40
-3.67342e-40
-3.67342e-40
-2.75506e-40
-3.67342e-40
-3.67342e-40
-3.67342e-40
-3.67342e-40
-5.51013e-40
-5.51013e-40
-5.51013e-40
-5.51013e-40
-5.51013e-40
-7.34684e-40
-7.34684e-40
-7.34684e-40
-9.18355e-40
-7.34684e-40
-9.18355e-40
-7.34684e-40
-9.18355e-40
-7.34684e-40
-7.34684e-40
-7.34684e-40
-7.34684e-40
-7.34684e-40
-7.34684e-40
-7.34684e-40
-7.34684e-40
-5.51013e-40
-5.51013e-40
-3.67342e-40
-3.67342e-40
-5.51013e-40
-5.51013e-40
-5.51013e-40
-5.51013e-40
-5.51013e-40
-7.34684e-40
-7.34684e-40
-5.51013e-40
-5.51013e-40
-5.51013e-40
-5.51013e-40
-5.51013e-40
-5.51013e-40
-5.51013e-40
-3.67342e-40
-3.67342e-40
-3.67342e-40
-5.51013e-40
-3.67342e-40
-3.67342e-40
-3.67342e-40
-3.67342e-40
-5.51013e-40
-5.51013e-40
-5.51013e-40
-3.67342e-40
-3.67342e-40
-3.67342e-40
-3.67342e-40
-5.51013e-40
-3.67342e-40
-1.83671e-40
-3.67342e-40
-5.51013e-40
-5.51013e-40
-5.51013e-40
-5.51013e-40
-5.51013e-40
-3.67342e-40
-5.51013e-40
-5.51013e-40
-3.67342e-40
-3.67342e-40
-3.67342e-40
-5.51013e-40
-5.51013e-40
-5.51013e-40
-5.51013e-40
-5.51013e-40
-5.51013e-40
-7.34684e-40
-9.18355e-40
-5.51013e-40
-5.51013e-40
-5.51013e-40
-3.67342e-40
-5.51013e-40
-5.51013e-40
-7.34684e-40
-7.34684e-40
-7.34684e-40
-9.18355e-40
-9.18355e-40
-9.18355e-40
-9.18355e-40
-9.18355e-40
-7.34684e-40
-7.34684e-40
-9.18355e-40
-7.34684e-40
-5.51013e-40
-5.51013e-40
-5.51013e-40
-7.34684e-40
-7.34684e-40
-7.34684e-40
-7.34684e-40
-9.18355e-40
-9.18355e-40
-9.18355e-40
-7.34684e-40
-7.34684e-40
-7.34684e-40
-5.51013e-40
-7.34684e-40
-9.18355e-40
-5.51013e-40
-7.34684e-40
-7.34684e-40
-3.67342e-40
-5.51013e-40
-5.51013e-40
-5.51013e-40
-7.34684e-40
-5.51013e-40
-7.34684e-40
-9.18355e-40
-9.18355e-40
-9.18355e-40
-9.18355e-40
-7.34684e-40
-9.18355e-40
-9.18355e-40
-9.18355e-40
-9.18355e-40
-7.34684e-40
-9.18355e-40
-9.18355e-40
-1.10203e-39
-1.10203e-39
-1.10203e-39
-1.10203e-39
-1.10203e-39
-1.10203e-39
-1.10203e-39
-1.10203e-39
-1.10203e-39
-1.10203e-39
-1.46937e-39
-1.10203e-39
-1.10203e-39
-1.10203e-39
-1.10203e-39
-1.10203e-39
-7.34684e-40
-7.34684e-40
-1.10203e-39
-7.34684e-40
-7.34684e-40
-1.10203e-39
-1.10203e-39
-1.10203e-39
-1.46937e-39
-1.10203e-39
-1.46937e-39
-7.34684e-40
-1.10203e-39
-1.10203e-39
-7.34684e-40
-1.10203e-39
-1.10203e-39
-7.34684e-40
-7.34684e-40
-7.34684e-40
-7.34684e-40
-7.34684e-40
-7.34684e-40
-7.34684e-40
-3.67342e-40
-3.67342e-40
-3.67342e-40
-3.67342e-40
-7.34684e-40
-7.34684e-40
-1.10203e-39
-1.10203e-39
-7.34684e-40
-1.10203e-39
-1.10203e-39
-7.34684e-40
-7.34684e-40
-3.67342e-40
-7.34684e-40
-7.34684e-40
-7.34684e-40
-7.34684e-40
-7.34684e-40
-1.10203e-39
-1.10203e-39
-7.34684e-40
-1.10203e-39
-1.10203e-39
-1.10203e-39
-7.34684e-40
-7.34684e-40
-7.34684e-40
-3.67342e-40
-7.34684e-40
-7.34684e-40
-7.34684e-40
-7.34684e-40
-7.34684e-40
-7.34684e-40
-7.34684e-40
-7.34684e-40
-7.34684e-40
-1.10203e-39
-7.34684e-40
-7.34684e-40
-7.34684e-40
-7.34684e-40
-7.34684e-40
-7.34684e-40
-7.34684e-40
-7.34684e-40
-7.34684e-40
-7.34684e-40
-7.34684e-40
-7.34684e-40
-7.34684e-40
-7.34684e-40
-3.67342e-40
-3.67342e-40
-3.67342e-40
-3.67342e-40
-7.34684e-40
-3.67342e-40
-3.67342e-40
-3.67342e-40
-3.67342e-40
-7.34684e-40
-3.67342e-40
-3.67342e-40
-3.67342e-40
-3.67342e-40
-7.34684e-40
-3.67342e-40
-3.67342e-40
-3.67342e-40
-3.67342e-40
-7.34684e-40
-7.34684e-40
-7.34684e-40
-7.34684e-40
-1.10203e-39
-1.10203e-39
-7.34684e-40
-7.34684e-40
-7.34684e-40
-1.10203e-39
-7.34684e-40
-7.34684e-40
-1.10203e-39
-1.10203e-39
-1.10203e-39
-7.34684e-40
-1.10203e-39
-7.34684e-40
-1.10203e-39
-1.10203e-39
-7.34684e-40
-1.46937e-39
-1.46937e-39
-1.46937e-39
-1.46937e-39
-1.46937e-39
-1.46937e-39
-1.46937e-39
-1.10203e-39
-1.10203e-39
-1.10203e-39
-1.10203e-39
-7.34684e-40
-1.10203e-39
-7.34684e-40
-1.10203e-39
-7.34684e-40
-3.67342e-40
-1.10203e-39
-1.10203e-39
-1.10203e-39
-1.10203e-39
-1.10203e-39
-7.34684e-40
-1.10203e-39
-7.34684e-40
-7.34684e-40
-7.34684e-40
-7.34684e-40
-3.67342e-40
-7.34684e-40
-3.67342e-40
-7.34684e-40
-7.34684e-40
-3.67342e-40
-3.67342e-40
-7.34684e-40
-7.34684e-40
-7.34684e-40
-7.34684e-40
-7.34684e-40
-7.34684e-40
-7.34684e-40
-7.34684e-40
-7.34684e-40
-7.34684e-40
-7.34684e-40
-7.34684e-40
-7.34684e-40
-7.34684e-40
-7.34684e-40
-7.34684e-40
-7.34684e-40
-7.34684e-40
-7.34684e-40
-7.34684e-40
-1.10203e-39
-1.10203e-39
-1.46937e-39
-1.46937e-39
-1.10203e-39
-1.10203e-39
-1.10203e-39
-1.10203e-39
-7.34684e-40
-1.10203e-39
-7.34684e-40
-7.34684e-40
-1.10203e-39
-7.34684e-40
-7.34684e-40
-7.34684e-40
-1.10203e-39
-1.10203e-39
-1.10203e-39
-7.34684e-40
-7.34684e-40
-7.34684e-40
-1.10203e-39
-1.10203e-39
-1.46937e-39
-1.10203e-39
-1.10203e-39
-1.10203e-39
-1.10203e-39
-1.10203e-39
-1.10203e-39
-7.34684e-40
-7.34684e-40
-1.10203e-39
-7.34684e-40
-1.10203e-39
-7.34684e-40
-7.34684e-40
-7.34684e-40
-7.34684e-40
-7.34684e-40
-1.10203e-39
-3.67342e-40
-3.67342e-40
-3.67342e-40
-7.34684e-40
-7.34684e-40
-7.34684e-40
-1.10203e-39
-1.10203e-39
-1.10203e-39
-7.34684e-40
-7.34684e-40
-1.10203e-39
-1.10203e-39
-7.34684e-40
-7.34684e-40
-1.10203e-39
-1.10203e-39
-1.10203e-39
-7.34684e-40
-1.10203e-39
-7.34684e-40
-1.10203e-39
-1.10203e-39
-1.10203e-39
-7.34684e-40
-7.34684e-40
-7.34684e-40
-7.34684e-40
-3.67342e-40
-3.67342e-40
-1.10203e-39
-1.10203e-39
-1.10203e-39
-1.10203e-39
-1.10203e-39
-1.10203e-39
-1.10203e-39
-1.10203e-39
-1.10203e-39
-7.34684e-40
-7.34684e-40
-1.10203e-39
-1.10203e-39
-7.34684e-40
-1.10203e-39
-7.34684e-40
-1.10203e-39
-1.10203e-39
-1.10203e-39
-1.10203e-39
-7.34684e-40
-1.10203e-39
-1.10203e-39
-1.10203e-39
-1.10203e-39
-1.10203e-39
-7.34684e-40
-7.34684e-40
-1.10203e-39
-1.10203e-39
-1.10203e-39
-1.10203e-39
-1.46937e-39
-1.46937e-39
-1.46937e-39
-1.46937e-39
-1.10203e-39
-1.46937e-39
-1.46937e-39
-1.46937e-39
-1.46937e-39
-1.46937e-39
-1.46937e-39
-1.46937e-39
-1.46937e-39
-1.46937e-39
-1.46937e-39
-1.46937e-39
-1.46937e-39
-1.46937e-39
-1.46937e-39
-1.46937e-39
-1.46937e-39
-1.10203e-39
-1.46937e-39
-1.46937e-39
-1.46937e-39
-1.10203e-39
-1.46937e-39
-1.46937e-39
-1.46937e-39
-1.46937e-39
-1.46937e-39
-1.10203e-39
-1.10203e-39
-1.10203e-39
-1.10203e-39
-1.10203e-39
-1.10203e-39
-1.10203e-39
-1.46937e-39
-1.46937e-39
-1.46937e-39
-1.46937e-39
-1.46937e-39
-1.46937e-39
-1.46937e-39
-1.46937e-39
-1.46937e-39
-1.46937e-39
-1.46937e-39
-1.46937e-39
-1.46937e-39
-1.10203e-39
-1.10203e-39
-1.10203e-39
-1.10203e-39
-1.46937e-39
-1.10203e-39
-1.10203e-39
-1.10203e-39
-1.10203e-39
-1.10203e-39
-1.10203e-39
-1.10203e-39
-1.10203e-39
-1.10203e-39
-1.10203e-39
-1.10203e-39
-1.10203e-39
-1.10203e-39
-1.10203e-39
-1.10203e-39
-1.10203e-39
-1.10203e-39
-1.10203e-39
-1.10203e-39
-1.10203e-39
-1.10203e-39
-7.34684e-40
-7.34684e-40
-7.34684e-40
-7.34684e-40
-7.34684e-40
-7.34684e-40
-7.34684e-40
-7.34684e-40
-7.34684e-40
-7.34684e-40
-1.10203e-39
-1.10203e-39
-1.10203e-39
-1.10203e-39
-1.10203e-39
-1.10203e-39
-1.10203e-39
-1.10203e-39
-1.10203e-39
-1.10203e-39
-1.10203e-39
-1.10203e-39
-1.10203e-39
-1.10203e-39
-1.10203e-39
-1.10203e-39
-1.10203e-39
-1.10203e-39
-1.10203e-39
-7.34684e-40
-7.34684e-40
-7.34684e-40
-1.10203e-39
-7.34684e-40
-7.34684e-40
-7.34684e-40
-7.34684e-40
-7.34684e-40
-1.10203e-39
-7.34684e-40
-7.34684e-40
-7.34684e-40
-7.34684e-40
-7.34684e-40
-7.34684e-40
-7.34684e-40
-7.34684e-40
-7.34684e-40
-7.34684e-40
-7.34684e-40
-1.10203e-39
-7.34684e-40
-7.34684e-40
-1.10203e-39
-7.34684e-40
-7.34684e-40
-7.34684e-40
-7.34684e-40
-1.10203e-39
-1.10203e-39
-7.34684e-40
-7.34684e-40
-1.10203e-39
-7.34684e-40
-7.34684e-40
-7.34684e-40
-7.34684e-40
-7.34684e-40
-7.34684e-40
-7.34684e-40
-7.34684e-40
-7.34684e-40
-7.34684e-40
-7.34684e-40
-7.34684e-40
-7.34684e-40
-7.34684e-40
-1.10203e-39
-1.10203e-39
-7.34684e-40
-7.34684e-40
-1.10203e-39
-7.34684e-40
-7.34684e-40
-7.34684e-40
-7.34684e-40
-1.10203e-39
-7.34684e-40
-7.34684e-40
-7.34684e-40
-7.34684e-40
-1.10203e-39
-1.10203e-39
-1.10203e-39
-1.46937e-39
-1.10203e-39
-1.46937e-39
-1.10203e-39
-1.46937e-39
-1.10203e-39
-1.46937e-39
-1.10203e-39
-1.46937e-39
-1.10203e-39
-1.46937e-39
-1.10203e-39
-1.10203e-39
-1.46937e-39
-1.10203e-39
-1.10203e-39
-1.10203e-39
-1.46937e-39
-1.46937e-39
-1.10203e-39
-1.10203e-39
-1.46937e-39
-1.10203e-39
-1.46937e-39
-1.46937e-39
-1.46937e-39
-1.10203e-39
-1.10203e-39
-1.10203e-39
-1.10203e-39
-1.46937e-39
-1.46937e-39
-1.10203e-39
-1.10203e-39
-1.10203e-39
-1.10203e-39
-1.46937e-39
-1.46937e-39
-1.46937e-39
-1.10203e-39
-1.10203e-39
-1.10203e-39
-1.10203e-39
-1.10203e-39
-1.10203e-39
-1.46937e-39
-1.46937e-39
-1.10203e-39
-1.10203e-39
-1.10203e-39
-1.46937e-39
-1.10203e-39
-1.10203e-39
-1.10203e-39
-1.10203e-39
-1.46937e-39
-1.10203e-39
-1.46937e-39
-1.10203e-39
-1.10203e-39
-1.46937e-39
-1.10203e-39
-1.46937e-39
-1.10203e-39
-1.10203e-39
-1.46937e-39
-1.10203e-39
-1.10203e-39
-1.10203e-39
-1.10203e-39
-1.46937e-39
-1.46937e-39
-1.10203e-39
-1.46937e-39
-1.46937e-39
-1.10203e-39
-1.46937e-39
-1.46937e-39
-1.10203e-39
-1.10203e-39
-1.46937e-39
-1.10203e-39
-1.10203e-39
-1.46937e-39
-1.46937e-39
-1.10203e-39
-1.10203e-39
-1.46937e-39
-1.10203e-39
-1.10203e-39
-1.46937e-39
-1.46937e-39
-1.10203e-39
-1.10203e-39
-1.10203e-39
-1.10203e-39
-1.46937e-39
-1.46937e-39
-1.46937e-39
-1.46937e-39
-1.10203e-39
-1.10203e-39
-1.46937e-39
-1.10203e-39
-1.10203e-39
-1.10203e-39
-1.46937e-39
-1.46937e-39
-1.46937e-39
-1.10203e-39
-1.46937e-39
-1.10203e-39
-1.10203e-39
-1.46937e-39
-1.46937e-39
-1.46937e-39
-1.46937e-39
-1.10203e-39
-1.10203e-39
-1.10203e-39
-1.10203e-39
-1.46937e-39
-1.10203e-39
-1.10203e-39
-1.10203e-39
-1.10203e-39
-1.46937e-39
-1.10203e-39
-1.10203e-39
-1.46937e-39
-1.10203e-39
-1.10203e-39
-1.10203e-39
-1.46937e-39
-1.10203e-39
-1.10203e-39
-1.46937e-39
-1.10203e-39
-1.10203e-39
-1.46937e-39
-1.10203e-39
-1.46937e-39
-1.10203e-39
-1.46937e-39
-1.10203e-39
-1.46937e-39
-1.10203e-39
-1.46937e-39
-1.10203e-39
-1.10203e-39
-1.46937e-39
-1.46937e-39
-1.10203e-39
-1.46937e-39
-1.10203e-39
-1.46937e-39
-1.10203e-39
-1.10203e-39
-1.10203e-39
-1.10203e-39
-1.46937e-39
-1.10203e-39
-1.46937e-39
-1.10203e-39
-1.46937e-39
-1.10203e-39
-1.10203e-39
-1.46937e-39
-1.46937e-39
-1.10203e-39
-1.10203e-39
-1.46937e-39
-1.10203e-39
-1.10203e-39
-1.46937e-39
-1.10203e-39
-1.10203e-39
-1.46937e-39
-1.10203e-39
-1.10203e-39
-1.46937e-39
-1.10203e-39
-1.10203e-39
-1.10203e-39
-1.46937e-39
-1.10203e-39
-1.10203e-39
-1.10203e-39
-1.10203e-39
-1.10203e-39
-1.46937e-39
-1.10203e-39
-1.10203e-39
-1.10203e-39
-1.10203e-39
-1.10203e-39
-1.10203e-39
-1.46937e-39
-1.46937e-39
-1.10203e-39
-1.10203e-39
-1.10203e-39
-1.10203e-39
-1.10203e-39
-1.10203e-39
-1.10203e-39
-1.10203e-39
-1.10203e-39
-1.10203e-39
-1.10203e-39
-1.10203e-39
-1.10203e-39
-1.46937e-39
-1.46937e-39
-1.46937e-39
-1.46937e-39
-1.10203e-39
-1.10203e-39
-1.10203e-39
-1.10203e-39
-1.46937e-39
-1.46937e-39
-1.46937e-39
-1.46937e-39
-1.10203e-39
-1.10203e-39
-1.10203e-39
-1.10203e-39
-1.10203e-39
-1.10203e-39
-1.46937e-39
-1.46937e-39
-1.10203e-39
-1.10203e-39
-1.46937e-39
-7.34684e-40
-7.34684e-40
-1.10203e-39
-1.10203e-39
-7.34684e-40
-7.34684e-40
-1.10203e-39
-7.34684e-40
-7.34684e-40
-7.34684e-40
-7.34684e-40
-1.10203e-39
-7.34684e-40
-7.34684e-40
-1.10203e-39
-7.34684e-40
-7.34684e-40
-1.10203e-39
-7.34684e-40
-1.10203e-39
-7.34684e-40
-7.34684e-40
-1.10203e-39
-1.10203e-39
-7.34684e-40
-7.34684e-40
-7.34684e-40
-7.34684e-40
-7.34684e-40
-1.10203e-39
-7.34684e-40
-7.34684e-40
-7.34684e-40
-7.34684e-40
-7.34684e-40
-1.10203e-39
-7.34684e-40
-1.10203e-39
-7.34684e-40
-1.10203e-39
-1.10203e-39
-7.34684e-40
-1.10203e-39
-7.34684e-40
-7.34684e-40
-7.34684e-40
-7.34684e-40
-7.34684e-40
-7.34684e-40
-1.10203e-39
-1.10203e-39
-7.34684e-40
-7.34684e-40
-7.34684e-40
-7.34684e-40
-1.10203e-39
-1.10203e-39
-7.34684e-40
-7.34684e-40
-7.34684e-40
-7.34684e-40
-7.34684e-40
-7.34684e-40
-1.10203e-39
-7.34684e-40
-7.34684e-40
-7.34684e-40
-1.10203e-39
-7.34684e-40
-7.34684e-40
-7.34684e-40
-7.34684e-40
-1.10203e-39
-7.34684e-40
-7.34684e-40
-1.10203e-39
-1.10203e-39
-7.34684e-40
-7.34684e-40
-7.34684e-40
-7.34684e-40
-1.10203e-39
-7.34684e-40
-7.34684e-40
-7.34684e-40
-7.34684e-40
-7.34684e-40
-7.34684e-40
-7.34684e-40
-7.34684e-40
-1.46937e-39
-1.46937e-39
-1.46937e-39
-1.46937e-39
-1.10203e-39
-1.10203e-39
-1.10203e-39
-1.10203e-39
-1.10203e-39
-1.10203e-39
-1.46937e-39
-1.10203e-39
-1.10203e-39
-1.10203e-39
-1.10203e-39
-1.46937e-39
-1.10203e-39
-1.10203e-39
-1.10203e-39
-1.10203e-39
-1.10203e-39
-1.10203e-39
-1.10203e-39
-1.10203e-39
-1.10203e-39
-1.10203e-39
-1.10203e-39
-1.10203e-39
-1.10203e-39
-1.10203e-39
-1.10203e-39
-1.10203e-39
-7.34684e-40
-7.34684e-40
-7.34684e-40
-7.34684e-40
-7.34684e-40
-7.34684e-40
-7.34684e-40
-7.34684e-40
-7.34684e-40
-7.34684e-40
-7.34684e-40
-7.34684e-40
-7.34684e-40
-7.34684e-40
-7.34684e-40
-7.34684e-40
-1.10203e-39
-1.10203e-39
-1.10203e-39
-1.10203e-39
-1.10203e-39
-1.10203e-39
-1.10203e-39
-1.10203e-39
-1.10203e-39
-1.46937e-39
-1.10203e-39
-1.10203e-39
-1.10203e-39
-1.10203e-39
-1.10203e-39
-1.10203e-39
-1.10203e-39
-1.10203e-39
-1.10203e-39
-1.10203e-39
-1.10203e-39
-1.10203e-39
-1.10203e-39
-1.10203e-39
-1.10203e-39
-1.46937e-39
-1.10203e-39
-1.10203e-39
-1.10203e-39
-1.10203e-39
-1.10203e-39
-1.10203e-39
-1.10203e-39
-1.10203e-39
-1.46937e-39
-1.10203e-39
-1.10203e-39
-1.10203e-39
-1.10203e-39
-1.10203e-39
-1.10203e-39
-1.10203e-39
-1.10203e-39
-1.10203e-39
-1.46937e-39
-1.10203e-39
-1.10203e-39
-1.10203e-39
-1.10203e-39
-1.10203e-39
-1.10203e-39
-1.46937e-39
-1.10203e-39
-1.10203e-39
-1.10203e-39
-1.10203e-39
-1.10203e-39
-1.10203e-39
-1.10203e-39
-1.10203e-39
-1.10203e-39
-1.10203e-39
-1.10203e-39
-1.10203e-39
-1.10203e-39
-1.10203e-39
-1.10203e-39
-1.10203e-39
-1.10203e-39
-1.10203e-39
-1.10203e-39
-1.10203e-39
-1.10203e-39
-1.10203e-39
-7.34684e-40
-7.34684e-40
-7.34684e-40
-7.34684e-40
-7.34684e-40
-7.34684e-40
-7.34684e-40
-7.34684e-40
-7.34684e-40
-7.34684e-40
-7.34684e-40
-7.34684e-40
-7.34684e-40
-7.34684e-40
-7.34684e-40
-7.34684e-40
-1.10203e-39
-1.10203e-39
-7.34684e-40
-1.10203e-39
-1.10203e-39
-1.10203e-39
-1.10203e-39
-1.10203e-39
-1.10203e-39
-1.10203e-39
-7.34684e-40
-1.10203e-39
-1.10203e-39
-1.10203e-39
-1.10203e-39
-1.10203e-39
-1.10203e-39
-1.10203e-39
-1.10203e-39
-1.10203e-39
-1.10203e-39
-1.10203e-39
-1.10203e-39
-7.34684e-40
-1.10203e-39
-1.10203e-39
-1.10203e-39
-1.10203e-39
-1.10203e-39
-1.10203e-39
-1.10203e-39
-1.10203e-39
-1.10203e-39
-1.10203e-39
-1.10203e-39
-7.34684e-40
-1.10203e-39
-1.10203e-39
-7.34684e-40
-1.46937e-39
-1.46937e-39
-1.46937e-39
-1.46937e-39
-1.46937e-39
-1.10203e-39
-1.46937e-39
-1.46937e-39
-1.10203e-39
-1.46937e-39
-1.46937e-39
-1.10203e-39
-1.46937e-39
-1.46937e-39
-1.46937e-39
-1.46937e-39
-1.46937e-39
-1.46937e-39
-1.46937e-39
-1.10203e-39
-1.46937e-39
-1.46937e-39
-1.46937e-39
-1.10203e-39
-1.10203e-39
-1.10203e-39
-1.10203e-39
-1.10203e-39
-1.10203e-39
-1.10203e-39
-1.10203e-39
-7.34684e-40
-1.10203e-39
-1.10203e-39
-1.10203e-39
-7.34684e-40
-7.34684e-40
-1.10203e-39
-1.10203e-39
-7.34684e-40
-1.10203e-39
-7.34684e-40
-1.10203e-39
-1.10203e-39
-7.34684e-40
-1.10203e-39
-1.10203e-39
-1.10203e-39
-7.34684e-40
-1.10203e-39
-1.10203e-39
-1.10203e-39
-7.34684e-40
-1.10203e-39
-1.10203e-39
-7.34684e-40
-7.34684e-40
-1.10203e-39
-1.10203e-39
-1.10203e-39
-7.34684e-40
-1.10203e-39
-1.10203e-39
-1.10203e-39
-1.10203e-39
-7.34684e-40
-1.10203e-39
-1.10203e-39
-7.34684e-40
-7.34684e-40
-7.34684e-40
-7.34684e-40
-1.10203e-39
-1.10203e-39
-1.10203e-39
-1.10203e-39
-7.34684e-40
-1.10203e-39
-1.10203e-39
-1.10203e-39
-7.34684e-40
-7.34684e-40
-7.34684e-40
-1.10203e-39
-7.34684e-40
-7.34684e-40
-1.10203e-39
-1.10203e-39
-1.10203e-39
-1.10203e-39
-7.34684e-40
-7.34684e-40
-7.34684e-40
-7.34684e-40
-1.10203e-39
-7.34684e-40
-7.34684e-40
-3.67342e-40
-7.34684e-40
-7.34684e-40
-7.34684e-40
-7.34684e-40
-7.34684e-40
-7.34684e-40
-7.34684e-40
-7.34684e-40
-7.34684e-40
-7.34684e-40
-3.67342e-40
-1.10203e-39
-1.10203e-39
-1.10203e-39
-7.34684e-40
-7.34684e-40
-7.34684e-40
-1.10203e-39
-7.34684e-40
-1.10203e-39
-7.34684e-40
-1.10203e-39
-7.34684e-40
-7.34684e-40
-7.34684e-40
-7.34684e-40
-1.10203e-39
-7.34684e-40
-7.34684e-40
-1.10203e-39
-1.10203e-39
-1.10203e-39
-1.10203e-39
-1.10203e-39
-1.10203e-39
-7.34684e-40
-7.34684e-40
-7.34684e-40
-1.10203e-39
-1.10203e-39
-1.10203e-39
-7.34684e-40
-7.34684e-40
-7.34684e-40
-7.34684e-40
-1.10203e-39
-1.46937e-39
-1.46937e-39
-1.46937e-39
-1.10203e-39
-1.46937e-39
-1.46937e-39
-1.10203e-39
-1.10203e-39
-1.10203e-39
-1.10203e-39
-1.10203e-39
-1.10203e-39
-1.10203e-39
-1.10203e-39
-1.10203e-39
-1.10203e-39
-1.10203e-39
-1.10203e-39
-1.46937e-39
-1.46937e-39
-1.46937e-39
-1.10203e-39
-7.34684e-40
-7.34684e-40
-7.34684e-40
-7.34684e-40
-7.34684e-40
-1.10203e-39
-1.10203e-39
-7.34684e-40
-1.10203e-39
-1.10203e-39
-1.10203e-39
-1.10203e-39
-7.34684e-40
-7.34684e-40
-7.34684e-40
-7.34684e-40
-7.34684e-40
-7.34684e-40
-7.34684e-40
-1.10203e-39
-1.10203e-39
-1.10203e-39
-1.10203e-39
-1.10203e-39
-1.10203e-39
-7.34684e-40
-7.34684e-40
-7.34684e-40
-7.34684e-40
-1.10203e-39
-1.10203e-39
-1.10203e-39
-1.10203e-39
-7.34684e-40
-7.34684e-40
-7.34684e-40
-1.10203e-39
-1.10203e-39
-1.10203e-39
-1.10203e-39
-1.10203e-39
-1.10203e-39
-1.10203e-39
-1.10203e-39
-1.10203e-39
-1.10203e-39
-1.10203e-39
-1.10203e-39
-1.10203e-39
-1.10203e-39
-1.10203e-39
-1.10203e-39
-7.34684e-40
-7.34684e-40
-7.34684e-40
-7.34684e-40
-7.34684e-40
-7.34684e-40
-7.34684e-40
-7.34684e-40
-7.34684e-40
-7.34684e-40
-1.10203e-39
-1.10203e-39
-1.10203e-39
-7.34684e-40
-7.34684e-40
-3.67342e-40
-3.67342e-40
-7.34684e-40
-7.34684e-40
-3.67342e-40
-3.67342e-40
-3.67342e-40
-3.67342e-40
-7.34684e-40
-7.34684e-40
-3.67342e-40
-7.34684e-40
-3.67342e-40
-3.67342e-40
-3.67342e-40
-3.67342e-40
-7.34684e-40
-3.67342e-40
-7.34684e-40
-7.34684e-40
-3.67342e-40
-3.67342e-40
-3.67342e-40
-7.34684e-40
-3.67342e-40
-3.67342e-40
-3.67342e-40
-3.67342e-40
-3.67342e-40
-3.67342e-40
-3.67342e-40
-3.67342e-40
-3.67342e-40
-3.67342e-40
-7.34684e-40
-3.67342e-40
-7.34684e-40
-3.67342e-40
-3.67342e-40
-3.67342e-40
-3.67342e-40
-7.34684e-40
-7.34684e-40
-7.34684e-40
-7.34684e-40
-1.10203e-39
-7.34684e-40
-1.10203e-39
-7.34684e-40
-7.34684e-40
-7.34684e-40
-7.34684e-40
-7.34684e-40
-7.34684e-40
-7.34684e-40
-7.34684e-40
-7.34684e-40
-1.10203e-39
-7.34684e-40
-7.34684e-40
-7.34684e-40
-7.34684e-40
-7.34684e-40
-7.34684e-40
-7.34684e-40
-3.67342e-40
-3.67342e-40
-3.67342e-40
-3.67342e-40
-3.67342e-40
-3.67342e-40
-3.67342e-40
-3.67342e-40
-7.34684e-40
-7.34684e-40
-7.34684e-40
-7.34684e-40
-7.34684e-40
-7.34684e-40
-7.34684e-40
-7.34684e-40
-7.34684e-40
-7.34684e-40
-1.10203e-39
-7.34684e-40
-7.34684e-40
-7.34684e-40
-7.34684e-40
-7.34684e-40
-7.34684e-40
-1.10203e-39
-7.34684e-40
-7.34684e-40
-7.34684e-40
-7.34684e-40
-7.34684e-40
-7.34684e-40
-1.10203e-39
-7.34684e-40
-7.34684e-40
-7.34684e-40
-7.34684e-40
-7.34684e-40
-7.34684e-40
-7.34684e-40
-7.34684e-40
-7.34684e-40
-7.34684e-40
-7.34684e-40
-7.34684e-40
-7.34684e-40
-7.34684e-40
-7.34684e-40
-7.34684e-40
-7.34684e-40
-7.34684e-40
-7.34684e-40
-7.34684e-40
-7.34684e-40
-7.34684e-40
-7.34684e-40
-7.34684e-40
-7.34684e-40
-7.34684e-40
-7.34684e-40
-7.34684e-40
-7.34684e-40
-7.34684e-40
-7.34684e-40
-3.67342e-40
-3.67342e-40
-3.67342e-40
-3.67342e-40
-3.67342e-40
-3.67342e-40
0.
-7.34684e-40
-7.34684e-40
-7.34684e-40
-7.34684e-40
-7.34684e-40
-7.34684e-40
-7.34684e-40
-7.34684e-40
-7.34684e-40
-7.34684e-40
-7.34684e-40
-7.34684e-40
-7.34684e-40
-7.34684e-40
-3.67342e-40
-7.34684e-40
-7.34684e-40
-7.34684e-40
-7.34684e-40
-7.34684e-40
-7.34684e-40
-7.34684e-40
-7.34684e-40
-7.34684e-40
-7.34684e-40
-7.34684e-40
-3.67342e-40
-7.34684e-40
-7.34684e-40
-3.67342e-40
-7.34684e-40
-1.10203e-39
-1.10203e-39
-1.10203e-39
-1.10203e-39
-1.10203e-39
-1.10203e-39
-1.10203e-39
-1.10203e-39
-1.10203e-39
-1.10203e-39
-1.10203e-39
-1.10203e-39
-1.10203e-39
-1.10203e-39
-1.10203e-39
-1.10203e-39
-1.10203e-39
-1.10203e-39
-1.10203e-39
-1.10203e-39
-7.34684e-40
-1.10203e-39
-1.10203e-39
-3.67342e-40
-7.34684e-40
-7.34684e-40
-7.34684e-40
-3.67342e-40
-3.67342e-40
-7.34684e-40
-7.34684e-40
-1.10203e-39
-1.10203e-39
-1.10203e-39
-7.34684e-40
-7.34684e-40
-1.10203e-39
-1.10203e-39
-1.10203e-39
-1.10203e-39
-1.10203e-39
-7.34684e-40
-1.10203e-39
-1.10203e-39
-1.10203e-39
-1.10203e-39
-7.34684e-40
-7.34684e-40
-1.10203e-39
-1.10203e-39
-7.34684e-40
-7.34684e-40
-1.10203e-39
-1.10203e-39
-1.10203e-39
-1.10203e-39
-7.34684e-40
-1.10203e-39
-1.10203e-39
-7.34684e-40
-7.34684e-40
-1.10203e-39
-1.46937e-39
-1.10203e-39
-1.46937e-39
-1.46937e-39
-1.46937e-39
-1.10203e-39
-1.46937e-39
-1.46937e-39
-1.46937e-39
-1.10203e-39
-1.10203e-39
-1.46937e-39
-1.46937e-39
-1.10203e-39
-1.46937e-39
-1.46937e-39
-1.46937e-39
-1.46937e-39
-1.10203e-39
-1.46937e-39
-1.46937e-39
-1.10203e-39
-1.46937e-39
-1.46937e-39
-1.10203e-39
-7.34684e-40
-1.10203e-39
-1.10203e-39
-7.34684e-40
-7.34684e-40
-1.10203e-39
-1.10203e-39
-7.34684e-40
-7.34684e-40
-1.10203e-39
-1.10203e-39
-7.34684e-40
-7.34684e-40
-1.10203e-39
-1.10203e-39
-1.10203e-39
-1.10203e-39
-1.10203e-39
-7.34684e-40
-7.34684e-40
-7.34684e-40
-1.10203e-39
-1.10203e-39
-1.10203e-39
-1.10203e-39
-7.34684e-40
-7.34684e-40
-7.34684e-40
-1.10203e-39
-7.34684e-40
-7.34684e-40
-7.34684e-40
-1.10203e-39
-1.10203e-39
-1.10203e-39
-7.34684e-40
-7.34684e-40
-1.10203e-39
-1.10203e-39
-1.10203e-39
-7.34684e-40
-7.34684e-40
-1.10203e-39
-1.10203e-39
-7.34684e-40
-7.34684e-40
-7.34684e-40
-1.10203e-39
-7.34684e-40
-7.34684e-40
-1.10203e-39
-1.10203e-39
-7.34684e-40
-7.34684e-40
-7.34684e-40
-7.34684e-40
-1.10203e-39
-7.34684e-40
-7.34684e-40
-1.10203e-39
-1.10203e-39
-7.34684e-40
-7.34684e-40
-3.67342e-40
-7.34684e-40
-3.67342e-40
-3.67342e-40
-7.34684e-40
-7.34684e-40
-3.67342e-40
-3.67342e-40
-7.34684e-40
-7.34684e-40
-3.67342e-40
-3.67342e-40
-7.34684e-40
-7.34684e-40
-3.67342e-40
-3.67342e-40
-3.67342e-40
-7.34684e-40
-7.34684e-40
-3.67342e-40
-3.67342e-40
-3.67342e-40
-3.67342e-40
-7.34684e-40
-7.34684e-40
-7.34684e-40
-7.34684e-40
-7.34684e-40
-3.67342e-40
-3.67342e-40
-3.67342e-40
-3.67342e-40
-3.67342e-40
-3.67342e-40
-7.34684e-40
-3.67342e-40
-3.67342e-40
-3.67342e-40
-3.67342e-40
-7.34684e-40
-7.34684e-40
-7.34684e-40
-3.67342e-40
-3.67342e-40
-3.67342e-40
-3.67342e-40
-3.67342e-40
-7.34684e-40
-7.34684e-40
-3.67342e-40
-3.67342e-40
-3.67342e-40
-7.34684e-40
-7.34684e-40
-3.67342e-40
-3.67342e-40
-3.67342e-40
-7.34684e-40
-7.34684e-40
-3.67342e-40
-3.67342e-40
-3.67342e-40
-7.34684e-40
-3.67342e-40
-7.34684e-40
-3.67342e-40
0.
0.
0.
0.
-3.67342e-40
-3.67342e-40
-7.34684e-40
-7.34684e-40
-3.67342e-40
-3.67342e-40
-3.67342e-40
-7.34684e-40
-3.67342e-40
-3.67342e-40
-3.67342e-40
-3.67342e-40
-3.67342e-40
-3.67342e-40
-7.34684e-40
-3.67342e-40
-3.67342e-40
-3.67342e-40
-7.34684e-40
-7.34684e-40
-7.34684e-40
-7.34684e-40
-7.34684e-40
-7.34684e-40
-7.34684e-40
-3.67342e-40
-3.67342e-40
-3.67342e-40
-3.67342e-40
-3.67342e-40
-3.67342e-40
-3.67342e-40
-7.34684e-40
-7.34684e-40
-1.10203e-39
-1.10203e-39
-7.34684e-40
-1.10203e-39
-7.34684e-40
-7.34684e-40
-7.34684e-40
-7.34684e-40
-7.34684e-40
-7.34684e-40
-7.34684e-40
-7.34684e-40
-7.34684e-40
-1.10203e-39
-7.34684e-40
-7.34684e-40
-7.34684e-40
-7.34684e-40
-7.34684e-40
-7.34684e-40
-1.10203e-39
-7.34684e-40
-7.34684e-40
-7.34684e-40
-7.34684e-40
-7.34684e-40
-3.67342e-40
-3.67342e-40
-3.67342e-40
-3.67342e-40
-3.67342e-40
-3.67342e-40
-3.67342e-40
-3.67342e-40
-3.67342e-40
-3.67342e-40
-3.67342e-40
-3.67342e-40
-7.34684e-40
-3.67342e-40
-3.67342e-40
-3.67342e-40
-3.67342e-40
-3.67342e-40
-7.34684e-40
-3.67342e-40
-3.67342e-40
-3.67342e-40
-3.67342e-40
-3.67342e-40
-3.67342e-40
-3.67342e-40
-3.67342e-40
-3.67342e-40
-3.67342e-40
-3.67342e-40
-3.67342e-40
-3.67342e-40
-3.67342e-40
-3.67342e-40
-3.67342e-40
-3.67342e-40
-3.67342e-40
-7.34684e-40
-7.34684e-40
-7.34684e-40
-7.34684e-40
-7.34684e-40
-7.34684e-40
-7.34684e-40
-7.34684e-40
-7.34684e-40
-7.34684e-40
-7.34684e-40
-7.34684e-40
-7.34684e-40
-7.34684e-40
-7.34684e-40
-7.34684e-40
-7.34684e-40
-7.34684e-40
-7.34684e-40
-7.34684e-40
-7.34684e-40
-7.34684e-40
-7.34684e-40
-7.34684e-40
-7.34684e-40
-7.34684e-40
-7.34684e-40
-7.34684e-40
-7.34684e-40
-7.34684e-40
-3.67342e-40
-3.67342e-40
-3.67342e-40
-7.34684e-40
-7.34684e-40
-7.34684e-40
-7.34684e-40
-7.34684e-40
-7.34684e-40
-7.34684e-40
-7.34684e-40
-7.34684e-40
-7.34684e-40
-7.34684e-40
-7.34684e-40
-7.34684e-40
-7.34684e-40
-7.34684e-40
-7.34684e-40
-7.34684e-40
-7.34684e-40
-7.34684e-40
-3.67342e-40
-3.67342e-40
-7.34684e-40
-3.67342e-40
-3.67342e-40
-3.67342e-40
-7.34684e-40
-7.34684e-40
-7.34684e-40
-7.34684e-40
-3.67342e-40
-3.67342e-40
-3.67342e-40
-3.67342e-40
-3.67342e-40
-7.34684e-40
-7.34684e-40
-7.34684e-40
-7.34684e-40
-7.34684e-40
-7.34684e-40
-7.34684e-40
-7.34684e-40
-7.34684e-40
-7.34684e-40
-7.34684e-40
-7.34684e-40
-7.34684e-40
-3.67342e-40
-3.67342e-40
-7.34684e-40
-7.34684e-40
-7.34684e-40
-7.34684e-40
-7.34684e-40
-7.34684e-40
-7.34684e-40
-7.34684e-40
-3.67342e-40
-3.67342e-40
-7.34684e-40
-7.34684e-40
-7.34684e-40
-7.34684e-40
-7.34684e-40
-7.34684e-40
-3.67342e-40
-3.67342e-40
-3.67342e-40
-3.67342e-40
-3.67342e-40
0.
0.
0.
0.
0.
0.
0.
0.
-3.67342e-40
-3.67342e-40
-3.67342e-40
-3.67342e-40
-3.67342e-40
-3.67342e-40
-3.67342e-40
-3.67342e-40
-3.67342e-40
-3.67342e-40
-3.67342e-40
-3.67342e-40
-3.67342e-40
-3.67342e-40
0.
0.
-3.67342e-40
-3.67342e-40
-3.67342e-40
-3.67342e-40
-3.67342e-40
-3.67342e-40
-3.67342e-40
-3.67342e-40
0.
-7.34684e-40
-7.34684e-40
-3.67342e-40
-3.67342e-40
-3.67342e-40
-7.34684e-40
-7.34684e-40
-3.67342e-40
-3.67342e-40
-7.34684e-40
-7.34684e-40
-3.67342e-40
-3.67342e-40
-7.34684e-40
-7.34684e-40
-3.67342e-40
-7.34684e-40
-3.67342e-40
-3.67342e-40
-7.34684e-40
-7.34684e-40
-7.34684e-40
-3.67342e-40
-7.34684e-40
-7.34684e-40
-3.67342e-40
-7.34684e-40
-3.67342e-40
-3.67342e-40
-3.67342e-40
-7.34684e-40
-3.67342e-40
-7.34684e-40
-3.67342e-40
0.
-7.34684e-40
-7.34684e-40
-7.34684e-40
-7.34684e-40
-7.34684e-40
-3.67342e-40
-3.67342e-40
-7.34684e-40
-7.34684e-40
-7.34684e-40
-7.34684e-40
-7.34684e-40
-3.67342e-40
-3.67342e-40
-3.67342e-40
-3.67342e-40
-3.67342e-40
-7.34684e-40
-3.67342e-40
-7.34684e-40
-3.67342e-40
-7.34684e-40
-3.67342e-40
-7.34684e-40
-3.67342e-40
-3.67342e-40
-3.67342e-40
-7.34684e-40
-7.34684e-40
-7.34684e-40
-7.34684e-40
-3.67342e-40
-7.34684e-40
-7.34684e-40
-3.67342e-40
-3.67342e-40
-7.34684e-40
-7.34684e-40
-7.34684e-40
-7.34684e-40
-1.10203e-39
-7.34684e-40
-1.10203e-39
-1.10203e-39
-7.34684e-40
-7.34684e-40
-7.34684e-40
-7.34684e-40
-1.10203e-39
-7.34684e-40
-1.10203e-39
-1.10203e-39
-7.34684e-40
-7.34684e-40
-1.10203e-39
-1.10203e-39
-1.10203e-39
-1.10203e-39
-1.10203e-39
-1.10203e-39
-1.10203e-39
