Vec Object: Vec_0x3_0 1 MPI process
  type: seq
1.
0.999915
0.999831
0.999746
0.999662
0.999577
0.999493
0.999408
0.999324
0.999239
0.999155
0.99907
0.998986
0.998901
0.998817
0.998732
0.998648
0.998563
0.998478
0.998394
0.998309
0.998225
0.99814
0.998056
0.997971
0.997887
0.997802
0.997717
0.997633
0.997548
0.997464
0.997379
0.997295
0.99721
0.997125
0.997041
0.996956
0.996872
0.996787
0.996703
0.996618
0.996533
0.996449
0.996364
0.99628
0.996195
0.99611
0.996026
0.995941
0.995857
0.995772
0.995687
0.995603
0.995518
0.995434
0.995349
0.995264
0.99518
0.995095
0.99501
0.994926
0.994841
0.994757
0.994672
0.994587
0.994503
0.994418
0.994333
0.994249
0.994164
0.994079
0.993995
0.99391
0.993825
0.993741
0.993656
0.993571
0.993487
0.993402
0.993317
0.993233
0.993148
0.993063
0.992979
0.992894
0.992809
0.992725
0.99264
0.992555
0.992471
0.992386
0.992301
0.992217
0.992132
0.992047
0.991962
0.991878
0.991793
0.991708
0.991624
0.991539
0.991454
0.991369
0.991285
0.9912
0.991115
0.991031
0.990946
0.990861
0.990776
0.990692
0.990607
0.990522
0.990437
0.990353
0.990268
0.990183
0.990098
0.990014
0.989929
0.989844
0.989759
0.989675
0.98959
0.989505
0.98942
0.989336
0.989251
0.989166
0.989081
0.988996
0.988912
0.988827
0.988742
0.988657
0.988573
0.988488
0.988403
0.988318
0.988233
0.988149
0.988064
0.987979
0.987894
0.987809
0.987725
0.98764
0.987555
0.98747
0.987385
0.9873
0.987216
0.987131
0.987046
0.986961
0.986876
0.986791
0.986707
0.986622
0.986537
0.986452
0.986367
0.986282
0.986198
0.986113
0.986028
0.985943
0.985858
0.985773
0.985688
0.985604
0.985519
0.985434
0.985349
0.985264
0.985179
0.985094
0.985009
0.984924
0.98484
0.984755
0.98467
0.984585
0.9845
0.984415
0.98433
0.984245
0.98416
0.984075
0.983991
0.983906
0.983821
0.983736
0.983651
0.983566
0.983481
0.983396
0.983311
0.983226
0.983141
0.983056
0.982971
0.982887
0.982802
0.982717
0.982632
0.982547
0.982462
0.982377
0.982292
0.982207
0.982122
0.982037
0.981952
0.981867
0.981782
0.981697
0.981612
0.981527
0.981442
0.981357
0.981272
0.981187
0.981102
0.981017
0.980932
0.980847
0.980762
0.980677
0.980592
0.980507
0.980422
0.980337
0.980252
0.980167
0.980082
0.979997
0.979912
0.979827
0.979742
0.979657
0.979572
0.979487
0.979402
0.979317
0.979232
0.979147
0.979062
0.978977
0.978892
0.978806
0.978721
0.978636
0.978551
0.978466
0.978381
0.978296
0.978211
0.978126
0.978041
0.977956
0.977871
0.977786
0.9777
0.977615
0.97753
0.977445
0.97736
0.977275
0.97719
0.977105
0.97702
0.976935
0.976849
0.976764
0.976679
0.976594
0.976509
0.976424
0.976339
0.976254
0.976168
0.976083
0.975998
0.975913
0.975828
0.975743
0.975658
0.975572
0.975487
0.975402
0.975317
0.975232
0.975147
0.975061
0.974976
0.974891
0.974806
0.974721
0.974636
0.97455
0.974465
0.97438
0.974295
0.97421
0.974124
0.974039
0.973954
0.973869
0.973784
0.973698
0.973613
0.973528
0.973443
0.973357
0.973272
0.973187
0.973102
0.973017
0.972931
0.972846
0.972761
0.972676
0.97259
0.972505
0.97242
0.972335
0.972249
0.972164
0.972079
0.971994
0.971908
0.971823
0.971738
0.971652
0.971567
0.971482
0.971397
0.971311
0.971226
0.971141
0.971055
0.97097
0.970885
0.9708
0.970714
0.970629
0.970544
0.970458
0.970373
0.970288
0.970202
0.970117
0.970032
0.969946
0.969861
0.969776
0.96969
0.969605
0.96952
0.969434
0.969349
0.969264
0.969178
0.969093
0.969008
0.968922
0.968837
0.968751
0.968666
0.968581
0.968495
0.96841
0.968325
0.968239
0.968154
0.968068
0.967983
0.967898
0.967812
0.967727
0.967641
0.967556
0.967471
0.967385
0.9673
0.967214
0.967129
0.967043
0.966958
0.966873
0.966787
0.966702
0.966616
0.966531
0.966445
0.96636
0.966275
0.966189
0.966104
0.966018
0.965933
0.965847
0.965762
0.965676
0.965591
0.965505
0.96542
0.965334
0.965249
0.965163
0.965078
0.964992
0.964907
0.964821
0.964736
0.96465
0.964565
0.964479
0.964394
0.964308
0.964223
0.964137
0.964052
0.963966
0.963881
0.963795
0.96371
0.963624
0.963538
0.963453
0.963367
0.963282
0.963196
0.963111
0.963025
0.96294
0.962854
0.962768
0.962683
0.962597
0.962512
0.962426
0.96234
0.962255
0.962169
0.962084
0.961998
0.961912
0.961827
0.961741
0.961656
0.96157
0.961484
0.961399
0.961313
0.961228
0.961142
0.961056
0.960971
0.960885
0.960799
0.960714
0.960628
0.960542
0.960457
0.960371
0.960285
0.9602
0.960114
0.960028
0.959943
0.959857
0.959771
0.959686
0.9596
0.959514
0.959429
0.959343
0.959257
0.959171
0.959086
0.959
0.958914
0.958829
0.958743
0.958657
0.958571
0.958486
0.9584
0.958314
0.958229
0.958143
0.958057
0.957971
0.957886
0.9578
0.957714
0.957628
0.957542
0.957457
0.957371
0.957285
0.957199
0.957114
0.957028
0.956942
0.956856
0.95677
0.956685
0.956599
0.956513
0.956427
0.956341
0.956256
0.95617
0.956084
0.955998
0.955912
0.955826
0.955741
0.955655
0.955569
0.955483
0.955397
0.955311
0.955226
0.95514
0.955054
0.954968
0.954882
0.954796
0.95471
0.954624
0.954539
0.954453
0.954367
0.954281
0.954195
0.954109
0.954023
0.953937
0.953851
0.953765
0.95368
0.953594
0.953508
0.953422
0.953336
0.95325
0.953164
0.953078
0.952992
0.952906
0.95282
0.952734
0.952648
0.952562
0.952476
0.95239
0.952304
0.952218
0.952132
0.952046
0.95196
0.951874
0.951788
0.951702
0.951616
0.95153
0.951444
0.951358
0.951272
0.951186
0.9511
0.951014
0.950928
0.950842
0.950756
0.95067
0.950584
0.950498
0.950412
0.950326
0.95024
0.950154
0.950068
0.949982
0.949896
0.94981
0.949723
0.949637
0.949551
0.949465
0.949379
0.949293
0.949207
0.949121
0.949035
0.948949
0.948862
0.948776
0.94869
0.948604
0.948518
0.948432
0.948346
0.948259
0.948173
0.948087
0.948001
0.947915
0.947829
0.947743
0.947656
0.94757
0.947484
0.947398
0.947312
0.947225
0.947139
0.947053
0.946967
0.946881
0.946794
0.946708
0.946622
0.946536
0.94645
0.946363
0.946277
0.946191
0.946105
0.946018
0.945932
0.945846
0.94576
0.945673
0.945587
0.945501
0.945415
0.945328
0.945242
0.945156
0.945069
0.944983
0.944897
0.944811
0.944724
0.944638
0.944552
0.944465
0.944379
0.944293
0.944206
0.94412
0.944034
0.943947
0.943861
0.943775
0.943688
0.943602
0.943516
0.943429
0.943343
0.943256
0.94317
0.943084
0.942997
0.942911
0.942825
0.942738
0.942652
0.942565
0.942479
0.942393
0.942306
0.94222
0.942133
0.942047
0.94196
0.941874
0.941788
0.941701
0.941615
0.941528
0.941442
0.941355
0.941269
0.941182
0.941096
0.941009
0.940923
0.940836
0.94075
0.940663
0.940577
0.94049
0.940404
0.940317
0.940231
0.940144
0.940058
0.939971
0.939885
0.939798
0.939712
0.939625
0.939539
0.939452
0.939365
0.939279
0.939192
0.939106
0.939019
0.938933
0.938846
0.938759
0.938673
0.938586
0.9385
0.938413
0.938326
0.93824
0.938153
0.938067
0.93798
0.937893
0.937807
0.93772
0.937633
0.937547
0.93746
0.937373
0.937287
0.9372
0.937113
0.937027
0.93694
0.936853
0.936767
0.93668
0.936593
0.936506
0.93642
0.936333
0.936246
0.93616
0.936073
0.935986
0.935899
0.935813
0.935726
0.935639
0.935552
0.935466
0.935379
0.935292
0.935205
0.935119
0.935032
0.934945
0.934858
0.934771
0.934685
0.934598
0.934511
0.934424
0.934337
0.93425
0.934164
0.934077
0.93399
0.933903
0.933816
0.933729
0.933643
0.933556
0.933469
0.933382
0.933295
0.933208
0.933121
0.933034
0.932948
0.932861
0.932774
0.932687
0.9326
0.932513
0.932426
0.932339
0.932252
0.932165
0.932078
0.931991
0.931904
0.931817
0.93173
0.931643
0.931556
0.93147
0.931383
0.931296
0.931209
0.931122
0.931035
0.930948
0.93086
0.930773
0.930686
0.930599
0.930512
0.930425
0.930338
0.930251
0.930164
0.930077
0.92999
0.929903
0.929816
0.929729
0.929642
0.929555
0.929468
0.92938
0.929293
0.929206
0.929119
0.929032
0.928945
0.928858
0.928771
0.928683
0.928596
0.928509
0.928422
0.928335
0.928248
0.92816
0.928073
0.927986
0.927899
0.927812
0.927724
0.927637
0.92755
0.927463
0.927376
0.927288
0.927201
0.927114
0.927027
0.926939
0.926852
0.926765
0.926678
0.92659
0.926503
0.926416
0.926328
0.926241
0.926154
0.926067
0.925979
0.925892
0.925805
0.925717
0.92563
0.925543
0.925455
0.925368
0.925281
0.925193
0.925106
0.925018
0.924931
0.924844
0.924756
0.924669
0.924582
0.924494
0.924407
0.924319
0.924232
0.924144
0.924057
0.92397
0.923882
0.923795
0.923707
0.92362
0.923532
0.923445
0.923357
0.92327
0.923182
0.923095
0.923007
0.92292
0.922832
0.922745
0.922657
0.92257
0.922482
0.922395
0.922307
0.92222
0.922132
0.922044
0.921957
0.921869
0.921782
0.921694
0.921606
0.921519
0.921431
0.921344
0.921256
0.921168
0.921081
0.920993
0.920905
0.920818
0.92073
0.920642
0.920555
0.920467
0.920379
0.920292
0.920204
0.920116
0.920029
0.919941
0.919853
0.919765
0.919678
0.91959
0.919502
0.919414
0.919327
0.919239
0.919151
0.919063
0.918976
0.918888
0.9188
0.918712
0.918624
0.918537
0.918449
0.918361
0.918273
0.918185
0.918097
0.91801
0.917922
0.917834
0.917746
0.917658
0.91757
0.917482
0.917394
0.917306
0.917219
0.917131
0.917043
0.916955
0.916867
0.916779
0.916691
0.916603
0.916515
0.916427
0.916339
0.916251
0.916163
0.916075
0.915987
0.915899
0.915811
0.915723
0.915635
0.915547
0.915459
0.915371
0.915283
0.915195
0.915106
0.915018
0.91493
0.914842
0.914754
0.914666
0.914578
0.91449
0.914402
0.914313
0.914225
0.914137
0.914049
0.913961
0.913873
0.913784
0.913696
0.913608
0.91352
0.913432
0.913343
0.913255
0.913167
0.913079
0.91299
0.912902
0.912814
0.912726
0.912637
0.912549
0.912461
0.912372
0.912284
0.912196
0.912108
0.912019
0.911931
0.911843
0.911754
0.911666
0.911577
0.911489
0.911401
0.911312
0.911224
0.911135
0.911047
0.910959
0.91087
0.910782
0.910693
0.910605
0.910516
0.910428
0.910339
0.910251
0.910162
0.910074
0.909985
0.909897
0.909808
0.90972
0.909631
0.909543
0.909454
0.909366
0.909277
0.909188
0.9091
0.909011
0.908923
0.908834
0.908745
0.908657
0.908568
0.90848
0.908391
0.908302
0.908214
0.908125
0.908036
0.907947
0.907859
0.90777
0.907681
0.907593
0.907504
0.907415
0.907326
0.907238
0.907149
0.90706
0.906971
0.906882
0.906794
0.906705
0.906616
0.906527
0.906438
0.906349
0.906261
0.906172
0.906083
0.905994
0.905905
0.905816
0.905727
0.905638
0.905549
0.90546
0.905372
0.905283
0.905194
0.905105
0.905016
0.904927
0.904838
0.904749
0.90466
0.904571
0.904482
0.904392
0.904303
0.904214
0.904125
0.904036
0.903947
0.903858
0.903769
0.90368
0.903591
0.903501
0.903412
0.903323
0.903234
0.903145
0.903056
0.902966
0.902877
0.902788
0.902699
0.90261
0.90252
0.902431
0.902342
0.902252
0.902163
0.902074
0.901985
0.901895
0.901806
0.901717
0.901627
0.901538
0.901449
0.901359
0.90127
0.90118
0.901091
0.901002
0.900912
0.900823
0.900733
0.900644
0.900554
0.900465
0.900375
0.900286
0.900196
0.900107
0.900017
0.899928
0.899838
0.899749
0.899659
0.899569
0.89948
0.89939
0.899301
0.899211
0.899121
0.899032
0.898942
0.898852
0.898763
0.898673
0.898583
0.898494
0.898404
0.898314
0.898224
0.898135
0.898045
0.897955
0.897865
0.897775
0.897686
0.897596
0.897506
0.897416
0.897326
0.897236
0.897146
0.897057
0.896967
0.896877
0.896787
0.896697
0.896607
0.896517
0.896427
0.896337
0.896247
0.896157
0.896067
0.895977
0.895887
0.895797
0.895707
0.895616
0.895526
0.895436
0.895346
0.895256
0.895166
0.895076
0.894985
0.894895
0.894805
0.894715
0.894625
0.894534
0.894444
0.894354
0.894264
0.894173
0.894083
0.893993
0.893902
0.893812
0.893722
0.893631
0.893541
0.89345
0.89336
0.89327
0.893179
0.893089
0.892998
0.892908
0.892817
0.892727
0.892636
0.892546
0.892455
0.892365
0.892274
0.892183
0.892093
0.892002
0.891912
0.891821
0.89173
0.89164
0.891549
0.891458
0.891367
0.891277
0.891186
0.891095
0.891004
0.890914
0.890823
0.890732
0.890641
0.89055
0.890459
0.890368
0.890278
0.890187
0.890096
0.890005
0.889914
0.889823
0.889732
0.889641
0.88955
0.889459
0.889368
0.889277
0.889185
0.889094
0.889003
0.888912
0.888821
0.88873
0.888639
0.888547
0.888456
0.888365
0.888274
0.888182
0.888091
0.888
0.887908
0.887817
0.887726
0.887634
0.887543
0.887452
0.88736
0.887269
0.887177
0.887086
0.886994
0.886903
0.886811
0.88672
0.886628
0.886537
0.886445
0.886353
0.886262
0.88617
0.886078
0.885987
0.885895
0.885803
0.885711
0.88562
0.885528
0.885436
0.885344
0.885252
0.88516
0.885069
0.884977
0.884885
0.884793
0.884701
0.884609
0.884517
0.884425
0.884333
0.884241
0.884149
0.884056
0.883964
0.883872
0.88378
0.883688
0.883596
0.883503
0.883411
0.883319
0.883226
0.883134
0.883042
0.882949
0.882857
0.882765
0.882672
0.88258
0.882487
0.882395
0.882302
0.88221
0.882117
0.882024
0.881932
0.881839
0.881747
0.881654
0.881561
0.881468
0.881376
0.881283
0.88119
0.881097
0.881004
0.880911
0.880819
0.880726
0.880633
0.88054
0.880447
0.880354
0.880261
0.880167
0.880074
0.879981
0.879888
0.879795
0.879702
0.879608
0.879515
0.879422
0.879328
0.879235
0.879142
0.879048
0.878955
0.878861
0.878768
0.878674
0.878581
0.878487
0.878394
0.8783
0.878206
0.878113
0.878019
0.877925
0.877831
0.877737
0.877644
0.87755
0.877456
0.877362
0.877268
0.877174
0.87708
0.876986
0.876892
0.876798
0.876703
0.876609
0.876515
0.876421
0.876326
0.876232
0.876138
0.876043
0.875949
0.875854
0.87576
0.875665
0.875571
0.875476
0.875382
0.875287
0.875192
0.875097
0.875003
0.874908
0.874813
0.874718
0.874623
0.874528
0.874433
0.874338
0.874243
0.874148
0.874053
0.873958
0.873862
0.873767
0.873672
0.873576
0.873481
0.873386
0.87329
0.873195
0.873099
0.873003
0.872908
0.872812
0.872716
0.872621
0.872525
0.872429
0.872333
0.872237
0.872141
0.872045
0.871949
0.871853
0.871757
0.87166
0.871564
0.871468
0.871372
0.871275
0.871179
0.871082
0.870986
0.870889
0.870793
0.870696
0.870599
0.870502
0.870406
0.870309
0.870212
0.870115
0.870018
0.869921
0.869824
0.869727
0.869629
0.869532
0.869435
0.869337
0.86924
0.869143
0.869045
0.868947
0.86885
0.868752
0.868654
0.868557
0.868459
0.868361
0.868263
0.868165
0.868067
0.867969
0.867871
0.867773
0.867674
0.867576
0.867478
0.867379
0.867281
0.867182
0.867084
0.866985
0.866886
0.866787
0.866689
0.86659
0.866491
0.866392
0.866293
0.866194
0.866094
0.865995
0.865896
0.865796
0.865697
0.865598
0.865498
0.865398
0.865299
0.865199
0.865099
0.864999
0.8649
0.8648
0.8647
0.8646
0.864499
0.864399
0.864299
0.864199
0.864098
0.863998
0.863897
0.863797
0.863696
0.863595
0.863495
0.863394
0.863293
0.863192
0.863091
0.86299
0.862889
0.862787
0.862686
0.862585
0.862483
0.862382
0.86228
0.862179
0.862077
0.861975
0.861874
0.861772
0.86167
0.861568
0.861466
0.861364
0.861261
0.861159
0.861057
0.860954
0.860852
0.860749
0.860647
0.860544
0.860441
0.860339
0.860236
0.860133
0.86003
0.859927
0.859824
0.85972
0.859617
0.859514
0.85941
0.859307
0.859203
0.8591
0.858996
0.858892
0.858789
0.858685
0.858581
0.858477
0.858373
0.858269
0.858164
0.85806
0.857956
0.857851
0.857747
0.857642
0.857537
0.857433
0.857328
0.857223
0.857118
0.857013
0.856908
0.856803
0.856698
0.856593
0.856487
0.856382
0.856276
0.856171
0.856065
0.855959
0.855854
0.855748
0.855642
0.855536
0.85543
0.855324
0.855217
0.855111
0.855005
0.854898
0.854792
0.854685
0.854579
0.854472
0.854365
0.854258
0.854152
0.854045
0.853937
0.85383
0.853723
0.853616
0.853508
0.853401
0.853294
0.853186
0.853078
0.852971
0.852863
0.852755
0.852647
0.852539
0.852431
0.852323
0.852215
0.852106
0.851998
0.851889
0.851781
0.851672
0.851564
0.851455
0.851346
0.851237
0.851128
0.851019
0.85091
0.850801
0.850692
0.850582
0.850473
0.850363
0.850254
0.850144
0.850034
0.849925
0.849815
0.849705
0.849595
0.849485
0.849375
0.849264
0.849154
0.849044
0.848933
0.848823
0.848712
0.848601
0.848491
0.84838
0.848269
0.848158
0.848047
0.847936
0.847825
0.847713
0.847602
0.84749
0.847379
0.847267
0.847156
0.847044
0.846932
0.84682
0.846708
0.846596
0.846484
0.846372
0.84626
0.846147
0.846035
0.845922
0.84581
0.845697
0.845584
0.845471
0.845358
0.845245
0.845132
0.845019
0.844906
0.844793
0.844679
0.844566
0.844452
0.844339
0.844225
0.844111
0.843998
0.843884
0.84377
0.843656
0.843542
0.843427
0.843313
0.843199
0.843084
0.84297
0.842855
0.84274
0.842626
0.842511
0.842396
0.842281
0.842166
0.842051
0.841935
0.84182
0.841705
0.841589
0.841474
0.841358
0.841242
0.841126
0.84101
0.840895
0.840778
0.840662
0.840546
0.84043
0.840314
0.840197
0.840081
0.839964
0.839847
0.839731
0.839614
0.839497
0.83938
0.839263
0.839146
0.839028
0.838911
0.838794
0.838676
0.838559
0.838441
0.838323
0.838205
0.838088
0.83797
0.837852
0.837733
0.837615
0.837497
0.837379
0.83726
0.837142
0.837023
0.836904
0.836785
0.836667
0.836548
0.836429
0.83631
0.83619
0.836071
0.835952
0.835832
0.835713
0.835593
0.835474
0.835354
0.835234
0.835114
0.834994
0.834874
0.834754
0.834633
0.834513
0.834393
0.834272
0.834152
0.834031
0.83391
0.833789
0.833668
0.833547
0.833426
0.833305
0.833184
0.833063
0.832941
0.83282
0.832698
0.832576
0.832455
0.832333
0.832211
0.832089
0.831967
0.831845
0.831722
0.8316
0.831478
0.831355
0.831232
0.83111
0.830987
0.830864
0.830741
0.830618
0.830495
0.830372
0.830249
0.830125
0.830002
0.829878
0.829755
0.829631
0.829507
0.829383
0.829259
0.829135
0.829011
0.828887
0.828763
0.828638
0.828514
0.828389
0.828265
0.82814
0.828015
0.82789
0.827765
0.82764
0.827515
0.82739
0.827264
0.827139
0.827014
0.826888
0.826762
0.826636
0.826511
0.826385
0.826259
0.826133
0.826006
0.82588
0.825754
0.825627
0.825501
0.825374
0.825247
0.825121
0.824994
0.824867
0.82474
0.824612
0.824485
0.824358
0.82423
0.824103
0.823975
0.823848
0.82372
0.823592
0.823464
0.823336
0.823208
0.82308
0.822951
0.822823
0.822695
0.822566
0.822437
0.822309
0.82218
0.822051
0.821922
0.821793
0.821664
0.821534
0.821405
0.821275
0.821146
0.821016
0.820887
0.820757
0.820627
0.820497
0.820367
0.820237
0.820106
0.819976
0.819846
0.819715
0.819584
0.819454
0.819323
0.819192
0.819061
0.81893
0.818799
0.818667
0.818536
0.818405
0.818273
0.818142
0.81801
0.817878
0.817746
0.817614
0.817482
0.81735
0.817218
0.817085
0.816953
0.81682
0.816688
0.816555
0.816422
0.816289
0.816156
0.816023
0.81589
0.815757
0.815623
0.81549
0.815357
0.815223
0.815089
0.814955
0.814821
0.814687
0.814553
0.814419
0.814285
0.81415
0.814016
0.813881
0.813747
0.813612
0.813477
0.813342
0.813207
0.813072
0.812937
0.812802
0.812666
0.812531
0.812395
0.81226
0.812124
0.811988
0.811852
0.811716
0.81158
0.811443
0.811307
0.811171
0.811034
0.810898
0.810761
0.810624
0.810487
0.81035
0.810213
0.810076
0.809939
0.809801
0.809664
0.809526
0.809389
0.809251
0.809113
0.808975
0.808837
0.808699
0.808561
0.808422
0.808284
0.808145
0.808007
0.807868
0.807729
0.80759
0.807451
0.807312
0.807173
0.807034
0.806894
0.806755
0.806615
0.806476
0.806336
0.806196
0.806056
0.805916
0.805776
0.805636
0.805495
0.805355
0.805214
0.805074
0.804933
0.804792
0.804651
0.80451
0.804369
0.804228
0.804086
0.803945
0.803803
0.803662
0.80352
0.803378
0.803236
0.803094
0.802952
0.80281
0.802668
0.802525
0.802383
0.80224
0.802098
0.801955
0.801812
0.801669
0.801526
0.801383
0.801239
0.801096
0.800952
0.800809
0.800665
0.800521
0.800378
0.800234
0.800089
0.799945
0.799801
0.799657
0.799512
0.799368
0.799223
0.799078
0.798933
0.798788
0.798643
0.798498
0.798353
0.798207
0.798062
0.797916
0.797771
0.797625
0.797479
0.797333
0.797187
0.797041
0.796894
0.796748
0.796601
0.796455
0.796308
0.796161
0.796014
0.795867
0.79572
0.795573
0.795426
0.795278
0.795131
0.794983
0.794836
0.794688
0.79454
0.794392
0.794244
0.794095
0.793947
0.793799
0.79365
0.793502
0.793353
0.793204
0.793055
0.792906
0.792757
0.792608
0.792458
0.792309
0.792159
0.79201
0.79186
0.79171
0.79156
0.79141
0.79126
0.791109
0.790959
0.790808
0.790658
0.790507
0.790356
0.790205
0.790054
0.789903
0.789752
0.789601
0.789449
0.789298
0.789146
0.788994
0.788843
0.788691
0.788539
0.788386
0.788234
0.788082
0.787929
0.787777
0.787624
0.787471
0.787318
0.787165
0.787012
0.786859
0.786706
0.786552
0.786399
0.786245
0.786091
0.785937
0.785783
0.785629
0.785475
0.785321
0.785166
0.785012
0.784857
0.784703
0.784548
0.784393
0.784238
0.784083
0.783927
0.783772
0.783617
0.783461
0.783305
0.783149
0.782994
0.782838
0.782681
0.782525
0.782369
0.782212
0.782056
0.781899
0.781743
0.781586
0.781429
0.781272
0.781114
0.780957
0.7808
0.780642
0.780485
0.780327
0.780169
0.780011
0.779853
0.779695
0.779536
0.779378
0.77922
0.779061
0.778902
0.778743
0.778584
0.778425
0.778266
0.778107
0.777948
0.777788
0.777628
0.777469
0.777309
0.777149
0.776989
0.776829
0.776669
0.776508
0.776348
0.776187
0.776026
0.775866
0.775705
0.775544
0.775382
0.775221
0.77506
0.774898
0.774737
0.774575
0.774413
0.774251
0.774089
0.773927
0.773765
0.773602
0.77344
0.773277
0.773114
0.772952
0.772789
0.772626
0.772462
0.772299
0.772136
0.771972
0.771809
0.771645
0.771481
0.771317
0.771153
0.770989
0.770824
0.77066
0.770496
0.770331
0.770166
0.770001
0.769836
0.769671
0.769506
0.769341
0.769175
0.76901
0.768844
0.768678
0.768512
0.768346
0.76818
0.768014
0.767847
0.767681
0.767514
0.767348
0.767181
0.767014
0.766847
0.76668
0.766512
0.766345
0.766178
0.76601
0.765842
0.765674
0.765506
0.765338
0.76517
0.765002
0.764833
0.764665
0.764496
0.764327
0.764158
0.763989
0.76382
0.763651
0.763481
0.763312
0.763142
0.762973
0.762803
0.762633
0.762463
0.762293
0.762122
0.761952
0.761781
0.761611
0.76144
0.761269
0.761098
0.760927
0.760755
0.760584
0.760413
0.760241
0.760069
0.759897
0.759725
0.759553
0.759381
0.759209
0.759036
0.758864
0.758691
0.758518
0.758345
0.758172
0.757999
0.757826
0.757652
0.757479
0.757305
0.757132
0.756958
0.756784
0.75661
0.756435
0.756261
0.756086
0.755912
0.755737
0.755562
0.755387
0.755212
0.755037
0.754862
0.754686
0.754511
0.754335
0.754159
0.753983
0.753807
0.753631
0.753455
0.753278
0.753102
0.752925
0.752748
0.752571
0.752394
0.752217
0.75204
0.751862
0.751685
0.751507
0.751329
0.751152
0.750974
0.750795
0.750617
0.750439
0.75026
0.750082
0.749903
0.749724
0.749545
0.749366
0.749187
0.749007
0.748828
0.748648
0.748468
0.748289
0.748109
0.747928
0.747748
0.747568
0.747387
0.747207
0.747026
0.746845
0.746664
0.746483
0.746302
0.74612
0.745939
0.745757
0.745576
0.745394
0.745212
0.74503
0.744847
0.744665
0.744483
0.7443
0.744117
0.743934
0.743751
0.743568
0.743385
0.743202
0.743018
0.742834
0.742651
0.742467
0.742283
0.742099
0.741914
0.74173
0.741545
0.741361
0.741176
0.740991
0.740806
0.740621
0.740436
0.74025
0.740065
0.739879
0.739693
0.739507
0.739321
0.739135
0.738949
0.738762
0.738576
0.738389
0.738202
0.738015
0.737828
0.737641
0.737454
0.737266
0.737079
0.736891
0.736703
0.736515
0.736327
0.736139
0.73595
0.735762
0.735573
0.735384
0.735195
0.735006
0.734817
0.734628
0.734438
0.734249
0.734059
0.733869
0.73368
0.733489
0.733299
0.733109
0.732918
0.732728
0.732537
0.732346
0.732155
0.731964
0.731773
0.731581
0.73139
0.731198
0.731006
0.730815
0.730623
0.73043
0.730238
0.730046
0.729853
0.72966
0.729467
0.729274
0.729081
0.728888
0.728695
0.728501
0.728308
0.728114
0.72792
0.727726
0.727532
0.727337
0.727143
0.726948
0.726754
0.726559
0.726364
0.726169
0.725973
0.725778
0.725582
0.725387
0.725191
0.724995
0.724799
0.724603
0.724406
0.72421
0.724013
0.723817
0.72362
0.723423
0.723226
0.723028
0.722831
0.722633
0.722436
0.722238
0.72204
0.721842
0.721644
0.721445
0.721247
0.721048
0.720849
0.72065
0.720451
0.720252
0.720053
0.719853
0.719654
0.719454
0.719254
0.719054
0.718854
0.718654
0.718453
0.718253
0.718052
0.717851
0.71765
0.717449
0.717248
0.717046
0.716845
0.716643
0.716441
0.716239
0.716037
0.715835
0.715632
0.71543
0.715227
0.715025
0.714822
0.714619
0.714415
0.714212
0.714008
0.713805
0.713601
0.713397
0.713193
0.712989
0.712785
0.71258
0.712375
0.712171
0.711966
0.711761
0.711556
0.71135
0.711145
0.710939
0.710733
0.710528
0.710322
0.710115
0.709909
0.709703
0.709496
0.709289
0.709082
0.708875
0.708668
0.708461
0.708253
0.708046
0.707838
0.70763
0.707422
0.707214
0.707006
0.706797
0.706589
0.70638
0.706171
0.705962
0.705753
0.705544
0.705334
0.705124
0.704915
0.704705
0.704495
0.704285
0.704074
0.703864
0.703653
0.703442
0.703232
0.703021
0.702809
0.702598
0.702386
0.702175
0.701963
0.701751
0.701539
0.701327
0.701115
0.700902
0.700689
0.700477
0.700264
0.700051
0.699837
0.699624
0.69941
0.699197
0.698983
0.698769
0.698555
0.698341
0.698126
0.697912
0.697697
0.697482
0.697267
0.697052
0.696837
0.696621
0.696406
0.69619
0.695974
0.695758
0.695542
0.695325
0.695109
0.694892
0.694675
0.694459
0.694241
0.694024
0.693807
0.693589
0.693372
0.693154
0.692936
0.692718
0.692499
0.692281
0.692062
0.691844
0.691625
0.691406
0.691187
0.690967
0.690748
0.690528
0.690308
0.690089
0.689868
0.689648
0.689428
0.689207
0.688987
0.688766
0.688545
0.688324
0.688102
0.687881
0.687659
0.687438
0.687216
0.686994
0.686771
0.686549
0.686327
0.686104
0.685881
0.685658
0.685435
0.685212
0.684988
0.684765
0.684541
0.684317
0.684093
0.683869
0.683644
0.68342
0.683195
0.682971
0.682746
0.68252
0.682295
0.68207
0.681844
0.681618
0.681393
0.681166
0.68094
0.680714
0.680487
0.680261
0.680034
0.679807
0.67958
0.679352
0.679125
0.678897
0.67867
0.678442
0.678214
0.677985
0.677757
0.677529
0.6773
0.677071
0.676842
0.676613
0.676384
0.676154
0.675924
0.675695
0.675465
0.675235
0.675004
0.674774
0.674543
0.674313
0.674082
0.673851
0.673619
0.673388
0.673156
0.672925
0.672693
0.672461
0.672229
0.671996
0.671764
0.671531
0.671298
0.671065
0.670832
0.670599
0.670366
0.670132
0.669898
0.669664
0.66943
0.669196
0.668962
0.668727
0.668492
0.668257
0.668022
0.667787
0.667552
0.667316
0.667081
0.666845
0.666609
0.666373
0.666136
0.6659
0.665663
0.665426
0.665189
0.664952
0.664715
0.664477
0.66424
0.664002
0.663764
0.663526
0.663288
0.663049
0.66281
0.662572
0.662333
0.662094
0.661854
0.661615
0.661375
0.661136
0.660896
0.660656
0.660415
0.660175
0.659934
0.659694
0.659453
0.659212
0.65897
0.658729
0.658487
0.658246
0.658004
0.657762
0.65752
0.657277
0.657035
0.656792
0.656549
0.656306
0.656063
0.655819
0.655576
0.655332
0.655088
0.654844
0.6546
0.654356
0.654111
0.653866
0.653621
0.653376
0.653131
0.652886
0.65264
0.652394
0.652149
0.651903
0.651656
0.65141
0.651163
0.650917
0.65067
0.650423
0.650175
0.649928
0.64968
0.649433
0.649185
0.648937
0.648688
0.64844
0.648191
0.647943
0.647694
0.647445
0.647195
0.646946
0.646696
0.646447
0.646197
0.645947
0.645696
0.645446
0.645195
0.644944
0.644693
0.644442
0.644191
0.643939
0.643688
0.643436
0.643184
0.642932
0.642679
0.642427
0.642174
0.641921
0.641668
0.641415
0.641162
0.640908
0.640654
0.640401
0.640146
0.639892
0.639638
0.639383
0.639128
0.638874
0.638618
0.638363
0.638108
0.637852
0.637596
0.63734
0.637084
0.636828
0.636571
0.636315
0.636058
0.635801
0.635543
0.635286
0.635029
0.634771
0.634513
0.634255
0.633997
0.633738
0.63348
0.633221
0.632962
0.632703
0.632443
0.632184
0.631924
0.631664
0.631404
0.631144
0.630884
0.630623
0.630363
0.630102
0.629841
0.629579
0.629318
0.629056
0.628794
0.628532
0.62827
0.628008
0.627746
0.627483
0.62722
0.626957
0.626694
0.62643
0.626167
0.625903
0.625639
0.625375
0.625111
0.624846
0.624582
0.624317
0.624052
0.623786
0.623521
0.623256
0.62299
0.622724
0.622458
0.622192
0.621925
0.621658
0.621392
0.621125
0.620857
0.62059
0.620323
0.620055
0.619787
0.619519
0.619251
0.618982
0.618714
0.618445
0.618176
0.617907
0.617637
0.617368
0.617098
0.616828
0.616558
0.616288
0.616017
0.615747
0.615476
0.615205
0.614933
0.614662
0.614391
0.614119
0.613847
0.613575
0.613302
0.61303
0.612757
0.612484
0.612211
0.611938
0.611665
0.611391
0.611117
0.610843
0.610569
0.610295
0.61002
0.609746
0.609471
0.609196
0.608921
0.608645
0.608369
0.608094
0.607818
0.607541
0.607265
0.606988
0.606712
0.606435
0.606158
0.60588
0.605603
0.605325
0.605047
0.604769
0.604491
0.604212
0.603934
0.603655
0.603376
0.603097
0.602817
0.602538
0.602258
0.601978
0.601698
0.601418
0.601137
0.600856
0.600575
0.600294
0.600013
0.599732
0.59945
0.599168
0.598886
0.598604
0.598321
0.598039
0.597756
0.597473
0.59719
0.596906
0.596623
0.596339
0.596055
0.595771
0.595487
0.595202
0.594917
0.594632
0.594347
0.594062
0.593776
0.593491
0.593205
0.592919
0.592633
0.592346
0.592059
0.591773
0.591486
0.591198
0.590911
0.590623
0.590336
0.590048
0.589759
0.589471
0.589182
0.588894
0.588605
0.588315
0.588026
0.587736
0.587447
0.587157
0.586867
0.586576
0.586286
0.585995
0.585704
0.585413
0.585122
0.58483
0.584538
0.584246
0.583954
0.583662
0.58337
0.583077
0.582784
0.582491
0.582198
0.581904
0.58161
0.581317
0.581022
0.580728
0.580434
0.580139
0.579844
0.579549
0.579254
0.578958
0.578663
0.578367
0.578071
0.577775
0.577478
0.577181
0.576885
0.576588
0.57629
0.575993
0.575695
0.575397
0.575099
0.574801
0.574503
0.574204
0.573905
0.573606
0.573307
0.573007
0.572708
0.572408
0.572108
0.571807
0.571507
0.571206
0.570905
0.570604
0.570303
0.570002
0.5697
0.569398
0.569096
0.568794
0.568491
0.568189
0.567886
0.567583
0.567279
0.566976
0.566672
0.566368
0.566064
0.56576
0.565455
0.56515
0.564846
0.56454
0.564235
0.56393
0.563624
0.563318
0.563012
0.562705
0.562399
0.562092
0.561785
0.561478
0.56117
0.560863
0.560555
0.560247
0.559939
0.55963
0.559322
0.559013
0.558704
0.558395
0.558085
0.557776
0.557466
0.557156
0.556845
0.556535
0.556224
0.555913
0.555602
0.555291
0.554979
0.554668
0.554356
0.554044
0.553731
0.553419
0.553106
0.552793
0.55248
0.552166
0.551853
0.551539
0.551225
0.550911
0.550596
0.550282
0.549967
0.549652
0.549336
0.549021
0.548705
0.548389
0.548073
0.547757
0.54744
0.547124
0.546807
0.54649
0.546172
0.545855
0.545537
0.545219
0.5449
0.544582
0.544263
0.543945
0.543625
0.543306
0.542987
0.542667
0.542347
0.542027
0.541706
0.541386
0.541065
0.540744
0.540423
0.540102
0.53978
0.539458
0.539136
0.538814
0.538491
0.538169
0.537846
0.537522
0.537199
0.536876
0.536552
0.536228
0.535904
0.535579
0.535255
0.53493
0.534605
0.534279
0.533954
0.533628
0.533302
0.532976
0.53265
0.532323
0.531996
0.531669
0.531342
0.531015
0.530687
0.530359
0.530031
0.529703
0.529374
0.529045
0.528716
0.528387
0.528058
0.527728
0.527398
0.527068
0.526738
0.526408
0.526077
0.525746
0.525415
0.525083
0.524752
0.52442
0.524088
0.523756
0.523423
0.523091
0.522758
0.522425
0.522091
0.521758
0.521424
0.52109
0.520756
0.520421
0.520087
0.519752
0.519417
0.519081
0.518746
0.51841
0.518074
0.517738
0.517401
0.517065
0.516728
0.516391
0.516053
0.515716
0.515378
0.51504
0.514702
0.514363
0.514025
0.513686
0.513347
0.513007
0.512668
0.512328
0.511988
0.511648
0.511307
0.510967
0.510626
0.510285
0.509943
0.509602
0.50926
0.508918
0.508576
0.508233
0.507891
0.507548
0.507205
0.506861
0.506518
0.506174
0.50583
0.505486
0.505141
0.504796
0.504451
0.504106
0.503761
0.503415
0.503069
0.502723
0.502377
0.50203
0.501684
0.501337
0.500989
0.500642
0.500294
0.499946
0.499598
0.49925
0.498901
0.498553
0.498204
0.497854
0.497505
0.497155
0.496805
0.496455
0.496105
0.495754
0.495403
0.495052
0.494701
0.494349
0.493997
0.493645
0.493293
0.492941
0.492588
0.492235
0.491882
0.491529
0.491175
0.490821
0.490467
0.490113
0.489758
0.489403
0.489048
0.488693
0.488338
0.487982
0.487626
0.48727
0.486913
0.486557
0.4862
0.485843
0.485486
0.485128
0.48477
0.484412
0.484054
0.483695
0.483337
0.482978
0.482619
0.482259
0.4819
0.48154
0.48118
0.480819
0.480459
0.480098
0.479737
0.479375
0.479014
0.478652
0.47829
0.477928
0.477565
0.477203
0.47684
0.476477
0.476113
0.47575
0.475386
0.475022
0.474657
0.474293
0.473928
0.473563
0.473198
0.472832
0.472466
0.4721
0.471734
0.471368
0.471001
0.470634
0.470267
0.469899
0.469532
0.469164
0.468796
0.468427
0.468059
0.46769
0.467321
0.466952
0.466582
0.466212
0.465842
0.465472
0.465101
0.464731
0.46436
0.463988
0.463617
0.463245
0.462873
0.462501
0.462129
0.461756
0.461383
0.46101
0.460637
0.460263
0.459889
0.459515
0.459141
0.458766
0.458391
0.458016
0.457641
0.457266
0.45689
0.456514
0.456138
0.455761
0.455384
0.455007
0.45463
0.454253
0.453875
0.453497
0.453119
0.45274
0.452362
0.451983
0.451604
0.451224
0.450845
0.450465
0.450085
0.449704
0.449324
0.448943
0.448562
0.44818
0.447799
0.447417
0.447035
0.446653
0.44627
0.445887
0.445504
0.445121
0.444737
0.444354
0.44397
0.443585
0.443201
0.442816
0.442431
0.442046
0.44166
0.441275
0.440889
0.440502
0.440116
0.439729
0.439342
0.438955
0.438568
0.43818
0.437792
0.437404
0.437015
0.436627
0.436238
0.435849
0.435459
0.435069
0.43468
0.434289
0.433899
0.433508
0.433117
0.432726
0.432335
0.431943
0.431551
0.431159
0.430767
0.430374
0.429981
0.429588
0.429195
0.428801
0.428407
0.428013
0.427619
0.427224
0.42683
0.426434
0.426039
0.425643
0.425248
0.424852
0.424455
0.424059
0.423662
0.423265
0.422867
0.42247
0.422072
0.421674
0.421275
0.420877
0.420478
0.420079
0.41968
0.41928
0.41888
0.41848
0.41808
0.417679
0.417278
0.416877
0.416476
0.416074
0.415673
0.41527
0.414868
0.414465
0.414063
0.41366
0.413256
0.412853
0.412449
0.412045
0.41164
0.411236
0.410831
0.410426
0.41002
0.409615
0.409209
0.408803
0.408396
0.40799
0.407583
0.407176
0.406769
0.406361
0.405953
0.405545
0.405137
0.404728
0.404319
0.40391
0.4035
0.403091
0.402681
0.402271
0.40186
0.40145
0.401039
0.400628
0.400216
0.399805
0.399393
0.39898
0.398568
0.398155
0.397742
0.397329
0.396916
0.396502
0.396088
0.395674
0.395259
0.394845
0.39443
0.394015
0.393599
0.393183
0.392767
0.392351
0.391935
0.391518
0.391101
0.390684
0.390266
0.389848
0.38943
0.389012
0.388594
0.388175
0.387756
0.387336
0.386917
0.386497
0.386077
0.385657
0.385236
0.384815
0.384394
0.383973
0.383551
0.383129
0.382707
0.382285
0.381862
0.381439
0.381016
0.380593
0.380169
0.379745
0.379321
0.378897
0.378472
0.378047
0.377622
0.377196
0.376771
0.376345
0.375919
0.375492
0.375065
0.374638
0.374211
0.373784
0.373356
0.372928
0.3725
0.372071
0.371642
0.371213
0.370784
0.370355
0.369925
0.369495
0.369064
0.368634
0.368203
0.367772
0.367341
0.366909
0.366477
0.366045
0.365613
0.36518
0.364747
0.364314
0.36388
0.363447
0.363013
0.362579
0.362144
0.36171
0.361275
0.360839
0.360404
0.359968
0.359532
0.359096
0.35866
0.358223
0.357786
0.357348
0.356911
0.356473
0.356035
0.355597
0.355158
0.354719
0.35428
0.353841
0.353401
0.352962
0.352522
0.352081
0.351641
0.3512
0.350759
0.350317
0.349875
0.349434
0.348991
0.348549
0.348106
0.347663
0.34722
0.346777
0.346333
0.345889
0.345445
0.345
0.344556
0.344111
0.343665
0.34322
0.342774
0.342328
0.341882
0.341435
0.340988
0.340541
0.340094
0.339646
0.339199
0.33875
0.338302
0.337854
0.337405
0.336956
0.336506
0.336057
0.335607
0.335156
0.334706
0.334255
0.333804
0.333353
0.332902
0.33245
0.331998
0.331546
0.331094
0.330641
0.330188
0.329735
0.329281
0.328827
0.328373
0.327919
0.327465
0.32701
0.326555
0.326099
0.325644
0.325188
0.324732
0.324276
0.323819
0.323362
0.322905
0.322448
0.32199
0.321532
0.321074
0.320616
0.320157
0.319698
0.319239
0.31878
0.31832
0.31786
0.3174
0.31694
0.316479
0.316018
0.315557
0.315096
0.314634
0.314172
0.31371
0.313247
0.312785
0.312322
0.311858
0.311395
0.310931
0.310467
0.310003
0.309539
0.309074
0.308609
0.308144
0.307678
0.307212
0.306746
0.30628
0.305814
0.305347
0.30488
0.304413
0.303945
0.303477
0.303009
0.302541
0.302072
0.301604
0.301135
0.300665
0.300196
0.299726
0.299256
0.298786
0.298315
0.297844
0.297373
0.296902
0.29643
0.295959
0.295486
0.295014
0.294542
0.294069
0.293596
0.293122
0.292649
0.292175
0.291701
0.291227
0.290752
0.290277
0.289802
0.289327
0.288851
0.288376
0.2879
0.287423
0.286947
0.28647
0.285993
0.285516
0.285038
0.28456
0.284082
0.283604
0.283126
0.282647
0.282168
0.281689
0.281209
0.280729
0.280249
0.279769
0.279289
0.278808
0.278327
0.277846
0.277364
0.276883
0.276401
0.275919
0.275436
0.274953
0.274471
0.273987
0.273504
0.27302
0.272537
0.272052
0.271568
0.271083
0.270599
0.270114
0.269628
0.269143
0.268657
0.268171
0.267685
0.267198
0.266711
0.266224
0.265737
0.26525
0.264762
0.264274
0.263786
0.263297
0.262809
0.26232
0.261831
0.261341
0.260852
0.260362
0.259872
0.259381
0.258891
0.2584
0.257909
0.257418
0.256926
0.256435
0.255943
0.255451
0.254958
0.254466
0.253973
0.25348
0.252986
0.252493
0.251999
0.251505
0.251011
0.250516
0.250022
0.249527
0.249032
0.248536
0.248041
0.247545
0.247049
0.246553
0.246056
0.245559
0.245062
0.244565
0.244068
0.24357
0.243072
0.242574
0.242076
0.241578
0.241079
0.24058
0.240081
0.239581
0.239082
0.238582
0.238082
0.237582
0.237081
0.236581
0.23608
0.235579
0.235077
0.234576
0.234074
0.233572
0.23307
0.232567
0.232065
0.231562
0.231059
0.230556
0.230052
0.229549
0.229045
0.228541
0.228036
0.227532
0.227027
0.226522
0.226017
0.225512
0.225006
0.224501
0.223995
0.223488
0.222982
0.222476
0.221969
0.221462
0.220955
0.220447
0.21994
0.219432
0.218924
0.218416
0.217908
0.217399
0.216891
0.216382
0.215873
0.215363
0.214854
0.214344
0.213834
0.213324
0.212814
0.212304
0.211793
0.211282
0.210771
0.21026
0.209749
0.209237
0.208725
0.208213
0.207701
0.207189
0.206677
0.206164
0.205651
0.205138
0.204625
0.204112
0.203598
0.203084
0.202571
0.202056
0.201542
0.201028
0.200513
0.199999
0.199484
0.198969
0.198453
0.197938
0.197422
0.196907
0.196391
0.195875
0.195359
0.194842
0.194326
0.193809
0.193292
0.192775
0.192258
0.191741
0.191223
0.190706
0.190188
0.18967
0.189152
0.188634
0.188115
0.187597
0.187078
0.186559
0.18604
0.185521
0.185002
0.184483
0.183963
0.183443
0.182924
0.182404
0.181884
0.181364
0.180843
0.180323
0.179802
0.179282
0.178761
0.17824
0.177719
0.177197
0.176676
0.176155
0.175633
0.175111
0.17459
0.174068
0.173546
0.173024
0.172501
0.171979
0.171457
0.170934
0.170411
0.169889
0.169366
0.168843
0.16832
0.167796
0.167273
0.16675
0.166226
0.165703
0.165179
0.164655
0.164132
0.163608
0.163084
0.16256
0.162036
0.161511
0.160987
0.160463
0.159938
0.159414
0.158889
0.158364
0.15784
0.157315
0.15679
0.156265
0.15574
0.155215
0.15469
0.154165
0.15364
0.153114
0.152589
0.152064
0.151538
0.151013
0.150487
0.149962
0.149436
0.148911
0.148385
0.14786
0.147334
0.146808
0.146283
0.145757
0.145231
0.144705
0.144179
0.143654
0.143128
0.142602
0.142076
0.14155
0.141025
0.140499
0.139973
0.139447
0.138921
0.138395
0.13787
0.137344
0.136818
0.136292
0.135767
0.135241
0.134715
0.13419
0.133664
0.133139
0.132613
0.132088
0.131562
0.131037
0.130512
0.129986
0.129461
0.128936
0.128411
0.127886
0.127361
0.126836
0.126311
0.125787
0.125262
0.124738
0.124213
0.123689
0.123164
0.12264
0.122116
0.121592
0.121068
0.120545
0.120021
0.119498
0.118974
0.118451
0.117928
0.117405
0.116882
0.116359
0.115837
0.115314
0.114792
0.11427
0.113748
0.113226
0.112704
0.112183
0.111662
0.11114
0.11062
0.110099
0.109578
0.109058
0.108538
0.108018
0.107498
0.106979
0.106459
0.10594
0.105421
0.104903
0.104384
0.103866
0.103348
0.102831
0.102313
0.101796
0.101279
0.100763
0.100246
0.0997304
0.0992146
0.0986992
0.098184
0.0976692
0.0971547
0.0966404
0.0961265
0.0956129
0.0950997
0.0945867
0.0940742
0.0935619
0.0930501
0.0925385
0.0920274
0.0915166
0.0910062
0.0904962
0.0899865
0.0894773
0.0889685
0.08846
0.087952
0.0874444
0.0869373
0.0864305
0.0859242
0.0854184
0.084913
0.0844081
0.0839037
0.0833997
0.0828962
0.0823932
0.0818907
0.0813887
0.0808872
0.0803863
0.0798859
0.079386
0.0788866
0.0783878
0.0778896
0.0773919
0.0768948
0.0763983
0.0759024
0.0754071
0.0749124
0.0744183
0.0739249
0.0734321
0.0729399
0.0724484
0.0719575
0.0714674
0.0709779
0.0704891
0.070001
0.0695136
0.0690269
0.0685409
0.0680557
0.0675713
0.0670876
0.0666047
0.0661225
0.0656412
0.0651606
0.0646809
0.0642019
0.0637239
0.0632466
0.0627702
0.0622947
0.0618201
0.0613463
0.0608734
0.0604015
0.0599305
0.0594604
0.0589912
0.0585231
0.0580559
0.0575896
0.0571244
0.0566602
0.056197
0.0557348
0.0552737
0.0548136
0.0543546
0.0538967
0.0534399
0.0529843
0.0525297
0.0520763
0.051624
0.0511729
0.050723
0.0502743
0.0498267
0.0493805
0.0489354
0.0484916
0.0480491
0.0476079
0.0471679
0.0467293
0.046292
0.045856
0.0454215
0.0449882
0.0445564
0.044126
0.043697
0.0432695
0.0428434
0.0424187
0.0419956
0.041574
0.0411539
0.0407353
0.0403183
0.0399029
0.039489
0.0390768
0.0386662
0.0382572
0.0378499
0.0374442
0.0370403
0.036638
0.0362375
0.0358388
0.0354418
0.0350466
0.0346532
0.0342616
0.0338718
0.0334839
0.0330979
0.0327138
0.0323315
0.0319512
0.0315729
0.0311965
0.0308221
0.0304497
0.0300793
0.029711
0.0293447
0.0289805
0.0286183
0.0282583
0.0279004
0.0275447
0.0271911
0.0268397
0.0264905
0.0261435
0.0257988
0.0254563
0.0251161
0.0247781
0.0244425
0.0241092
0.0237782
0.0234496
0.0231233
0.0227995
0.022478
0.0221589
0.0218423
0.0215282
0.0212165
0.0209072
0.0206005
0.0202963
0.0199945
0.0196954
0.0193987
0.0191047
0.0188132
0.0185242
0.0182379
0.0179542
0.0176731
0.0173946
0.0171188
0.0168456
0.0165751
0.0163072
0.016042
0.0157795
0.0155197
0.0152626
0.0150081
0.0147564
0.0145074
0.0142611
0.0140175
0.0137766
0.0135385
0.0133031
0.0130704
0.0128405
0.0126133
0.0123888
0.012167
0.011948
0.0117317
0.0115181
0.0113072
0.0110991
0.0108936
0.0106909
0.0104908
0.0102935
0.0100988
0.00990683
0.00971751
0.00953085
0.00934684
0.00916546
0.00898671
0.00881058
0.00863705
0.00846611
0.00829775
0.00813194
0.00796869
0.00780797
0.00764976
0.00749406
0.00734084
0.00719008
0.00704177
0.00689589
0.00675242
0.00661134
0.00647264
0.00633628
0.00620225
0.00607054
0.00594111
0.00581394
0.00568902
0.00556632
0.00544582
0.00532749
0.00521132
0.00509727
0.00498532
0.00487546
0.00476765
0.00466187
0.00455809
0.0044563
0.00435646
0.00425854
0.00416254
0.00406841
0.00397614
0.00388569
0.00379705
0.00371018
0.00362507
0.00354167
0.00345998
0.00337996
0.00330159
0.00322484
0.00314969
0.00307611
0.00300407
0.00293356
0.00286454
0.00279699
0.00273089
0.00266621
0.00260292
0.00254101
0.00248045
0.00242121
0.00236327
0.00230661
0.0022512
0.00219702
0.00214405
0.00209226
0.00204164
0.00199216
0.00194379
0.00189653
0.00185033
0.0018052
0.00176109
0.001718
0.0016759
0.00163478
0.0015946
0.00155537
0.00151704
0.00147961
0.00144306
0.00140736
0.0013725
0.00133847
0.00130524
0.0012728
0.00124113
0.00121022
0.00118004
0.00115058
0.00112183
0.00109377
0.00106639
0.00103966
0.00101358
0.000988137
0.000963306
0.000939078
0.000915439
0.000892376
0.000869876
0.000847927
0.000826514
0.000805627
0.000785252
0.000765379
0.000745995
0.000727089
0.00070865
0.000690666
0.000673128
0.000656025
0.000639347
0.000623083
0.000607223
0.000591758
0.00057668
0.000561977
0.000547642
0.000533665
0.000520039
0.000506754
0.000493802
0.000481175
0.000468866
0.000456867
0.000445169
0.000433766
0.000422651
0.000411817
0.000401256
0.000390962
0.000380928
0.000371149
0.000361617
0.000352327
0.000343273
0.000334448
0.000325848
0.000317466
0.000309297
0.000301336
0.000293578
0.000286017
0.00027865
0.00027147
0.000264473
0.000257655
0.000251011
0.000244537
0.000238229
0.000232081
0.000226091
0.000220255
0.000214568
0.000209026
0.000203627
0.000198366
0.00019324
0.000188246
0.00018338
0.000178638
0.000174019
0.000169518
0.000165133
0.000160861
0.000156699
0.000152643
0.000148693
0.000144843
0.000141093
0.00013744
0.000133881
0.000130413
0.000127035
0.000123744
0.000120538
0.000117414
0.000114371
0.000111407
0.000108519
0.000105706
0.000102965
0.000100295
9.76945e-05
9.51609e-05
9.26927e-05
9.02884e-05
8.79462e-05
8.56646e-05
8.3442e-05
8.12769e-05
7.91678e-05
7.71132e-05
7.51119e-05
7.31623e-05
7.12633e-05
6.94133e-05
6.76113e-05
6.5856e-05
6.41461e-05
6.24805e-05
6.08581e-05
5.92777e-05
5.77382e-05
5.62387e-05
5.4778e-05
5.33552e-05
5.19693e-05
5.06193e-05
4.93043e-05
4.80234e-05
4.67757e-05
4.55604e-05
4.43766e-05
4.32235e-05
4.21003e-05
4.10063e-05
3.99407e-05
3.89027e-05
3.78916e-05
3.69068e-05
3.59476e-05
3.50133e-05
3.41032e-05
3.32167e-05
3.23532e-05
3.15122e-05
3.0693e-05
2.98951e-05
2.91179e-05
2.83609e-05
2.76235e-05
2.69053e-05
2.62058e-05
2.55244e-05
2.48607e-05
2.42143e-05
2.35847e-05
2.29714e-05
2.2374e-05
2.17922e-05
2.12255e-05
2.06735e-05
2.01359e-05
1.96122e-05
1.91021e-05
1.86053e-05
1.81214e-05
1.76501e-05
1.71911e-05
1.67439e-05
1.63084e-05
1.58842e-05
1.54711e-05
1.50687e-05
1.46767e-05
1.42949e-05
1.39231e-05
1.35609e-05
1.32082e-05
1.28646e-05
1.25299e-05
1.2204e-05
1.18865e-05
1.15773e-05
1.12761e-05
1.09828e-05
1.0697e-05
1.04187e-05
1.01477e-05
9.88369e-06
9.62655e-06
9.3761e-06
9.13217e-06
8.89458e-06
8.66316e-06
8.43777e-06
8.21824e-06
8.00442e-06
7.79616e-06
7.59332e-06
7.39575e-06
7.20332e-06
7.0159e-06
6.83335e-06
6.65556e-06
6.48238e-06
6.31372e-06
6.14943e-06
5.98943e-06
5.83358e-06
5.68179e-06
5.53395e-06
5.38996e-06
5.24971e-06
5.11311e-06
4.98006e-06
4.85047e-06
4.72426e-06
4.60133e-06
4.4816e-06
4.36498e-06
4.2514e-06
4.14077e-06
4.03302e-06
3.92807e-06
3.82586e-06
3.7263e-06
3.62933e-06
3.53489e-06
3.4429e-06
3.35331e-06
3.26605e-06
3.18106e-06
3.09828e-06
3.01765e-06
2.93913e-06
2.86264e-06
2.78815e-06
2.71559e-06
2.64492e-06
2.5761e-06
2.50906e-06
2.44376e-06
2.38017e-06
2.31823e-06
2.2579e-06
2.19914e-06
2.14191e-06
2.08617e-06
2.03188e-06
1.97901e-06
1.92751e-06
1.87734e-06
1.82849e-06
1.7809e-06
1.73456e-06
1.68942e-06
1.64545e-06
1.60263e-06
1.56092e-06
1.5203e-06
1.48074e-06
1.4422e-06
1.40467e-06
1.36812e-06
1.33251e-06
1.29783e-06
1.26406e-06
1.23116e-06
1.19912e-06
1.16792e-06
1.13752e-06
1.10792e-06
1.07908e-06
1.051e-06
1.02365e-06
9.9701e-07
9.71063e-07
9.45791e-07
9.21177e-07
8.97204e-07
8.73855e-07
8.51113e-07
8.28963e-07
8.07389e-07
7.86377e-07
7.65912e-07
7.45979e-07
7.26565e-07
7.07656e-07
6.89239e-07
6.71302e-07
6.53831e-07
6.36815e-07
6.20242e-07
6.04101e-07
5.88379e-07
5.73066e-07
5.58152e-07
5.43626e-07
5.29478e-07
5.15699e-07
5.02278e-07
4.89206e-07
4.76474e-07
4.64074e-07
4.51996e-07
4.40233e-07
4.28776e-07
4.17617e-07
4.06748e-07
3.96163e-07
3.85852e-07
3.75811e-07
3.6603e-07
3.56504e-07
3.47226e-07
3.38189e-07
3.29388e-07
3.20815e-07
3.12466e-07
3.04334e-07
2.96414e-07
2.88699e-07
2.81186e-07
2.73868e-07
2.6674e-07
2.59798e-07
2.53037e-07
2.46452e-07
2.40038e-07
2.33791e-07
2.27706e-07
2.2178e-07
2.16008e-07
2.10386e-07
2.04911e-07
1.99578e-07
1.94384e-07
1.89325e-07
1.84398e-07
1.79599e-07
1.74925e-07
1.70372e-07
1.65938e-07
1.6162e-07
1.57413e-07
1.53317e-07
1.49327e-07
1.4544e-07
1.41655e-07
1.37968e-07
1.34378e-07
1.30881e-07
1.27474e-07
1.24157e-07
1.20926e-07
1.17778e-07
1.14713e-07
1.11728e-07
1.0882e-07
1.05988e-07
1.03229e-07
1.00543e-07
9.79262e-08
9.53776e-08
9.28953e-08
9.04777e-08
8.8123e-08
8.58295e-08
8.35958e-08
8.14201e-08
7.93011e-08
7.72373e-08
7.52272e-08
7.32693e-08
7.13625e-08
6.95052e-08
6.76963e-08
6.59345e-08
6.42185e-08
6.25472e-08
6.09194e-08
5.93339e-08
5.77897e-08
5.62857e-08
5.48208e-08
5.33941e-08
5.20045e-08
5.0651e-08
4.93328e-08
4.80489e-08
4.67984e-08
4.55805e-08
4.43942e-08
4.32388e-08
4.21135e-08
4.10175e-08
3.995e-08
3.89103e-08
3.78976e-08
3.69113e-08
3.59507e-08
3.5015e-08
3.41037e-08
3.32162e-08
3.23517e-08
3.15097e-08
3.06897e-08
2.9891e-08
2.9113e-08
2.83553e-08
2.76174e-08
2.68986e-08
2.61986e-08
2.55167e-08
2.48526e-08
2.42058e-08
2.35759e-08
2.29623e-08
2.23647e-08
2.17826e-08
2.12157e-08
2.06636e-08
2.01258e-08
1.9602e-08
1.90919e-08
1.8595e-08
1.8111e-08
1.76397e-08
1.71806e-08
1.67335e-08
1.6298e-08
1.58738e-08
1.54607e-08
1.50583e-08
1.46664e-08
1.42847e-08
1.39129e-08
1.35509e-08
1.31982e-08
1.28547e-08
1.25201e-08
1.21943e-08
1.18769e-08
1.15678e-08
1.12668e-08
1.09735e-08
1.0688e-08
1.04098e-08
1.01389e-08
9.875e-09
9.618e-09
9.36769e-09
9.12389e-09
8.88643e-09
8.65516e-09
8.4299e-09
8.21051e-09
7.99683e-09
7.78871e-09
7.586e-09
7.38857e-09
7.19628e-09
7.00899e-09
6.82658e-09
6.64891e-09
6.47587e-09
6.30733e-09
6.14318e-09
5.9833e-09
5.82758e-09
5.67592e-09
5.5282e-09
5.38432e-09
5.24419e-09
5.10771e-09
4.97478e-09
4.84531e-09
4.71921e-09
4.59639e-09
4.47676e-09
4.36025e-09
4.24677e-09
4.13625e-09
4.0286e-09
3.92375e-09
3.82164e-09
3.72218e-09
3.6253e-09
3.53095e-09
3.43906e-09
3.34955e-09
3.26238e-09
3.17748e-09
3.09478e-09
3.01424e-09
2.93579e-09
2.85938e-09
2.78497e-09
2.71249e-09
2.64189e-09
2.57314e-09
2.50617e-09
2.44094e-09
2.37742e-09
2.31554e-09
2.25528e-09
2.19658e-09
2.13942e-09
2.08374e-09
2.02951e-09
1.97669e-09
1.92524e-09
1.87514e-09
1.82634e-09
1.77881e-09
1.73251e-09
1.68742e-09
1.64351e-09
1.60073e-09
1.55907e-09
1.5185e-09
1.47898e-09
1.44049e-09
1.403e-09
1.36648e-09
1.33092e-09
1.29628e-09
1.26254e-09
1.22969e-09
1.19768e-09
1.16651e-09
1.13615e-09
1.10658e-09
1.07778e-09
1.04973e-09
1.02241e-09
9.95806e-10
9.69889e-10
9.44647e-10
9.20062e-10
8.96117e-10
8.72795e-10
8.5008e-10
8.27956e-10
8.06408e-10
7.85421e-10
7.6498e-10
7.45071e-10
7.2568e-10
7.06794e-10
6.88399e-10
6.70483e-10
6.53033e-10
6.36038e-10
6.19485e-10
6.03362e-10
5.87659e-10
5.72365e-10
5.57469e-10
5.42961e-10
5.2883e-10
5.15067e-10
5.01662e-10
4.88606e-10
4.75889e-10
4.63504e-10
4.51441e-10
4.39692e-10
4.28249e-10
4.17103e-10
4.06248e-10
3.95675e-10
3.85378e-10
3.75348e-10
3.65579e-10
3.56065e-10
3.46798e-10
3.37772e-10
3.28982e-10
3.2042e-10
3.12081e-10
3.03959e-10
2.96048e-10
2.88343e-10
2.80839e-10
2.7353e-10
2.66411e-10
2.59478e-10
2.52724e-10
2.46147e-10
2.39741e-10
2.33502e-10
2.27425e-10
2.21506e-10
2.15741e-10
2.10126e-10
2.04658e-10
1.99331e-10
1.94143e-10
1.89091e-10
1.8417e-10
1.79376e-10
1.74708e-10
1.70161e-10
1.65733e-10
1.61419e-10
1.57218e-10
1.53127e-10
1.49141e-10
1.4526e-10
1.41479e-10
1.37797e-10
1.34211e-10
1.30718e-10
1.27316e-10
1.24003e-10
1.20775e-10
1.17632e-10
1.14571e-10
1.11589e-10
1.08685e-10
1.05856e-10
1.03101e-10
1.00418e-10
9.78046e-11
9.52591e-11
9.278e-11
9.03653e-11
8.80135e-11
8.57229e-11
8.34919e-11
8.1319e-11
7.92026e-11
7.71413e-11
7.51337e-11
7.31783e-11
7.12738e-11
6.94188e-11
6.76122e-11
6.58525e-11
6.41387e-11
6.24694e-11
6.08436e-11
5.92601e-11
5.77178e-11
5.62157e-11
5.47527e-11
5.33277e-11
5.19398e-11
5.0588e-11
4.92715e-11
4.79891e-11
4.67402e-11
4.55238e-11
4.4339e-11
4.3185e-11
4.20611e-11
4.09664e-11
3.99003e-11
3.88618e-11
3.78504e-11
3.68654e-11
3.59059e-11
3.49714e-11
3.40613e-11
3.31748e-11
3.23114e-11
3.14705e-11
3.06515e-11
2.98538e-11
2.90768e-11
2.832e-11
2.7583e-11
2.68651e-11
2.6166e-11
2.5485e-11
2.48217e-11
2.41757e-11
2.35465e-11
2.29337e-11
2.23369e-11
2.17555e-11
2.11893e-11
2.06379e-11
2.01007e-11
1.95776e-11
1.90681e-11
1.85718e-11
1.80885e-11
1.76177e-11
1.71592e-11
1.67126e-11
1.62777e-11
1.5854e-11
1.54414e-11
1.50396e-11
1.46481e-11
1.42669e-11
1.38956e-11
1.3534e-11
1.31817e-11
1.28387e-11
1.25045e-11
1.21791e-11
1.18621e-11
1.15534e-11
1.12527e-11
1.09599e-11
1.06746e-11
1.03968e-11
1.01262e-11
9.8627e-12
9.60602e-12
9.35602e-12
9.11252e-12
8.87536e-12
8.64438e-12
8.4194e-12
8.20028e-12
7.98687e-12
7.779e-12
7.57655e-12
7.37937e-12
7.18731e-12
7.00026e-12
6.81807e-12
6.64063e-12
6.4678e-12
6.29948e-12
6.13553e-12
5.97585e-12
5.82032e-12
5.66884e-12
5.52131e-12
5.37761e-12
5.23766e-12
5.10135e-12
4.96858e-12
4.83927e-12
4.71333e-12
4.59066e-12
4.47118e-12
4.35482e-12
4.24148e-12
4.13109e-12
4.02358e-12
3.91886e-12
3.81687e-12
3.71754e-12
3.62079e-12
3.52655e-12
3.43477e-12
3.34538e-12
3.25832e-12
3.17352e-12
3.09092e-12
3.01048e-12
2.93213e-12
2.85582e-12
2.7815e-12
2.70911e-12
2.6386e-12
2.56993e-12
2.50304e-12
2.4379e-12
2.37445e-12
2.31266e-12
2.25247e-12
2.19385e-12
2.13675e-12
2.08114e-12
2.02698e-12
1.97422e-12
1.92284e-12
1.8728e-12
1.82406e-12
1.77659e-12
1.73035e-12
1.68532e-12
1.64146e-12
1.59874e-12
1.55713e-12
1.5166e-12
1.47713e-12
1.43869e-12
1.40125e-12
1.36478e-12
1.32926e-12
1.29466e-12
1.26097e-12
1.22815e-12
1.19619e-12
1.16506e-12
1.13474e-12
1.1052e-12
1.07644e-12
1.04843e-12
1.02114e-12
9.94564e-13
9.6868e-13
9.4347e-13
9.18915e-13
8.95e-13
8.71707e-13
8.4902e-13
8.26924e-13
8.05403e-13
7.84442e-13
7.64026e-13
7.44142e-13
7.24775e-13
7.05913e-13
6.87541e-13
6.69647e-13
6.52219e-13
6.35245e-13
6.18712e-13
6.0261e-13
5.86927e-13
5.71651e-13
5.56774e-13
5.42284e-13
5.2817e-13
5.14424e-13
5.01036e-13
4.87996e-13
4.75296e-13
4.62926e-13
4.50878e-13
4.39144e-13
4.27715e-13
4.16583e-13
4.05742e-13
3.95182e-13
3.84897e-13
3.7488e-13
3.65123e-13
3.55621e-13
3.46366e-13
3.37351e-13
3.28571e-13
3.2002e-13
3.11691e-13
3.0358e-13
2.95679e-13
2.87983e-13
2.80489e-13
2.73189e-13
2.66079e-13
2.59154e-13
2.52409e-13
2.4584e-13
2.39442e-13
2.3321e-13
2.27141e-13
2.21229e-13
2.15472e-13
2.09864e-13
2.04402e-13
1.99083e-13
1.93901e-13
1.88855e-13
1.8394e-13
1.79153e-13
1.7449e-13
1.69949e-13
1.65526e-13
1.61218e-13
1.57022e-13
1.52936e-13
1.48955e-13
1.45079e-13
1.41303e-13
1.37625e-13
1.34044e-13
1.30555e-13
1.27157e-13
1.23848e-13
1.20625e-13
1.17485e-13
1.14428e-13
1.1145e-13
1.08549e-13
1.05724e-13
1.02973e-13
1.00293e-13
9.76826e-14
9.51403e-14
9.26642e-14
9.02526e-14
8.79037e-14
8.5616e-14
8.33878e-14
8.12175e-14
7.91038e-14
7.70451e-14
7.50399e-14
7.3087e-14
7.11849e-14
6.93322e-14
6.75278e-14
6.57704e-14
6.40586e-14
6.23915e-14
6.07677e-14
5.91862e-14
5.76458e-14
5.61456e-14
5.46843e-14
5.32612e-14
5.1875e-14
5.05249e-14
4.921e-14
4.79293e-14
4.66819e-14
4.5467e-14
4.42837e-14
4.31311e-14
4.20086e-14
4.09153e-14
3.98505e-14
3.88134e-14
3.78032e-14
3.68194e-14
3.58611e-14
3.49278e-14
3.40188e-14
3.31334e-14
3.22711e-14
3.14312e-14
3.06132e-14
2.98165e-14
2.90405e-14
2.82847e-14
2.75486e-14
2.68316e-14
2.61333e-14
2.54532e-14
2.47907e-14
2.41455e-14
2.35171e-14
2.29051e-14
2.2309e-14
2.17284e-14
2.11629e-14
2.06121e-14
2.00757e-14
1.95532e-14
1.90443e-14
1.85487e-14
1.80659e-14
1.75957e-14
1.71378e-14
1.66918e-14
1.62574e-14
1.58343e-14
1.54222e-14
1.50208e-14
1.46299e-14
1.42491e-14
1.38783e-14
1.35171e-14
1.31653e-14
1.28227e-14
1.24889e-14
1.21639e-14
1.18473e-14
1.1539e-14
1.12387e-14
1.09462e-14
1.06613e-14
1.03839e-14
1.01136e-14
9.85039e-15
9.59403e-15
9.34434e-15
9.10115e-15
8.86429e-15
8.63359e-15
8.40889e-15
8.19005e-15
7.9769e-15
7.76929e-15
7.56709e-15
7.37015e-15
7.17834e-15
6.99152e-15
6.80956e-15
6.63234e-15
6.45973e-15
6.29161e-15
6.12787e-15
5.96839e-15
5.81306e-15
5.66177e-15
5.51442e-15
5.3709e-15
5.23112e-15
5.09498e-15
4.96238e-15
4.83323e-15
4.70744e-15
4.58493e-15
4.4656e-15
4.34938e-15
4.23619e-15
4.12594e-15
4.01856e-15
3.91397e-15
3.81211e-15
3.7129e-15
3.61627e-15
3.52215e-15
3.43048e-15
3.3412e-15
3.25425e-15
3.16955e-15
3.08706e-15
3.00672e-15
2.92847e-15
2.85225e-15
2.77802e-15
2.70572e-15
2.6353e-15
2.56672e-15
2.49992e-15
2.43486e-15
2.37149e-15
2.30977e-15
2.24966e-15
2.19111e-15
2.13408e-15
2.07854e-15
2.02445e-15
1.97176e-15
1.92044e-15
1.87046e-15
1.82178e-15
1.77437e-15
1.72819e-15
1.68321e-15
1.63941e-15
1.59674e-15
1.55518e-15
1.51471e-15
1.47529e-15
1.43689e-15
1.3995e-15
1.36307e-15
1.3276e-15
1.29305e-15
1.2594e-15
1.22662e-15
1.1947e-15
1.1636e-15
1.13332e-15
1.10382e-15
1.0751e-15
1.04712e-15
1.01986e-15
9.93322e-16
9.6747e-16
9.42291e-16
9.17767e-16
8.93882e-16
8.70618e-16
8.4796e-16
8.25891e-16
8.04397e-16
7.83462e-16
7.63072e-16
7.43213e-16
7.2387e-16
7.05031e-16
6.86682e-16
6.68811e-16
6.51404e-16
6.34451e-16
6.17939e-16
6.01857e-16
5.86193e-16
5.70937e-16
5.56078e-16
5.41606e-16
5.2751e-16
5.13782e-16
5.0041e-16
4.87387e-16
4.74702e-16
4.62348e-16
4.50315e-16
4.38595e-16
4.27181e-16
4.16063e-16
4.05235e-16
3.94688e-16
3.84416e-16
3.74412e-16
3.64667e-16
3.55177e-16
3.45933e-16
3.3693e-16
3.28161e-16
3.1962e-16
3.11302e-16
3.032e-16
2.95309e-16
2.87624e-16
2.80138e-16
2.72847e-16
2.65746e-16
2.5883e-16
2.52094e-16
2.45533e-16
2.39143e-16
2.32919e-16
2.26857e-16
2.20953e-16
2.15203e-16
2.09602e-16
2.04147e-16
1.98834e-16
1.93659e-16
1.88619e-16
1.8371e-16
1.78929e-16
1.74272e-16
1.69737e-16
1.65319e-16
1.61017e-16
1.56826e-16
1.52745e-16
1.48769e-16
1.44897e-16
1.41126e-16
1.37454e-16
1.33876e-16
1.30392e-16
1.26998e-16
1.23693e-16
1.20474e-16
1.17339e-16
1.14285e-16
1.11311e-16
1.08414e-16
1.05592e-16
1.02844e-16
1.00167e-16
9.75605e-17
9.50214e-17
9.25484e-17
9.01398e-17
8.77939e-17
8.5509e-17
8.32835e-17
8.1116e-17
7.90049e-17
7.69488e-17
7.49462e-17
7.29956e-17
7.10959e-17
6.92456e-17
6.74434e-17
6.56882e-17
6.39786e-17
6.23135e-17
6.06918e-17
5.91122e-17
5.75738e-17
5.60754e-17
5.4616e-17
5.31946e-17
5.18102e-17
5.04618e-17
4.91485e-17
4.78694e-17
4.66235e-17
4.54101e-17
4.42283e-17
4.30772e-17
4.19561e-17
4.08642e-17
3.98007e-17
3.87648e-17
3.7756e-17
3.67733e-17
3.58163e-17
3.48841e-17
3.39763e-17
3.3092e-17
3.22308e-17
3.13919e-17
3.0575e-17
2.97792e-17
2.90042e-17
2.82493e-17
2.75141e-17
2.67981e-17
2.61006e-17
2.54214e-17
2.47597e-17
2.41154e-17
2.34877e-17
2.28765e-17
2.22811e-17
2.17012e-17
2.11364e-17
2.05863e-17
2.00506e-17
1.95287e-17
1.90205e-17
1.85255e-17
1.80433e-17
1.75737e-17
1.71164e-17
1.66709e-17
1.6237e-17
1.58145e-17
1.54029e-17
1.5002e-17
1.46116e-17
1.42313e-17
1.38609e-17
1.35002e-17
1.31488e-17
1.28066e-17
1.24733e-17
1.21487e-17
1.18325e-17
1.15246e-17
1.12246e-17
1.09325e-17
1.0648e-17
1.03709e-17
1.0101e-17
9.83808e-18
9.58203e-18
9.33266e-18
9.08977e-18
8.8532e-18
8.62279e-18
8.39838e-18
8.17981e-18
7.96692e-18
7.75958e-18
7.55763e-18
7.36094e-18
7.16936e-18
6.98278e-18
6.80105e-18
6.62405e-18
6.45165e-18
6.28374e-18
6.1202e-18
5.96092e-18
5.80579e-18
5.65469e-18
5.50752e-18
5.36418e-18
5.22458e-18
5.0886e-18
4.95617e-18
4.82718e-18
4.70155e-18
4.57919e-18
4.46002e-18
4.34394e-18
4.23089e-18
4.12078e-18
4.01353e-18
3.90908e-18
3.80734e-18
3.70825e-18
3.61174e-18
3.51774e-18
3.42619e-18
3.33702e-18
3.25018e-18
3.16559e-18
3.0832e-18
3.00296e-18
2.92481e-18
2.84869e-18
2.77455e-18
2.70234e-18
2.63201e-18
2.56351e-18
2.49679e-18
2.43181e-18
2.36852e-18
2.30688e-18
2.24684e-18
2.18837e-18
2.13141e-18
2.07594e-18
2.02191e-18
1.96929e-18
1.91804e-18
1.86812e-18
1.8195e-18
1.77215e-18
1.72603e-18
1.68111e-18
1.63736e-18
1.59474e-18
1.55324e-18
1.51281e-18
1.47344e-18
1.4351e-18
1.39775e-18
1.36137e-18
1.32594e-18
1.29143e-18
1.25782e-18
1.22508e-18
1.1932e-18
1.16215e-18
1.1319e-18
1.10244e-18
1.07375e-18
1.04581e-18
1.01859e-18
9.92079e-19
9.6626e-19
9.41112e-19
9.16619e-19
8.92764e-19
8.69529e-19
8.46899e-19
8.24858e-19
8.0339e-19
7.82482e-19
7.62117e-19
7.42283e-19
7.22964e-19
7.04149e-19
6.85823e-19
6.67974e-19
6.50589e-19
6.33657e-19
6.17166e-19
6.01104e-19
5.8546e-19
5.70223e-19
5.55383e-19
5.40928e-19
5.2685e-19
5.13139e-19
4.99784e-19
4.86777e-19
4.74108e-19
4.61769e-19
4.49751e-19
4.38046e-19
4.26646e-19
4.15542e-19
4.04727e-19
3.94194e-19
3.83935e-19
3.73943e-19
3.64211e-19
3.54732e-19
3.455e-19
3.36508e-19
3.2775e-19
3.1922e-19
3.10912e-19
3.02821e-19
2.9494e-19
2.87264e-19
2.79787e-19
2.72506e-19
2.65414e-19
2.58506e-19
2.51778e-19
2.45226e-19
2.38844e-19
2.32627e-19
2.26573e-19
2.20677e-19
2.14933e-19
2.0934e-19
2.03891e-19
1.98585e-19
1.93417e-19
1.88383e-19
1.8348e-19
1.78705e-19
1.74054e-19
1.69524e-19
1.65112e-19
1.60815e-19
1.5663e-19
1.52553e-19
1.48583e-19
1.44716e-19
1.4095e-19
1.37281e-19
1.33709e-19
1.30229e-19
1.26839e-19
1.23538e-19
1.20323e-19
1.17192e-19
1.14142e-19
1.11171e-19
1.08278e-19
1.0546e-19
1.02715e-19
1.00042e-19
9.74383e-20
9.49024e-20
9.24326e-20
9.00269e-20
8.76839e-20
8.54019e-20
8.31793e-20
8.10145e-20
7.8906e-20
7.68525e-20
7.48523e-20
7.29042e-20
7.10069e-20
6.91589e-20
6.7359e-20
6.56059e-20
6.38985e-20
6.22355e-20
6.06158e-20
5.90382e-20
5.75017e-20
5.60052e-20
5.45476e-20
5.3128e-20
5.17453e-20
5.03986e-20
4.90869e-20
4.78094e-20
4.65651e-20
4.53533e-20
4.41729e-20
4.30233e-20
4.19036e-20
4.0813e-20
3.97508e-20
3.87163e-20
3.77087e-20
3.67273e-20
3.57714e-20
3.48405e-20
3.39337e-20
3.30506e-20
3.21904e-20
3.13526e-20
3.05367e-20
2.97419e-20
2.89679e-20
2.8214e-20
2.74797e-20
2.67645e-20
2.60679e-20
2.53895e-20
2.47287e-20
2.40852e-20
2.34583e-20
2.28478e-20
2.22532e-20
2.1674e-20
2.11099e-20
2.05605e-20
2.00254e-20
1.95043e-20
1.89967e-20
1.85023e-20
1.80207e-20
1.75517e-20
1.70949e-20
1.665e-20
1.62167e-20
1.57947e-20
1.53836e-20
1.49832e-20
1.45933e-20
1.42135e-20
1.38436e-20
1.34833e-20
1.31324e-20
1.27906e-20
1.24577e-20
1.21335e-20
1.18177e-20
1.15101e-20
1.12106e-20
1.09188e-20
1.06346e-20
1.03579e-20
1.00883e-20
9.82575e-21
9.57003e-21
9.32096e-21
9.07838e-21
8.84211e-21
8.61199e-21
8.38786e-21
8.16956e-21
7.95694e-21
7.74986e-21
7.54816e-21
7.35172e-21
7.16038e-21
6.97403e-21
6.79253e-21
6.61575e-21
6.44357e-21
6.27587e-21
6.11254e-21
5.95345e-21
5.79851e-21
5.6476e-21
5.50062e-21
5.35746e-21
5.21803e-21
5.08223e-21
4.94996e-21
4.82114e-21
4.69566e-21
4.57345e-21
4.45443e-21
4.3385e-21
4.22559e-21
4.11561e-21
4.0085e-21
3.90418e-21
3.80257e-21
3.70361e-21
3.60722e-21
3.51334e-21
3.4219e-21
3.33284e-21
3.2461e-21
3.16162e-21
3.07934e-21
2.9992e-21
2.92114e-21
2.84512e-21
2.77107e-21
2.69895e-21
2.62871e-21
2.5603e-21
2.49366e-21
2.42876e-21
2.36555e-21
2.30399e-21
2.24403e-21
2.18562e-21
2.12874e-21
2.07334e-21
2.01938e-21
1.96682e-21
1.91564e-21
1.86578e-21
1.81722e-21
1.76993e-21
1.72387e-21
1.679e-21
1.6353e-21
1.59274e-21
1.55129e-21
1.51092e-21
1.4716e-21
1.4333e-21
1.39599e-21
1.35966e-21
1.32428e-21
1.28981e-21
1.25624e-21
1.22355e-21
1.19171e-21
1.16069e-21
1.13048e-21
1.10106e-21
1.07241e-21
1.0445e-21
1.01731e-21
9.90836e-22
9.65048e-22
9.39932e-22
9.1547e-22
8.91644e-22
8.68439e-22
8.45837e-22
8.23824e-22
8.02383e-22
7.81501e-22
7.61162e-22
7.41352e-22
7.22058e-22
7.03266e-22
6.84963e-22
6.67136e-22
6.49774e-22
6.32863e-22
6.16392e-22
6.0035e-22
5.84726e-22
5.69508e-22
5.54686e-22
5.4025e-22
5.2619e-22
5.12495e-22
4.99157e-22
4.86167e-22
4.73514e-22
4.6119e-22
4.49188e-22
4.37497e-22
4.26111e-22
4.15021e-22
4.0422e-22
3.937e-22
3.83454e-22
3.73474e-22
3.63754e-22
3.54287e-22
3.45067e-22
3.36086e-22
3.27339e-22
3.1882e-22
3.10523e-22
3.02441e-22
2.9457e-22
2.86903e-22
2.79437e-22
2.72164e-22
2.65081e-22
2.58182e-22
2.51463e-22
2.44918e-22
2.38544e-22
2.32336e-22
2.26289e-22
2.204e-22
2.14664e-22
2.09077e-22
2.03636e-22
1.98336e-22
1.93174e-22
1.88147e-22
1.8325e-22
1.78481e-22
1.73836e-22
1.69312e-22
1.64905e-22
1.60613e-22
1.56433e-22
1.52362e-22
1.48397e-22
1.44535e-22
1.40773e-22
1.37109e-22
1.33541e-22
1.30065e-22
1.2668e-22
1.23383e-22
1.20172e-22
1.17045e-22
1.13999e-22
1.11032e-22
1.08142e-22
1.05328e-22
1.02586e-22
9.99165e-23
9.73161e-23
9.47834e-23
9.23166e-23
8.9914e-23
8.7574e-23
8.52948e-23
8.30749e-23
8.09129e-23
7.88071e-23
7.67561e-23
7.47584e-23
7.28128e-23
7.09178e-23
6.90721e-23
6.72745e-23
6.55236e-23
6.38183e-23
6.21574e-23
6.05397e-23
5.89641e-23
5.74296e-23
5.59349e-23
5.44792e-23
5.30613e-23
5.16804e-23
5.03354e-23
4.90254e-23
4.77494e-23
4.65067e-23
4.52964e-23
4.41175e-23
4.29693e-23
4.1851e-23
4.07618e-23
3.9701e-23
3.86677e-23
3.76614e-23
3.66812e-23
3.57266e-23
3.47968e-23
3.38911e-23
3.30091e-23
3.215e-23
3.13133e-23
3.04984e-23
2.97046e-23
2.89315e-23
2.81786e-23
2.74452e-23
2.67309e-23
2.60352e-23
2.53577e-23
2.46977e-23
2.40549e-23
2.34289e-23
2.28191e-23
2.22253e-23
2.16468e-23
2.10835e-23
2.05347e-23
2.00003e-23
1.94798e-23
1.89728e-23
1.8479e-23
1.79981e-23
1.75297e-23
1.70735e-23
1.66291e-23
1.61964e-23
1.57748e-23
1.53643e-23
1.49644e-23
1.4575e-23
1.41956e-23
1.38262e-23
1.34664e-23
1.31159e-23
1.27745e-23
1.24421e-23
1.21183e-23
1.18029e-23
1.14957e-23
1.11965e-23
1.09051e-23
1.06213e-23
1.03449e-23
1.00756e-23
9.81342e-24
9.55802e-24
9.30927e-24
9.06699e-24
8.83101e-24
8.60118e-24
8.37733e-24
8.1593e-24
7.94695e-24
7.74013e-24
7.53869e-24
7.34249e-24
7.1514e-24
6.96528e-24
6.784e-24
6.60744e-24
6.43548e-24
6.26799e-24
6.10486e-24
5.94598e-24
5.79123e-24
5.64051e-24
5.49372e-24
5.35074e-24
5.21148e-24
5.07585e-24
4.94375e-24
4.81508e-24
4.68977e-24
4.56771e-24
4.44884e-24
4.33305e-24
4.22028e-24
4.11045e-24
4.00347e-24
3.89928e-24
3.7978e-24
3.69896e-24
3.60269e-24
3.50893e-24
3.4176e-24
3.32866e-24
3.24203e-24
3.15765e-24
3.07547e-24
2.99543e-24
2.91747e-24
2.84154e-24
2.76759e-24
2.69556e-24
2.62541e-24
2.55708e-24
2.49053e-24
2.42571e-24
2.36258e-24
2.3011e-24
2.24121e-24
2.18288e-24
2.12607e-24
2.07074e-24
2.01684e-24
1.96436e-24
1.91323e-24
1.86344e-24
1.81494e-24
1.76771e-24
1.7217e-24
1.67689e-24
1.63325e-24
1.59074e-24
1.54934e-24
1.50902e-24
1.46975e-24
1.4315e-24
1.39424e-24
1.35796e-24
1.32261e-24
1.28819e-24
1.25467e-24
1.22201e-24
1.19021e-24
1.15923e-24
1.12906e-24
1.09968e-24
1.07106e-24
1.04318e-24
1.01603e-24
9.89591e-25
9.63837e-25
9.38752e-25
9.14321e-25
8.90525e-25
8.67348e-25
8.44775e-25
8.22789e-25
8.01376e-25
7.80519e-25
7.60206e-25
7.40421e-25
7.21151e-25
7.02383e-25
6.84103e-25
6.66299e-25
6.48958e-25
6.32068e-25
6.15618e-25
5.99596e-25
5.83992e-25
5.68793e-25
5.5399e-25
5.39572e-25
5.25529e-25
5.11852e-25
4.98531e-25
4.85556e-25
4.72919e-25
4.60611e-25
4.48623e-25
4.36948e-25
4.25576e-25
4.145e-25
4.03712e-25
3.93205e-25
3.82972e-25
3.73005e-25
3.63297e-25
3.53842e-25
3.44633e-25
3.35664e-25
3.26928e-25
3.1842e-25
3.10133e-25
3.02061e-25
2.942e-25
2.86543e-25
2.79086e-25
2.71822e-25
2.64748e-25
2.57858e-25
2.51147e-25
2.44611e-25
2.38244e-25
2.32044e-25
2.26005e-25
2.20123e-25
2.14394e-25
2.08814e-25
2.0338e-25
1.98087e-25
1.92931e-25
1.8791e-25
1.8302e-25
1.78257e-25
1.73617e-25
1.69099e-25
1.64698e-25
1.60412e-25
1.56237e-25
1.52171e-25
1.4821e-25
1.44353e-25
1.40596e-25
1.36937e-25
1.33373e-25
1.29902e-25
1.26521e-25
1.23228e-25
1.20021e-25
1.16898e-25
1.13855e-25
1.10892e-25
1.08006e-25
1.05195e-25
1.02457e-25
9.9791e-26
9.71938e-26
9.46643e-26
9.22006e-26
8.9801e-26
8.74639e-26
8.51876e-26
8.29706e-26
8.08112e-26
7.8708e-26
7.66596e-26
7.46645e-26
7.27213e-26
7.08287e-26
6.89853e-26
6.71899e-26
6.54413e-26
6.37381e-26
6.20793e-26
6.04636e-26
5.889e-26
5.73574e-26
5.58646e-26
5.44107e-26
5.29946e-26
5.16154e-26
5.02721e-26
4.89637e-26
4.76894e-26
4.64483e-26
4.52394e-26
4.40621e-26
4.29153e-26
4.17984e-26
4.07106e-26
3.96511e-26
3.86191e-26
3.7614e-26
3.66351e-26
3.56817e-26
3.4753e-26
3.38485e-26
3.29676e-26
3.21096e-26
3.12739e-26
3.046e-26
2.96673e-26
2.88952e-26
2.81432e-26
2.74107e-26
2.66973e-26
2.60025e-26
2.53258e-26
2.46667e-26
2.40247e-26
2.33994e-26
2.27905e-26
2.21973e-26
2.16196e-26
2.1057e-26
2.05089e-26
1.99752e-26
1.94553e-26
1.8949e-26
1.84558e-26
1.79755e-26
1.75077e-26
1.7052e-26
1.66082e-26
1.6176e-26
1.5755e-26
1.5345e-26
1.49456e-26
1.45566e-26
1.41778e-26
1.38088e-26
1.34494e-26
1.30994e-26
1.27585e-26
1.24264e-26
1.2103e-26
1.1788e-26
1.14812e-26
1.11824e-26
1.08914e-26
1.06079e-26
1.03319e-26
1.0063e-26
9.80108e-27
9.546e-27
9.29756e-27
9.05559e-27
8.81991e-27
8.59037e-27
8.3668e-27
8.14905e-27
7.93696e-27
7.7304e-27
7.52921e-27
7.33326e-27
7.1424e-27
6.95652e-27
6.77547e-27
6.59913e-27
6.42739e-27
6.26011e-27
6.09719e-27
5.9385e-27
5.78395e-27
5.63342e-27
5.48681e-27
5.34401e-27
5.20493e-27
5.06947e-27
4.93753e-27
4.80903e-27
4.68387e-27
4.56197e-27
4.44324e-27
4.3276e-27
4.21498e-27
4.10528e-27
3.99844e-27
3.89437e-27
3.79302e-27
3.6943e-27
3.59816e-27
3.50451e-27
3.41331e-27
3.32447e-27
3.23795e-27
3.15368e-27
3.07161e-27
2.99166e-27
2.9138e-27
2.83797e-27
2.76411e-27
2.69217e-27
2.62211e-27
2.55387e-27
2.4874e-27
2.42266e-27
2.35961e-27
2.2982e-27
2.23839e-27
2.18013e-27
2.1234e-27
2.06813e-27
2.01431e-27
1.96188e-27
1.91083e-27
1.86109e-27
1.81266e-27
1.76548e-27
1.71954e-27
1.67478e-27
1.6312e-27
1.58874e-27
1.54739e-27
1.50712e-27
1.4679e-27
1.4297e-27
1.39249e-27
1.35625e-27
1.32095e-27
1.28657e-27
1.25309e-27
1.22048e-27
1.18871e-27
1.15777e-27
1.12764e-27
1.0983e-27
1.06971e-27
1.04187e-27
1.01476e-27
9.88346e-28
9.62624e-28
9.37571e-28
9.1317e-28
8.89404e-28
8.66257e-28
8.43712e-28
8.21754e-28
8.00367e-28
7.79537e-28
7.59249e-28
7.39489e-28
7.20244e-28
7.01499e-28
6.83242e-28
6.6546e-28
6.48141e-28
6.31273e-28
6.14844e-28
5.98842e-28
5.83257e-28
5.68077e-28
5.53293e-28
5.38893e-28
5.24868e-28
5.11208e-28
4.97903e-28
4.84945e-28
4.72324e-28
4.60031e-28
4.48059e-28
4.36398e-28
4.2504e-28
4.13978e-28
4.03204e-28
3.92711e-28
3.8249e-28
3.72536e-28
3.6284e-28
3.53397e-28
3.442e-28
3.35242e-28
3.26517e-28
3.18019e-28
3.09742e-28
3.01681e-28
2.9383e-28
2.86182e-28
2.78734e-28
2.7148e-28
2.64415e-28
2.57533e-28
2.50831e-28
2.44303e-28
2.37945e-28
2.31752e-28
2.2572e-28
2.19846e-28
2.14124e-28
2.08552e-28
2.03124e-28
1.97837e-28
1.92689e-28
1.87674e-28
1.82789e-28
1.78032e-28
1.73399e-28
1.68886e-28
1.64491e-28
1.6021e-28
1.5604e-28
1.51979e-28
1.48024e-28
1.44171e-28
1.40419e-28
1.36765e-28
1.33205e-28
1.29739e-28
1.26362e-28
1.23073e-28
1.1987e-28
1.16751e-28
1.13712e-28
1.10753e-28
1.0787e-28
1.05063e-28
1.02329e-28
9.96654e-29
9.70715e-29
9.45452e-29
9.20846e-29
8.9688e-29
8.73538e-29
8.50804e-29
8.28661e-29
8.07095e-29
7.86089e-29
7.65631e-29
7.45705e-29
7.26298e-29
7.07395e-29
6.88985e-29
6.71053e-29
6.53589e-29
6.36579e-29
6.20011e-29
6.03875e-29
5.88159e-29
5.72852e-29
5.57943e-29
5.43422e-29
5.29279e-29
5.15504e-29
5.02088e-29
4.89021e-29
4.76294e-29
4.63898e-29
4.51825e-29
4.40066e-29
4.28613e-29
4.17458e-29
4.06593e-29
3.96011e-29
3.85705e-29
3.75667e-29
3.6589e-29
3.56367e-29
3.47093e-29
3.38059e-29
3.29261e-29
3.20692e-29
3.12346e-29
3.04217e-29
2.96299e-29
2.88588e-29
2.81077e-29
2.73762e-29
2.66637e-29
2.59698e-29
2.52939e-29
2.46356e-29
2.39944e-29
2.337e-29
2.27618e-29
2.21694e-29
2.15924e-29
2.10304e-29
2.04831e-29
1.995e-29
1.94308e-29
1.89251e-29
1.84326e-29
1.79529e-29
1.74856e-29
1.70305e-29
1.65873e-29
1.61556e-29
1.57352e-29
1.53256e-29
1.49268e-29
1.45383e-29
1.41599e-29
1.37914e-29
1.34325e-29
1.30829e-29
1.27424e-29
1.24108e-29
1.20878e-29
1.17732e-29
1.14668e-29
1.11684e-29
1.08777e-29
1.05946e-29
1.03189e-29
1.00503e-29
9.78874e-30
9.53398e-30
9.28585e-30
9.04418e-30
8.8088e-30
8.57955e-30
8.35626e-30
8.13878e-30
7.92696e-30
7.72066e-30
7.51972e-30
7.32402e-30
7.13341e-30
6.94776e-30
6.76694e-30
6.59082e-30
6.41929e-30
6.25223e-30
6.08951e-30
5.93102e-30
5.77667e-30
5.62632e-30
5.4799e-30
5.33728e-30
5.19837e-30
5.06308e-30
4.93131e-30
4.80297e-30
4.67797e-30
4.55622e-30
4.43764e-30
4.32215e-30
4.20966e-30
4.10011e-30
3.9934e-30
3.88947e-30
3.78824e-30
3.68965e-30
3.59362e-30
3.5001e-30
3.40901e-30
3.32028e-30
3.23387e-30
3.14971e-30
3.06774e-30
2.9879e-30
2.91013e-30
2.8344e-30
2.76063e-30
2.68878e-30
2.6188e-30
2.55065e-30
2.48427e-30
2.41961e-30
2.35664e-30
2.29531e-30
2.23557e-30
2.17739e-30
2.12072e-30
2.06553e-30
2.01177e-30
1.95941e-30
1.90842e-30
1.85875e-30
1.81037e-30
1.76326e-30
1.71737e-30
1.67267e-30
1.62914e-30
1.58674e-30
1.54544e-30
1.50522e-30
1.46605e-30
1.42789e-30
1.39073e-30
1.35454e-30
1.31929e-30
1.28495e-30
1.25151e-30
1.21894e-30
1.18721e-30
1.15632e-30
1.12622e-30
1.09691e-30
1.06836e-30
1.04056e-30
1.01348e-30
9.87101e-31
9.61411e-31
9.36389e-31
9.12019e-31
8.88283e-31
8.65165e-31
8.42649e-31
8.20718e-31
7.99359e-31
7.78555e-31
7.58292e-31
7.38557e-31
7.19336e-31
7.00615e-31
6.82381e-31
6.64621e-31
6.47324e-31
6.30477e-31
6.14069e-31
5.98087e-31
5.82522e-31
5.67361e-31
5.52595e-31
5.38213e-31
5.24206e-31
5.10563e-31
4.97276e-31
4.84334e-31
4.71729e-31
4.59452e-31
4.47494e-31
4.35848e-31
4.24505e-31
4.13457e-31
4.02696e-31
3.92216e-31
3.82008e-31
3.72066e-31
3.62383e-31
3.52951e-31
3.43766e-31
3.34819e-31
3.26105e-31
3.17618e-31
3.09352e-31
3.01301e-31
2.93459e-31
2.85822e-31
2.78383e-31
2.71138e-31
2.64081e-31
2.57208e-31
2.50514e-31
2.43995e-31
2.37645e-31
2.3146e-31
2.25436e-31
2.19569e-31
2.13854e-31
2.08289e-31
2.02868e-31
1.97588e-31
1.92446e-31
1.87437e-31
1.82559e-31
1.77808e-31
1.7318e-31
1.68673e-31
1.64283e-31
1.60008e-31
1.55843e-31
1.51787e-31
1.47837e-31
1.4399e-31
1.40242e-31
1.36592e-31
1.33037e-31
1.29575e-31
1.26203e-31
1.22918e-31
1.19719e-31
1.16603e-31
1.13569e-31
1.10613e-31
1.07734e-31
1.0493e-31
1.02199e-31
9.95397e-32
9.69491e-32
9.44259e-32
9.19684e-32
8.95749e-32
8.72436e-32
8.49731e-32
8.27616e-32
8.06077e-32
7.85098e-32
7.64665e-32
7.44764e-32
7.25382e-32
7.06503e-32
6.88116e-32
6.70207e-32
6.52765e-32
6.35776e-32
6.19229e-32
6.03114e-32
5.87417e-32
5.72129e-32
5.57239e-32
5.42737e-32
5.28612e-32
5.14854e-32
5.01455e-32
4.88404e-32
4.75693e-32
4.63313e-32
4.51255e-32
4.39511e-32
4.28072e-32
4.16931e-32
4.0608e-32
3.95512e-32
3.85218e-32
3.75193e-32
3.65428e-32
3.55918e-32
3.46655e-32
3.37633e-32
3.28846e-32
3.20287e-32
3.11952e-32
3.03833e-32
2.95925e-32
2.88224e-32
2.80723e-32
2.73417e-32
2.66301e-32
2.5937e-32
2.5262e-32
2.46045e-32
2.39642e-32
2.33405e-32
2.2733e-32
2.21414e-32
2.15652e-32
2.10039e-32
2.04573e-32
1.99249e-32
1.94063e-32
1.89012e-32
1.84093e-32
1.79302e-32
1.74636e-32
1.70091e-32
1.65664e-32
1.61352e-32
1.57153e-32
1.53063e-32
1.49079e-32
1.452e-32
1.41421e-32
1.3774e-32
1.34155e-32
1.30664e-32
1.27263e-32
1.23951e-32
1.20725e-32
1.17583e-32
1.14523e-32
1.11543e-32
1.0864e-32
1.05812e-32
1.03058e-32
1.00376e-32
9.77638e-33
9.52195e-33
9.27413e-33
9.03277e-33
8.79768e-33
8.56872e-33
8.34571e-33
8.12851e-33
7.91696e-33
7.71092e-33
7.51024e-33
7.31478e-33
7.1244e-33
6.93899e-33
6.7584e-33
6.5825e-33
6.41119e-33
6.24433e-33
6.08182e-33
5.92354e-33
5.76937e-33
5.61922e-33
5.47298e-33
5.33054e-33
5.19181e-33
5.05669e-33
4.92509e-33
4.79691e-33
4.67207e-33
4.55047e-33
4.43204e-33
4.3167e-33
4.20435e-33
4.09493e-33
3.98836e-33
3.88456e-33
3.78346e-33
3.68499e-33
3.58909e-33
3.49568e-33
3.4047e-33
3.31609e-33
3.22979e-33
3.14573e-33
3.06386e-33
2.98412e-33
2.90646e-33
2.83082e-33
2.75714e-33
2.68539e-33
2.6155e-33
2.54743e-33
2.48113e-33
2.41656e-33
2.35366e-33
2.29241e-33
2.23275e-33
2.17464e-33
2.11804e-33
2.06292e-33
2.00923e-33
1.95694e-33
1.90601e-33
1.8564e-33
1.80809e-33
1.76103e-33
1.7152e-33
1.67056e-33
1.62708e-33
1.58474e-33
1.54349e-33
1.50332e-33
1.4642e-33
1.42609e-33
1.38898e-33
1.35283e-33
1.31762e-33
1.28333e-33
1.24993e-33
1.2174e-33
1.18571e-33
1.15486e-33
1.1248e-33
1.09553e-33
1.06701e-33
1.03924e-33
1.0122e-33
9.85854e-34
9.60197e-34
9.35207e-34
9.10868e-34
8.87162e-34
8.64073e-34
8.41585e-34
8.19682e-34
7.98349e-34
7.77572e-34
7.57335e-34
7.37625e-34
7.18428e-34
6.9973e-34
6.81519e-34
6.63782e-34
6.46507e-34
6.29681e-34
6.13293e-34
5.97332e-34
5.81786e-34
5.66645e-34
5.51897e-34
5.37534e-34
5.23544e-34
5.09919e-34
4.96648e-34
4.83722e-34
4.71133e-34
4.58871e-34
4.46929e-34
4.35297e-34
4.23968e-34
4.12934e-34
4.02187e-34
3.9172e-34
3.81525e-34
3.71596e-34
3.61925e-34
3.52506e-34
3.43331e-34
3.34396e-34
3.25693e-34
3.17217e-34
3.08961e-34
3.0092e-34
2.93088e-34
2.85461e-34
2.78031e-34
2.70795e-34
2.63748e-34
2.56884e-34
2.50198e-34
2.43686e-34
2.37344e-34
2.31167e-34
2.25151e-34
2.19291e-34
2.13584e-34
2.08025e-34
2.02611e-34
1.97338e-34
1.92203e-34
1.872e-34
1.82328e-34
1.77583e-34
1.72961e-34
1.6846e-34
1.64076e-34
1.59806e-34
1.55646e-34
1.51596e-34
1.4765e-34
1.43808e-34
1.40065e-34
1.3642e-34
1.32869e-34
1.29411e-34
1.26043e-34
1.22763e-34
1.19568e-34
1.16456e-34
1.13425e-34
1.10473e-34
1.07598e-34
1.04798e-34
1.0207e-34
9.94139e-35
9.68266e-35
9.43066e-35
9.18522e-35
8.94617e-35
8.71334e-35
8.48657e-35
8.2657e-35
8.05058e-35
7.84106e-35
7.63699e-35
7.43823e-35
7.24465e-35
7.0561e-35
6.87246e-35
6.6936e-35
6.5194e-35
6.34973e-35
6.18447e-35
6.02352e-35
5.86675e-35
5.71406e-35
5.56535e-35
5.42051e-35
5.27944e-35
5.14204e-35
5.00821e-35
4.87787e-35
4.75092e-35
4.62727e-35
4.50685e-35
4.38955e-35
4.27531e-35
4.16404e-35
4.05567e-35
3.95012e-35
3.84732e-35
3.74719e-35
3.64966e-35
3.55468e-35
3.46217e-35
3.37206e-35
3.2843e-35
3.19883e-35
3.11557e-35
3.03449e-35
2.95551e-35
2.8786e-35
2.80368e-35
2.73071e-35
2.65964e-35
2.59042e-35
2.52301e-35
2.45734e-35
2.39339e-35
2.3311e-35
2.27043e-35
2.21134e-35
2.15379e-35
2.09774e-35
2.04314e-35
1.98997e-35
1.93818e-35
1.88773e-35
1.8386e-35
1.79075e-35
1.74415e-35
1.69876e-35
1.65454e-35
1.61148e-35
1.56954e-35
1.5287e-35
1.48891e-35
1.45016e-35
1.41242e-35
1.37566e-35
1.33986e-35
1.30499e-35
1.27102e-35
1.23794e-35
1.20573e-35
1.17435e-35
1.14378e-35
1.11402e-35
1.08502e-35
1.05678e-35
1.02928e-35
1.00249e-35
9.76403e-36
9.50991e-36
9.26241e-36
9.02135e-36
8.78656e-36
8.55789e-36
8.33516e-36
8.11823e-36
7.90695e-36
7.70117e-36
7.50074e-36
7.30553e-36
7.1154e-36
6.93021e-36
6.74985e-36
6.57418e-36
6.40308e-36
6.23644e-36
6.07413e-36
5.91605e-36
5.76208e-36
5.61212e-36
5.46606e-36
5.3238e-36
5.18525e-36
5.0503e-36
4.91886e-36
4.79084e-36
4.66616e-36
4.54472e-36
4.42644e-36
4.31124e-36
4.19904e-36
4.08975e-36
3.98331e-36
3.87965e-36
3.77868e-36
3.68033e-36
3.58455e-36
3.49126e-36
3.4004e-36
3.3119e-36
3.22571e-36
3.14175e-36
3.05999e-36
2.98035e-36
2.90278e-36
2.82724e-36
2.75366e-36
2.68199e-36
2.61219e-36
2.54421e-36
2.47799e-36
2.4135e-36
2.35069e-36
2.28951e-36
2.22992e-36
2.17189e-36
2.11536e-36
2.06031e-36
2.00669e-36
1.95446e-36
1.9036e-36
1.85405e-36
1.8058e-36
1.7588e-36
1.71303e-36
1.66845e-36
1.62503e-36
1.58273e-36
1.54154e-36
1.50142e-36
1.46235e-36
1.42429e-36
1.38722e-36
1.35112e-36
1.31595e-36
1.2817e-36
1.24835e-36
1.21586e-36
1.18421e-36
1.15339e-36
1.12338e-36
1.09414e-36
1.06566e-36
1.03793e-36
1.01092e-36
9.84607e-37
9.58982e-37
9.34024e-37
9.09715e-37
8.86039e-37
8.6298e-37
8.4052e-37
8.18645e-37
7.97339e-37
7.76588e-37
7.56377e-37
7.36691e-37
7.17519e-37
6.98845e-37
6.80657e-37
6.62942e-37
6.45689e-37
6.28884e-37
6.12517e-37
5.96576e-37
5.8105e-37
5.65927e-37
5.51199e-37
5.36854e-37
5.22882e-37
5.09273e-37
4.96019e-37
4.8311e-37
4.70537e-37
4.58291e-37
4.46363e-37
4.34746e-37
4.23432e-37
4.12412e-37
4.01678e-37
3.91224e-37
3.81043e-37
3.71126e-37
3.61467e-37
3.52059e-37
3.42897e-37
3.33973e-37
3.25281e-37
3.16815e-37
3.0857e-37
3.00539e-37
2.92717e-37
2.85099e-37
2.77679e-37
2.70453e-37
2.63414e-37
2.56558e-37
2.49881e-37
2.43378e-37
2.37044e-37
2.30875e-37
2.24866e-37
2.19014e-37
2.13314e-37
2.07762e-37
2.02355e-37
1.97088e-37
1.91959e-37
1.86963e-37
1.82097e-37
1.77358e-37
1.72742e-37
1.68247e-37
1.63868e-37
1.59603e-37
1.55449e-37
1.51404e-37
1.47463e-37
1.43625e-37
1.39887e-37
1.36247e-37
1.32701e-37
1.29247e-37
1.25883e-37
1.22607e-37
1.19416e-37
1.16308e-37
1.13281e-37
1.10333e-37
1.07462e-37
1.04665e-37
1.01941e-37
9.92879e-38
9.67039e-38
9.41871e-38
9.17358e-38
8.93483e-38
8.70229e-38
8.47581e-38
8.25522e-38
8.04037e-38
7.83112e-38
7.62731e-38
7.4288e-38
7.23546e-38
7.04715e-38
6.86375e-38
6.68511e-38
6.51113e-38
6.34167e-38
6.17662e-38
6.01587e-38
5.85931e-38
5.70681e-38
5.55829e-38
5.41363e-38
5.27274e-38
5.13551e-38
5.00185e-38
4.87168e-38
4.74489e-38
4.6214e-38
4.50112e-38
4.38398e-38
4.26988e-38
4.15875e-38
4.05052e-38
3.9451e-38
3.84243e-38
3.74243e-38
3.64503e-38
3.55016e-38
3.45777e-38
3.36777e-38
3.28013e-38
3.19476e-38
3.11161e-38
3.03063e-38
2.95176e-38
2.87493e-38
2.80011e-38
2.72724e-38
2.65626e-38
2.58713e-38
2.51979e-38
2.45421e-38
2.39034e-38
2.32813e-38
2.26754e-38
2.20852e-38
2.15105e-38
2.09506e-38
2.04054e-38
1.98743e-38
1.93571e-38
1.88533e-38
1.83626e-38
1.78847e-38
1.74192e-38
1.69659e-38
1.65243e-38
1.60943e-38
1.56754e-38
1.52674e-38
1.48701e-38
1.44831e-38
1.41061e-38
1.3739e-38
1.33814e-38
1.30332e-38
1.2694e-38
1.23636e-38
1.20418e-38
1.17284e-38
1.14232e-38
1.11259e-38
1.08363e-38
1.05543e-38
1.02796e-38
1.00121e-38
9.7515e-39
9.4977e-39
9.25052e-39
9.00976e-39
8.77527e-39
8.54689e-39
8.32444e-39
8.10779e-39
7.89678e-39
7.69125e-39
7.49108e-39
7.29611e-39
7.10622e-39
6.92128e-39
6.74114e-39
6.56569e-39
6.39481e-39
6.22838e-39
6.06628e-39
5.90839e-39
5.75462e-39
5.60485e-39
5.45897e-39
5.3169e-39
5.17852e-39
5.04374e-39
4.91247e-39
4.78461e-39
4.66008e-39
4.5388e-39
4.42067e-39
4.30561e-39
4.19355e-39
4.08441e-39
3.9781e-39
3.87457e-39
3.77372e-39
3.67551e-39
3.57984e-39
3.48667e-39
3.39592e-39
3.30754e-39
3.22145e-39
3.13761e-39
3.05595e-39
2.97641e-39
2.89894e-39
2.82349e-39
2.75e-39
2.67843e-39
2.60872e-39
2.54082e-39
2.47469e-39
2.41028e-39
2.34754e-39
2.28644e-39
2.22693e-39
2.16897e-39
2.11251e-39
2.05753e-39
2.00398e-39
1.95182e-39
1.90102e-39
1.85154e-39
1.80334e-39
1.75641e-39
1.71069e-39
1.66616e-39
1.6228e-39
1.58056e-39
1.53942e-39
1.49935e-39
1.46032e-39
1.42231e-39
1.38529e-39
1.34923e-39
1.31411e-39
1.27991e-39
1.24659e-39
1.21414e-39
1.18254e-39
1.15176e-39
1.12178e-39
1.09258e-39
1.06414e-39
1.03644e-39
1.00946e-39
9.8318e-40
9.57586e-40
9.32659e-40
9.08381e-40
8.84734e-40
8.61703e-40
8.39271e-40
8.17423e-40
7.96144e-40
7.75418e-40
7.55232e-40
7.35571e-40
7.16421e-40
6.97771e-40
6.79605e-40
6.61913e-40
6.44681e-40
6.27897e-40
6.11551e-40
5.95629e-40
5.80122e-40
5.65019e-40
5.50309e-40
5.35981e-40
5.22026e-40
5.08435e-40
4.95197e-40
4.82304e-40
4.69746e-40
4.57515e-40
4.45603e-40
4.34e-40
4.227e-40
4.11693e-40
4.00973e-40
3.90533e-40
3.80363e-40
3.70458e-40
3.60811e-40
3.51416e-40
3.42265e-40
3.33352e-40
3.24671e-40
3.16215e-40
3.0798e-40
2.9996e-40
2.92148e-40
2.84539e-40
2.77128e-40
2.6991e-40
2.6288e-40
2.56033e-40
2.49364e-40
2.42869e-40
2.36543e-40
2.30381e-40
2.2438e-40
2.18535e-40
2.12842e-40
2.07297e-40
2.01897e-40
1.96637e-40
1.91514e-40
1.86524e-40
1.81665e-40
1.76931e-40
1.72321e-40
1.67831e-40
1.63458e-40
1.59198e-40
1.5505e-40
1.51009e-40
1.47074e-40
1.43241e-40
1.39507e-40
1.35871e-40
1.3233e-40
1.28881e-40
1.25521e-40
1.22249e-40
1.19063e-40
1.15959e-40
1.12936e-40
1.09992e-40
1.07124e-40
1.04331e-40
1.01611e-40
9.89614e-41
9.63811e-41
9.38677e-41
9.14197e-41
8.90356e-41
8.67136e-41
8.44521e-41
8.22493e-41
8.01037e-41
7.80142e-41
7.59791e-41
7.3997e-41
7.20666e-41
7.01862e-41
6.83547e-41
6.65709e-41
6.48335e-41
6.31413e-41
6.14933e-41
5.98884e-41
5.83252e-41
5.68027e-41
5.53199e-41
5.38757e-41
5.2469e-41
5.10989e-41
4.97646e-41
4.8465e-41
4.71993e-41
4.59664e-41
4.47655e-41
4.35959e-41
4.24568e-41
4.13475e-41
4.02671e-41
3.92149e-41
3.819e-41
3.71917e-41
3.62193e-41
3.52723e-41
3.43501e-41
3.3452e-41
3.25771e-41
3.17248e-41
3.08949e-41
3.00867e-41
2.92996e-41
2.85328e-41
2.77859e-41
2.70585e-41
2.63503e-41
2.56604e-41
2.49884e-41
2.4334e-41
2.36965e-41
2.30757e-41
2.24713e-41
2.18828e-41
2.13096e-41
2.07514e-41
2.02076e-41
1.96778e-41
1.91617e-41
1.8659e-41
1.81695e-41
1.76928e-41
1.72286e-41
1.67763e-41
1.63358e-41
1.59069e-41
1.54892e-41
1.50824e-41
1.46862e-41
1.43003e-41
1.39244e-41
1.35582e-41
1.32018e-41
1.28546e-41
1.25163e-41
1.21867e-41
1.18657e-41
1.15531e-41
1.12485e-41
1.0952e-41
1.06631e-41
1.03819e-41
1.01081e-41
9.84149e-42
9.58183e-42
9.32893e-42
9.08263e-42
8.84276e-42
8.60901e-42
8.38123e-42
8.15925e-42
7.94291e-42
7.73232e-42
7.5272e-42
7.3274e-42
7.13293e-42
6.94352e-42
6.75904e-42
6.57936e-42
6.40436e-42
6.2339e-42
6.06789e-42
5.90619e-42
5.74857e-42
5.59505e-42
5.44564e-42
5.30012e-42
5.15838e-42
5.02033e-42
4.88588e-42
4.75479e-42
4.6271e-42
4.50286e-42
4.38185e-42
4.26399e-42
4.14919e-42
4.0375e-42
3.92886e-42
3.82306e-42
3.72002e-42
3.61968e-42
3.52196e-42
3.42679e-42
3.33412e-42
3.24387e-42
3.15598e-42
3.07039e-42
2.98704e-42
2.90574e-42
2.82656e-42
2.74958e-42
2.67461e-42
2.60161e-42
2.53052e-42
2.46116e-42
2.39361e-42
2.32795e-42
2.26402e-42
2.20176e-42
2.14113e-42
2.08209e-42
2.0246e-42
1.96861e-42
1.9141e-42
1.86101e-42
1.80932e-42
1.75899e-42
1.70997e-42
1.66225e-42
1.61577e-42
1.57052e-42
1.52646e-42
1.48355e-42
1.44164e-42
1.4007e-42
1.36082e-42
1.32198e-42
1.28414e-42
1.24729e-42
1.21138e-42
1.17641e-42
1.14235e-42
1.10917e-42
1.07684e-42
1.04536e-42
1.01469e-42
9.8481e-43
9.55706e-43
9.27356e-43
8.99738e-43
8.72835e-43
8.46628e-43
8.21098e-43
7.96228e-43
7.72e-43
7.48398e-43
7.25406e-43
7.03007e-43
6.81187e-43
6.59929e-43
6.3922e-43
6.19045e-43
5.9939e-43
5.8037e-43
5.61975e-43
5.44069e-43
5.2651e-43
5.09282e-43
4.92498e-43
4.76145e-43
4.60213e-43
4.4469e-43
4.29567e-43
4.14832e-43
4.00476e-43
3.86488e-43
3.72859e-43
3.5958e-43
3.46642e-43
3.34035e-43
3.21751e-43
3.09781e-43
2.98119e-43
2.86754e-43
2.7568e-43
2.65018e-43
2.54763e-43
2.44657e-43
2.34816e-43
2.25361e-43
2.16162e-43
2.07083e-43
1.98115e-43
1.89375e-43
1.80858e-43
1.72685e-43
1.64856e-43
1.5724e-43
1.49831e-43
1.42625e-43
1.35488e-43
1.2841e-43
1.21512e-43
1.14789e-43
1.08235e-43
1.01848e-43
9.56212e-44
8.95517e-44
8.36353e-44
7.78679e-44
7.22457e-44
6.67648e-44
6.14215e-44
5.63405e-44
5.15221e-44
4.67105e-44
4.18982e-44
3.72062e-44
3.26313e-44
2.81707e-44
2.38211e-44
1.95799e-44
1.54441e-44
1.15392e-44
7.86638e-45
4.1705e-45
4.44994e-46
-3.18841e-45
-6.73212e-45
-1.01884e-44
-1.35597e-44
-1.67199e-44
-1.96673e-44
-2.25284e-44
-2.53054e-44
-2.80006e-44
-3.04877e-44
-3.27651e-44
-3.49591e-44
-3.70719e-44
-3.91054e-44
-4.10619e-44
-4.29433e-44
-4.47514e-44
-4.66165e-44
-4.85442e-44
-5.04119e-44
-5.22213e-44
-5.39739e-44
-5.56713e-44
-5.73148e-44
-5.89059e-44
-6.04462e-44
-6.19368e-44
-6.33791e-44
-6.47745e-44
-6.61242e-44
-6.74295e-44
-6.85633e-44
-6.9523e-44
-7.05623e-44
-7.16863e-44
-7.2772e-44
-7.38203e-44
-7.48323e-44
-7.5809e-44
-7.67514e-44
-7.76605e-44
-7.8409e-44
-7.92502e-44
-8.03172e-44
-8.12341e-44
-8.19977e-44
-8.27329e-44
-8.35688e-44
-8.451e-44
-8.53047e-44
-8.59496e-44
-8.66977e-44
-8.75537e-44
-8.82656e-44
-8.88302e-44
-8.95003e-44
-9.02806e-44
-9.0919e-44
-9.15404e-44
-9.21451e-44
-9.26056e-44
-9.31747e-44
-9.38568e-44
-9.45281e-44
-9.50609e-44
-9.55796e-44
-9.62129e-44
-9.67087e-44
-9.71916e-44
-9.7662e-44
-9.79921e-44
-9.83064e-44
-9.87337e-44
-9.915e-44
-9.95557e-44
-9.9951e-44
-1.0008e-43
-1.0032e-43
-1.00802e-43
-1.0128e-43
-1.01753e-43
-1.02221e-43
-1.02557e-43
-1.02756e-43
-1.03072e-43
-1.03508e-43
-1.0394e-43
-1.04369e-43
-1.04794e-43
-1.05089e-43
-1.05248e-43
-1.05396e-43
-1.05534e-43
-1.05662e-43
-1.05908e-43
-1.06149e-43
-1.06384e-43
-1.06613e-43
-1.06837e-43
-1.07057e-43
-1.07271e-43
-1.07481e-43
-1.07557e-43
-1.07626e-43
-1.07814e-43
-1.08127e-43
-1.08439e-43
-1.08752e-43
-1.08936e-43
-1.09116e-43
-1.09421e-43
-1.09597e-43
-1.09642e-43
-1.09808e-43
-1.10098e-43
-1.10389e-43
-1.10681e-43
-1.11101e-43
-1.11526e-43
-1.11955e-43
-1.12517e-43
-1.12959e-43
-1.13276e-43
-1.13593e-43
-1.13911e-43
-1.14356e-43
-1.14805e-43
-1.15258e-43
-1.15843e-43
-1.16307e-43
-1.16646e-43
-1.17113e-43
-1.17711e-43
-1.18315e-43
-1.18927e-43
-1.19545e-43
-1.2017e-43
-1.208e-43
