Vec Object: Vec_0x55c3e49969c0_0 1 MPI process
  type: seq
1.
0.999971
0.999943
0.999914
0.999885
0.999856
0.999828
0.999799
0.99977
0.999742
0.999713
0.999684
0.999655
0.999627
0.999598
0.999569
0.999541
0.999512
0.999483
0.999454
0.999426
0.999397
0.999368
0.999339
0.999311
0.999282
0.999253
0.999224
0.999196
0.999167
0.999138
0.999109
0.999081
0.999052
0.999023
0.998994
0.998966
0.998937
0.998908
0.998879
0.998851
0.998822
0.998793
0.998764
0.998736
0.998707
0.998678
0.998649
0.998621
0.998592
0.998563
0.998534
0.998505
0.998477
0.998448
0.998419
0.99839
0.998362
0.998333
0.998304
0.998275
0.998246
0.998218
0.998189
0.99816
0.998131
0.998103
0.998074
0.998045
0.998016
0.997987
0.997959
0.99793
0.997901
0.997872
0.997843
0.997815
0.997786
0.997757
0.997728
0.997699
0.99767
0.997642
0.997613
0.997584
0.997555
0.997526
0.997498
0.997469
0.99744
0.997411
0.997382
0.997353
0.997325
0.997296
0.997267
0.997238
0.997209
0.99718
0.997152
0.997123
0.997094
0.997065
0.997036
0.997007
0.996979
0.99695
0.996921
0.996892
0.996863
0.996834
0.996805
0.996777
0.996748
0.996719
0.99669
0.996661
0.996632
0.996603
0.996575
0.996546
0.996517
0.996488
0.996459
0.99643
0.996401
0.996373
0.996344
0.996315
0.996286
0.996257
0.996228
0.996199
0.99617
0.996142
0.996113
0.996084
0.996055
0.996026
0.995997
0.995968
0.995939
0.99591
0.995881
0.995853
0.995824
0.995795
0.995766
0.995737
0.995708
0.995679
0.99565
0.995621
0.995592
0.995564
0.995535
0.995506
0.995477
0.995448
0.995419
0.99539
0.995361
0.995332
0.995303
0.995274
0.995245
0.995216
0.995188
0.995159
0.99513
0.995101
0.995072
0.995043
0.995014
0.994985
0.994956
0.994927
0.994898
0.994869
0.99484
0.994811
0.994782
0.994753
0.994724
0.994696
0.994667
0.994638
0.994609
0.99458
0.994551
0.994522
0.994493
0.994464
0.994435
0.994406
0.994377
0.994348
0.994319
0.99429
0.994261
0.994232
0.994203
0.994174
0.994145
0.994116
0.994087
0.994058
0.994029
0.994
0.993971
0.993942
0.993913
0.993884
0.993855
0.993826
0.993797
0.993768
0.993739
0.99371
0.993681
0.993652
0.993623
0.993594
0.993565
0.993536
0.993507
0.993478
0.993449
0.99342
0.993391
0.993362
0.993333
0.993304
0.993275
0.993246
0.993217
0.993188
0.993159
0.99313
0.993101
0.993072
0.993043
0.993014
0.992985
0.992956
0.992927
0.992898
0.992868
0.992839
0.99281
0.992781
0.992752
0.992723
0.992694
0.992665
0.992636
0.992607
0.992578
0.992549
0.99252
0.992491
0.992462
0.992433
0.992404
0.992374
0.992345
0.992316
0.992287
0.992258
0.992229
0.9922
0.992171
0.992142
0.992113
0.992084
0.992055
0.992026
0.991996
0.991967
0.991938
0.991909
0.99188
0.991851
0.991822
0.991793
0.991764
0.991735
0.991705
0.991676
0.991647
0.991618
0.991589
0.99156
0.991531
0.991502
0.991473
0.991443
0.991414
0.991385
0.991356
0.991327
0.991298
0.991269
0.99124
0.99121
0.991181
0.991152
0.991123
0.991094
0.991065
0.991036
0.991006
0.990977
0.990948
0.990919
0.99089
0.990861
0.990832
0.990802
0.990773
0.990744
0.990715
0.990686
0.990657
0.990627
0.990598
0.990569
0.99054
0.990511
0.990482
0.990452
0.990423
0.990394
0.990365
0.990336
0.990307
0.990277
0.990248
0.990219
0.99019
0.990161
0.990131
0.990102
0.990073
0.990044
0.990015
0.989985
0.989956
0.989927
0.989898
0.989869
0.989839
0.98981
0.989781
0.989752
0.989723
0.989693
0.989664
0.989635
0.989606
0.989576
0.989547
0.989518
0.989489
0.98946
0.98943
0.989401
0.989372
0.989343
0.989313
0.989284
0.989255
0.989226
0.989196
0.989167
0.989138
0.989109
0.989079
0.98905
0.989021
0.988992
0.988962
0.988933
0.988904
0.988875
0.988845
0.988816
0.988787
0.988758
0.988728
0.988699
0.98867
0.988641
0.988611
0.988582
0.988553
0.988523
0.988494
0.988465
0.988436
0.988406
0.988377
0.988348
0.988318
0.988289
0.98826
0.988231
0.988201
0.988172
0.988143
0.988113
0.988084
0.988055
0.988025
0.987996
0.987967
0.987938
0.987908
0.987879
0.98785
0.98782
0.987791
0.987762
0.987732
0.987703
0.987674
0.987644
0.987615
0.987586
0.987556
0.987527
0.987498
0.987468
0.987439
0.98741
0.98738
0.987351
0.987322
0.987292
0.987263
0.987233
0.987204
0.987175
0.987145
0.987116
0.987087
0.987057
0.987028
0.986999
0.986969
0.98694
0.98691
0.986881
0.986852
0.986822
0.986793
0.986764
0.986734
0.986705
0.986675
0.986646
0.986617
0.986587
0.986558
0.986528
0.986499
0.98647
0.98644
0.986411
0.986381
0.986352
0.986323
0.986293
0.986264
0.986234
0.986205
0.986176
0.986146
0.986117
0.986087
0.986058
0.986029
0.985999
0.98597
0.98594
0.985911
0.985881
0.985852
0.985822
0.985793
0.985764
0.985734
0.985705
0.985675
0.985646
0.985616
0.985587
0.985557
0.985528
0.985499
0.985469
0.98544
0.98541
0.985381
0.985351
0.985322
0.985292
0.985263
0.985233
0.985204
0.985174
0.985145
0.985115
0.985086
0.985056
0.985027
0.984997
0.984968
0.984939
0.984909
0.98488
0.98485
0.984821
0.984791
0.984762
0.984732
0.984703
0.984673
0.984644
0.984614
0.984584
0.984555
0.984525
0.984496
0.984466
0.984437
0.984407
0.984378
0.984348
0.984319
0.984289
0.98426
0.98423
0.984201
0.984171
0.984142
0.984112
0.984082
0.984053
0.984023
0.983994
0.983964
0.983935
0.983905
0.983876
0.983846
0.983816
0.983787
0.983757
0.983728
0.983698
0.983669
0.983639
0.983609
0.98358
0.98355
0.983521
0.983491
0.983462
0.983432
0.983402
0.983373
0.983343
0.983314
0.983284
0.983254
0.983225
0.983195
0.983166
0.983136
0.983106
0.983077
0.983047
0.983018
0.982988
0.982958
0.982929
0.982899
0.982869
0.98284
0.98281
0.982781
0.982751
0.982721
0.982692
0.982662
0.982632
0.982603
0.982573
0.982543
0.982514
0.982484
0.982455
0.982425
0.982395
0.982366
0.982336
0.982306
0.982277
0.982247
0.982217
0.982188
0.982158
0.982128
0.982099
0.982069
0.982039
0.98201
0.98198
0.98195
0.98192
0.981891
0.981861
0.981831
0.981802
0.981772
0.981742
0.981713
0.981683
0.981653
0.981623
0.981594
0.981564
0.981534
0.981505
0.981475
0.981445
0.981415
0.981386
0.981356
0.981326
0.981297
0.981267
0.981237
0.981207
0.981178
0.981148
0.981118
0.981088
0.981059
0.981029
0.980999
0.980969
0.98094
0.98091
0.98088
0.98085
0.980821
0.980791
0.980761
0.980731
0.980702
0.980672
0.980642
0.980612
0.980582
0.980553
0.980523
0.980493
0.980463
0.980434
0.980404
0.980374
0.980344
0.980314
0.980285
0.980255
0.980225
0.980195
0.980165
0.980136
0.980106
0.980076
0.980046
0.980016
0.979986
0.979957
0.979927
0.979897
0.979867
0.979837
0.979807
0.979778
0.979748
0.979718
0.979688
0.979658
0.979628
0.979599
0.979569
0.979539
0.979509
0.979479
0.979449
0.979419
0.97939
0.97936
0.97933
0.9793
0.97927
0.97924
0.97921
0.97918
0.979151
0.979121
0.979091
0.979061
0.979031
0.979001
0.978971
0.978941
0.978911
0.978882
0.978852
0.978822
0.978792
0.978762
0.978732
0.978702
0.978672
0.978642
0.978612
0.978582
0.978552
0.978523
0.978493
0.978463
0.978433
0.978403
0.978373
0.978343
0.978313
0.978283
0.978253
0.978223
0.978193
0.978163
0.978133
0.978103
0.978073
0.978043
0.978013
0.977983
0.977953
0.977923
0.977894
0.977864
0.977834
0.977804
0.977774
0.977744
0.977714
0.977684
0.977654
0.977624
0.977594
0.977564
0.977534
0.977504
0.977474
0.977444
0.977414
0.977384
0.977354
0.977324
0.977294
0.977263
0.977233
0.977203
0.977173
0.977143
0.977113
0.977083
0.977053
0.977023
0.976993
0.976963
0.976933
0.976903
0.976873
0.976843
0.976813
0.976783
0.976753
0.976723
0.976693
0.976662
0.976632
0.976602
0.976572
0.976542
0.976512
0.976482
0.976452
0.976422
0.976392
0.976362
0.976332
0.976301
0.976271
0.976241
0.976211
0.976181
0.976151
0.976121
0.976091
0.97606
0.97603
0.976
0.97597
0.97594
0.97591
0.97588
0.97585
0.975819
0.975789
0.975759
0.975729
0.975699
0.975669
0.975639
0.975608
0.975578
0.975548
0.975518
0.975488
0.975458
0.975427
0.975397
0.975367
0.975337
0.975307
0.975276
0.975246
0.975216
0.975186
0.975156
0.975125
0.975095
0.975065
0.975035
0.975005
0.974974
0.974944
0.974914
0.974884
0.974854
0.974823
0.974793
0.974763
0.974733
0.974702
0.974672
0.974642
0.974612
0.974581
0.974551
0.974521
0.974491
0.97446
0.97443
0.9744
0.97437
0.974339
0.974309
0.974279
0.974249
0.974218
0.974188
0.974158
0.974127
0.974097
0.974067
0.974037
0.974006
0.973976
0.973946
0.973915
0.973885
0.973855
0.973824
0.973794
0.973764
0.973733
0.973703
0.973673
0.973642
0.973612
0.973582
0.973551
0.973521
0.973491
0.97346
0.97343
0.9734
0.973369
0.973339
0.973309
0.973278
0.973248
0.973218
0.973187
0.973157
0.973126
0.973096
0.973066
0.973035
0.973005
0.972974
0.972944
0.972914
0.972883
0.972853
0.972822
0.972792
0.972762
0.972731
0.972701
0.97267
0.97264
0.97261
0.972579
0.972549
0.972518
0.972488
0.972457
0.972427
0.972397
0.972366
0.972336
0.972305
0.972275
0.972244
0.972214
0.972183
0.972153
0.972122
0.972092
0.972061
0.972031
0.972
0.97197
0.971939
0.971909
0.971878
0.971848
0.971817
0.971787
0.971756
0.971726
0.971695
0.971665
0.971634
0.971604
0.971573
0.971543
0.971512
0.971482
0.971451
0.971421
0.97139
0.97136
0.971329
0.971298
0.971268
0.971237
0.971207
0.971176
0.971146
0.971115
0.971085
0.971054
0.971023
0.970993
0.970962
0.970932
0.970901
0.97087
0.97084
0.970809
0.970779
0.970748
0.970717
0.970687
0.970656
0.970626
0.970595
0.970564
0.970534
0.970503
0.970472
0.970442
0.970411
0.97038
0.97035
0.970319
0.970288
0.970258
0.970227
0.970196
0.970166
0.970135
0.970104
0.970074
0.970043
0.970012
0.969982
0.969951
0.96992
0.96989
0.969859
0.969828
0.969797
0.969767
0.969736
0.969705
0.969675
0.969644
0.969613
0.969582
0.969552
0.969521
0.96949
0.969459
0.969429
0.969398
0.969367
0.969336
0.969306
0.969275
0.969244
0.969213
0.969183
0.969152
0.969121
0.96909
0.969059
0.969029
0.968998
0.968967
0.968936
0.968905
0.968875
0.968844
0.968813
0.968782
0.968751
0.96872
0.96869
0.968659
0.968628
0.968597
0.968566
0.968535
0.968505
0.968474
0.968443
0.968412
0.968381
0.96835
0.968319
0.968288
0.968258
0.968227
0.968196
0.968165
0.968134
0.968103
0.968072
0.968041
0.96801
0.967979
0.967949
0.967918
0.967887
0.967856
0.967825
0.967794
0.967763
0.967732
0.967701
0.96767
0.967639
0.967608
0.967577
0.967546
0.967515
0.967484
0.967453
0.967422
0.967391
0.96736
0.967329
0.967298
0.967267
0.967236
0.967205
0.967174
0.967143
0.967112
0.967081
0.96705
0.967019
0.966988
0.966957
0.966926
0.966895
0.966864
0.966833
0.966802
0.966771
0.96674
0.966709
0.966677
0.966646
0.966615
0.966584
0.966553
0.966522
0.966491
0.96646
0.966429
0.966398
0.966366
0.966335
0.966304
0.966273
0.966242
0.966211
0.96618
0.966148
0.966117
0.966086
0.966055
0.966024
0.965993
0.965961
0.96593
0.965899
0.965868
0.965837
0.965805
0.965774
0.965743
0.965712
0.965681
0.965649
0.965618
0.965587
0.965556
0.965524
0.965493
0.965462
0.965431
0.965399
0.965368
0.965337
0.965306
0.965274
0.965243
0.965212
0.965181
0.965149
0.965118
0.965087
0.965055
0.965024
0.964993
0.964961
0.96493
0.964899
0.964867
0.964836
0.964805
0.964773
0.964742
0.964711
0.964679
0.964648
0.964617
0.964585
0.964554
0.964522
0.964491
0.96446
0.964428
0.964397
0.964365
0.964334
0.964303
0.964271
0.96424
0.964208
0.964177
0.964145
0.964114
0.964082
0.964051
0.96402
0.963988
0.963957
0.963925
0.963894
0.963862
0.963831
0.963799
0.963768
0.963736
0.963705
0.963673
0.963642
0.96361
0.963578
0.963547
0.963515
0.963484
0.963452
0.963421
0.963389
0.963358
0.963326
0.963294
0.963263
0.963231
0.9632
0.963168
0.963136
0.963105
0.963073
0.963042
0.96301
0.962978
0.962947
0.962915
0.962883
0.962852
0.96282
0.962788
0.962757
0.962725
0.962693
0.962662
0.96263
0.962598
0.962566
0.962535
0.962503
0.962471
0.962439
0.962408
0.962376
0.962344
0.962312
0.962281
0.962249
0.962217
0.962185
0.962154
0.962122
0.96209
0.962058
0.962026
0.961995
0.961963
0.961931
0.961899
0.961867
0.961835
0.961803
0.961772
0.96174
0.961708
0.961676
0.961644
0.961612
0.96158
0.961548
0.961516
0.961484
0.961453
0.961421
0.961389
0.961357
0.961325
0.961293
0.961261
0.961229
0.961197
0.961165
0.961133
0.961101
0.961069
0.961037
0.961005
0.960973
0.960941
0.960909
0.960877
0.960845
0.960812
0.96078
0.960748
0.960716
0.960684
0.960652
0.96062
0.960588
0.960556
0.960524
0.960491
0.960459
0.960427
0.960395
0.960363
0.960331
0.960298
0.960266
0.960234
0.960202
0.96017
0.960137
0.960105
0.960073
0.960041
0.960008
0.959976
0.959944
0.959912
0.959879
0.959847
0.959815
0.959782
0.95975
0.959718
0.959685
0.959653
0.959621
0.959588
0.959556
0.959524
0.959491
0.959459
0.959426
0.959394
0.959362
0.959329
0.959297
0.959264
0.959232
0.959199
0.959167
0.959134
0.959102
0.959069
0.959037
0.959004
0.958972
0.958939
0.958907
0.958874
0.958842
0.958809
0.958776
0.958744
0.958711
0.958679
0.958646
0.958613
0.958581
0.958548
0.958515
0.958483
0.95845
0.958417
0.958385
0.958352
0.958319
0.958286
0.958254
0.958221
0.958188
0.958155
0.958123
0.95809
0.958057
0.958024
0.957991
0.957958
0.957926
0.957893
0.95786
0.957827
0.957794
0.957761
0.957728
0.957695
0.957662
0.957629
0.957596
0.957564
0.957531
0.957498
0.957465
0.957431
0.957398
0.957365
0.957332
0.957299
0.957266
0.957233
0.9572
0.957167
0.957134
0.957101
0.957067
0.957034
0.957001
0.956968
0.956935
0.956901
0.956868
0.956835
0.956802
0.956768
0.956735
0.956702
0.956668
0.956635
0.956602
0.956568
0.956535
0.956502
0.956468
0.956435
0.956401
0.956368
0.956335
0.956301
0.956268
0.956234
0.956201
0.956167
0.956133
0.9561
0.956066
0.956033
0.955999
0.955965
0.955932
0.955898
0.955865
0.955831
0.955797
0.955763
0.95573
0.955696
0.955662
0.955628
0.955595
0.955561
0.955527
0.955493
0.955459
0.955425
0.955391
0.955358
0.955324
0.95529
0.955256
0.955222
0.955188
0.955154
0.95512
0.955086
0.955051
0.955017
0.954983
0.954949
0.954915
0.954881
0.954847
0.954812
0.954778
0.954744
0.95471
0.954675
0.954641
0.954607
0.954573
0.954538
0.954504
0.954469
0.954435
0.954401
0.954366
0.954332
0.954297
0.954263
0.954228
0.954194
0.954159
0.954124
0.95409
0.954055
0.954021
0.953986
0.953951
0.953917
0.953882
0.953847
0.953812
0.953778
0.953743
0.953708
0.953673
0.953638
0.953603
0.953568
0.953533
0.953498
0.953463
0.953428
0.953393
0.953358
0.953323
0.953288
0.953253
0.953218
0.953183
0.953148
0.953112
0.953077
0.953042
0.953007
0.952971
0.952936
0.952901
0.952865
0.95283
0.952795
0.952759
0.952724
0.952688
0.952653
0.952617
0.952582
0.952546
0.952511
0.952475
0.952439
0.952404
0.952368
0.952332
0.952297
0.952261
0.952225
0.952189
0.952154
0.952118
0.952082
0.952046
0.95201
0.951974
0.951938
0.951902
0.951866
0.95183
0.951794
0.951758
0.951722
0.951686
0.95165
0.951614
0.951577
0.951541
0.951505
0.951469
0.951432
0.951396
0.95136
0.951323
0.951287
0.951251
0.951214
0.951178
0.951141
0.951105
0.951068
0.951032
0.950995
0.950959
0.950922
0.950885
0.950849
0.950812
0.950775
0.950738
0.950702
0.950665
0.950628
0.950591
0.950554
0.950517
0.95048
0.950444
0.950407
0.95037
0.950333
0.950295
0.950258
0.950221
0.950184
0.950147
0.95011
0.950073
0.950035
0.949998
0.949961
0.949924
0.949886
0.949849
0.949812
0.949774
0.949737
0.949699
0.949662
0.949624
0.949587
0.949549
0.949512
0.949474
0.949436
0.949399
0.949361
0.949323
0.949286
0.949248
0.94921
0.949172
0.949134
0.949096
0.949059
0.949021
0.948983
0.948945
0.948907
0.948869
0.948831
0.948793
0.948755
0.948716
0.948678
0.94864
0.948602
0.948564
0.948525
0.948487
0.948449
0.94841
0.948372
0.948334
0.948295
0.948257
0.948218
0.94818
0.948141
0.948103
0.948064
0.948026
0.947987
0.947948
0.94791
0.947871
0.947832
0.947793
0.947755
0.947716
0.947677
0.947638
0.947599
0.94756
0.947521
0.947482
0.947443
0.947404
0.947365
0.947326
0.947287
0.947248
0.947209
0.94717
0.94713
0.947091
0.947052
0.947013
0.946973
0.946934
0.946895
0.946855
0.946816
0.946776
0.946737
0.946697
0.946658
0.946618
0.946579
0.946539
0.946499
0.94646
0.94642
0.94638
0.94634
0.946301
0.946261
0.946221
0.946181
0.946141
0.946101
0.946061
0.946021
0.945981
0.945941
0.945901
0.945861
0.945821
0.945781
0.945741
0.945701
0.94566
0.94562
0.94558
0.945539
0.945499
0.945459
0.945418
0.945378
0.945337
0.945297
0.945256
0.945216
0.945175
0.945135
0.945094
0.945053
0.945013
0.944972
0.944931
0.944891
0.94485
0.944809
0.944768
0.944727
0.944686
0.944645
0.944604
0.944563
0.944522
0.944481
0.94444
0.944399
0.944358
0.944317
0.944276
0.944234
0.944193
0.944152
0.944111
0.944069
0.944028
0.943987
0.943945
0.943904
0.943862
0.943821
0.943779
0.943738
0.943696
0.943654
0.943613
0.943571
0.943529
0.943488
0.943446
0.943404
0.943362
0.94332
0.943279
0.943237
0.943195
0.943153
0.943111
0.943069
0.943027
0.942985
0.942942
0.9429
0.942858
0.942816
0.942774
0.942731
0.942689
0.942647
0.942604
0.942562
0.94252
0.942477
0.942435
0.942392
0.94235
0.942307
0.942265
0.942222
0.942179
0.942137
0.942094
0.942051
0.942008
0.941966
0.941923
0.94188
0.941837
0.941794
0.941751
0.941708
0.941665
0.941622
0.941579
0.941536
0.941493
0.94145
0.941407
0.941363
0.94132
0.941277
0.941234
0.94119
0.941147
0.941104
0.94106
0.941017
0.940973
0.94093
0.940886
0.940843
0.940799
0.940755
0.940712
0.940668
0.940624
0.94058
0.940537
0.940493
0.940449
0.940405
0.940361
0.940317
0.940273
0.940229
0.940185
0.940141
0.940097
0.940053
0.940009
0.939965
0.93992
0.939876
0.939832
0.939788
0.939743
0.939699
0.939654
0.93961
0.939566
0.939521
0.939477
0.939432
0.939387
0.939343
0.939298
0.939253
0.939209
0.939164
0.939119
0.939074
0.93903
0.938985
0.93894
0.938895
0.93885
0.938805
0.93876
0.938715
0.93867
0.938625
0.93858
0.938534
0.938489
0.938444
0.938399
0.938353
0.938308
0.938263
0.938217
0.938172
0.938126
0.938081
0.938035
0.93799
0.937944
0.937898
0.937853
0.937807
0.937761
0.937716
0.93767
0.937624
0.937578
0.937532
0.937486
0.93744
0.937395
0.937349
0.937302
0.937256
0.93721
0.937164
0.937118
0.937072
0.937026
0.936979
0.936933
0.936887
0.93684
0.936794
0.936747
0.936701
0.936655
0.936608
0.936561
0.936515
0.936468
0.936422
0.936375
0.936328
0.936281
0.936235
0.936188
0.936141
0.936094
0.936047
0.936
0.935953
0.935906
0.935859
0.935812
0.935765
0.935718
0.935671
0.935623
0.935576
0.935529
0.935482
0.935434
0.935387
0.935339
0.935292
0.935245
0.935197
0.93515
0.935102
0.935054
0.935007
0.934959
0.934911
0.934864
0.934816
0.934768
0.93472
0.934672
0.934624
0.934576
0.934528
0.93448
0.934432
0.934384
0.934336
0.934288
0.93424
0.934192
0.934143
0.934095
0.934047
0.933998
0.93395
0.933902
0.933853
0.933805
0.933756
0.933708
0.933659
0.93361
0.933562
0.933513
0.933464
0.933416
0.933367
0.933318
0.933269
0.93322
0.933171
0.933122
0.933073
0.933024
0.932975
0.932926
0.932877
0.932828
0.932779
0.93273
0.93268
0.932631
0.932582
0.932532
0.932483
0.932433
0.932384
0.932334
0.932285
0.932235
0.932186
0.932136
0.932086
0.932037
0.931987
0.931937
0.931887
0.931837
0.931788
0.931738
0.931688
0.931638
0.931588
0.931538
0.931487
0.931437
0.931387
0.931337
0.931287
0.931236
0.931186
0.931136
0.931085
0.931035
0.930985
0.930934
0.930884
0.930833
0.930782
0.930732
0.930681
0.93063
0.93058
0.930529
0.930478
0.930427
0.930376
0.930325
0.930274
0.930223
0.930172
0.930121
0.93007
0.930019
0.929968
0.929917
0.929866
0.929814
0.929763
0.929712
0.92966
0.929609
0.929557
0.929506
0.929454
0.929403
0.929351
0.9293
0.929248
0.929196
0.929145
0.929093
0.929041
0.928989
0.928937
0.928885
0.928833
0.928781
0.928729
0.928677
0.928625
0.928573
0.928521
0.928469
0.928416
0.928364
0.928312
0.928259
0.928207
0.928155
0.928102
0.92805
0.927997
0.927944
0.927892
0.927839
0.927786
0.927734
0.927681
0.927628
0.927575
0.927522
0.92747
0.927417
0.927364
0.927311
0.927258
0.927204
0.927151
0.927098
0.927045
0.926992
0.926938
0.926885
0.926832
0.926778
0.926725
0.926671
0.926618
0.926564
0.926511
0.926457
0.926404
0.92635
0.926296
0.926242
0.926189
0.926135
0.926081
0.926027
0.925973
0.925919
0.925865
0.925811
0.925757
0.925703
0.925648
0.925594
0.92554
0.925486
0.925431
0.925377
0.925322
0.925268
0.925213
0.925159
0.925104
0.92505
0.924995
0.92494
0.924886
0.924831
0.924776
0.924721
0.924666
0.924612
0.924557
0.924502
0.924447
0.924392
0.924336
0.924281
0.924226
0.924171
0.924116
0.92406
0.924005
0.92395
0.923894
0.923839
0.923783
0.923728
0.923672
0.923616
0.923561
0.923505
0.923449
0.923394
0.923338
0.923282
0.923226
0.92317
0.923114
0.923058
0.923002
0.922946
0.92289
0.922834
0.922778
0.922721
0.922665
0.922609
0.922552
0.922496
0.92244
0.922383
0.922327
0.92227
0.922213
0.922157
0.9221
0.922043
0.921987
0.92193
0.921873
0.921816
0.921759
0.921702
0.921645
0.921588
0.921531
0.921474
0.921417
0.92136
0.921303
0.921245
0.921188
0.921131
0.921073
0.921016
0.920958
0.920901
0.920843
0.920786
0.920728
0.92067
0.920613
0.920555
0.920497
0.920439
0.920381
0.920323
0.920266
0.920208
0.920149
0.920091
0.920033
0.919975
0.919917
0.919859
0.9198
0.919742
0.919684
0.919625
0.919567
0.919508
0.91945
0.919391
0.919333
0.919274
0.919215
0.919157
0.919098
0.919039
0.91898
0.918921
0.918862
0.918803
0.918744
0.918685
0.918626
0.918567
0.918508
0.918449
0.918389
0.91833
0.918271
0.918211
0.918152
0.918092
0.918033
0.917973
0.917914
0.917854
0.917794
0.917734
0.917675
0.917615
0.917555
0.917495
0.917435
0.917375
0.917315
0.917255
0.917195
0.917135
0.917075
0.917014
0.916954
0.916894
0.916833
0.916773
0.916713
0.916652
0.916592
0.916531
0.91647
0.91641
0.916349
0.916288
0.916227
0.916167
0.916106
0.916045
0.915984
0.915923
0.915862
0.915801
0.91574
0.915678
0.915617
0.915556
0.915495
0.915433
0.915372
0.91531
0.915249
0.915187
0.915126
0.915064
0.915003
0.914941
0.914879
0.914817
0.914756
0.914694
0.914632
0.91457
0.914508
0.914446
0.914384
0.914322
0.914259
0.914197
0.914135
0.914073
0.91401
0.913948
0.913886
0.913823
0.913761
0.913698
0.913635
0.913573
0.91351
0.913447
0.913384
0.913322
0.913259
0.913196
0.913133
0.91307
0.913007
0.912944
0.912881
0.912817
0.912754
0.912691
0.912628
0.912564
0.912501
0.912437
0.912374
0.91231
0.912247
0.912183
0.912119
0.912056
0.911992
0.911928
0.911864
0.9118
0.911737
0.911673
0.911608
0.911544
0.91148
0.911416
0.911352
0.911288
0.911223
0.911159
0.911095
0.91103
0.910966
0.910901
0.910837
0.910772
0.910707
0.910643
0.910578
0.910513
0.910448
0.910383
0.910318
0.910253
0.910188
0.910123
0.910058
0.909993
0.909928
0.909863
0.909797
0.909732
0.909667
0.909601
0.909536
0.90947
0.909404
0.909339
0.909273
0.909207
0.909142
0.909076
0.90901
0.908944
0.908878
0.908812
0.908746
0.90868
0.908614
0.908548
0.908482
0.908415
0.908349
0.908283
0.908216
0.90815
0.908083
0.908017
0.90795
0.907883
0.907817
0.90775
0.907683
0.907616
0.90755
0.907483
0.907416
0.907349
0.907282
0.907214
0.907147
0.90708
0.907013
0.906945
0.906878
0.906811
0.906743
0.906676
0.906608
0.906541
0.906473
0.906405
0.906338
0.90627
0.906202
0.906134
0.906066
0.905998
0.90593
0.905862
0.905794
0.905726
0.905658
0.905589
0.905521
0.905453
0.905384
0.905316
0.905247
0.905179
0.90511
0.905042
0.904973
0.904904
0.904835
0.904767
0.904698
0.904629
0.90456
0.904491
0.904422
0.904353
0.904283
0.904214
0.904145
0.904076
0.904006
0.903937
0.903867
0.903798
0.903728
0.903659
0.903589
0.903519
0.90345
0.90338
0.90331
0.90324
0.90317
0.9031
0.90303
0.90296
0.90289
0.90282
0.902749
0.902679
0.902609
0.902538
0.902468
0.902397
0.902327
0.902256
0.902186
0.902115
0.902044
0.901973
0.901902
0.901832
0.901761
0.90169
0.901619
0.901547
0.901476
0.901405
0.901334
0.901263
0.901191
0.90112
0.901048
0.900977
0.900905
0.900834
0.900762
0.90069
0.900619
0.900547
0.900475
0.900403
0.900331
0.900259
0.900187
0.900115
0.900043
0.899971
0.899898
0.899826
0.899754
0.899681
0.899609
0.899536
0.899464
0.899391
0.899319
0.899246
0.899173
0.8991
0.899027
0.898955
0.898882
0.898809
0.898736
0.898662
0.898589
0.898516
0.898443
0.898369
0.898296
0.898223
0.898149
0.898076
0.898002
0.897928
0.897855
0.897781
0.897707
0.897633
0.897559
0.897485
0.897411
0.897337
0.897263
0.897189
0.897115
0.897041
0.896966
0.896892
0.896818
0.896743
0.896669
0.896594
0.896519
0.896445
0.89637
0.896295
0.89622
0.896146
0.896071
0.895996
0.895921
0.895845
0.89577
0.895695
0.89562
0.895545
0.895469
0.895394
0.895318
0.895243
0.895167
0.895092
0.895016
0.89494
0.894864
0.894789
0.894713
0.894637
0.894561
0.894485
0.894409
0.894332
0.894256
0.89418
0.894104
0.894027
0.893951
0.893874
0.893798
0.893721
0.893645
0.893568
0.893491
0.893414
0.893337
0.893261
0.893184
0.893107
0.893029
0.892952
0.892875
0.892798
0.892721
0.892643
0.892566
0.892488
0.892411
0.892333
0.892256
0.892178
0.8921
0.892023
0.891945
0.891867
0.891789
0.891711
0.891633
0.891555
0.891477
0.891398
0.89132
0.891242
0.891163
0.891085
0.891006
0.890928
0.890849
0.890771
0.890692
0.890613
0.890534
0.890455
0.890376
0.890297
0.890218
0.890139
0.89006
0.889981
0.889902
0.889822
0.889743
0.889663
0.889584
0.889504
0.889425
0.889345
0.889265
0.889186
0.889106
0.889026
0.888946
0.888866
0.888786
0.888706
0.888626
0.888545
0.888465
0.888385
0.888304
0.888224
0.888143
0.888063
0.887982
0.887902
0.887821
0.88774
0.887659
0.887578
0.887497
0.887416
0.887335
0.887254
0.887173
0.887092
0.88701
0.886929
0.886848
0.886766
0.886685
0.886603
0.886521
0.88644
0.886358
0.886276
0.886194
0.886112
0.88603
0.885948
0.885866
0.885784
0.885702
0.885619
0.885537
0.885455
0.885372
0.88529
0.885207
0.885125
0.885042
0.884959
0.884876
0.884793
0.884711
0.884628
0.884545
0.884461
0.884378
0.884295
0.884212
0.884129
0.884045
0.883962
0.883878
0.883795
0.883711
0.883627
0.883544
0.88346
0.883376
0.883292
0.883208
0.883124
0.88304
0.882956
0.882872
0.882787
0.882703
0.882619
0.882534
0.88245
0.882365
0.88228
0.882196
0.882111
0.882026
0.881941
0.881856
0.881771
0.881686
0.881601
0.881516
0.881431
0.881346
0.88126
0.881175
0.881089
0.881004
0.880918
0.880833
0.880747
0.880661
0.880575
0.88049
0.880404
0.880318
0.880232
0.880145
0.880059
0.879973
0.879887
0.8798
0.879714
0.879627
0.879541
0.879454
0.879368
0.879281
0.879194
0.879107
0.87902
0.878933
0.878846
0.878759
0.878672
0.878585
0.878497
0.87841
0.878323
0.878235
0.878148
0.87806
0.877972
0.877885
0.877797
0.877709
0.877621
0.877533
0.877445
0.877357
0.877269
0.877181
0.877093
0.877004
0.876916
0.876827
0.876739
0.87665
0.876562
0.876473
0.876384
0.876295
0.876206
0.876118
0.876029
0.875939
0.87585
0.875761
0.875672
0.875582
0.875493
0.875404
0.875314
0.875225
0.875135
0.875045
0.874955
0.874866
0.874776
0.874686
0.874596
0.874506
0.874415
0.874325
0.874235
0.874145
0.874054
0.873964
0.873873
0.873783
0.873692
0.873601
0.873511
0.87342
0.873329
0.873238
0.873147
0.873056
0.872964
0.872873
0.872782
0.872691
0.872599
0.872508
0.872416
0.872325
0.872233
0.872141
0.872049
0.871957
0.871865
0.871773
0.871681
0.871589
0.871497
0.871405
0.871312
0.87122
0.871128
0.871035
0.870943
0.87085
0.870757
0.870664
0.870572
0.870479
0.870386
0.870293
0.870199
0.870106
0.870013
0.86992
0.869826
0.869733
0.869639
0.869546
0.869452
0.869359
0.869265
0.869171
0.869077
0.868983
0.868889
0.868795
0.868701
0.868607
0.868512
0.868418
0.868323
0.868229
0.868134
0.86804
0.867945
0.86785
0.867756
0.867661
0.867566
0.867471
0.867376
0.86728
0.867185
0.86709
0.866995
0.866899
0.866804
0.866708
0.866612
0.866517
0.866421
0.866325
0.866229
0.866133
0.866037
0.865941
0.865845
0.865749
0.865652
0.865556
0.86546
0.865363
0.865267
0.86517
0.865073
0.864976
0.86488
0.864783
0.864686
0.864589
0.864492
0.864394
0.864297
0.8642
0.864102
0.864005
0.863907
0.86381
0.863712
0.863614
0.863517
0.863419
0.863321
0.863223
0.863125
0.863027
0.862928
0.86283
0.862732
0.862633
0.862535
0.862436
0.862338
0.862239
0.86214
0.862041
0.861942
0.861843
0.861744
0.861645
0.861546
0.861447
0.861348
0.861248
0.861149
0.861049
0.86095
0.86085
0.86075
0.86065
0.86055
0.86045
0.86035
0.86025
0.86015
0.86005
0.85995
0.859849
0.859749
0.859648
0.859548
0.859447
0.859346
0.859246
0.859145
0.859044
0.858943
0.858842
0.85874
0.858639
0.858538
0.858437
0.858335
0.858234
0.858132
0.85803
0.857929
0.857827
0.857725
0.857623
0.857521
0.857419
0.857317
0.857215
0.857112
0.85701
0.856907
0.856805
0.856702
0.8566
0.856497
0.856394
0.856291
0.856188
0.856085
0.855982
0.855879
0.855776
0.855673
0.855569
0.855466
0.855362
0.855259
0.855155
0.855051
0.854947
0.854843
0.85474
0.854636
0.854531
0.854427
0.854323
0.854219
0.854114
0.85401
0.853905
0.853801
0.853696
0.853591
0.853486
0.853381
0.853276
0.853171
0.853066
0.852961
0.852856
0.85275
0.852645
0.852539
0.852434
0.852328
0.852222
0.852117
0.852011
0.851905
0.851799
0.851693
0.851587
0.85148
0.851374
0.851268
0.851161
0.851055
0.850948
0.850841
0.850734
0.850628
0.850521
0.850414
0.850307
0.850199
0.850092
0.849985
0.849878
0.84977
0.849663
0.849555
0.849447
0.84934
0.849232
0.849124
0.849016
0.848908
0.8488
0.848691
0.848583
0.848475
0.848366
0.848258
0.848149
0.848041
0.847932
0.847823
0.847714
0.847605
0.847496
0.847387
0.847278
0.847169
0.847059
0.84695
0.84684
0.846731
0.846621
0.846511
0.846401
0.846292
0.846182
0.846072
0.845961
0.845851
0.845741
0.845631
0.84552
0.84541
0.845299
0.845188
0.845078
0.844967
0.844856
0.844745
0.844634
0.844523
0.844412
0.8443
0.844189
0.844078
0.843966
0.843854
0.843743
0.843631
0.843519
0.843407
0.843295
0.843183
0.843071
0.842959
0.842847
0.842734
0.842622
0.842509
0.842396
0.842284
0.842171
0.842058
0.841945
0.841832
0.841719
0.841606
0.841493
0.841379
0.841266
0.841152
0.841039
0.840925
0.840811
0.840698
0.840584
0.84047
0.840356
0.840242
0.840127
0.840013
0.839899
0.839784
0.83967
0.839555
0.83944
0.839326
0.839211
0.839096
0.838981
0.838866
0.838751
0.838635
0.83852
0.838405
0.838289
0.838173
0.838058
0.837942
0.837826
0.83771
0.837594
0.837478
0.837362
0.837246
0.83713
0.837013
0.836897
0.83678
0.836664
0.836547
0.83643
0.836313
0.836196
0.836079
0.835962
0.835845
0.835727
0.83561
0.835493
0.835375
0.835257
0.83514
0.835022
0.834904
0.834786
0.834668
0.83455
0.834432
0.834313
0.834195
0.834077
0.833958
0.833839
0.833721
0.833602
0.833483
0.833364
0.833245
0.833126
0.833007
0.832887
0.832768
0.832649
0.832529
0.832409
0.83229
0.83217
0.83205
0.83193
0.83181
0.83169
0.83157
0.831449
0.831329
0.831209
0.831088
0.830967
0.830847
0.830726
0.830605
0.830484
0.830363
0.830242
0.830121
0.829999
0.829878
0.829756
0.829635
0.829513
0.829391
0.82927
0.829148
0.829026
0.828904
0.828781
0.828659
0.828537
0.828414
0.828292
0.828169
0.828047
0.827924
0.827801
0.827678
0.827555
0.827432
0.827309
0.827186
0.827062
0.826939
0.826815
0.826692
0.826568
0.826444
0.82632
0.826196
0.826072
0.825948
0.825824
0.825699
0.825575
0.82545
0.825326
0.825201
0.825076
0.824952
0.824827
0.824702
0.824576
0.824451
0.824326
0.824201
0.824075
0.82395
0.823824
0.823698
0.823572
0.823447
0.823321
0.823194
0.823068
0.822942
0.822816
0.822689
0.822563
0.822436
0.822309
0.822183
0.822056
0.821929
0.821802
0.821675
0.821547
0.82142
0.821293
0.821165
0.821038
0.82091
0.820782
0.820654
0.820526
0.820398
0.82027
0.820142
0.820014
0.819885
0.819757
0.819628
0.819499
0.819371
0.819242
0.819113
0.818984
0.818855
0.818726
0.818596
0.818467
0.818337
0.818208
0.818078
0.817948
0.817819
0.817689
0.817559
0.817428
0.817298
0.817168
0.817038
0.816907
0.816776
0.816646
0.816515
0.816384
0.816253
0.816122
0.815991
0.81586
0.815729
0.815597
0.815466
0.815334
0.815202
0.815071
0.814939
0.814807
0.814675
0.814543
0.81441
0.814278
0.814146
0.814013
0.813881
0.813748
0.813615
0.813482
0.813349
0.813216
0.813083
0.81295
0.812816
0.812683
0.812549
0.812416
0.812282
0.812148
0.812014
0.81188
0.811746
0.811612
0.811478
0.811343
0.811209
0.811074
0.81094
0.810805
0.81067
0.810535
0.8104
0.810265
0.81013
0.809994
0.809859
0.809724
0.809588
0.809452
0.809316
0.809181
0.809045
0.808908
0.808772
0.808636
0.8085
0.808363
0.808227
0.80809
0.807953
0.807816
0.807679
0.807542
0.807405
0.807268
0.807131
0.806993
0.806856
0.806718
0.80658
0.806443
0.806305
0.806167
0.806029
0.80589
0.805752
0.805614
0.805475
0.805337
0.805198
0.805059
0.80492
0.804781
0.804642
0.804503
0.804364
0.804225
0.804085
0.803946
0.803806
0.803666
0.803526
0.803386
0.803246
0.803106
0.802966
0.802826
0.802685
0.802545
0.802404
0.802263
0.802122
0.801982
0.80184
0.801699
0.801558
0.801417
0.801275
0.801134
0.800992
0.800851
0.800709
0.800567
0.800425
0.800283
0.80014
0.799998
0.799856
0.799713
0.799571
0.799428
0.799285
0.799142
0.798999
0.798856
0.798713
0.79857
0.798426
0.798283
0.798139
0.797995
0.797851
0.797708
0.797564
0.797419
0.797275
0.797131
0.796986
0.796842
0.796697
0.796553
0.796408
0.796263
0.796118
0.795973
0.795827
0.795682
0.795537
0.795391
0.795246
0.7951
0.794954
0.794808
0.794662
0.794516
0.79437
0.794223
0.794077
0.79393
0.793784
0.793637
0.79349
0.793343
0.793196
0.793049
0.792901
0.792754
0.792607
0.792459
0.792311
0.792164
0.792016
0.791868
0.79172
0.791571
0.791423
0.791275
0.791126
0.790977
0.790829
0.79068
0.790531
0.790382
0.790233
0.790084
0.789934
0.789785
0.789635
0.789486
0.789336
0.789186
0.789036
0.788886
0.788736
0.788585
0.788435
0.788284
0.788134
0.787983
0.787832
0.787681
0.78753
0.787379
0.787228
0.787077
0.786925
0.786774
0.786622
0.78647
0.786318
0.786166
0.786014
0.785862
0.78571
0.785557
0.785405
0.785252
0.7851
0.784947
0.784794
0.784641
0.784488
0.784334
0.784181
0.784028
0.783874
0.78372
0.783566
0.783413
0.783259
0.783104
0.78295
0.782796
0.782641
0.782487
0.782332
0.782177
0.782023
0.781868
0.781713
0.781557
0.781402
0.781247
0.781091
0.780935
0.78078
0.780624
0.780468
0.780312
0.780156
0.779999
0.779843
0.779686
0.77953
0.779373
0.779216
0.779059
0.778902
0.778745
0.778588
0.778431
0.778273
0.778115
0.777958
0.7778
0.777642
0.777484
0.777326
0.777168
0.777009
0.776851
0.776692
0.776533
0.776375
0.776216
0.776057
0.775897
0.775738
0.775579
0.775419
0.77526
0.7751
0.77494
0.77478
0.77462
0.77446
0.7743
0.77414
0.773979
0.773818
0.773658
0.773497
0.773336
0.773175
0.773014
0.772852
0.772691
0.77253
0.772368
0.772206
0.772044
0.771883
0.77172
0.771558
0.771396
0.771234
0.771071
0.770908
0.770746
0.770583
0.77042
0.770257
0.770094
0.76993
0.769767
0.769603
0.76944
0.769276
0.769112
0.768948
0.768784
0.76862
0.768455
0.768291
0.768126
0.767962
0.767797
0.767632
0.767467
0.767302
0.767137
0.766971
0.766806
0.76664
0.766474
0.766309
0.766143
0.765977
0.76581
0.765644
0.765478
0.765311
0.765145
0.764978
0.764811
0.764644
0.764477
0.76431
0.764142
0.763975
0.763807
0.763639
0.763472
0.763304
0.763136
0.762968
0.762799
0.762631
0.762462
0.762294
0.762125
0.761956
0.761787
0.761618
0.761449
0.761279
0.76111
0.76094
0.760771
0.760601
0.760431
0.760261
0.760091
0.759921
0.75975
0.75958
0.759409
0.759238
0.759067
0.758896
0.758725
0.758554
0.758383
0.758211
0.75804
0.757868
0.757696
0.757524
0.757352
0.75718
0.757007
0.756835
0.756663
0.75649
0.756317
0.756144
0.755971
0.755798
0.755625
0.755451
0.755278
0.755104
0.75493
0.754756
0.754583
0.754408
0.754234
0.75406
0.753885
0.753711
0.753536
0.753361
0.753186
0.753011
0.752836
0.75266
0.752485
0.752309
0.752134
0.751958
0.751782
0.751606
0.75143
0.751253
0.751077
0.7509
0.750724
0.750547
0.75037
0.750193
0.750016
0.749838
0.749661
0.749483
0.749306
0.749128
0.74895
0.748772
0.748594
0.748416
0.748237
0.748059
0.74788
0.747701
0.747522
0.747343
0.747164
0.746985
0.746805
0.746626
0.746446
0.746266
0.746086
0.745906
0.745726
0.745546
0.745366
0.745185
0.745004
0.744824
0.744643
0.744462
0.74428
0.744099
0.743918
0.743736
0.743555
0.743373
0.743191
0.743009
0.742827
0.742644
0.742462
0.742279
0.742097
0.741914
0.741731
0.741548
0.741365
0.741181
0.740998
0.740814
0.740631
0.740447
0.740263
0.740079
0.739895
0.73971
0.739526
0.739341
0.739156
0.738972
0.738787
0.738601
0.738416
0.738231
0.738045
0.73786
0.737674
0.737488
0.737302
0.737116
0.73693
0.736743
0.736557
0.73637
0.736183
0.735996
0.735809
0.735622
0.735435
0.735247
0.73506
0.734872
0.734684
0.734496
0.734308
0.73412
0.733932
0.733743
0.733554
0.733366
0.733177
0.732988
0.732799
0.732609
0.73242
0.73223
0.732041
0.731851
0.731661
0.731471
0.731281
0.73109
0.7309
0.730709
0.730519
0.730328
0.730137
0.729946
0.729754
0.729563
0.729372
0.72918
0.728988
0.728796
0.728604
0.728412
0.72822
0.728027
0.727835
0.727642
0.727449
0.727256
0.727063
0.72687
0.726676
0.726483
0.726289
0.726095
0.725901
0.725707
0.725513
0.725319
0.725124
0.72493
0.724735
0.72454
0.724345
0.72415
0.723955
0.723759
0.723564
0.723368
0.723172
0.722976
0.72278
0.722584
0.722388
0.722191
0.721994
0.721798
0.721601
0.721404
0.721207
0.721009
0.720812
0.720614
0.720416
0.720219
0.720021
0.719822
0.719624
0.719426
0.719227
0.719028
0.71883
0.718631
0.718432
0.718232
0.718033
0.717833
0.717634
0.717434
0.717234
0.717034
0.716834
0.716633
0.716433
0.716232
0.716031
0.715831
0.71563
0.715428
0.715227
0.715026
0.714824
0.714622
0.71442
0.714218
0.714016
0.713814
0.713611
0.713409
0.713206
0.713003
0.7128
0.712597
0.712394
0.71219
0.711987
0.711783
0.711579
0.711375
0.711171
0.710967
0.710762
0.710558
0.710353
0.710148
0.709943
0.709738
0.709533
0.709327
0.709122
0.708916
0.70871
0.708504
0.708298
0.708092
0.707886
0.707679
0.707472
0.707266
0.707059
0.706851
0.706644
0.706437
0.706229
0.706021
0.705814
0.705606
0.705398
0.705189
0.704981
0.704772
0.704564
0.704355
0.704146
0.703937
0.703727
0.703518
0.703308
0.703099
0.702889
0.702679
0.702469
0.702258
0.702048
0.701837
0.701626
0.701416
0.701205
0.700993
0.700782
0.700571
0.700359
0.700147
0.699935
0.699723
0.699511
0.699299
0.699086
0.698874
0.698661
0.698448
0.698235
0.698022
0.697808
0.697595
0.697381
0.697167
0.696953
0.696739
0.696525
0.69631
0.696096
0.695881
0.695666
0.695451
0.695236
0.695021
0.694805
0.69459
0.694374
0.694158
0.693942
0.693726
0.69351
0.693293
0.693076
0.69286
0.692643
0.692426
0.692208
0.691991
0.691773
0.691556
0.691338
0.69112
0.690902
0.690683
0.690465
0.690246
0.690028
0.689809
0.68959
0.68937
0.689151
0.688932
0.688712
0.688492
0.688272
0.688052
0.687832
0.687611
0.687391
0.68717
0.686949
0.686728
0.686507
0.686286
0.686064
0.685843
0.685621
0.685399
0.685177
0.684955
0.684732
0.68451
0.684287
0.684064
0.683841
0.683618
0.683395
0.683171
0.682947
0.682724
0.6825
0.682276
0.682051
0.681827
0.681602
0.681378
0.681153
0.680928
0.680703
0.680477
0.680252
0.680026
0.6798
0.679574
0.679348
0.679122
0.678896
0.678669
0.678442
0.678215
0.677988
0.677761
0.677534
0.677306
0.677079
0.676851
0.676623
0.676395
0.676166
0.675938
0.675709
0.67548
0.675252
0.675022
0.674793
0.674564
0.674334
0.674104
0.673875
0.673645
0.673414
0.673184
0.672953
0.672723
0.672492
0.672261
0.67203
0.671799
0.671567
0.671335
0.671104
0.670872
0.67064
0.670407
0.670175
0.669942
0.66971
0.669477
0.669244
0.66901
0.668777
0.668543
0.66831
0.668076
0.667842
0.667608
0.667373
0.667139
0.666904
0.666669
0.666434
0.666199
0.665964
0.665728
0.665493
0.665257
0.665021
0.664785
0.664548
0.664312
0.664075
0.663839
0.663602
0.663365
0.663127
0.66289
0.662652
0.662415
0.662177
0.661939
0.6617
0.661462
0.661223
0.660985
0.660746
0.660507
0.660267
0.660028
0.659788
0.659549
0.659309
0.659069
0.658828
0.658588
0.658348
0.658107
0.657866
0.657625
0.657384
0.657142
0.656901
0.656659
0.656417
0.656175
0.655933
0.655691
0.655448
0.655205
0.654962
0.654719
0.654476
0.654233
0.653989
0.653746
0.653502
0.653258
0.653013
0.652769
0.652524
0.65228
0.652035
0.65179
0.651545
0.651299
0.651054
0.650808
0.650562
0.650316
0.65007
0.649823
0.649577
0.64933
0.649083
0.648836
0.648589
0.648341
0.648094
0.647846
0.647598
0.64735
0.647102
0.646853
0.646605
0.646356
0.646107
0.645858
0.645609
0.645359
0.64511
0.64486
0.64461
0.64436
0.644109
0.643859
0.643608
0.643357
0.643106
0.642855
0.642604
0.642352
0.642101
0.641849
0.641597
0.641345
0.641092
0.64084
0.640587
0.640334
0.640081
0.639828
0.639574
0.639321
0.639067
0.638813
0.638559
0.638305
0.63805
0.637796
0.637541
0.637286
0.637031
0.636775
0.63652
0.636264
0.636008
0.635752
0.635496
0.63524
0.634983
0.634726
0.634469
0.634212
0.633955
0.633698
0.63344
0.633182
0.632924
0.632666
0.632408
0.632149
0.631891
0.631632
0.631373
0.631114
0.630854
0.630595
0.630335
0.630075
0.629815
0.629555
0.629294
0.629034
0.628773
0.628512
0.628251
0.62799
0.627728
0.627466
0.627204
0.626942
0.62668
0.626418
0.626155
0.625892
0.62563
0.625366
0.625103
0.62484
0.624576
0.624312
0.624048
0.623784
0.62352
0.623255
0.62299
0.622725
0.62246
0.622195
0.62193
0.621664
0.621398
0.621132
0.620866
0.6206
0.620333
0.620066
0.619799
0.619532
0.619265
0.618998
0.61873
0.618462
0.618194
0.617926
0.617657
0.617389
0.61712
0.616851
0.616582
0.616313
0.616043
0.615774
0.615504
0.615234
0.614964
0.614693
0.614423
0.614152
0.613881
0.61361
0.613339
0.613067
0.612795
0.612524
0.612252
0.611979
0.611707
0.611434
0.611162
0.610889
0.610615
0.610342
0.610069
0.609795
0.609521
0.609247
0.608973
0.608698
0.608423
0.608149
0.607874
0.607598
0.607323
0.607047
0.606772
0.606496
0.60622
0.605943
0.605667
0.60539
0.605113
0.604836
0.604559
0.604281
0.604004
0.603726
0.603448
0.60317
0.602891
0.602613
0.602334
0.602055
0.601776
0.601496
0.601217
0.600937
0.600657
0.600377
0.600097
0.599816
0.599535
0.599255
0.598974
0.598692
0.598411
0.598129
0.597847
0.597565
0.597283
0.597001
0.596718
0.596435
0.596152
0.595869
0.595586
0.595302
0.595019
0.594735
0.594451
0.594166
0.593882
0.593597
0.593312
0.593027
0.592742
0.592456
0.592171
0.591885
0.591599
0.591312
0.591026
0.590739
0.590453
0.590166
0.589878
0.589591
0.589303
0.589016
0.588728
0.588439
0.588151
0.587862
0.587574
0.587285
0.586995
0.586706
0.586417
0.586127
0.585837
0.585547
0.585256
0.584966
0.584675
0.584384
0.584093
0.583802
0.58351
0.583218
0.582927
0.582634
0.582342
0.58205
0.581757
0.581464
0.581171
0.580878
0.580584
0.58029
0.579997
0.579702
0.579408
0.579114
0.578819
0.578524
0.578229
0.577934
0.577638
0.577343
0.577047
0.576751
0.576454
0.576158
0.575861
0.575564
0.575267
0.57497
0.574672
0.574375
0.574077
0.573779
0.573481
0.573182
0.572883
0.572584
0.572285
0.571986
0.571687
0.571387
0.571087
0.570787
0.570487
0.570186
0.569885
0.569585
0.569283
0.568982
0.568681
0.568379
0.568077
0.567775
0.567473
0.56717
0.566867
0.566564
0.566261
0.565958
0.565654
0.565351
0.565047
0.564742
0.564438
0.564133
0.563829
0.563524
0.563219
0.562913
0.562608
0.562302
0.561996
0.56169
0.561383
0.561077
0.56077
0.560463
0.560155
0.559848
0.55954
0.559233
0.558924
0.558616
0.558308
0.557999
0.55769
0.557381
0.557072
0.556762
0.556453
0.556143
0.555832
0.555522
0.555212
0.554901
0.55459
0.554279
0.553967
0.553656
0.553344
0.553032
0.55272
0.552407
0.552095
0.551782
0.551469
0.551155
0.550842
0.550528
0.550214
0.5499
0.549586
0.549271
0.548957
0.548642
0.548327
0.548011
0.547696
0.54738
0.547064
0.546748
0.546431
0.546115
0.545798
0.545481
0.545163
0.544846
0.544528
0.54421
0.543892
0.543574
0.543255
0.542937
0.542618
0.542299
0.541979
0.54166
0.54134
0.54102
0.540699
0.540379
0.540058
0.539737
0.539416
0.539095
0.538773
0.538452
0.53813
0.537808
0.537485
0.537163
0.53684
0.536517
0.536194
0.53587
0.535546
0.535223
0.534898
0.534574
0.53425
0.533925
0.5336
0.533275
0.532949
0.532624
0.532298
0.531972
0.531645
0.531319
0.530992
0.530665
0.530338
0.530011
0.529683
0.529355
0.529027
0.528699
0.528371
0.528042
0.527713
0.527384
0.527055
0.526725
0.526396
0.526066
0.525735
0.525405
0.525074
0.524744
0.524412
0.524081
0.52375
0.523418
0.523086
0.522754
0.522421
0.522089
0.521756
0.521423
0.52109
0.520756
0.520422
0.520089
0.519754
0.51942
0.519085
0.518751
0.518416
0.51808
0.517745
0.517409
0.517073
0.516737
0.516401
0.516064
0.515727
0.51539
0.515053
0.514716
0.514378
0.51404
0.513702
0.513363
0.513025
0.512686
0.512347
0.512008
0.511668
0.511328
0.510988
0.510648
0.510308
0.509967
0.509626
0.509285
0.508944
0.508603
0.508261
0.507919
0.507577
0.507234
0.506892
0.506549
0.506206
0.505862
0.505519
0.505175
0.504831
0.504487
0.504142
0.503798
0.503453
0.503108
0.502762
0.502417
0.502071
0.501725
0.501379
0.501032
0.500685
0.500339
0.499991
0.499644
0.499296
0.498948
0.4986
0.498252
0.497904
0.497555
0.497206
0.496857
0.496507
0.496157
0.495807
0.495457
0.495107
0.494756
0.494405
0.494054
0.493703
0.493352
0.493
0.492648
0.492296
0.491943
0.491591
0.491238
0.490884
0.490531
0.490178
0.489824
0.48947
0.489115
0.488761
0.488406
0.488051
0.487696
0.48734
0.486985
0.486629
0.486273
0.485916
0.48556
0.485203
0.484846
0.484488
0.484131
0.483773
0.483415
0.483057
0.482698
0.48234
0.481981
0.481622
0.481262
0.480902
0.480543
0.480182
0.479822
0.479462
0.479101
0.47874
0.478378
0.478017
0.477655
0.477293
0.476931
0.476568
0.476206
0.475843
0.47548
0.475116
0.474753
0.474389
0.474025
0.47366
0.473296
0.472931
0.472566
0.4722
0.471835
0.471469
0.471103
0.470737
0.47037
0.470004
0.469637
0.46927
0.468902
0.468534
0.468167
0.467798
0.46743
0.467061
0.466693
0.466323
0.465954
0.465585
0.465215
0.464845
0.464474
0.464104
0.463733
0.463362
0.462991
0.462619
0.462248
0.461876
0.461503
0.461131
0.460758
0.460385
0.460012
0.459639
0.459265
0.458891
0.458517
0.458143
0.457768
0.457393
0.457018
0.456643
0.456267
0.455892
0.455516
0.455139
0.454763
0.454386
0.454009
0.453632
0.453254
0.452876
0.452498
0.45212
0.451742
0.451363
0.450984
0.450605
0.450225
0.449846
0.449466
0.449086
0.448705
0.448325
0.447944
0.447562
0.447181
0.446799
0.446418
0.446035
0.445653
0.44527
0.444888
0.444504
0.444121
0.443738
0.443354
0.44297
0.442585
0.442201
0.441816
0.441431
0.441046
0.44066
0.440274
0.439888
0.439502
0.439115
0.438729
0.438342
0.437954
0.437567
0.437179
0.436791
0.436403
0.436014
0.435626
0.435237
0.434847
0.434458
0.434068
0.433678
0.433288
0.432897
0.432507
0.432116
0.431725
0.431333
0.430941
0.430549
0.430157
0.429765
0.429372
0.428979
0.428586
0.428192
0.427799
0.427405
0.427011
0.426616
0.426222
0.425827
0.425431
0.425036
0.42464
0.424244
0.423848
0.423452
0.423055
0.422658
0.422261
0.421863
0.421466
0.421068
0.42067
0.420271
0.419873
0.419474
0.419074
0.418675
0.418275
0.417875
0.417475
0.417075
0.416674
0.416273
0.415872
0.415471
0.415069
0.414667
0.414265
0.413862
0.41346
0.413057
0.412654
0.41225
0.411846
0.411442
0.411038
0.410634
0.410229
0.409824
0.409419
0.409013
0.408608
0.408202
0.407796
0.407389
0.406982
0.406575
0.406168
0.405761
0.405353
0.404945
0.404537
0.404128
0.403719
0.40331
0.402901
0.402492
0.402082
0.401672
0.401262
0.400851
0.40044
0.400029
0.399618
0.399207
0.398795
0.398383
0.39797
0.397558
0.397145
0.396732
0.396319
0.395905
0.395491
0.395077
0.394663
0.394248
0.393833
0.393418
0.393003
0.392587
0.392172
0.391755
0.391339
0.390922
0.390506
0.390088
0.389671
0.389253
0.388835
0.388417
0.387999
0.38758
0.387161
0.386742
0.386323
0.385903
0.385483
0.385063
0.384642
0.384222
0.383801
0.383379
0.382958
0.382536
0.382114
0.381692
0.381269
0.380847
0.380424
0.38
0.379577
0.379153
0.378729
0.378305
0.37788
0.377455
0.37703
0.376605
0.376179
0.375753
0.375327
0.374901
0.374474
0.374048
0.37362
0.373193
0.372765
0.372337
0.371909
0.371481
0.371052
0.370623
0.370194
0.369765
0.369335
0.368905
0.368475
0.368044
0.367614
0.367183
0.366751
0.36632
0.365888
0.365456
0.365024
0.364591
0.364158
0.363725
0.363292
0.362858
0.362425
0.361991
0.361556
0.361122
0.360687
0.360252
0.359816
0.359381
0.358945
0.358509
0.358072
0.357635
0.357199
0.356761
0.356324
0.355886
0.355448
0.35501
0.354572
0.354133
0.353694
0.353255
0.352815
0.352375
0.351935
0.351495
0.351055
0.350614
0.350173
0.349731
0.34929
0.348848
0.348406
0.347964
0.347521
0.347078
0.346635
0.346192
0.345748
0.345304
0.34486
0.344415
0.343971
0.343526
0.343081
0.342635
0.34219
0.341744
0.341297
0.340851
0.340404
0.339957
0.33951
0.339062
0.338615
0.338167
0.337718
0.33727
0.336821
0.336372
0.335923
0.335473
0.335023
0.334573
0.334123
0.333672
0.333221
0.33277
0.332319
0.331867
0.331415
0.330963
0.330511
0.330058
0.329605
0.329152
0.328699
0.328245
0.327791
0.327337
0.326882
0.326428
0.325973
0.325517
0.325062
0.324606
0.32415
0.323694
0.323237
0.322781
0.322323
0.321866
0.321409
0.320951
0.320493
0.320034
0.319576
0.319117
0.318658
0.318199
0.317739
0.317279
0.316819
0.316359
0.315898
0.315437
0.314976
0.314515
0.314053
0.313591
0.313129
0.312667
0.312204
0.311741
0.311278
0.310815
0.310351
0.309887
0.309423
0.308958
0.308494
0.308029
0.307563
0.307098
0.306632
0.306166
0.3057
0.305234
0.304767
0.3043
0.303833
0.303365
0.302897
0.302429
0.301961
0.301493
0.301024
0.300555
0.300086
0.299616
0.299146
0.298676
0.298206
0.297736
0.297265
0.296794
0.296323
0.295851
0.295379
0.294907
0.294435
0.293963
0.29349
0.293017
0.292543
0.29207
0.291596
0.291122
0.290648
0.290173
0.289699
0.289224
0.288748
0.288273
0.287797
0.287321
0.286845
0.286368
0.285891
0.285414
0.284937
0.28446
0.283982
0.283504
0.283026
0.282547
0.282069
0.28159
0.28111
0.280631
0.280151
0.279671
0.279191
0.278711
0.27823
0.277749
0.277268
0.276786
0.276305
0.275823
0.275341
0.274858
0.274376
0.273893
0.273409
0.272926
0.272443
0.271959
0.271475
0.27099
0.270506
0.270021
0.269536
0.26905
0.268565
0.268079
0.267593
0.267107
0.26662
0.266134
0.265647
0.265159
0.264672
0.264184
0.263696
0.263208
0.26272
0.262231
0.261742
0.261253
0.260764
0.260274
0.259784
0.259294
0.258804
0.258314
0.257823
0.257332
0.256841
0.256349
0.255858
0.255366
0.254873
0.254381
0.253888
0.253396
0.252903
0.252409
0.251916
0.251422
0.250928
0.250434
0.249939
0.249445
0.24895
0.248455
0.247959
0.247464
0.246968
0.246472
0.245976
0.245479
0.244982
0.244486
0.243988
0.243491
0.242993
0.242496
0.241998
0.241499
0.241001
0.240502
0.240003
0.239504
0.239005
0.238505
0.238005
0.237505
0.237005
0.236505
0.236004
0.235503
0.235002
0.234501
0.233999
0.233497
0.232995
0.232493
0.231991
0.231488
0.230985
0.230482
0.229979
0.229476
0.228972
0.228468
0.227964
0.22746
0.226955
0.226451
0.225946
0.225441
0.224935
0.22443
0.223924
0.223418
0.222912
0.222406
0.221899
0.221393
0.220886
0.220379
0.219871
0.219364
0.218856
0.218348
0.21784
0.217332
0.216823
0.216314
0.215806
0.215297
0.214787
0.214278
0.213768
0.213258
0.212748
0.212238
0.211728
0.211217
0.210706
0.210195
0.209684
0.209173
0.208661
0.208149
0.207638
0.207126
0.206613
0.206101
0.205588
0.205075
0.204562
0.204049
0.203536
0.203022
0.202509
0.201995
0.201481
0.200967
0.200452
0.199938
0.199423
0.198908
0.198393
0.197878
0.197363
0.196847
0.196331
0.195816
0.1953
0.194783
0.194267
0.193751
0.193234
0.192717
0.1922
0.191683
0.191166
0.190648
0.190131
0.189613
0.189095
0.188577
0.188059
0.187541
0.187022
0.186503
0.185985
0.185466
0.184947
0.184428
0.183908
0.183389
0.182869
0.182349
0.18183
0.18131
0.180789
0.180269
0.179749
0.179228
0.178708
0.178187
0.177666
0.177145
0.176624
0.176103
0.175581
0.17506
0.174538
0.174016
0.173495
0.172973
0.17245
0.171928
0.171406
0.170884
0.170361
0.169839
0.169316
0.168793
0.16827
0.167747
0.167224
0.166701
0.166177
0.165654
0.165131
0.164607
0.164083
0.16356
0.163036
0.162512
0.161988
0.161464
0.16094
0.160416
0.159891
0.159367
0.158842
0.158318
0.157793
0.157269
0.156744
0.156219
0.155695
0.15517
0.154645
0.15412
0.153595
0.15307
0.152544
0.152019
0.151494
0.150969
0.150443
0.149918
0.149393
0.148867
0.148342
0.147816
0.147291
0.146765
0.14624
0.145714
0.145189
0.144663
0.144137
0.143612
0.143086
0.14256
0.142035
0.141509
0.140983
0.140458
0.139932
0.139406
0.138881
0.138355
0.137829
0.137304
0.136778
0.136252
0.135727
0.135201
0.134676
0.13415
0.133625
0.1331
0.132574
0.132049
0.131524
0.130998
0.130473
0.129948
0.129423
0.128898
0.128373
0.127848
0.127323
0.126799
0.126274
0.125749
0.125225
0.124701
0.124176
0.123652
0.123128
0.122604
0.12208
0.121556
0.121032
0.120509
0.119985
0.119462
0.118939
0.118415
0.117892
0.11737
0.116847
0.116324
0.115802
0.11528
0.114757
0.114235
0.113714
0.113192
0.11267
0.112149
0.111628
0.111107
0.110586
0.110065
0.109545
0.109025
0.108505
0.107985
0.107465
0.106946
0.106427
0.105908
0.105389
0.104871
0.104352
0.103834
0.103317
0.102799
0.102282
0.101765
0.101248
0.100732
0.100215
0.0996995
0.0991839
0.0986686
0.0981535
0.0976388
0.0971244
0.0966102
0.0960965
0.095583
0.0950698
0.094557
0.0940446
0.0935325
0.0930207
0.0925093
0.0919982
0.0914876
0.0909773
0.0904674
0.0899579
0.0894487
0.08894
0.0884317
0.0879238
0.0874163
0.0869093
0.0864026
0.0858965
0.0853907
0.0848855
0.0843807
0.0838763
0.0833725
0.0828691
0.0823662
0.0818638
0.0813619
0.0808606
0.0803597
0.0798594
0.0793596
0.0788604
0.0783617
0.0778636
0.077366
0.076869
0.0763726
0.0758768
0.0753816
0.074887
0.0743931
0.0738997
0.073407
0.072915
0.0724235
0.0719328
0.0714427
0.0709533
0.0704646
0.0699766
0.0694893
0.0690028
0.0685169
0.0680318
0.0675475
0.0670639
0.0665811
0.066099
0.0656178
0.0651373
0.0646577
0.0641789
0.0637009
0.0632238
0.0627475
0.0622721
0.0617975
0.0613239
0.0608511
0.0603793
0.0599083
0.0594384
0.0589693
0.0585013
0.0580341
0.057568
0.0571029
0.0566388
0.0561757
0.0557136
0.0552526
0.0547926
0.0543338
0.053876
0.0534193
0.0529637
0.0525092
0.0520559
0.0516037
0.0511527
0.0507029
0.0502543
0.0498069
0.0493607
0.0489158
0.0484721
0.0480297
0.0475885
0.0471487
0.0467102
0.046273
0.0458371
0.0454026
0.0449695
0.0445378
0.0441075
0.0436786
0.0432512
0.0428252
0.0424007
0.0419776
0.0415561
0.0411361
0.0407177
0.0403008
0.0398854
0.0394717
0.0390596
0.038649
0.0382402
0.037833
0.0374274
0.0370236
0.0366215
0.0362211
0.0358224
0.0354255
0.0350304
0.0346371
0.0342456
0.033856
0.0334682
0.0330823
0.0326983
0.0323161
0.031936
0.0315577
0.0311814
0.0308071
0.0304349
0.0300646
0.0296963
0.0293302
0.0289661
0.028604
0.0282441
0.0278864
0.0275307
0.0271773
0.026826
0.0264769
0.02613
0.0257854
0.025443
0.0251029
0.0247651
0.0244296
0.0240964
0.0237655
0.023437
0.0231108
0.0227871
0.0224657
0.0221468
0.0218303
0.0215163
0.0212047
0.0208955
0.0205889
0.0202848
0.0199832
0.0196842
0.0193876
0.0190937
0.0188023
0.0185135
0.0182273
0.0179437
0.0176627
0.0173843
0.0171086
0.0168356
0.0165651
0.0162974
0.0160323
0.0157699
0.0155102
0.0152532
0.0149989
0.0147472
0.0144983
0.0142522
0.0140087
0.0137679
0.0135299
0.0132946
0.0130621
0.0128322
0.0126051
0.0123807
0.0121591
0.0119402
0.011724
0.0115105
0.0112997
0.0110917
0.0108863
0.0106837
0.0104838
0.0102865
0.010092
0.00990009
0.00971087
0.00952431
0.0093404
0.00915913
0.00898048
0.00880445
0.00863102
0.00846018
0.00829191
0.00812621
0.00796305
0.00780242
0.00764431
0.0074887
0.00733557
0.00718491
0.00703669
0.0068909
0.00674752
0.00660653
0.00646791
0.00633164
0.0061977
0.00606607
0.00593672
0.00580964
0.0056848
0.00556218
0.00544176
0.00532351
0.00520741
0.00509344
0.00498157
0.00487178
0.00476404
0.00465833
0.00455463
0.00445291
0.00435314
0.00425529
0.00415936
0.0040653
0.00397309
0.00388271
0.00379413
0.00370732
0.00362227
0.00353893
0.0034573
0.00337734
0.00329903
0.00322233
0.00314724
0.00307371
0.00300173
0.00293127
0.0028623
0.0027948
0.00272875
0.00266412
0.00260088
0.00253901
0.0024785
0.0024193
0.00236141
0.00230479
0.00224942
0.00219528
0.00214236
0.00209061
0.00204003
0.00199058
0.00194226
0.00189502
0.00184887
0.00180377
0.0017597
0.00171664
0.00167457
0.00163348
0.00159334
0.00155413
0.00151584
0.00147843
0.00144191
0.00140624
0.00137141
0.00133741
0.00130421
0.00127179
0.00124015
0.00120926
0.0011791
0.00114967
0.00112094
0.00109291
0.00106554
0.00103884
0.00101278
0.000987354
0.000962543
0.000938334
0.000914715
0.00089167
0.000869189
0.000847256
0.000825861
0.00080499
0.000784632
0.000764775
0.000745406
0.000726516
0.000708091
0.000690123
0.000672599
0.00065551
0.000638844
0.000622593
0.000606747
0.000591294
0.000576228
0.000561537
0.000547213
0.000533248
0.000519632
0.000506358
0.000493417
0.0004808
0.000468501
0.000456511
0.000444823
0.000433429
0.000422323
0.000411497
0.000400945
0.000390659
0.000380634
0.000370862
0.000361338
0.000352055
0.000343008
0.00033419
0.000325597
0.000317222
0.000309059
0.000301105
0.000293353
0.000285799
0.000278437
0.000271262
0.000264271
0.000257459
0.00025082
0.000244351
0.000238047
0.000231905
0.00022592
0.000220088
0.000214405
0.000208868
0.000203473
0.000198217
0.000193095
0.000188104
0.000183242
0.000178504
0.000173888
0.000169391
0.00016501
0.000160741
0.000156582
0.00015253
0.000148582
0.000144736
0.000140988
0.000137338
0.000133781
0.000130316
0.000126941
0.000123652
0.000120449
0.000117328
0.000114287
0.000111325
0.000108439
0.000105628
0.00010289
0.000100222
9.76231e-05
9.50914e-05
9.26251e-05
9.02226e-05
8.78822e-05
8.56023e-05
8.33814e-05
8.1218e-05
7.91105e-05
7.70575e-05
7.50577e-05
7.31096e-05
7.12119e-05
6.93634e-05
6.75628e-05
6.58087e-05
6.41001e-05
6.24358e-05
6.08146e-05
5.92354e-05
5.76971e-05
5.61987e-05
5.47391e-05
5.33173e-05
5.19324e-05
5.05834e-05
4.92694e-05
4.79894e-05
4.67427e-05
4.55283e-05
4.43454e-05
4.31931e-05
4.20708e-05
4.09776e-05
3.99127e-05
3.88755e-05
3.78652e-05
3.68811e-05
3.59226e-05
3.49889e-05
3.40795e-05
3.31937e-05
3.23309e-05
3.14904e-05
3.06718e-05
2.98745e-05
2.90979e-05
2.83414e-05
2.76046e-05
2.68869e-05
2.61878e-05
2.5507e-05
2.48438e-05
2.41978e-05
2.35686e-05
2.29558e-05
2.23588e-05
2.17774e-05
2.12111e-05
2.06595e-05
2.01223e-05
1.9599e-05
1.90893e-05
1.85928e-05
1.81093e-05
1.76383e-05
1.71796e-05
1.67328e-05
1.62976e-05
1.58737e-05
1.54608e-05
1.50587e-05
1.4667e-05
1.42855e-05
1.39139e-05
1.3552e-05
1.31995e-05
1.28561e-05
1.25217e-05
1.2196e-05
1.18787e-05
1.15697e-05
1.12687e-05
1.09756e-05
1.06901e-05
1.0412e-05
1.01411e-05
9.87728e-06
9.62031e-06
9.37004e-06
9.12627e-06
8.88884e-06
8.65758e-06
8.43234e-06
8.21296e-06
7.99928e-06
7.79117e-06
7.58846e-06
7.39103e-06
7.19873e-06
7.01144e-06
6.82901e-06
6.65133e-06
6.47828e-06
6.30972e-06
6.14555e-06
5.98565e-06
5.82991e-06
5.67822e-06
5.53048e-06
5.38658e-06
5.24642e-06
5.10991e-06
4.97695e-06
4.84745e-06
4.72132e-06
4.59847e-06
4.47882e-06
4.36228e-06
4.24877e-06
4.13821e-06
4.03053e-06
3.92565e-06
3.82351e-06
3.72401e-06
3.62711e-06
3.53273e-06
3.4408e-06
3.35127e-06
3.26406e-06
3.17913e-06
3.0964e-06
3.01583e-06
2.93735e-06
2.86091e-06
2.78647e-06
2.71396e-06
2.64334e-06
2.57455e-06
2.50756e-06
2.4423e-06
2.37875e-06
2.31685e-06
2.25656e-06
2.19784e-06
2.14064e-06
2.08494e-06
2.03068e-06
1.97784e-06
1.92637e-06
1.87624e-06
1.82741e-06
1.77986e-06
1.73354e-06
1.68843e-06
1.64449e-06
1.6017e-06
1.56002e-06
1.51942e-06
1.47988e-06
1.44137e-06
1.40386e-06
1.36733e-06
1.33174e-06
1.29709e-06
1.26333e-06
1.23046e-06
1.19844e-06
1.16725e-06
1.13687e-06
1.10729e-06
1.07847e-06
1.05041e-06
1.02307e-06
9.96447e-07
9.70515e-07
9.45259e-07
9.2066e-07
8.96701e-07
8.73365e-07
8.50637e-07
8.285e-07
8.06939e-07
7.8594e-07
7.65487e-07
7.45566e-07
7.26163e-07
7.07265e-07
6.8886e-07
6.70933e-07
6.53472e-07
6.36466e-07
6.19903e-07
6.03771e-07
5.88058e-07
5.72754e-07
5.57849e-07
5.43331e-07
5.29192e-07
5.1542e-07
5.02007e-07
4.88942e-07
4.76218e-07
4.63825e-07
4.51754e-07
4.39998e-07
4.28547e-07
4.17394e-07
4.06532e-07
3.95952e-07
3.85648e-07
3.75612e-07
3.65837e-07
3.56316e-07
3.47043e-07
3.38012e-07
3.29215e-07
3.20648e-07
3.12303e-07
3.04175e-07
2.9626e-07
2.8855e-07
2.8104e-07
2.73726e-07
2.66603e-07
2.59665e-07
2.52907e-07
2.46325e-07
2.39915e-07
2.33671e-07
2.2759e-07
2.21667e-07
2.15898e-07
2.1028e-07
2.04807e-07
1.99477e-07
1.94286e-07
1.8923e-07
1.84305e-07
1.79509e-07
1.74837e-07
1.70287e-07
1.65856e-07
1.61539e-07
1.57335e-07
1.53241e-07
1.49253e-07
1.45368e-07
1.41585e-07
1.37901e-07
1.34312e-07
1.30816e-07
1.27412e-07
1.24096e-07
1.20867e-07
1.17721e-07
1.14657e-07
1.11674e-07
1.08767e-07
1.05937e-07
1.0318e-07
1.00495e-07
9.78792e-08
9.5332e-08
9.2851e-08
9.04346e-08
8.80811e-08
8.57888e-08
8.35562e-08
8.13817e-08
7.92638e-08
7.7201e-08
7.51918e-08
7.3235e-08
7.13291e-08
6.94728e-08
6.76648e-08
6.59038e-08
6.41887e-08
6.25182e-08
6.08912e-08
5.93066e-08
5.77631e-08
5.62599e-08
5.47957e-08
5.33697e-08
5.19808e-08
5.0628e-08
4.93104e-08
4.80271e-08
4.67773e-08
4.55599e-08
4.43742e-08
4.32194e-08
4.20946e-08
4.09991e-08
3.99322e-08
3.88929e-08
3.78808e-08
3.68949e-08
3.59348e-08
3.49996e-08
3.40887e-08
3.32016e-08
3.23375e-08
3.14959e-08
3.06763e-08
2.98779e-08
2.91004e-08
2.83431e-08
2.76054e-08
2.6887e-08
2.61873e-08
2.55058e-08
2.4842e-08
2.41955e-08
2.35658e-08
2.29525e-08
2.23552e-08
2.17734e-08
2.12068e-08
2.06549e-08
2.01173e-08
1.95938e-08
1.90839e-08
1.85872e-08
1.81035e-08
1.76324e-08
1.71735e-08
1.67266e-08
1.62912e-08
1.58673e-08
1.54543e-08
1.50521e-08
1.46604e-08
1.42789e-08
1.39073e-08
1.35454e-08
1.31928e-08
1.28495e-08
1.25151e-08
1.21894e-08
1.18722e-08
1.15632e-08
1.12623e-08
1.09692e-08
1.06837e-08
1.04057e-08
1.01349e-08
9.87111e-09
9.61422e-09
9.36401e-09
9.12032e-09
8.88297e-09
8.65179e-09
8.42663e-09
8.20733e-09
7.99374e-09
7.7857e-09
7.58308e-09
7.38574e-09
7.19353e-09
7.00632e-09
6.82398e-09
6.64639e-09
6.47342e-09
6.30495e-09
6.14087e-09
5.98105e-09
5.8254e-09
5.6738e-09
5.52614e-09
5.38232e-09
5.24225e-09
5.10582e-09
4.97294e-09
4.84353e-09
4.71747e-09
4.5947e-09
4.47513e-09
4.35866e-09
4.24523e-09
4.13475e-09
4.02715e-09
3.92234e-09
3.82026e-09
3.72084e-09
3.62401e-09
3.5297e-09
3.43784e-09
3.34837e-09
3.26123e-09
3.17636e-09
3.09369e-09
3.01318e-09
2.93476e-09
2.85839e-09
2.784e-09
2.71155e-09
2.64098e-09
2.57225e-09
2.50531e-09
2.44011e-09
2.3766e-09
2.31475e-09
2.25451e-09
2.19584e-09
2.1387e-09
2.08304e-09
2.02883e-09
1.97603e-09
1.9246e-09
1.87451e-09
1.82573e-09
1.77822e-09
1.73194e-09
1.68687e-09
1.64297e-09
1.60021e-09
1.55856e-09
1.518e-09
1.4785e-09
1.44002e-09
1.40254e-09
1.36604e-09
1.33049e-09
1.29587e-09
1.26214e-09
1.2293e-09
1.1973e-09
1.16614e-09
1.1358e-09
1.10624e-09
1.07745e-09
1.04941e-09
1.0221e-09
9.95498e-10
9.6959e-10
9.44357e-10
9.1978e-10
8.95844e-10
8.7253e-10
8.49822e-10
8.27706e-10
8.06165e-10
7.85185e-10
7.64751e-10
7.44849e-10
7.25464e-10
7.06584e-10
6.88196e-10
6.70286e-10
6.52842e-10
6.35852e-10
6.19304e-10
6.03187e-10
5.87489e-10
5.722e-10
5.57309e-10
5.42805e-10
5.28679e-10
5.1492e-10
5.01519e-10
4.88467e-10
4.75755e-10
4.63374e-10
4.51315e-10
4.3957e-10
4.2813e-10
4.16988e-10
4.06136e-10
3.95566e-10
3.85272e-10
3.75245e-10
3.6548e-10
3.55968e-10
3.46704e-10
3.37682e-10
3.28894e-10
3.20334e-10
3.11998e-10
3.03878e-10
2.9597e-10
2.88267e-10
2.80765e-10
2.73458e-10
2.66342e-10
2.5941e-10
2.52659e-10
2.46084e-10
2.3968e-10
2.33442e-10
2.27367e-10
2.2145e-10
2.15686e-10
2.10073e-10
2.04606e-10
1.99281e-10
1.94095e-10
1.89044e-10
1.84124e-10
1.79332e-10
1.74665e-10
1.7012e-10
1.65692e-10
1.6138e-10
1.57181e-10
1.5309e-10
1.49106e-10
1.45225e-10
1.41446e-10
1.37765e-10
1.3418e-10
1.30688e-10
1.27287e-10
1.23974e-10
1.20748e-10
1.17605e-10
1.14545e-10
1.11564e-10
1.0866e-10
1.05832e-10
1.03078e-10
1.00396e-10
9.77828e-11
9.5238e-11
9.27595e-11
9.03454e-11
8.79942e-11
8.57042e-11
8.34738e-11
8.13014e-11
7.91856e-11
7.71248e-11
7.51177e-11
7.31627e-11
7.12587e-11
6.94042e-11
6.7598e-11
6.58388e-11
6.41254e-11
6.24565e-11
6.08311e-11
5.9248e-11
5.77061e-11
5.62043e-11
5.47416e-11
5.3317e-11
5.19294e-11
5.0578e-11
4.92617e-11
4.79797e-11
4.67311e-11
4.55149e-11
4.43304e-11
4.31767e-11
4.20531e-11
4.09586e-11
3.98927e-11
3.88545e-11
3.78433e-11
3.68585e-11
3.58993e-11
3.4965e-11
3.4055e-11
3.31688e-11
3.23056e-11
3.14648e-11
3.0646e-11
2.98484e-11
2.90716e-11
2.8315e-11
2.75782e-11
2.68604e-11
2.61614e-11
2.54806e-11
2.48174e-11
2.41716e-11
2.35425e-11
2.29298e-11
2.23331e-11
2.17519e-11
2.11858e-11
2.06344e-11
2.00974e-11
1.95744e-11
1.9065e-11
1.85688e-11
1.80856e-11
1.76149e-11
1.71565e-11
1.671e-11
1.62751e-11
1.58516e-11
1.54391e-11
1.50373e-11
1.46459e-11
1.42648e-11
1.38935e-11
1.3532e-11
1.31798e-11
1.28368e-11
1.25027e-11
1.21773e-11
1.18604e-11
1.15518e-11
1.12511e-11
1.09583e-11
1.06731e-11
1.03954e-11
1.01248e-11
9.86135e-12
9.60471e-12
9.35475e-12
9.1113e-12
8.87418e-12
8.64323e-12
8.41829e-12
8.19921e-12
7.98583e-12
7.778e-12
7.57558e-12
7.37843e-12
7.18641e-12
6.99939e-12
6.81723e-12
6.63981e-12
6.46701e-12
6.29871e-12
6.13479e-12
5.97514e-12
5.81964e-12
5.66818e-12
5.52067e-12
5.377e-12
5.23706e-12
5.10077e-12
4.96802e-12
4.83873e-12
4.71281e-12
4.59016e-12
4.4707e-12
4.35435e-12
4.24103e-12
4.13066e-12
4.02316e-12
3.91846e-12
3.81648e-12
3.71716e-12
3.62042e-12
3.5262e-12
3.43443e-12
3.34506e-12
3.258e-12
3.17321e-12
3.09063e-12
3.0102e-12
2.93186e-12
2.85556e-12
2.78124e-12
2.70886e-12
2.63837e-12
2.5697e-12
2.50283e-12
2.43769e-12
2.37425e-12
2.31246e-12
2.25228e-12
2.19367e-12
2.13658e-12
2.08097e-12
2.02682e-12
1.97407e-12
1.9227e-12
1.87266e-12
1.82392e-12
1.77646e-12
1.73023e-12
1.6852e-12
1.64134e-12
1.59863e-12
1.55702e-12
1.5165e-12
1.47703e-12
1.43859e-12
1.40116e-12
1.36469e-12
1.32918e-12
1.29458e-12
1.26089e-12
1.22808e-12
1.19612e-12
1.16499e-12
1.13467e-12
1.10514e-12
1.07638e-12
1.04837e-12
1.02109e-12
9.94512e-13
9.68631e-13
9.43422e-13
9.1887e-13
8.94957e-13
8.71666e-13
8.48981e-13
8.26887e-13
8.05367e-13
7.84408e-13
7.63994e-13
7.44111e-13
7.24746e-13
7.05885e-13
6.87514e-13
6.69622e-13
6.52196e-13
6.35222e-13
6.18691e-13
6.0259e-13
5.86908e-13
5.71634e-13
5.56757e-13
5.42268e-13
5.28155e-13
5.1441e-13
5.01023e-13
4.87984e-13
4.75284e-13
4.62915e-13
4.50868e-13
4.39134e-13
4.27706e-13
4.16575e-13
4.05734e-13
3.95175e-13
3.84891e-13
3.74874e-13
3.65118e-13
3.55616e-13
3.46361e-13
3.37347e-13
3.28568e-13
3.20017e-13
3.11689e-13
3.03577e-13
2.95677e-13
2.87982e-13
2.80487e-13
2.73188e-13
2.66078e-13
2.59153e-13
2.52409e-13
2.4584e-13
2.39442e-13
2.33211e-13
2.27142e-13
2.2123e-13
2.15473e-13
2.09865e-13
2.04404e-13
1.99084e-13
1.93903e-13
1.88857e-13
1.83942e-13
1.79155e-13
1.74492e-13
1.69951e-13
1.65528e-13
1.61221e-13
1.57025e-13
1.52938e-13
1.48958e-13
1.45082e-13
1.41306e-13
1.37629e-13
1.34047e-13
1.30558e-13
1.27161e-13
1.23851e-13
1.20628e-13
1.17489e-13
1.14431e-13
1.11453e-13
1.08553e-13
1.05728e-13
1.02976e-13
1.00296e-13
9.76859e-14
9.51437e-14
9.26676e-14
9.0256e-14
8.79071e-14
8.56194e-14
8.33911e-14
8.12209e-14
7.91072e-14
7.70484e-14
7.50433e-14
7.30903e-14
7.11882e-14
6.93355e-14
6.75311e-14
6.57736e-14
6.40619e-14
6.23947e-14
6.07709e-14
5.91894e-14
5.7649e-14
5.61487e-14
5.46874e-14
5.32642e-14
5.1878e-14
5.05279e-14
4.9213e-14
4.79322e-14
4.66848e-14
4.54698e-14
4.42865e-14
4.3134e-14
4.20114e-14
4.09181e-14
3.98532e-14
3.8816e-14
3.78059e-14
3.6822e-14
3.58637e-14
3.49304e-14
3.40213e-14
3.31359e-14
3.22736e-14
3.14337e-14
3.06156e-14
2.98189e-14
2.90428e-14
2.8287e-14
2.75508e-14
2.68338e-14
2.61355e-14
2.54553e-14
2.47929e-14
2.41476e-14
2.35192e-14
2.29071e-14
2.2311e-14
2.17303e-14
2.11648e-14
2.0614e-14
2.00775e-14
1.9555e-14
1.90461e-14
1.85505e-14
1.80677e-14
1.75975e-14
1.71395e-14
1.66935e-14
1.6259e-14
1.58359e-14
1.54238e-14
1.50224e-14
1.46314e-14
1.42506e-14
1.38798e-14
1.35186e-14
1.31667e-14
1.28241e-14
1.24903e-14
1.21653e-14
1.18487e-14
1.15403e-14
1.124e-14
1.09475e-14
1.06626e-14
1.03851e-14
1.01148e-14
9.85158e-15
9.5952e-15
9.34549e-15
9.10227e-15
8.86539e-15
8.63467e-15
8.40996e-15
8.19109e-15
7.97792e-15
7.7703e-15
7.56808e-15
7.37112e-15
7.17929e-15
6.99245e-15
6.81048e-15
6.63324e-15
6.46061e-15
6.29248e-15
6.12872e-15
5.96922e-15
5.81387e-15
5.66257e-15
5.5152e-15
5.37167e-15
5.23187e-15
5.09572e-15
4.9631e-15
4.83394e-15
4.70814e-15
4.58561e-15
4.46627e-15
4.35004e-15
4.23683e-15
4.12657e-15
4.01918e-15
3.91458e-15
3.8127e-15
3.71348e-15
3.61684e-15
3.52271e-15
3.43103e-15
3.34174e-15
3.25477e-15
3.17007e-15
3.08757e-15
3.00722e-15
2.92896e-15
2.85273e-15
2.77849e-15
2.70618e-15
2.63575e-15
2.56716e-15
2.50035e-15
2.43528e-15
2.3719e-15
2.31017e-15
2.25005e-15
2.1915e-15
2.13446e-15
2.07891e-15
2.02481e-15
1.97212e-15
1.92079e-15
1.8708e-15
1.82212e-15
1.7747e-15
1.72851e-15
1.68353e-15
1.63971e-15
1.59704e-15
1.55548e-15
1.515e-15
1.47557e-15
1.43717e-15
1.39977e-15
1.36334e-15
1.32786e-15
1.2933e-15
1.25964e-15
1.22686e-15
1.19493e-15
1.16384e-15
1.13355e-15
1.10405e-15
1.07532e-15
1.04733e-15
1.02007e-15
9.93527e-16
9.67671e-16
9.42488e-16
9.1796e-16
8.9407e-16
8.70802e-16
8.4814e-16
8.26068e-16
8.0457e-16
7.83631e-16
7.63237e-16
7.43374e-16
7.24028e-16
7.05186e-16
6.86833e-16
6.68959e-16
6.51549e-16
6.34593e-16
6.18078e-16
6.01993e-16
5.86326e-16
5.71067e-16
5.56205e-16
5.4173e-16
5.27632e-16
5.13901e-16
5.00527e-16
4.87501e-16
4.74814e-16
4.62457e-16
4.50421e-16
4.38699e-16
4.27282e-16
4.16163e-16
4.05332e-16
3.94783e-16
3.84509e-16
3.74503e-16
3.64756e-16
3.55264e-16
3.46018e-16
3.37013e-16
3.28242e-16
3.197e-16
3.1138e-16
3.03276e-16
2.95384e-16
2.87697e-16
2.80209e-16
2.72917e-16
2.65814e-16
2.58897e-16
2.52159e-16
2.45597e-16
2.39205e-16
2.3298e-16
2.26917e-16
2.21011e-16
2.15259e-16
2.09657e-16
2.04201e-16
1.98887e-16
1.93711e-16
1.8867e-16
1.8376e-16
1.78977e-16
1.7432e-16
1.69783e-16
1.65364e-16
1.61061e-16
1.56869e-16
1.52787e-16
1.48811e-16
1.44938e-16
1.41166e-16
1.37492e-16
1.33914e-16
1.30429e-16
1.27035e-16
1.23729e-16
1.20509e-16
1.17372e-16
1.14318e-16
1.11343e-16
1.08445e-16
1.05623e-16
1.02874e-16
1.00197e-16
9.75892e-17
9.50494e-17
9.25758e-17
9.01666e-17
8.782e-17
8.55345e-17
8.33085e-17
8.11404e-17
7.90288e-17
7.69721e-17
7.49689e-17
7.30179e-17
7.11176e-17
6.92668e-17
6.74642e-17
6.57084e-17
6.39984e-17
6.23329e-17
6.07107e-17
5.91307e-17
5.75919e-17
5.6093e-17
5.46332e-17
5.32114e-17
5.18266e-17
5.04779e-17
4.91642e-17
4.78847e-17
4.66385e-17
4.54248e-17
4.42426e-17
4.30912e-17
4.19698e-17
4.08775e-17
3.98137e-17
3.87776e-17
3.77684e-17
3.67855e-17
3.58282e-17
3.48958e-17
3.39876e-17
3.31031e-17
3.22416e-17
3.14025e-17
3.05853e-17
2.97893e-17
2.90141e-17
2.8259e-17
2.75235e-17
2.68073e-17
2.61096e-17
2.54301e-17
2.47683e-17
2.41237e-17
2.34959e-17
2.28844e-17
2.22889e-17
2.17088e-17
2.11439e-17
2.05936e-17
2.00576e-17
1.95357e-17
1.90272e-17
1.85321e-17
1.80498e-17
1.758e-17
1.71225e-17
1.66769e-17
1.62429e-17
1.58202e-17
1.54085e-17
1.50075e-17
1.46169e-17
1.42365e-17
1.3866e-17
1.35052e-17
1.31537e-17
1.28114e-17
1.2478e-17
1.21532e-17
1.18369e-17
1.15289e-17
1.12289e-17
1.09366e-17
1.0652e-17
1.03748e-17
1.01048e-17
9.84182e-18
9.58569e-18
9.33622e-18
9.09325e-18
8.8566e-18
8.62611e-18
8.40162e-18
8.18297e-18
7.97001e-18
7.7626e-18
7.56058e-18
7.36382e-18
7.17218e-18
6.98552e-18
6.80373e-18
6.62666e-18
6.45421e-18
6.28624e-18
6.12264e-18
5.9633e-18
5.80811e-18
5.65696e-18
5.50974e-18
5.36635e-18
5.22669e-18
5.09067e-18
4.95818e-18
4.82915e-18
4.70347e-18
4.58107e-18
4.46185e-18
4.34573e-18
4.23263e-18
4.12248e-18
4.01519e-18
3.9107e-18
3.80892e-18
3.7098e-18
3.61325e-18
3.51922e-18
3.42763e-18
3.33843e-18
3.25155e-18
3.16693e-18
3.08451e-18
3.00424e-18
2.92605e-18
2.8499e-18
2.77574e-18
2.7035e-18
2.63314e-18
2.56461e-18
2.49787e-18
2.43286e-18
2.36955e-18
2.30788e-18
2.24782e-18
2.18932e-18
2.13235e-18
2.07685e-18
2.0228e-18
1.97016e-18
1.91889e-18
1.86895e-18
1.82031e-18
1.77294e-18
1.7268e-18
1.68186e-18
1.63809e-18
1.59546e-18
1.55394e-18
1.5135e-18
1.47411e-18
1.43575e-18
1.39838e-18
1.36199e-18
1.32654e-18
1.29202e-18
1.2584e-18
1.22565e-18
1.19375e-18
1.16268e-18
1.13242e-18
1.10295e-18
1.07425e-18
1.04629e-18
1.01906e-18
9.92542e-19
9.66712e-19
9.41554e-19
9.1705e-19
8.93184e-19
8.69939e-19
8.47299e-19
8.25249e-19
8.03772e-19
7.82854e-19
7.62481e-19
7.42637e-19
7.2331e-19
7.04487e-19
6.86153e-19
6.68296e-19
6.50904e-19
6.33964e-19
6.17465e-19
6.01396e-19
5.85745e-19
5.70501e-19
5.55654e-19
5.41193e-19
5.27109e-19
5.13391e-19
5.0003e-19
4.87017e-19
4.74343e-19
4.61998e-19
4.49975e-19
4.38264e-19
4.26859e-19
4.1575e-19
4.0493e-19
3.94392e-19
3.84128e-19
3.74131e-19
3.64395e-19
3.54911e-19
3.45675e-19
3.36679e-19
3.27917e-19
3.19383e-19
3.11071e-19
3.02976e-19
2.95091e-19
2.87411e-19
2.79932e-19
2.72646e-19
2.65551e-19
2.5864e-19
2.51909e-19
2.45353e-19
2.38968e-19
2.32749e-19
2.26692e-19
2.20792e-19
2.15046e-19
2.0945e-19
2.03999e-19
1.9869e-19
1.93519e-19
1.88483e-19
1.83577e-19
1.788e-19
1.74147e-19
1.69615e-19
1.652e-19
1.60901e-19
1.56714e-19
1.52635e-19
1.48663e-19
1.44794e-19
1.41026e-19
1.37356e-19
1.33781e-19
1.303e-19
1.26909e-19
1.23606e-19
1.20389e-19
1.17256e-19
1.14204e-19
1.11232e-19
1.08338e-19
1.05518e-19
1.02772e-19
1.00097e-19
9.74924e-20
9.49552e-20
9.2484e-20
9.00772e-20
8.77329e-20
8.54497e-20
8.32259e-20
8.106e-20
7.89504e-20
7.68958e-20
7.48946e-20
7.29455e-20
7.10471e-20
6.91981e-20
6.73973e-20
6.56433e-20
6.39349e-20
6.22711e-20
6.06505e-20
5.90721e-20
5.75347e-20
5.60374e-20
5.45791e-20
5.31587e-20
5.17752e-20
5.04278e-20
4.91154e-20
4.78372e-20
4.65923e-20
4.53797e-20
4.41987e-20
4.30485e-20
4.19282e-20
4.0837e-20
3.97742e-20
3.87391e-20
3.7731e-20
3.6749e-20
3.57926e-20
3.48612e-20
3.39539e-20
3.30703e-20
3.22096e-20
3.13714e-20
3.05549e-20
2.97598e-20
2.89853e-20
2.8231e-20
2.74963e-20
2.67807e-20
2.60837e-20
2.54049e-20
2.47437e-20
2.40998e-20
2.34726e-20
2.28617e-20
2.22668e-20
2.16873e-20
2.11229e-20
2.05732e-20
2.00378e-20
1.95163e-20
1.90084e-20
1.85137e-20
1.80319e-20
1.75626e-20
1.71055e-20
1.66604e-20
1.62268e-20
1.58045e-20
1.53932e-20
1.49926e-20
1.46024e-20
1.42224e-20
1.38523e-20
1.34918e-20
1.31406e-20
1.27987e-20
1.24656e-20
1.21412e-20
1.18252e-20
1.15175e-20
1.12177e-20
1.09258e-20
1.06414e-20
1.03645e-20
1.00948e-20
9.83206e-21
9.57618e-21
9.32697e-21
9.08423e-21
8.84782e-21
8.61756e-21
8.39329e-21
8.17486e-21
7.96211e-21
7.7549e-21
7.55308e-21
7.35651e-21
7.16506e-21
6.9786e-21
6.79698e-21
6.62009e-21
6.44781e-21
6.28e-21
6.11657e-21
5.95739e-21
5.80235e-21
5.65135e-21
5.50427e-21
5.36102e-21
5.22151e-21
5.08562e-21
4.95327e-21
4.82436e-21
4.69881e-21
4.57652e-21
4.45742e-21
4.34142e-21
4.22843e-21
4.11839e-21
4.01121e-21
3.90682e-21
3.80515e-21
3.70612e-21
3.60967e-21
3.51573e-21
3.42423e-21
3.33512e-21
3.24832e-21
3.16379e-21
3.08145e-21
3.00126e-21
2.92315e-21
2.84708e-21
2.77298e-21
2.70082e-21
2.63053e-21
2.56207e-21
2.49539e-21
2.43045e-21
2.3672e-21
2.30559e-21
2.24559e-21
2.18715e-21
2.13023e-21
2.07479e-21
2.0208e-21
1.96821e-21
1.91699e-21
1.8671e-21
1.81851e-21
1.77118e-21
1.72509e-21
1.68019e-21
1.63646e-21
1.59388e-21
1.5524e-21
1.512e-21
1.47265e-21
1.43432e-21
1.39699e-21
1.36064e-21
1.32523e-21
1.29074e-21
1.25715e-21
1.22443e-21
1.19257e-21
1.16153e-21
1.1313e-21
1.10186e-21
1.07318e-21
1.04525e-21
1.01805e-21
9.91558e-22
9.65753e-22
9.4062e-22
9.1614e-22
8.92298e-22
8.69076e-22
8.46459e-22
8.2443e-22
8.02975e-22
7.82078e-22
7.61724e-22
7.41901e-22
7.22593e-22
7.03788e-22
6.85472e-22
6.67633e-22
6.50258e-22
6.33335e-22
6.16853e-22
6.00799e-22
5.85164e-22
5.69935e-22
5.55103e-22
5.40656e-22
5.26586e-22
5.12882e-22
4.99534e-22
4.86534e-22
4.73872e-22
4.6154e-22
4.49528e-22
4.3783e-22
4.26435e-22
4.15338e-22
4.04528e-22
3.94001e-22
3.83747e-22
3.7376e-22
3.64033e-22
3.54559e-22
3.45332e-22
3.36345e-22
3.27592e-22
3.19066e-22
3.10763e-22
3.02675e-22
2.94798e-22
2.87126e-22
2.79654e-22
2.72376e-22
2.65287e-22
2.58383e-22
2.51659e-22
2.4511e-22
2.38731e-22
2.32518e-22
2.26467e-22
2.20573e-22
2.14833e-22
2.09242e-22
2.03796e-22
1.98493e-22
1.93327e-22
1.88296e-22
1.83395e-22
1.78623e-22
1.73974e-22
1.69446e-22
1.65037e-22
1.60742e-22
1.56558e-22
1.52484e-22
1.48516e-22
1.44651e-22
1.40886e-22
1.3722e-22
1.33648e-22
1.3017e-22
1.26783e-22
1.23483e-22
1.2027e-22
1.1714e-22
1.14091e-22
1.11122e-22
1.0823e-22
1.05413e-22
1.0267e-22
9.99981e-23
9.73957e-23
9.4861e-23
9.23923e-23
8.99878e-23
8.76459e-23
8.53649e-23
8.31433e-23
8.09796e-23
7.88721e-23
7.68195e-23
7.48203e-23
7.28731e-23
7.09766e-23
6.91295e-23
6.73304e-23
6.55782e-23
6.38715e-23
6.22093e-23
6.05903e-23
5.90135e-23
5.74777e-23
5.59818e-23
5.45249e-23
5.31059e-23
5.17239e-23
5.03778e-23
4.90667e-23
4.77898e-23
4.65461e-23
4.53347e-23
4.41549e-23
4.30058e-23
4.18866e-23
4.07965e-23
3.97348e-23
3.87007e-23
3.76935e-23
3.67126e-23
3.57571e-23
3.48266e-23
3.39202e-23
3.30374e-23
3.21777e-23
3.13402e-23
3.05246e-23
2.97302e-23
2.89565e-23
2.82029e-23
2.7469e-23
2.67541e-23
2.60578e-23
2.53797e-23
2.47192e-23
2.40759e-23
2.34493e-23
2.28391e-23
2.22447e-23
2.16658e-23
2.11019e-23
2.05528e-23
2.00179e-23
1.94969e-23
1.89895e-23
1.84953e-23
1.8014e-23
1.75452e-23
1.70886e-23
1.66438e-23
1.62107e-23
1.57888e-23
1.53779e-23
1.49777e-23
1.45879e-23
1.42083e-23
1.38385e-23
1.34784e-23
1.31276e-23
1.2786e-23
1.24532e-23
1.21291e-23
1.18135e-23
1.1506e-23
1.12066e-23
1.09149e-23
1.06309e-23
1.03542e-23
1.00848e-23
9.8223e-24
9.56668e-24
9.31771e-24
9.07522e-24
8.83904e-24
8.60901e-24
8.38496e-24
8.16674e-24
7.95421e-24
7.7472e-24
7.54558e-24
7.34921e-24
7.15795e-24
6.97167e-24
6.79023e-24
6.61352e-24
6.44141e-24
6.27377e-24
6.1105e-24
5.95148e-24
5.79659e-24
5.64574e-24
5.49881e-24
5.3557e-24
5.21632e-24
5.08057e-24
4.94835e-24
4.81957e-24
4.69414e-24
4.57198e-24
4.453e-24
4.33711e-24
4.22424e-24
4.1143e-24
4.00723e-24
3.90294e-24
3.80137e-24
3.70244e-24
3.60609e-24
3.51224e-24
3.42083e-24
3.33181e-24
3.2451e-24
3.16065e-24
3.07839e-24
2.99828e-24
2.92025e-24
2.84425e-24
2.77023e-24
2.69814e-24
2.62792e-24
2.55953e-24
2.49292e-24
2.42804e-24
2.36485e-24
2.30331e-24
2.24336e-24
2.18498e-24
2.12812e-24
2.07273e-24
2.01879e-24
1.96625e-24
1.91508e-24
1.86524e-24
1.8167e-24
1.76942e-24
1.72337e-24
1.67852e-24
1.63484e-24
1.59229e-24
1.55086e-24
1.51049e-24
1.47118e-24
1.4329e-24
1.39561e-24
1.35929e-24
1.32391e-24
1.28946e-24
1.2559e-24
1.22322e-24
1.19138e-24
1.16038e-24
1.13018e-24
1.10077e-24
1.07212e-24
1.04422e-24
1.01704e-24
9.90574e-25
9.64794e-25
9.39686e-25
9.15231e-25
8.91412e-25
8.68214e-25
8.45619e-25
8.23612e-25
8.02178e-25
7.81301e-25
7.60968e-25
7.41164e-25
7.21876e-25
7.03089e-25
6.84791e-25
6.6697e-25
6.49612e-25
6.32706e-25
6.1624e-25
6.00203e-25
5.84583e-25
5.69369e-25
5.54552e-25
5.4012e-25
5.26063e-25
5.12373e-25
4.99038e-25
4.86051e-25
4.73402e-25
4.61082e-25
4.49082e-25
4.37395e-25
4.26012e-25
4.14925e-25
4.04127e-25
3.9361e-25
3.83366e-25
3.73389e-25
3.63672e-25
3.54207e-25
3.44989e-25
3.36011e-25
3.27266e-25
3.18749e-25
3.10454e-25
3.02375e-25
2.94505e-25
2.86841e-25
2.79376e-25
2.72105e-25
2.65024e-25
2.58127e-25
2.51409e-25
2.44866e-25
2.38494e-25
2.32287e-25
2.26242e-25
2.20354e-25
2.14619e-25
2.09034e-25
2.03594e-25
1.98296e-25
1.93135e-25
1.88109e-25
1.83213e-25
1.78445e-25
1.73801e-25
1.69278e-25
1.64873e-25
1.60582e-25
1.56403e-25
1.52333e-25
1.48368e-25
1.44507e-25
1.40746e-25
1.37083e-25
1.33516e-25
1.30041e-25
1.26657e-25
1.23361e-25
1.2015e-25
1.17023e-25
1.13978e-25
1.11012e-25
1.08123e-25
1.05309e-25
1.02568e-25
9.98988e-26
9.7299e-26
9.47668e-26
9.23005e-26
8.98984e-26
8.75589e-26
8.52802e-26
8.30608e-26
8.08992e-26
7.87938e-26
7.67432e-26
7.4746e-26
7.28008e-26
7.09061e-26
6.90608e-26
6.72635e-26
6.5513e-26
6.38081e-26
6.21475e-26
6.05301e-26
5.89549e-26
5.74206e-26
5.59262e-26
5.44708e-26
5.30532e-26
5.16725e-26
5.03277e-26
4.9018e-26
4.77423e-26
4.64998e-26
4.52897e-26
4.4111e-26
4.29631e-26
4.1845e-26
4.0756e-26
3.96953e-26
3.86623e-26
3.76561e-26
3.66761e-26
3.57216e-26
3.4792e-26
3.38865e-26
3.30046e-26
3.21457e-26
3.13091e-26
3.04943e-26
2.97007e-26
2.89278e-26
2.81749e-26
2.74417e-26
2.67275e-26
2.6032e-26
2.53545e-26
2.46946e-26
2.4052e-26
2.3426e-26
2.28164e-26
2.22226e-26
2.16442e-26
2.1081e-26
2.05323e-26
1.9998e-26
1.94776e-26
1.89707e-26
1.8477e-26
1.79961e-26
1.75278e-26
1.70716e-26
1.66273e-26
1.61946e-26
1.57731e-26
1.53627e-26
1.49628e-26
1.45734e-26
1.41942e-26
1.38248e-26
1.3465e-26
1.31146e-26
1.27733e-26
1.24408e-26
1.21171e-26
1.18017e-26
1.14946e-26
1.11955e-26
1.09041e-26
1.06203e-26
1.03439e-26
1.00747e-26
9.81254e-27
9.55718e-27
9.30845e-27
9.06621e-27
8.83026e-27
8.60046e-27
8.37663e-27
8.15863e-27
7.94631e-27
7.73951e-27
7.53809e-27
7.34191e-27
7.15084e-27
6.96475e-27
6.78349e-27
6.60695e-27
6.43501e-27
6.26754e-27
6.10443e-27
5.94556e-27
5.79083e-27
5.64013e-27
5.49335e-27
5.35038e-27
5.21114e-27
5.07552e-27
4.94344e-27
4.81478e-27
4.68948e-27
4.56744e-27
4.44857e-27
4.3328e-27
4.22004e-27
4.11022e-27
4.00325e-27
3.89907e-27
3.79759e-27
3.69876e-27
3.6025e-27
3.50875e-27
3.41744e-27
3.3285e-27
3.24188e-27
3.15751e-27
3.07533e-27
2.9953e-27
2.91735e-27
2.84143e-27
2.76748e-27
2.69546e-27
2.62531e-27
2.55698e-27
2.49044e-27
2.42563e-27
2.3625e-27
2.30102e-27
2.24113e-27
2.18281e-27
2.126e-27
2.07067e-27
2.01679e-27
1.9643e-27
1.91318e-27
1.86339e-27
1.8149e-27
1.76766e-27
1.72166e-27
1.67686e-27
1.63322e-27
1.59071e-27
1.54931e-27
1.50899e-27
1.46972e-27
1.43147e-27
1.39422e-27
1.35794e-27
1.3226e-27
1.28818e-27
1.25465e-27
1.222e-27
1.1902e-27
1.15922e-27
1.12906e-27
1.09967e-27
1.07105e-27
1.04318e-27
1.01603e-27
9.89589e-28
9.63836e-28
9.38752e-28
9.14322e-28
8.90527e-28
8.67351e-28
8.44779e-28
8.22794e-28
8.01381e-28
7.80525e-28
7.60212e-28
7.40428e-28
7.21158e-28
7.02391e-28
6.84111e-28
6.66307e-28
6.48967e-28
6.32078e-28
6.15628e-28
5.99607e-28
5.84002e-28
5.68804e-28
5.54001e-28
5.39583e-28
5.25541e-28
5.11864e-28
4.98543e-28
4.85568e-28
4.72931e-28
4.60624e-28
4.48636e-28
4.3696e-28
4.25589e-28
4.14513e-28
4.03725e-28
3.93219e-28
3.82985e-28
3.73018e-28
3.6331e-28
3.53855e-28
3.44647e-28
3.35677e-28
3.26941e-28
3.18433e-28
3.10146e-28
3.02074e-28
2.94213e-28
2.86556e-28
