Vec Object: Vec_0x55c3e49969c0_0 1 MPI process
  type: seq
1.
0.999489
0.998978
0.998467
0.997956
0.997445
0.996934
0.996423
0.995912
0.995401
0.99489
0.994379
0.993868
0.993357
0.992846
0.992335
0.991824
0.991313
0.990802
0.990291
0.989781
0.98927
0.988759
0.988248
0.987737
0.987226
0.986715
0.986204
0.985693
0.985183
0.984672
0.984161
0.98365
0.983139
0.982628
0.982118
0.981607
0.981096
0.980585
0.980074
0.979564
0.979053
0.978542
0.978031
0.977521
0.97701
0.976499
0.975988
0.975478
0.974967
0.974456
0.973946
0.973435
0.972924
0.972414
0.971903
0.971392
0.970882
0.970371
0.96986
0.96935
0.968839
0.968328
0.967818
0.967307
0.966796
0.966286
0.965775
0.965265
0.964754
0.964244
0.963733
0.963222
0.962712
0.962201
0.961691
0.96118
0.96067
0.960159
0.959649
0.959138
0.958628
0.958117
0.957607
0.957096
0.956586
0.956075
0.955565
0.955054
0.954544
0.954033
0.953523
0.953013
0.952502
0.951992
0.951481
0.950971
0.950461
0.94995
0.94944
0.94893
0.948419
0.947909
0.947398
0.946888
0.946378
0.945867
0.945357
0.944847
0.944337
0.943826
0.943316
0.942806
0.942295
0.941785
0.941275
0.940765
0.940254
0.939744
0.939234
0.938724
0.938213
0.937703
0.937193
0.936683
0.936173
0.935663
0.935152
0.934642
0.934132
0.933622
0.933112
0.932602
0.932091
0.931581
0.931071
0.930561
0.930051
0.929541
0.929031
0.928521
0.928011
0.927501
0.926991
0.926481
0.925971
0.92546
0.92495
0.92444
0.92393
0.92342
0.92291
0.9224
0.92189
0.92138
0.920871
0.920361
0.919851
0.919341
0.918831
0.918321
0.917811
0.917301
0.916791
0.916281
0.915771
0.915261
0.914752
0.914242
0.913732
0.913222
0.912712
0.912202
0.911692
0.911183
0.910673
0.910163
0.909653
0.909143
0.908634
0.908124
0.907614
0.907104
0.906595
0.906085
0.905575
0.905065
0.904556
0.904046
0.903536
0.903026
0.902517
0.902007
0.901497
0.900988
0.900478
0.899968
0.899459
0.898949
0.898439
0.89793
0.89742
0.896911
0.896401
0.895891
0.895382
0.894872
0.894363
0.893853
0.893344
0.892834
0.892324
0.891815
0.891305
0.890796
0.890286
0.889777
0.889267
0.888758
0.888248
0.887739
0.88723
0.88672
0.886211
0.885701
0.885192
0.884682
0.884173
0.883664
0.883154
0.882645
0.882135
0.881626
0.881117
0.880607
0.880098
0.879589
0.879079
0.87857
0.878061
0.877551
0.877042
0.876533
0.876023
0.875514
0.875005
0.874496
0.873986
0.873477
0.872968
0.872459
0.871949
0.87144
0.870931
0.870422
0.869913
0.869403
0.868894
0.868385
0.867876
0.867367
0.866858
0.866349
0.865839
0.86533
0.864821
0.864312
0.863803
0.863294
0.862785
0.862276
0.861767
0.861258
0.860749
0.86024
0.859731
0.859222
0.858713
0.858204
0.857695
0.857186
0.856677
0.856168
0.855659
0.85515
0.854641
0.854132
0.853623
0.853114
0.852605
0.852096
0.851587
0.851079
0.85057
0.850061
0.849552
0.849043
0.848534
0.848025
0.847517
0.847008
0.846499
0.84599
0.845481
0.844973
0.844464
0.843955
0.843446
0.842938
0.842429
0.84192
0.841411
0.840903
0.840394
0.839885
0.839377
0.838868
0.838359
0.837851
0.837342
0.836833
0.836325
0.835816
0.835307
0.834799
0.83429
0.833782
0.833273
0.832765
0.832256
0.831747
0.831239
0.83073
0.830222
0.829713
0.829205
0.828696
0.828188
0.827679
0.827171
0.826662
0.826154
0.825645
0.825137
0.824629
0.82412
0.823612
0.823103
0.822595
0.822087
0.821578
0.82107
0.820562
0.820053
0.819545
0.819036
0.818528
0.81802
0.817512
0.817003
0.816495
0.815987
0.815478
0.81497
0.814462
0.813954
0.813445
0.812937
0.812429
0.811921
0.811413
0.810904
0.810396
0.809888
0.80938
0.808872
0.808364
0.807856
0.807347
0.806839
0.806331
0.805823
0.805315
0.804807
0.804299
0.803791
0.803283
0.802775
0.802267
0.801759
0.801251
0.800743
0.800235
0.799727
0.799219
0.798711
0.798203
0.797695
0.797187
0.796679
0.796171
0.795663
0.795155
0.794647
0.794139
0.793632
0.793124
0.792616
0.792108
0.7916
0.791092
0.790585
0.790077
0.789569
0.789061
0.788553
0.788046
0.787538
0.78703
0.786522
0.786015
0.785507
0.784999
0.784492
0.783984
0.783476
0.782969
0.782461
0.781953
0.781446
0.780938
0.78043
0.779923
0.779415
0.778908
0.7784
0.777892
0.777385
0.776877
0.77637
0.775862
0.775355
0.774847
0.77434
0.773832
0.773325
0.772817
0.77231
0.771802
0.771295
0.770787
0.77028
0.769773
0.769265
0.768758
0.76825
0.767743
0.767236
0.766728
0.766221
0.765714
0.765206
0.764699
0.764192
0.763684
0.763177
0.76267
0.762163
0.761655
0.761148
0.760641
0.760134
0.759626
0.759119
0.758612
0.758105
0.757598
0.75709
0.756583
0.756076
0.755569
0.755062
0.754555
0.754048
0.753541
0.753033
0.752526
0.752019
0.751512
0.751005
0.750498
0.749991
0.749484
0.748977
0.74847
0.747963
0.747456
0.746949
0.746442
0.745935
0.745428
0.744922
0.744415
0.743908
0.743401
0.742894
0.742387
0.74188
0.741373
0.740867
0.74036
0.739853
0.739346
0.738839
0.738333
0.737826
0.737319
0.736812
0.736305
0.735799
0.735292
0.734785
0.734279
0.733772
0.733265
0.732759
0.732252
0.731745
0.731239
0.730732
0.730225
0.729719
0.729212
0.728706
0.728199
0.727693
0.727186
0.726679
0.726173
0.725666
0.72516
0.724653
0.724147
0.72364
0.723134
0.722628
0.722121
0.721615
0.721108
0.720602
0.720095
0.719589
0.719083
0.718576
0.71807
0.717564
0.717057
0.716551
0.716045
0.715538
0.715032
0.714526
0.71402
0.713513
0.713007
0.712501
0.711995
0.711488
0.710982
0.710476
0.70997
0.709464
0.708958
0.708451
0.707945
0.707439
0.706933
0.706427
0.705921
0.705415
0.704909
0.704403
0.703897
0.703391
0.702885
0.702379
0.701873
0.701367
0.700861
0.700355
0.699849
0.699343
0.698837
0.698331
0.697825
0.697319
0.696813
0.696307
0.695802
0.695296
0.69479
0.694284
0.693778
0.693272
0.692767
0.692261
0.691755
0.691249
0.690744
0.690238
0.689732
0.689226
0.688721
0.688215
0.687709
0.687204
0.686698
0.686192
0.685687
0.685181
0.684676
0.68417
0.683664
0.683159
0.682653
0.682148
0.681642
0.681137
0.680631
0.680126
0.67962
0.679115
0.678609
0.678104
0.677598
0.677093
0.676588
0.676082
0.675577
0.675071
0.674566
0.674061
0.673555
0.67305
0.672545
0.672039
0.671534
0.671029
0.670523
0.670018
0.669513
0.669008
0.668503
0.667997
0.667492
0.666987
0.666482
0.665977
0.665471
0.664966
0.664461
0.663956
0.663451
0.662946
0.662441
0.661936
0.661431
0.660926
0.660421
0.659916
0.659411
0.658906
0.658401
0.657896
0.657391
0.656886
0.656381
0.655876
0.655371
0.654866
0.654361
0.653856
0.653352
0.652847
0.652342
0.651837
0.651332
0.650828
0.650323
0.649818
0.649313
0.648808
0.648304
0.647799
0.647294
0.64679
0.646285
0.64578
0.645276
0.644771
0.644266
0.643762
0.643257
0.642753
0.642248
0.641743
0.641239
0.640734
0.64023
0.639725
0.639221
0.638716
0.638212
0.637707
0.637203
0.636699
0.636194
0.63569
0.635185
0.634681
0.634177
0.633672
0.633168
0.632664
0.632159
0.631655
0.631151
0.630646
0.630142
0.629638
0.629134
0.628629
0.628125
0.627621
0.627117
0.626613
0.626109
0.625604
0.6251
0.624596
0.624092
0.623588
0.623084
0.62258
0.622076
0.621572
0.621068
0.620564
0.62006
0.619556
0.619052
0.618548
0.618044
0.61754
0.617036
0.616532
0.616028
0.615524
0.61502
0.614517
0.614013
0.613509
0.613005
0.612501
0.611998
0.611494
0.61099
0.610486
0.609983
0.609479
0.608975
0.608471
0.607968
0.607464
0.60696
0.606457
0.605953
0.60545
0.604946
0.604442
0.603939
0.603435
0.602932
0.602428
0.601925
0.601421
0.600918
0.600414
0.599911
0.599407
0.598904
0.598401
0.597897
0.597394
0.59689
0.596387
0.595884
0.59538
0.594877
0.594374
0.593871
0.593367
0.592864
0.592361
0.591858
0.591354
0.590851
0.590348
0.589845
0.589342
0.588838
0.588335
0.587832
0.587329
0.586826
0.586323
0.58582
0.585317
0.584814
0.584311
0.583808
0.583305
0.582802
0.582299
0.581796
0.581293
0.58079
0.580287
0.579784
0.579281
0.578779
0.578276
0.577773
0.57727
0.576767
0.576264
0.575762
0.575259
0.574756
0.574253
0.573751
0.573248
0.572745
0.572243
0.57174
0.571237
0.570735
0.570232
0.56973
0.569227
0.568724
0.568222
0.567719
0.567217
0.566714
0.566212
0.565709
0.565207
0.564704
0.564202
0.5637
0.563197
0.562695
0.562192
0.56169
0.561188
0.560685
0.560183
0.559681
0.559179
0.558676
0.558174
0.557672
0.55717
0.556667
0.556165
0.555663
0.555161
0.554659
0.554157
0.553654
0.553152
0.55265
0.552148
0.551646
0.551144
0.550642
0.55014
0.549638
0.549136
0.548634
0.548132
0.54763
0.547128
0.546626
0.546124
0.545623
0.545121
0.544619
0.544117
0.543615
0.543113
0.542612
0.54211
0.541608
0.541106
0.540605
0.540103
0.539601
0.5391
0.538598
0.538096
0.537595
0.537093
0.536591
0.53609
0.535588
0.535087
0.534585
0.534084
0.533582
0.533081
0.532579
0.532078
0.531576
0.531075
0.530574
0.530072
0.529571
0.529069
0.528568
0.528067
0.527565
0.527064
0.526563
0.526062
0.52556
0.525059
0.524558
0.524057
0.523555
0.523054
0.522553
0.522052
0.521551
0.52105
0.520549
0.520048
0.519547
0.519045
0.518544
0.518043
0.517542
0.517041
0.51654
0.51604
0.515539
0.515038
0.514537
0.514036
0.513535
0.513034
0.512533
0.512032
0.511532
0.511031
0.51053
0.510029
0.509529
0.509028
0.508527
0.508026
0.507526
0.507025
0.506525
0.506024
0.505523
0.505023
0.504522
0.504022
0.503521
0.50302
0.50252
0.502019
0.501519
0.501018
0.500518
0.500018
0.499517
0.499017
0.498516
0.498016
0.497516
0.497015
0.496515
0.496015
0.495514
0.495014
0.494514
0.494014
0.493513
0.493013
0.492513
0.492013
0.491513
0.491013
0.490512
0.490012
0.489512
0.489012
0.488512
0.488012
0.487512
0.487012
0.486512
0.486012
0.485512
0.485012
0.484512
0.484012
0.483512
0.483013
0.482513
0.482013
0.481513
0.481013
0.480513
0.480014
0.479514
0.479014
0.478514
0.478015
0.477515
0.477015
0.476516
0.476016
0.475516
0.475017
0.474517
0.474018
0.473518
0.473018
0.472519
0.472019
0.47152
0.47102
0.470521
0.470021
0.469522
0.469023
0.468523
0.468024
0.467524
0.467025
0.466526
0.466026
0.465527
0.465028
0.464529
0.464029
0.46353
0.463031
0.462532
0.462032
0.461533
0.461034
0.460535
0.460036
0.459537
0.459038
0.458539
0.45804
0.457541
0.457042
0.456543
0.456044
0.455545
0.455046
0.454547
0.454048
0.453549
0.45305
0.452551
0.452052
0.451553
0.451055
0.450556
0.450057
0.449558
0.449059
0.448561
0.448062
0.447563
0.447065
0.446566
0.446067
0.445569
0.44507
0.444571
0.444073
0.443574
0.443076
0.442577
0.442079
0.44158
0.441082
0.440583
0.440085
0.439586
0.439088
0.438589
0.438091
0.437592
0.437094
0.436596
0.436097
0.435599
0.435101
0.434603
0.434104
0.433606
0.433108
0.43261
0.432111
0.431613
0.431115
0.430617
0.430119
0.42962
0.429122
0.428624
0.428126
0.427628
0.42713
0.426632
0.426134
0.425636
0.425138
0.42464
0.424142
0.423644
0.423146
0.422648
0.42215
0.421653
0.421155
0.420657
0.420159
0.419661
0.419163
0.418666
0.418168
0.41767
0.417172
0.416675
0.416177
0.415679
0.415181
0.414684
0.414186
0.413689
0.413191
0.412693
0.412196
0.411698
0.411201
0.410703
0.410205
0.409708
0.40921
0.408713
0.408216
0.407718
0.407221
0.406723
0.406226
0.405728
0.405231
0.404734
0.404236
0.403739
0.403242
0.402744
0.402247
0.40175
0.401252
0.400755
0.400258
0.399761
0.399263
0.398766
0.398269
0.397772
0.397275
0.396777
0.39628
0.395783
0.395286
0.394789
0.394292
0.393795
0.393298
0.392801
0.392304
0.391807
0.39131
0.390813
0.390316
0.389819
0.389322
0.388825
0.388328
0.387831
0.387334
0.386837
0.38634
0.385843
0.385346
0.38485
0.384353
0.383856
0.383359
0.382862
0.382365
0.381869
0.381372
0.380875
0.380378
0.379882
0.379385
0.378888
0.378391
0.377895
0.377398
0.376901
0.376405
0.375908
0.375411
0.374915
0.374418
0.373922
0.373425
0.372928
0.372432
0.371935
0.371439
0.370942
0.370445
0.369949
0.369452
0.368956
0.368459
0.367963
0.367466
0.36697
0.366473
0.365977
0.36548
0.364984
0.364487
0.363991
0.363495
0.362998
0.362502
0.362005
0.361509
0.361012
0.360516
0.36002
0.359523
0.359027
0.35853
0.358034
0.357538
0.357041
0.356545
0.356049
0.355552
0.355056
0.35456
0.354063
0.353567
0.353071
0.352574
0.352078
0.351582
0.351085
0.350589
0.350093
0.349596
0.3491
0.348604
0.348107
0.347611
0.347115
0.346619
0.346122
0.345626
0.34513
0.344633
0.344137
0.343641
0.343144
0.342648
0.342152
0.341656
0.341159
0.340663
0.340167
0.33967
0.339174
0.338678
0.338181
0.337685
0.337189
0.336692
0.336196
0.3357
0.335203
0.334707
0.334211
0.333714
0.333218
0.332722
0.332225
0.331729
0.331233
0.330736
0.33024
0.329743
0.329247
0.328751
0.328254
0.327758
0.327261
0.326765
0.326268
0.325772
0.325275
0.324779
0.324282
0.323786
0.323289
0.322793
0.322296
0.3218
0.321303
0.320806
0.32031
0.319813
0.319317
0.31882
0.318323
0.317827
0.31733
0.316833
0.316336
0.31584
0.315343
0.314846
0.314349
0.313852
0.313355
0.312859
0.312362
0.311865
0.311368
0.310871
0.310374
0.309877
0.30938
0.308883
0.308386
0.307888
0.307391
0.306894
0.306397
0.3059
0.305402
0.304905
0.304408
0.303911
0.303413
0.302916
0.302418
0.301921
0.301423
0.300926
0.300428
0.299931
0.299433
0.298935
0.298437
0.29794
0.297442
0.296944
0.296446
0.295948
0.29545
0.294952
0.294454
0.293956
0.293458
0.29296
0.292462
0.291963
0.291465
0.290967
0.290468
0.28997
0.289471
0.288973
0.288474
0.287976
0.287477
0.286978
0.286479
0.28598
0.285481
0.284982
0.284483
0.283984
0.283485
0.282986
0.282486
0.281987
0.281488
0.280988
0.280489
0.279989
0.279489
0.27899
0.27849
0.27799
0.27749
0.27699
0.27649
0.27599
0.275489
0.274989
0.274489
0.273988
0.273488
0.272987
0.272486
0.271985
0.271485
0.270984
0.270483
0.269981
0.26948
0.268979
0.268478
0.267976
0.267474
0.266973
0.266471
0.265969
0.265467
0.264965
0.264463
0.263961
0.263458
0.262956
0.262454
0.261951
0.261448
0.260945
0.260442
0.259939
0.259436
0.258933
0.25843
0.257926
0.257423
0.256919
0.256415
0.255911
0.255407
0.254903
0.254399
0.253894
0.25339
0.252885
0.25238
0.251875
0.251371
0.250865
0.25036
0.249855
0.249349
0.248844
0.248338
0.247832
0.247326
0.24682
0.246314
0.245807
0.245301
0.244794
0.244287
0.243781
0.243273
0.242766
0.242259
0.241752
0.241244
0.240736
0.240228
0.23972
0.239212
0.238704
0.238195
0.237687
0.237178
0.236669
0.23616
0.235651
0.235142
0.234632
0.234123
0.233613
0.233103
0.232593
0.232083
0.231573
0.231062
0.230551
0.230041
0.22953
0.229019
0.228507
0.227996
0.227485
0.226973
0.226461
0.225949
0.225437
0.224925
0.224412
0.2239
0.223387
0.222874
0.222361
0.221848
0.221334
0.220821
0.220307
0.219793
0.219279
0.218765
0.218251
0.217736
0.217222
0.216707
0.216192
0.215677
0.215162
0.214647
0.214131
0.213615
0.2131
0.212584
0.212068
0.211551
0.211035
0.210518
0.210002
0.209485
0.208968
0.208451
0.207933
0.207416
0.206898
0.206381
0.205863
0.205345
0.204826
0.204308
0.20379
0.203271
0.202752
0.202233
0.201714
0.201195
0.200676
0.200156
0.199637
0.199117
0.198597
0.198077
0.197557
0.197036
0.196516
0.195995
0.195474
0.194954
0.194433
0.193911
0.19339
0.192869
0.192347
0.191825
0.191304
0.190782
0.19026
0.189737
0.189215
0.188693
0.18817
0.187647
0.187125
0.186602
0.186079
0.185555
0.185032
0.184509
0.183985
0.183461
0.182938
0.182414
0.18189
0.181366
0.180841
0.180317
0.179793
0.179268
0.178743
0.178219
0.177694
0.177169
0.176644
0.176119
0.175593
0.175068
0.174542
0.174017
0.173491
0.172965
0.17244
0.171914
0.171388
0.170861
0.170335
0.169809
0.169282
0.168756
0.168229
0.167703
0.167176
0.166649
0.166122
0.165595
0.165068
0.164541
0.164014
0.163487
0.16296
0.162432
0.161905
0.161377
0.16085
0.160322
0.159795
0.159267
0.158739
0.158211
0.157683
0.157155
0.156627
0.156099
0.155571
0.155043
0.154515
0.153987
0.153459
0.15293
0.152402
0.151874
0.151345
0.150817
0.150289
0.14976
0.149232
0.148703
0.148175
0.147646
0.147118
0.146589
0.146061
0.145532
0.145004
0.144475
0.143947
0.143418
0.142889
0.142361
0.141832
0.141304
0.140775
0.140247
0.139718
0.13919
0.138662
0.138133
0.137605
0.137077
0.136548
0.13602
0.135492
0.134964
0.134435
0.133907
0.133379
0.132851
0.132323
0.131795
0.131268
0.13074
0.130212
0.129685
0.129157
0.12863
0.128102
0.127575
0.127048
0.126521
0.125994
0.125467
0.12494
0.124413
0.123886
0.12336
0.122833
0.122307
0.121781
0.121255
0.120729
0.120203
0.119677
0.119152
0.118626
0.118101
0.117576
0.117051
0.116526
0.116001
0.115477
0.114952
0.114428
0.113904
0.11338
0.112856
0.112333
0.111809
0.111286
0.110763
0.110241
0.109718
0.109196
0.108674
0.108152
0.10763
0.107109
0.106587
0.106066
0.105546
0.105025
0.104505
0.103985
0.103465
0.102946
0.102426
0.101907
0.101389
0.10087
0.100352
0.0998344
0.0993169
0.0987997
0.0982827
0.0977661
0.0972499
0.0967339
0.0962183
0.095703
0.095188
0.0946734
0.0941592
0.0936453
0.0931317
0.0926186
0.0921058
0.0915934
0.0910813
0.0905697
0.0900585
0.0895477
0.0890373
0.0885273
0.0880177
0.0875086
0.0869999
0.0864916
0.0859838
0.0854765
0.0849696
0.0844632
0.0839573
0.0834519
0.0829469
0.0824425
0.0819386
0.0814352
0.0809323
0.0804299
0.0799281
0.0794269
0.0789261
0.078426
0.0779264
0.0774274
0.076929
0.0764312
0.075934
0.0754374
0.0749414
0.074446
0.0739513
0.0734572
0.0729638
0.0724711
0.071979
0.0714876
0.0709969
0.0705069
0.0700176
0.0695291
0.0690412
0.0685542
0.0680678
0.0675822
0.0670974
0.0666134
0.0661301
0.0656477
0.0651661
0.0646852
0.0642053
0.0637261
0.0632478
0.0627704
0.0622939
0.0618182
0.0613435
0.0608696
0.0603967
0.0599247
0.0594537
0.0589836
0.0585145
0.0580464
0.0575792
0.0571131
0.056648
0.0561839
0.0557209
0.0552589
0.054798
0.0543382
0.0538794
0.0534218
0.0529653
0.05251
0.0520557
0.0516027
0.0511508
0.0507002
0.0502507
0.0498025
0.0493554
0.0489097
0.0484652
0.048022
0.0475801
0.0471394
0.0467002
0.0462622
0.0458256
0.0453904
0.0449566
0.0445242
0.0440931
0.0436636
0.0432355
0.0428088
0.0423836
0.0419599
0.0415378
0.0411172
0.0406981
0.0402806
0.0398647
0.0394503
0.0390376
0.0386266
0.0382171
0.0378094
0.0374033
0.036999
0.0365963
0.0361955
0.0357963
0.035399
0.0350034
0.0346096
0.0342177
0.0338276
0.0334394
0.0330531
0.0326687
0.0322862
0.0319056
0.031527
0.0311504
0.0307757
0.0304031
0.0300325
0.029664
0.0292975
0.0289331
0.0285708
0.0282106
0.0278526
0.0274967
0.027143
0.0267915
0.0264422
0.0260951
0.0257503
0.0254077
0.0250674
0.0247294
0.0243937
0.0240604
0.0237294
0.0234008
0.0230745
0.0227506
0.0224292
0.0221102
0.0217936
0.0214795
0.0211678
0.0208587
0.020552
0.0202479
0.0199463
0.0196472
0.0193507
0.0190567
0.0187654
0.0184766
0.0181904
0.0179069
0.0176259
0.0173476
0.017072
0.016799
0.0165287
0.016261
0.0159961
0.0157338
0.0154742
0.0152173
0.0149631
0.0147116
0.0144629
0.0142169
0.0139736
0.013733
0.0134951
0.01326
0.0130277
0.012798
0.0125711
0.012347
0.0121255
0.0119068
0.0116908
0.0114776
0.0112671
0.0110593
0.0108542
0.0106518
0.0104521
0.0102552
0.0100609
0.00986925
0.00968031
0.00949403
0.0093104
0.00912941
0.00895106
0.00877531
0.00860218
0.00843163
0.00826367
0.00809826
0.00793541
0.00777509
0.00761729
0.00746198
0.00730917
0.00715881
0.00701091
0.00686543
0.00672237
0.00658169
0.00644339
0.00630744
0.00617381
0.0060425
0.00591347
0.0057867
0.00566218
0.00553987
0.00541977
0.00530183
0.00518605
0.00507239
0.00496083
0.00485135
0.00474392
0.00463851
0.00453511
0.00443369
0.00433422
0.00423668
0.00414104
0.00404727
0.00395536
0.00386527
0.00377698
0.00369046
0.00360568
0.00352263
0.00344128
0.00336159
0.00328355
0.00320713
0.0031323
0.00305904
0.00298732
0.00291711
0.0028484
0.00278115
0.00271535
0.00265097
0.00258797
0.00252635
0.00246607
0.00240711
0.00234944
0.00229305
0.00223791
0.00218399
0.00213128
0.00207975
0.00202938
0.00198014
0.00193202
0.00188499
0.00183904
0.00179413
0.00175026
0.00170739
0.00166551
0.0016246
0.00158464
0.00154561
0.00150749
0.00147026
0.0014339
0.0013984
0.00136374
0.00132989
0.00129685
0.00126459
0.00123309
0.00120235
0.00117234
0.00114305
0.00111447
0.00108657
0.00105934
0.00103277
0.00100684
0.000981545
0.000956859
0.000932774
0.000909275
0.000886349
0.000863984
0.000842165
0.000820882
0.00080012
0.00077987
0.000760117
0.000740852
0.000722062
0.000703736
0.000685864
0.000668436
0.000651439
0.000634865
0.000618703
0.000602943
0.000587576
0.000572593
0.000557984
0.000543741
0.000529854
0.000516315
0.000503116
0.000490248
0.000477704
0.000465475
0.000453554
0.000441933
0.000430605
0.000419564
0.000408801
0.00039831
0.000388085
0.000378119
0.000368405
0.000358937
0.00034971
0.000340717
0.000331952
0.00032341
0.000315085
0.000306973
0.000299066
0.000291362
0.000283853
0.000276537
0.000269407
0.000262459
0.000255688
0.000249091
0.000242662
0.000236398
0.000230294
0.000224347
0.000218551
0.000212905
0.000207403
0.000202042
0.000196819
0.00019173
0.000186771
0.00018194
0.000177233
0.000172647
0.000168179
0.000163826
0.000159585
0.000155454
0.000151428
0.000147506
0.000143685
0.000139963
0.000136337
0.000132804
0.000129362
0.000126009
0.000122743
0.00011956
0.00011646
0.00011344
0.000110498
0.000107632
0.00010484
0.000102121
9.94711e-05
9.68901e-05
9.43759e-05
9.19266e-05
8.95407e-05
8.72166e-05
8.49525e-05
8.27471e-05
8.05987e-05
7.8506e-05
7.64675e-05
7.44817e-05
7.25474e-05
7.06631e-05
6.88277e-05
6.70399e-05
6.52983e-05
6.36019e-05
6.19495e-05
6.03399e-05
5.87721e-05
5.72448e-05
5.57572e-05
5.43082e-05
5.28968e-05
5.1522e-05
5.01828e-05
4.88784e-05
4.76078e-05
4.63702e-05
4.51647e-05
4.39905e-05
4.28468e-05
4.17328e-05
4.06477e-05
3.95908e-05
3.85613e-05
3.75585e-05
3.65818e-05
3.56305e-05
3.47038e-05
3.38013e-05
3.29221e-05
3.20658e-05
3.12318e-05
3.04194e-05
2.96282e-05
2.88575e-05
2.81068e-05
2.73756e-05
2.66634e-05
2.59698e-05
2.52942e-05
2.46361e-05
2.39951e-05
2.33708e-05
2.27628e-05
2.21705e-05
2.15936e-05
2.10318e-05
2.04845e-05
1.99515e-05
1.94323e-05
1.89266e-05
1.84341e-05
1.79544e-05
1.74872e-05
1.70321e-05
1.65888e-05
1.61571e-05
1.57366e-05
1.53271e-05
1.49282e-05
1.45396e-05
1.41612e-05
1.37926e-05
1.34337e-05
1.3084e-05
1.27435e-05
1.24118e-05
1.20887e-05
1.1774e-05
1.14676e-05
1.11691e-05
1.08784e-05
1.05952e-05
1.03194e-05
1.00508e-05
9.78914e-06
9.53432e-06
9.28612e-06
9.04439e-06
8.80895e-06
8.57963e-06
8.35629e-06
8.13875e-06
7.92688e-06
7.72052e-06
7.51953e-06
7.32377e-06
7.13311e-06
6.94741e-06
6.76654e-06
6.59038e-06
6.4188e-06
6.25169e-06
6.08893e-06
5.93041e-06
5.77601e-06
5.62564e-06
5.47917e-06
5.33652e-06
5.19758e-06
5.06226e-06
4.93046e-06
4.80209e-06
4.67707e-06
4.55529e-06
4.43669e-06
4.32118e-06
4.20867e-06
4.09909e-06
3.99236e-06
3.88842e-06
3.78718e-06
3.68857e-06
3.59253e-06
3.49899e-06
3.40789e-06
3.31916e-06
3.23273e-06
3.14856e-06
3.06658e-06
2.98674e-06
2.90897e-06
2.83323e-06
2.75946e-06
2.6876e-06
2.61763e-06
2.54947e-06
2.48308e-06
2.41843e-06
2.35546e-06
2.29413e-06
2.23439e-06
2.17621e-06
2.11955e-06
2.06436e-06
2.0106e-06
1.95825e-06
1.90726e-06
1.8576e-06
1.80923e-06
1.76212e-06
1.71624e-06
1.67155e-06
1.62802e-06
1.58563e-06
1.54434e-06
1.50413e-06
1.46496e-06
1.42682e-06
1.38966e-06
1.35348e-06
1.31824e-06
1.28391e-06
1.25048e-06
1.21792e-06
1.1862e-06
1.15531e-06
1.12523e-06
1.09593e-06
1.06739e-06
1.0396e-06
1.01253e-06
9.86162e-07
9.60483e-07
9.35473e-07
9.11113e-07
8.87388e-07
8.64281e-07
8.41776e-07
8.19856e-07
7.98507e-07
7.77714e-07
7.57463e-07
7.37739e-07
7.18528e-07
6.99818e-07
6.81595e-07
6.63846e-07
6.4656e-07
6.29724e-07
6.13326e-07
5.97355e-07
5.818e-07
5.6665e-07
5.51894e-07
5.37523e-07
5.23526e-07
5.09893e-07
4.96616e-07
4.83684e-07
4.71089e-07
4.58821e-07
4.46874e-07
4.35237e-07
4.23904e-07
4.12865e-07
4.02114e-07
3.91643e-07
3.81445e-07
3.71512e-07
3.61837e-07
3.52415e-07
3.43238e-07
3.343e-07
3.25595e-07
3.17116e-07
3.08859e-07
3.00816e-07
2.92983e-07
2.85353e-07
2.77923e-07
2.70686e-07
2.63637e-07
2.56772e-07
2.50085e-07
2.43573e-07
2.3723e-07
2.31053e-07
2.25036e-07
2.19176e-07
2.13469e-07
2.0791e-07
2.02496e-07
1.97223e-07
1.92087e-07
1.87085e-07
1.82213e-07
1.77468e-07
1.72847e-07
1.68346e-07
1.63962e-07
1.59693e-07
1.55534e-07
1.51484e-07
1.47539e-07
1.43697e-07
1.39955e-07
1.36311e-07
1.32761e-07
1.29304e-07
1.25937e-07
1.22658e-07
1.19464e-07
1.16353e-07
1.13323e-07
1.10372e-07
1.07498e-07
1.04698e-07
1.01972e-07
9.93167e-08
9.67304e-08
9.42115e-08
9.17582e-08
8.93688e-08
8.70416e-08
8.4775e-08
8.25674e-08
8.04173e-08
7.83232e-08
7.62836e-08
7.42972e-08
7.23624e-08
7.04781e-08
6.86428e-08
6.68553e-08
6.51144e-08
6.34188e-08
6.17673e-08
6.01589e-08
5.85923e-08
5.70665e-08
5.55805e-08
5.41331e-08
5.27235e-08
5.13505e-08
5.00134e-08
4.8711e-08
4.74425e-08
4.62071e-08
4.50038e-08
4.38319e-08
4.26905e-08
4.15788e-08
4.04961e-08
3.94416e-08
3.84145e-08
3.74141e-08
3.64399e-08
3.5491e-08
3.45668e-08
3.36666e-08
3.27899e-08
3.19361e-08
3.11044e-08
3.02944e-08
2.95056e-08
2.87372e-08
2.79889e-08
2.726e-08
2.65502e-08
2.58588e-08
2.51854e-08
2.45296e-08
2.38908e-08
2.32687e-08
2.26628e-08
2.20726e-08
2.14978e-08
2.0938e-08
2.03928e-08
1.98617e-08
1.93445e-08
1.88408e-08
1.83502e-08
1.78723e-08
1.74069e-08
1.69536e-08
1.65121e-08
1.60821e-08
1.56634e-08
1.52555e-08
1.48582e-08
1.44713e-08
1.40945e-08
1.37274e-08
1.337e-08
1.30218e-08
1.26827e-08
1.23524e-08
1.20308e-08
1.17175e-08
1.14124e-08
1.11152e-08
1.08257e-08
1.05438e-08
1.02693e-08
1.00018e-08
9.74138e-09
9.48771e-09
9.24064e-09
9.00001e-09
8.76565e-09
8.53738e-09
8.31507e-09
8.09854e-09
7.88765e-09
7.68225e-09
7.4822e-09
7.28736e-09
7.09759e-09
6.91276e-09
6.73275e-09
6.55743e-09
6.38667e-09
6.22035e-09
6.05837e-09
5.90061e-09
5.74695e-09
5.5973e-09
5.45154e-09
5.30958e-09
5.17132e-09
5.03665e-09
4.90549e-09
4.77775e-09
4.65334e-09
4.53216e-09
4.41414e-09
4.29919e-09
4.18724e-09
4.0782e-09
3.972e-09
3.86857e-09
3.76783e-09
3.66971e-09
3.57415e-09
3.48108e-09
3.39043e-09
3.30214e-09
3.21615e-09
3.1324e-09
3.05083e-09
2.97138e-09
2.89401e-09
2.81865e-09
2.74525e-09
2.67376e-09
2.60413e-09
2.53632e-09
2.47027e-09
2.40594e-09
2.34329e-09
2.28227e-09
2.22284e-09
2.16495e-09
2.10858e-09
2.05367e-09
2.00019e-09
1.9481e-09
1.89737e-09
1.84797e-09
1.79984e-09
1.75297e-09
1.70733e-09
1.66287e-09
1.61956e-09
1.57739e-09
1.53631e-09
1.49631e-09
1.45734e-09
1.41939e-09
1.38243e-09
1.34643e-09
1.31137e-09
1.27722e-09
1.24396e-09
1.21157e-09
1.18002e-09
1.14929e-09
1.11936e-09
1.09021e-09
1.06182e-09
1.03417e-09
1.00724e-09
9.8101e-10
9.55464e-10
9.30583e-10
9.0635e-10
8.82748e-10
8.59761e-10
8.37372e-10
8.15566e-10
7.94328e-10
7.73644e-10
7.53497e-10
7.33876e-10
7.14765e-10
6.96152e-10
6.78024e-10
6.60368e-10
6.43171e-10
6.26423e-10
6.1011e-10
5.94222e-10
5.78748e-10
5.63677e-10
5.48999e-10
5.34703e-10
5.20779e-10
5.07217e-10
4.94009e-10
4.81144e-10
4.68615e-10
4.56412e-10
4.44527e-10
4.32951e-10
4.21677e-10
4.10696e-10
4.00001e-10
3.89585e-10
3.7944e-10
3.69559e-10
3.59935e-10
3.50562e-10
3.41433e-10
3.32542e-10
3.23883e-10
3.15448e-10
3.07234e-10
2.99233e-10
2.91441e-10
2.83852e-10
2.7646e-10
2.69261e-10
2.62249e-10
2.5542e-10
2.48769e-10
2.4229e-10
2.35981e-10
2.29836e-10
2.23851e-10
2.18022e-10
2.12344e-10
2.06815e-10
2.01429e-10
1.96184e-10
1.91075e-10
1.86099e-10
1.81253e-10
1.76533e-10
1.71936e-10
1.67459e-10
1.63098e-10
1.58851e-10
1.54714e-10
1.50685e-10
1.46761e-10
1.42939e-10
1.39217e-10
1.35592e-10
1.32061e-10
1.28622e-10
1.25273e-10
1.2201e-10
1.18833e-10
1.15739e-10
1.12725e-10
1.09789e-10
1.0693e-10
1.04146e-10
1.01434e-10
9.87923e-11
9.62197e-11
9.3714e-11
9.12737e-11
8.88968e-11
8.65819e-11
8.43272e-11
8.21313e-11
7.99925e-11
7.79094e-11
7.58806e-11
7.39046e-11
7.19801e-11
7.01057e-11
6.82801e-11
6.6502e-11
6.47702e-11
6.30836e-11
6.14408e-11
5.98409e-11
5.82826e-11
5.67648e-11
5.52866e-11
5.38469e-11
5.24447e-11
5.1079e-11
4.97489e-11
4.84534e-11
4.71916e-11
4.59627e-11
4.47658e-11
4.36001e-11
4.24647e-11
4.13589e-11
4.02818e-11
3.92329e-11
3.82112e-11
3.72162e-11
3.6247e-11
3.53031e-11
3.43838e-11
3.34884e-11
3.26164e-11
3.1767e-11
3.09398e-11
3.01341e-11
2.93494e-11
2.85851e-11
2.78407e-11
2.71157e-11
2.64096e-11
2.57219e-11
2.5052e-11
2.43997e-11
2.37643e-11
2.31454e-11
2.25427e-11
2.19557e-11
2.13839e-11
2.08271e-11
2.02847e-11
1.97565e-11
1.9242e-11
1.87409e-11
1.82529e-11
1.77776e-11
1.73146e-11
1.68638e-11
1.64246e-11
1.59969e-11
1.55803e-11
1.51746e-11
1.47794e-11
1.43946e-11
1.40197e-11
1.36546e-11
1.32991e-11
1.29527e-11
1.26154e-11
1.22869e-11
1.1967e-11
1.16553e-11
1.13518e-11
1.10562e-11
1.07683e-11
1.04879e-11
1.02148e-11
9.94877e-12
9.68969e-12
9.43736e-12
9.19161e-12
8.95225e-12
8.71913e-12
8.49207e-12
8.27093e-12
8.05555e-12
7.84578e-12
7.64146e-12
7.44247e-12
7.24867e-12
7.0599e-12
6.87606e-12
6.697e-12
6.5226e-12
6.35275e-12
6.18732e-12
6.0262e-12
5.86927e-12
5.71643e-12
5.56757e-12
5.42258e-12
5.28137e-12
5.14384e-12
5.00989e-12
4.87943e-12
4.75236e-12
4.62861e-12
4.50808e-12
4.39068e-12
4.27634e-12
4.16498e-12
4.05652e-12
3.95089e-12
3.848e-12
3.7478e-12
3.6502e-12
3.55515e-12
3.46257e-12
3.3724e-12
3.28458e-12
3.19905e-12
3.11574e-12
3.0346e-12
2.95558e-12
2.87861e-12
2.80365e-12
2.73064e-12
2.65953e-12
2.59028e-12
2.52282e-12
2.45713e-12
2.39314e-12
2.33082e-12
2.27013e-12
2.21101e-12
2.15343e-12
2.09736e-12
2.04274e-12
1.98954e-12
1.93773e-12
1.88727e-12
1.83813e-12
1.79026e-12
1.74364e-12
1.69824e-12
1.65401e-12
1.61094e-12
1.56899e-12
1.52813e-12
1.48834e-12
1.44958e-12
1.41183e-12
1.37507e-12
1.33926e-12
1.30438e-12
1.27041e-12
1.23733e-12
1.20511e-12
1.17373e-12
1.14316e-12
1.11339e-12
1.0844e-12
1.05616e-12
1.02866e-12
1.00187e-12
9.75782e-13
9.50371e-13
9.25623e-13
9.01519e-13
8.78042e-13
8.55177e-13
8.32908e-13
8.11218e-13
7.90093e-13
7.69518e-13
7.49479e-13
7.29962e-13
7.10953e-13
6.92439e-13
6.74407e-13
6.56845e-13
6.3974e-13
6.23081e-13
6.06855e-13
5.91052e-13
5.75661e-13
5.6067e-13
5.46069e-13
5.31849e-13
5.17999e-13
5.0451e-13
4.91372e-13
4.78576e-13
4.66114e-13
4.53976e-13
4.42154e-13
4.3064e-13
4.19425e-13
4.08503e-13
3.97865e-13
3.87505e-13
3.77414e-13
3.67585e-13
3.58013e-13
3.4869e-13
3.3961e-13
3.30766e-13
3.22153e-13
3.13763e-13
3.05593e-13
2.97635e-13
2.89884e-13
2.82335e-13
2.74983e-13
2.67822e-13
2.60848e-13
2.54055e-13
2.47439e-13
2.40996e-13
2.3472e-13
2.28607e-13
2.22654e-13
2.16856e-13
2.11209e-13
2.05709e-13
2.00352e-13
1.95135e-13
1.90053e-13
1.85104e-13
1.80284e-13
1.75589e-13
1.71016e-13
1.66563e-13
1.62225e-13
1.58001e-13
1.53886e-13
1.49879e-13
1.45976e-13
1.42175e-13
1.38472e-13
1.34866e-13
1.31354e-13
1.27934e-13
1.24602e-13
1.21357e-13
1.18197e-13
1.15119e-13
1.12121e-13
1.09202e-13
1.06358e-13
1.03588e-13
1.00891e-13
9.82634e-14
9.57045e-14
9.32123e-14
9.07849e-14
8.84208e-14
8.61182e-14
8.38756e-14
8.16914e-14
7.95641e-14
7.74921e-14
7.54742e-14
7.35087e-14
7.15945e-14
6.97301e-14
6.79142e-14
6.61457e-14
6.44232e-14
6.27455e-14
6.11116e-14
5.95202e-14
5.79702e-14
5.64606e-14
5.49903e-14
5.35583e-14
5.21636e-14
5.08052e-14
4.94822e-14
4.81936e-14
4.69386e-14
4.57163e-14
4.45258e-14
4.33663e-14
4.22369e-14
4.11371e-14
4.00658e-14
3.90224e-14
3.80063e-14
3.70165e-14
3.60526e-14
3.51137e-14
3.41993e-14
3.33087e-14
3.24414e-14
3.15965e-14
3.07737e-14
2.99724e-14
2.91918e-14
2.84317e-14
2.76913e-14
2.69702e-14
2.62678e-14
2.55838e-14
2.49175e-14
2.42687e-14
2.36367e-14
2.30212e-14
2.24217e-14
2.18378e-14
2.12691e-14
2.07152e-14
2.01758e-14
1.96504e-14
1.91387e-14
1.86403e-14
1.81549e-14
1.76821e-14
1.72216e-14
1.67732e-14
1.63364e-14
1.59109e-14
1.54966e-14
1.50931e-14
1.47e-14
1.43172e-14
1.39444e-14
1.35813e-14
1.32276e-14
1.28831e-14
1.25476e-14
1.22209e-14
1.19026e-14
1.15927e-14
1.12908e-14
1.09968e-14
1.07104e-14
1.04315e-14
1.01598e-14
9.89526e-15
9.63758e-15
9.3866e-15
9.14217e-15
8.90409e-15
8.67222e-15
8.44639e-15
8.22643e-15
8.01221e-15
7.80356e-15
7.60035e-15
7.40242e-15
7.20966e-15
7.02191e-15
6.83905e-15
6.66095e-15
6.48749e-15
6.31855e-15
6.15401e-15
5.99375e-15
5.83767e-15
5.68565e-15
5.53759e-15
5.39338e-15
5.25293e-15
5.11614e-15
4.98291e-15
4.85315e-15
4.72677e-15
4.60368e-15
4.48379e-15
4.36703e-15
4.25331e-15
4.14255e-15
4.03467e-15
3.9296e-15
3.82727e-15
3.7276e-15
3.63053e-15
3.53599e-15
3.44391e-15
3.35422e-15
3.26688e-15
3.1818e-15
3.09895e-15
3.01824e-15
2.93965e-15
2.86309e-15
2.78854e-15
2.71592e-15
2.64519e-15
2.57631e-15
2.50922e-15
2.44388e-15
2.38023e-15
2.31825e-15
2.25788e-15
2.19908e-15
2.14182e-15
2.08604e-15
2.03172e-15
1.97881e-15
1.92728e-15
1.87709e-15
1.82821e-15
1.7806e-15
1.73423e-15
1.68907e-15
1.64508e-15
1.60224e-15
1.56052e-15
1.51988e-15
1.4803e-15
1.44175e-15
1.40421e-15
1.36764e-15
1.33203e-15
1.29734e-15
1.26355e-15
1.23065e-15
1.1986e-15
1.16739e-15
1.13699e-15
1.10738e-15
1.07854e-15
1.05046e-15
1.0231e-15
9.96458e-16
9.70509e-16
9.45236e-16
9.20621e-16
8.96647e-16
8.73297e-16
8.50555e-16
8.28406e-16
8.06833e-16
7.85822e-16
7.65358e-16
7.45427e-16
7.26015e-16
7.07109e-16
6.88695e-16
6.70761e-16
6.53293e-16
6.36281e-16
6.19711e-16
6.03573e-16
5.87855e-16
5.72547e-16
5.57637e-16
5.43115e-16
5.28972e-16
5.15197e-16
5.01781e-16
4.88714e-16
4.75987e-16
4.63592e-16
4.51519e-16
4.39761e-16
4.28309e-16
4.17155e-16
4.06292e-16
3.95712e-16
3.85407e-16
3.7537e-16
3.65595e-16
3.56075e-16
3.46802e-16
3.37771e-16
3.28975e-16
3.20408e-16
3.12064e-16
3.03938e-16
2.96023e-16
2.88314e-16
2.80806e-16
2.73493e-16
2.66371e-16
2.59434e-16
2.52678e-16
2.46098e-16
2.3969e-16
2.33448e-16
2.27369e-16
2.21448e-16
2.15681e-16
2.10064e-16
2.04594e-16
1.99266e-16
1.94077e-16
1.89023e-16
1.841e-16
1.79306e-16
1.74637e-16
1.70089e-16
1.6566e-16
1.61346e-16
1.57144e-16
1.53052e-16
1.49066e-16
1.45184e-16
1.41404e-16
1.37721e-16
1.34135e-16
1.30642e-16
1.2724e-16
1.23926e-16
1.20699e-16
1.17556e-16
1.14494e-16
1.11513e-16
1.08609e-16
1.05781e-16
1.03026e-16
1.00343e-16
9.77299e-17
9.51849e-17
9.27062e-17
9.0292e-17
8.79407e-17
8.56506e-17
8.34201e-17
8.12478e-17
7.9132e-17
7.70712e-17
7.50642e-17
7.31094e-17
7.12056e-17
6.93513e-17
6.75453e-17
6.57863e-17
6.40731e-17
6.24046e-17
6.07795e-17
5.91967e-17
5.76552e-17
5.61537e-17
5.46914e-17
5.32672e-17
5.188e-17
5.0529e-17
4.92132e-17
4.79316e-17
4.66834e-17
4.54677e-17
4.42836e-17
4.31304e-17
4.20073e-17
4.09133e-17
3.98479e-17
3.88102e-17
3.77995e-17
3.68152e-17
3.58565e-17
3.49227e-17
3.40133e-17
3.31275e-17
3.22648e-17
3.14246e-17
3.06063e-17
2.98092e-17
2.9033e-17
2.82769e-17
2.75405e-17
2.68234e-17
2.61248e-17
2.54445e-17
2.47819e-17
2.41365e-17
2.3508e-17
2.28958e-17
2.22996e-17
2.17189e-17
2.11533e-17
2.06024e-17
2.00659e-17
1.95434e-17
1.90344e-17
1.85387e-17
1.8056e-17
1.75858e-17
1.71278e-17
1.66818e-17
1.62473e-17
1.58242e-17
1.54122e-17
1.50108e-17
1.46199e-17
1.42392e-17
1.38684e-17
1.35072e-17
1.31555e-17
1.28129e-17
1.24792e-17
1.21542e-17
1.18377e-17
1.15295e-17
1.12292e-17
1.09368e-17
1.0652e-17
1.03746e-17
1.01044e-17
9.84129e-18
9.585e-18
9.3354e-18
9.09229e-18
8.85551e-18
8.6249e-18
8.4003e-18
8.18154e-18
7.96848e-18
7.76097e-18
7.55887e-18
7.36202e-18
7.17031e-18
6.98358e-18
6.80172e-18
6.62459e-18
6.45208e-18
6.28406e-18
6.12041e-18
5.96103e-18
5.80579e-18
5.6546e-18
5.50735e-18
5.36393e-18
5.22424e-18
5.0882e-18
4.95569e-18
4.82664e-18
4.70095e-18
4.57853e-18
4.45929e-18
4.34317e-18
4.23007e-18
4.11991e-18
4.01262e-18
3.90813e-18
3.80635e-18
3.70723e-18
3.61069e-18
3.51666e-18
3.42508e-18
3.33589e-18
3.24902e-18
3.16441e-18
3.082e-18
3.00174e-18
2.92357e-18
2.84744e-18
2.77329e-18
2.70107e-18
2.63073e-18
2.56222e-18
2.49549e-18
2.43051e-18
2.36721e-18
2.30557e-18
2.24553e-18
2.18705e-18
2.1301e-18
2.07463e-18
2.0206e-18
1.96798e-18
1.91673e-18
1.86682e-18
1.8182e-18
1.77085e-18
1.72474e-18
1.67982e-18
1.63608e-18
1.59347e-18
1.55197e-18
1.51156e-18
1.4722e-18
1.43386e-18
1.39652e-18
1.36015e-18
1.32473e-18
1.29023e-18
1.25663e-18
1.22391e-18
1.19204e-18
1.16099e-18
1.13076e-18
1.10131e-18
1.07263e-18
1.0447e-18
1.01749e-18
9.90997e-19
9.6519e-19
9.40055e-19
9.15574e-19
8.91731e-19
8.68509e-19
8.45892e-19
8.23863e-19
8.02409e-19
7.81513e-19
7.61161e-19
7.41339e-19
7.22034e-19
7.03231e-19
6.84918e-19
6.67081e-19
6.49709e-19
6.3279e-19
6.16311e-19
6.00261e-19
5.8463e-19
5.69405e-19
5.54577e-19
5.40135e-19
5.26069e-19
5.12369e-19
4.99026e-19
4.86031e-19
4.73374e-19
4.61046e-19
4.4904e-19
4.37346e-19
4.25957e-19
4.14865e-19
4.04061e-19
3.93539e-19
3.8329e-19
3.73309e-19
3.63587e-19
3.54119e-19
3.44897e-19
3.35915e-19
3.27168e-19
3.18648e-19
3.10349e-19
3.02267e-19
2.94396e-19
2.86729e-19
2.79263e-19
2.7199e-19
2.64907e-19
2.58008e-19
2.51289e-19
2.44746e-19
2.38372e-19
2.32164e-19
2.26118e-19
2.2023e-19
2.14495e-19
2.08909e-19
2.03469e-19
1.9817e-19
1.93009e-19
1.87983e-19
1.83088e-19
1.7832e-19
1.73676e-19
1.69153e-19
1.64748e-19
1.60458e-19
1.56279e-19
1.5221e-19
1.48246e-19
1.44385e-19
1.40625e-19
1.36963e-19
1.33396e-19
1.29923e-19
1.26539e-19
1.23244e-19
1.20034e-19
1.16908e-19
1.13864e-19
1.10899e-19
1.08011e-19
1.05198e-19
1.02459e-19
9.97903e-20
9.71916e-20
9.46606e-20
9.21955e-20
8.97946e-20
8.74562e-20
8.51787e-20
8.29605e-20
8.08e-20
7.86959e-20
7.66465e-20
7.46505e-20
7.27065e-20
7.08131e-20
6.8969e-20
6.71729e-20
6.54236e-20
6.37199e-20
6.20605e-20
6.04444e-20
5.88703e-20
5.73372e-20
5.58441e-20
5.43898e-20
5.29734e-20
5.15939e-20
5.02503e-20
4.89417e-20
4.76672e-20
4.64258e-20
4.52168e-20
4.40393e-20
4.28924e-20
4.17755e-20
4.06875e-20
3.9628e-20
3.8596e-20
3.75909e-20
3.6612e-20
3.56585e-20
3.47299e-20
3.38255e-20
3.29446e-20
3.20867e-20
3.12511e-20
3.04373e-20
2.96446e-20
2.88726e-20
2.81207e-20
2.73884e-20
2.66752e-20
2.59805e-20
2.53039e-20
2.4645e-20
2.40032e-20
2.33781e-20
2.27693e-20
2.21763e-20
2.15988e-20
2.10364e-20
2.04885e-20
1.9955e-20
1.94353e-20
1.89292e-20
1.84362e-20
1.79561e-20
1.74885e-20
1.70331e-20
1.65895e-20
1.61575e-20
1.57367e-20
1.53269e-20
1.49278e-20
1.4539e-20
1.41604e-20
1.37917e-20
1.34325e-20
1.30827e-20
1.2742e-20
1.24102e-20
1.2087e-20
1.17722e-20
1.14657e-20
1.11671e-20
1.08763e-20
1.0593e-20
1.03172e-20
1.00485e-20
9.78681e-21
9.53194e-21
9.28371e-21
9.04195e-21
8.80648e-21
8.57714e-21
8.35378e-21
8.13623e-21
7.92435e-21
7.71799e-21
7.517e-21
7.32124e-21
7.13058e-21
6.94489e-21
6.76403e-21
6.58789e-21
6.41633e-21
6.24923e-21
6.08649e-21
5.92799e-21
5.77362e-21
5.62326e-21
5.47682e-21
5.33419e-21
5.19528e-21
5.05999e-21
4.92822e-21
4.79988e-21
4.67488e-21
4.55314e-21
4.43457e-21
4.31908e-21
4.20661e-21
4.09706e-21
3.99036e-21
3.88645e-21
3.78524e-21
3.68666e-21
3.59066e-21
3.49715e-21
3.40608e-21
3.31738e-21
3.23099e-21
3.14685e-21
3.0649e-21
2.98508e-21
2.90734e-21
2.83163e-21
2.75789e-21
2.68607e-21
2.61612e-21
2.54799e-21
2.48164e-21
2.41701e-21
2.35407e-21
2.29276e-21
2.23306e-21
2.1749e-21
2.11826e-21
2.0631e-21
2.00937e-21
1.95705e-21
1.90608e-21
1.85644e-21
1.8081e-21
1.76101e-21
1.71515e-21
1.67049e-21
1.62698e-21
1.58461e-21
1.54335e-21
1.50316e-21
1.46401e-21
1.42589e-21
1.38875e-21
1.35259e-21
1.31736e-21
1.28306e-21
1.24964e-21
1.2171e-21
1.18541e-21
1.15454e-21
1.12447e-21
1.09519e-21
1.06667e-21
1.03889e-21
1.01183e-21
9.85483e-22
9.59819e-22
9.34823e-22
9.10479e-22
8.86768e-22
8.63675e-22
8.41184e-22
8.19278e-22
7.97942e-22
7.77162e-22
7.56923e-22
7.37212e-22
7.18013e-22
6.99315e-22
6.81104e-22
6.63366e-22
6.46091e-22
6.29266e-22
6.12878e-22
5.96918e-22
5.81373e-22
5.66233e-22
5.51487e-22
5.37125e-22
5.23138e-22
5.09514e-22
4.96245e-22
4.83322e-22
4.70736e-22
4.58477e-22
4.46537e-22
4.34909e-22
4.23583e-22
4.12552e-22
4.01808e-22
3.91344e-22
3.81153e-22
3.71227e-22
3.6156e-22
3.52144e-22
3.42973e-22
3.34042e-22
3.25343e-22
3.1687e-22
3.08618e-22
3.00581e-22
2.92753e-22
2.8513e-22
2.77704e-22
2.70472e-22
2.63429e-22
2.56569e-22
2.49887e-22
2.43379e-22
2.37041e-22
2.30868e-22
2.24856e-22
2.19e-22
2.13297e-22
2.07743e-22
2.02333e-22
1.97063e-22
1.91932e-22
1.86933e-22
1.82065e-22
1.77324e-22
1.72706e-22
1.68208e-22
1.63828e-22
1.59562e-22
1.55406e-22
1.51359e-22
1.47417e-22
1.43578e-22
1.39839e-22
1.36198e-22
1.32651e-22
1.29196e-22
1.25832e-22
1.22555e-22
1.19363e-22
1.16255e-22
1.13227e-22
1.10279e-22
1.07407e-22
1.0461e-22
1.01886e-22
9.92322e-23
9.6648e-23
9.41311e-23
9.16798e-23
8.92922e-23
8.69669e-23
8.47021e-23
8.24963e-23
8.03479e-23
7.82555e-23
7.62176e-23
7.42327e-23
7.22996e-23
7.04167e-23
6.85829e-23
6.67969e-23
6.50574e-23
6.33632e-23
6.17131e-23
6.01059e-23
5.85407e-23
5.70161e-23
5.55313e-23
5.40852e-23
5.26767e-23
5.13049e-23
4.99688e-23
4.86675e-23
4.74001e-23
4.61657e-23
4.49635e-23
4.37925e-23
4.26521e-23
4.15413e-23
4.04595e-23
3.94059e-23
3.83797e-23
3.73802e-23
3.64067e-23
3.54586e-23
3.45352e-23
3.36358e-23
3.27599e-23
3.19068e-23
3.10759e-23
3.02666e-23
2.94784e-23
2.87107e-23
2.7963e-23
2.72348e-23
2.65255e-23
2.58348e-23
2.5162e-23
2.45067e-23
2.38685e-23
2.32469e-23
2.26415e-23
2.20519e-23
2.14776e-23
2.09183e-23
2.03735e-23
1.9843e-23
1.93262e-23
1.88229e-23
1.83327e-23
1.78553e-23
1.73903e-23
1.69374e-23
1.64964e-23
1.60668e-23
1.56484e-23
1.52408e-23
1.48439e-23
1.44574e-23
1.40809e-23
1.37142e-23
1.3357e-23
1.30092e-23
1.26704e-23
1.23404e-23
1.20191e-23
1.17061e-23
1.14012e-23
1.11043e-23
1.08151e-23
1.05335e-23
1.02592e-23
9.99199e-24
9.73178e-24
9.47834e-24
9.23151e-24
8.9911e-24
8.75695e-24
8.5289e-24
8.30679e-24
8.09047e-24
7.87977e-24
7.67457e-24
7.47471e-24
7.28005e-24
7.09046e-24
6.90581e-24
6.72597e-24
6.55081e-24
6.38022e-24
6.21406e-24
6.05223e-24
5.89462e-24
5.74111e-24
5.5916e-24
5.44598e-24
5.30416e-24
5.16603e-24
5.03149e-24
4.90046e-24
4.77285e-24
4.64855e-24
4.52749e-24
4.40959e-24
4.29475e-24
4.18291e-24
4.07398e-24
3.96788e-24
3.86455e-24
3.76391e-24
3.66589e-24
3.57042e-24
3.47744e-24
3.38688e-24
3.29868e-24
3.21277e-24
3.12911e-24
3.04762e-24
2.96825e-24
2.89095e-24
2.81566e-24
2.74234e-24
2.67092e-24
2.60137e-24
2.53362e-24
2.46764e-24
2.40338e-24
2.34079e-24
2.27983e-24
2.22046e-24
2.16263e-24
2.10631e-24
2.05146e-24
1.99803e-24
1.946e-24
1.89532e-24
1.84596e-24
1.79789e-24
1.75107e-24
1.70547e-24
1.66106e-24
1.6178e-24
1.57567e-24
1.53463e-24
1.49467e-24
1.45574e-24
1.41783e-24
1.38091e-24
1.34495e-24
1.30992e-24
1.27581e-24
1.24258e-24
1.21022e-24
1.17871e-24
1.14801e-24
1.11811e-24
1.089e-24
1.06064e-24
1.03302e-24
1.00611e-24
9.79912e-25
9.54393e-25
9.29538e-25
9.05331e-25
8.81754e-25
8.58792e-25
8.36427e-25
8.14644e-25
7.93429e-25
7.72767e-25
7.52642e-25
7.33042e-25
7.13952e-25
6.95359e-25
6.7725e-25
6.59613e-25
6.42435e-25
6.25705e-25
6.0941e-25
5.9354e-25
5.78083e-25
5.63028e-25
5.48365e-25
5.34085e-25
5.20176e-25
5.0663e-25
4.93436e-25
4.80586e-25
4.6807e-25
4.5588e-25
4.44008e-25
4.32445e-25
4.21184e-25
4.10215e-25
3.99532e-25
3.89127e-25
3.78994e-25
3.69124e-25
3.59511e-25
3.50148e-25
3.4103e-25
3.32149e-25
3.23499e-25
3.15074e-25
3.06869e-25
2.98877e-25
2.91094e-25
2.83513e-25
2.7613e-25
2.68939e-25
2.61935e-25
2.55114e-25
2.4847e-25
2.41999e-25
2.35697e-25
2.29559e-25
2.23581e-25
2.17758e-25
2.12087e-25
2.06564e-25
2.01185e-25
1.95945e-25
1.90842e-25
1.85872e-25
1.81032e-25
1.76317e-25
1.71726e-25
1.67254e-25
1.62898e-25
1.58656e-25
1.54524e-25
1.505e-25
1.4658e-25
1.42763e-25
1.39045e-25
1.35424e-25
1.31897e-25
1.28462e-25
1.25117e-25
1.21859e-25
1.18685e-25
1.15594e-25
1.12584e-25
1.09652e-25
1.06796e-25
1.04015e-25
1.01306e-25
9.86682e-26
9.60987e-26
9.3596e-26
9.11586e-26
8.87846e-26
8.64724e-26
8.42205e-26
8.20272e-26
7.9891e-26
7.78105e-26
7.57841e-26
7.38105e-26
7.18883e-26
7.00162e-26
6.81928e-26
6.64169e-26
6.46872e-26
6.30026e-26
6.13619e-26
5.97639e-26
5.82075e-26
5.66916e-26
5.52153e-26
5.37773e-26
5.23768e-26
5.10128e-26
4.96843e-26
4.83904e-26
4.71302e-26
4.59029e-26
4.47074e-26
4.35431e-26
4.24092e-26
4.13047e-26
4.02291e-26
3.91814e-26
3.8161e-26
3.71672e-26
3.61993e-26
3.52566e-26
3.43384e-26
3.34442e-26
3.25732e-26
3.17249e-26
3.08987e-26
3.00941e-26
2.93103e-26
2.8547e-26
2.78036e-26
2.70795e-26
2.63743e-26
2.56875e-26
2.50185e-26
2.4367e-26
2.37324e-26
2.31143e-26
2.25124e-26
2.19261e-26
2.13551e-26
2.0799e-26
2.02573e-26
1.97298e-26
1.92159e-26
1.87155e-26
1.82281e-26
1.77534e-26
1.72911e-26
1.68408e-26
1.64022e-26
1.5975e-26
1.5559e-26
1.51538e-26
1.47592e-26
1.43748e-26
1.40005e-26
1.36359e-26
1.32807e-26
1.29349e-26
1.2598e-26
1.22699e-26
1.19504e-26
1.16392e-26
1.13361e-26
1.10409e-26
1.07533e-26
1.04733e-26
1.02005e-26
9.93488e-27
9.67616e-27
9.42417e-27
9.17874e-27
8.9397e-27
8.70689e-27
8.48014e-27
8.2593e-27
8.0442e-27
7.83471e-27
7.63068e-27
7.43196e-27
7.23841e-27
7.0499e-27
6.86631e-27
6.68749e-27
6.51333e-27
6.34371e-27
6.1785e-27
6.0176e-27
5.86089e-27
5.70826e-27
5.5596e-27
5.41481e-27
5.2738e-27
5.13646e-27
5.00269e-27
4.87241e-27
4.74552e-27
4.62193e-27
4.50157e-27
4.38433e-27
4.27016e-27
4.15895e-27
4.05064e-27
3.94515e-27
3.84241e-27
3.74234e-27
3.64488e-27
3.54996e-27
3.45751e-27
3.36747e-27
3.27977e-27
3.19436e-27
3.11117e-27
3.03015e-27
2.95124e-27
2.87438e-27
2.79952e-27
2.72661e-27
2.65561e-27
2.58645e-27
2.51909e-27
2.45349e-27
2.38959e-27
2.32736e-27
2.26675e-27
2.20772e-27
2.15022e-27
2.09423e-27
2.03969e-27
1.98657e-27
1.93483e-27
1.88445e-27
1.83537e-27
1.78757e-27
1.74102e-27
1.69568e-27
1.65152e-27
1.60851e-27
1.56662e-27
1.52582e-27
1.48609e-27
1.44738e-27
1.40969e-27
1.37298e-27
1.33722e-27
1.3024e-27
1.26848e-27
1.23545e-27
1.20327e-27
1.17194e-27
1.14142e-27
1.11169e-27
1.08274e-27
1.05454e-27
1.02708e-27
1.00033e-27
9.74279e-28
9.48907e-28
9.24195e-28
9.00126e-28
8.76685e-28
8.53854e-28
8.31617e-28
8.0996e-28
7.88866e-28
7.68322e-28
7.48313e-28
7.28825e-28
7.09844e-28
6.91358e-28
6.73354e-28
6.55818e-28
6.38739e-28
6.22104e-28
6.05903e-28
5.90124e-28
5.74755e-28
5.59787e-28
5.45209e-28
5.3101e-28
5.17181e-28
5.03713e-28
4.90595e-28
4.77818e-28
4.65375e-28
4.53255e-28
4.41451e-28
4.29955e-28
4.18757e-28
4.07852e-28
3.9723e-28
3.86885e-28
3.7681e-28
3.66997e-28
3.57439e-28
3.48131e-28
3.39064e-28
3.30234e-28
3.21634e-28
3.13258e-28
3.051e-28
2.97154e-28
2.89416e-28
2.81878e-28
2.74538e-28
2.67388e-28
2.60424e-28
2.53642e-28
2.47037e-28
2.40603e-28
2.34337e-28
2.28235e-28
2.22291e-28
2.16502e-28
2.10863e-28
2.05372e-28
2.00024e-28
1.94814e-28
1.89741e-28
1.848e-28
1.79987e-28
1.753e-28
1.70734e-28
1.66288e-28
1.61957e-28
1.5774e-28
1.53632e-28
1.49631e-28
1.45734e-28
1.41939e-28
1.38242e-28
1.34642e-28
1.31135e-28
1.2772e-28
1.24394e-28
1.21155e-28
1.17999e-28
1.14926e-28
1.11933e-28
1.09018e-28
1.06179e-28
1.03414e-28
1.00721e-28
9.80978e-29
9.55431e-29
9.30549e-29
9.06315e-29
8.82712e-29
8.59724e-29
8.37334e-29
8.15528e-29
7.94289e-29
7.73604e-29
7.53457e-29
7.33835e-29
7.14724e-29
6.9611e-29
6.77982e-29
6.60325e-29
6.43129e-29
6.2638e-29
6.10067e-29
5.94179e-29
5.78705e-29
5.63634e-29
5.48956e-29
5.34659e-29
5.20735e-29
5.07174e-29
4.93966e-29
4.81102e-29
4.68573e-29
4.5637e-29
4.44484e-29
4.32909e-29
4.21635e-29
4.10654e-29
3.9996e-29
3.89544e-29
3.79399e-29
3.69518e-29
3.59895e-29
3.50522e-29
3.41394e-29
3.32503e-29
3.23844e-29
3.1541e-29
3.07196e-29
2.99195e-29
2.91404e-29
2.83815e-29
2.76423e-29
2.69225e-29
2.62213e-29
2.55384e-29
2.48734e-29
2.42256e-29
2.35947e-29
2.29802e-29
2.23817e-29
2.17989e-29
2.12312e-29
2.06782e-29
2.01397e-29
1.96152e-29
1.91044e-29
1.86069e-29
1.81223e-29
1.76503e-29
1.71907e-29
1.6743e-29
1.63069e-29
1.58823e-29
1.54686e-29
1.50658e-29
1.46734e-29
1.42913e-29
1.39191e-29
1.35566e-29
1.32036e-29
1.28597e-29
1.25248e-29
1.21986e-29
1.18809e-29
1.15715e-29
1.12702e-29
1.09767e-29
1.06908e-29
1.04124e-29
1.01412e-29
9.87711e-30
9.61988e-30
9.36935e-30
9.12535e-30
8.8877e-30
8.65624e-30
8.43081e-30
8.21124e-30
7.9974e-30
7.78912e-30
7.58627e-30
7.38871e-30
7.19628e-30
7.00887e-30
6.82634e-30
6.64856e-30
6.47542e-30
6.30678e-30
6.14253e-30
5.98256e-30
5.82676e-30
5.67501e-30
5.52722e-30
5.38328e-30
5.24308e-30
5.10653e-30
4.97355e-30
4.84402e-30
4.71787e-30
4.595e-30
4.47533e-30
4.35878e-30
4.24527e-30
4.13471e-30
4.02703e-30
3.92215e-30
3.82001e-30
3.72053e-30
3.62363e-30
3.52926e-30
3.43735e-30
3.34783e-30
3.26065e-30
3.17573e-30
3.09302e-30
3.01247e-30
2.93402e-30
2.85761e-30
2.78319e-30
2.71071e-30
2.64011e-30
2.57136e-30
2.50439e-30
2.43917e-30
2.37564e-30
2.31378e-30
2.25352e-30
2.19483e-30
2.13767e-30
2.082e-30
2.02778e-30
1.97497e-30
1.92354e-30
1.87344e-30
1.82465e-30
1.77713e-30
1.73085e-30
1.68577e-30
1.64187e-30
1.59911e-30
1.55747e-30
1.51691e-30
1.4774e-30
1.43892e-30
1.40145e-30
1.36495e-30
1.32941e-30
1.29478e-30
1.26106e-30
1.22822e-30
1.19624e-30
1.16508e-30
1.13474e-30
1.10519e-30
1.07641e-30
1.04837e-30
1.02107e-30
9.94479e-31
9.68579e-31
9.43355e-31
9.18787e-31
8.94859e-31
8.71554e-31
8.48856e-31
8.2675e-31
8.05219e-31
7.84248e-31
7.63824e-31
7.43932e-31
7.24558e-31
7.05688e-31
6.8731e-31
6.6941e-31
6.51977e-31
6.34997e-31
6.1846e-31
6.02354e-31
5.86667e-31
5.71388e-31
5.56507e-31
5.42014e-31
5.27899e-31
5.14151e-31
5.0076e-31
4.87719e-31
4.75018e-31
4.62647e-31
4.50598e-31
4.38863e-31
4.27434e-31
4.16302e-31
4.0546e-31
3.94901e-31
3.84616e-31
3.746e-31
3.64844e-31
3.55343e-31
3.46088e-31
3.37075e-31
3.28297e-31
3.19747e-31
3.1142e-31
3.03309e-31
2.9541e-31
2.87717e-31
2.80224e-31
2.72926e-31
2.65818e-31
2.58895e-31
2.52153e-31
2.45586e-31
2.3919e-31
2.32961e-31
2.26894e-31
2.20985e-31
2.1523e-31
2.09625e-31
2.04165e-31
1.98848e-31
1.9367e-31
1.88626e-31
1.83714e-31
1.78929e-31
1.74269e-31
1.69731e-31
1.6531e-31
1.61005e-31
1.56812e-31
1.52728e-31
1.48751e-31
1.44877e-31
1.41104e-31
1.37429e-31
1.3385e-31
1.30364e-31
1.26969e-31
1.23662e-31
1.20442e-31
1.17305e-31
1.1425e-31
1.11275e-31
1.08377e-31
1.05554e-31
1.02805e-31
1.00128e-31
9.75204e-32
9.49806e-32
9.2507e-32
9.00979e-32
8.77515e-32
8.54661e-32
8.32403e-32
8.10725e-32
7.89611e-32
7.69047e-32
7.49019e-32
7.29512e-32
7.10513e-32
6.92009e-32
6.73987e-32
6.56434e-32
6.39339e-32
6.22688e-32
6.06472e-32
5.90677e-32
5.75294e-32
5.60312e-32
5.45719e-32
5.31507e-32
5.17665e-32
5.04184e-32
4.91053e-32
4.78264e-32
4.65809e-32
4.53678e-32
4.41863e-32
4.30355e-32
4.19147e-32
4.08231e-32
3.976e-32
3.87245e-32
3.7716e-32
3.67337e-32
3.57771e-32
3.48453e-32
3.39379e-32
3.3054e-32
3.21932e-32
3.13548e-32
3.05382e-32
2.97429e-32
2.89683e-32
2.82139e-32
2.74791e-32
2.67634e-32
2.60664e-32
2.53876e-32
2.47264e-32
2.40824e-32
2.34553e-32
2.28444e-32
2.22495e-32
2.167e-32
2.11057e-32
2.0556e-32
2.00207e-32
1.94993e-32
1.89914e-32
1.84968e-32
1.80151e-32
1.7546e-32
1.7089e-32
1.66439e-32
1.62105e-32
1.57883e-32
1.53771e-32
1.49767e-32
1.45866e-32
1.42067e-32
1.38368e-32
1.34764e-32
1.31254e-32
1.27836e-32
1.24507e-32
1.21264e-32
1.18106e-32
1.1503e-32
1.12034e-32
1.09117e-32
1.06275e-32
1.03507e-32
1.00812e-32
9.81861e-33
9.5629e-33
9.31385e-33
9.07129e-33
8.83504e-33
8.60495e-33
8.38085e-33
8.16259e-33
7.95001e-33
7.74296e-33
7.54131e-33
7.34491e-33
7.15362e-33
6.96732e-33
6.78587e-33
6.60914e-33
6.43702e-33
6.26938e-33
6.1061e-33
5.94708e-33
5.7922e-33
5.64135e-33
5.49443e-33
5.35134e-33
5.21197e-33
5.07624e-33
4.94403e-33
4.81527e-33
4.68987e-33
4.56773e-33
4.44877e-33
4.33291e-33
4.22007e-33
4.11016e-33
4.00312e-33
3.89887e-33
3.79733e-33
3.69843e-33
3.60211e-33
3.5083e-33
3.41693e-33
3.32795e-33
3.24127e-33
3.15686e-33
3.07465e-33
2.99457e-33
2.91658e-33
2.84063e-33
2.76665e-33
2.69459e-33
2.62442e-33
2.55607e-33
2.4895e-33
2.42467e-33
2.36152e-33
2.30002e-33
2.24012e-33
2.18178e-33
2.12496e-33
2.06962e-33
2.01572e-33
1.96322e-33
1.91209e-33
1.86229e-33
1.81379e-33
1.76656e-33
1.72055e-33
1.67574e-33
1.6321e-33
1.58959e-33
1.54819e-33
1.50787e-33
1.4686e-33
1.43036e-33
1.39311e-33
1.35682e-33
1.32149e-33
1.28707e-33
1.25355e-33
1.22091e-33
1.18911e-33
1.15814e-33
1.12798e-33
1.0986e-33
1.06999e-33
1.04213e-33
1.01498e-33
9.88551e-34
9.62806e-34
9.37731e-34
9.1331e-34
8.89524e-34
8.66358e-34
8.43795e-34
8.21819e-34
8.00416e-34
7.79571e-34
7.59268e-34
7.39494e-34
7.20235e-34
7.01478e-34
6.83209e-34
6.65416e-34
6.48086e-34
6.31208e-34
6.14769e-34
5.98758e-34
5.83165e-34
5.67977e-34
5.53185e-34
5.38778e-34
5.24747e-34
5.1108e-34
4.9777e-34
4.84806e-34
4.7218e-34
4.59883e-34
4.47906e-34
4.36241e-34
4.2488e-34
4.13815e-34
4.03038e-34
3.92541e-34
3.82318e-34
3.72361e-34
3.62664e-34
3.53219e-34
3.44019e-34
3.3506e-34
3.26334e-34
3.17835e-34
3.09558e-34
3.01496e-34
2.93644e-34
2.85996e-34
2.78548e-34
2.71293e-34
2.64228e-34
2.57347e-34
2.50644e-34
2.44117e-34
2.37759e-34
2.31567e-34
2.25536e-34
2.19662e-34
2.13942e-34
2.0837e-34
2.02943e-34
1.97658e-34
1.9251e-34
1.87497e-34
1.82613e-34
1.77858e-34
1.73226e-34
1.68714e-34
1.6432e-34
1.60041e-34
1.55873e-34
1.51813e-34
1.4786e-34
1.44009e-34
1.40258e-34
1.36605e-34
1.33048e-34
1.29583e-34
1.26208e-34
1.22921e-34
1.1972e-34
1.16602e-34
1.13565e-34
1.10607e-34
1.07727e-34
1.04921e-34
1.02189e-34
9.95274e-35
9.69353e-35
9.44108e-35
9.1952e-35
8.95572e-35
8.72249e-35
8.49532e-35
8.27407e-35
8.05859e-35
7.84871e-35
7.6443e-35
7.44522e-35
7.25132e-35
7.06247e-35
6.87854e-35
6.6994e-35
6.52492e-35
6.35499e-35
6.18948e-35
6.02828e-35
5.87129e-35
5.71838e-35
5.56945e-35
5.4244e-35
5.28313e-35
5.14554e-35
5.01153e-35
4.88101e-35
4.75389e-35
4.63008e-35
4.5095e-35
4.39206e-35
4.27767e-35
4.16627e-35
4.05776e-35
3.95208e-35
3.84916e-35
3.74891e-35
3.65127e-35
3.55618e-35
3.46357e-35
3.37336e-35
3.28551e-35
3.19994e-35
3.1166e-35
3.03543e-35
2.95638e-35
2.87938e-35
2.80439e-35
2.73136e-35
2.66022e-35
2.59094e-35
2.52346e-35
2.45774e-35
2.39373e-35
2.33139e-35
2.27067e-35
2.21153e-35
2.15394e-35
2.09784e-35
2.0432e-35
1.98999e-35
1.93816e-35
1.88768e-35
1.83852e-35
1.79063e-35
1.744e-35
1.69858e-35
1.65434e-35
1.61125e-35
1.56928e-35
1.52841e-35
1.4886e-35
1.44983e-35
1.41207e-35
1.37529e-35
1.33947e-35
1.30458e-35
1.2706e-35
1.2375e-35
1.20526e-35
1.17387e-35
1.14329e-35
1.1135e-35
1.0845e-35
1.05624e-35
1.02872e-35
1.00192e-35
9.75813e-36
9.50385e-36
9.2562e-36
9.01499e-36
8.78006e-36
8.55125e-36
8.32838e-36
8.11128e-36
7.89983e-36
7.69389e-36
7.49329e-36
7.2979e-36
7.10759e-36
6.92226e-36
6.74173e-36
6.56587e-36
6.3946e-36
6.22778e-36
6.06531e-36
5.90707e-36
5.75292e-36
5.60271e-36
5.45636e-36
5.31382e-36
5.17494e-36
5.03957e-36
4.90768e-36
4.77921e-36
4.65404e-36
4.53218e-36
4.41353e-36
4.29797e-36
4.18552e-36
4.07584e-36
3.96902e-36
3.86507e-36
3.76373e-36
3.66503e-36
3.56879e-36
3.47496e-36
3.38356e-36
3.29455e-36
3.20774e-36
3.12299e-36
3.04025e-36
2.95945e-36
2.88065e-36
2.80389e-36
2.72932e-36
2.65687e-36
2.58611e-36
2.51739e-36
2.45044e-36
2.38484e-36
2.32074e-36
2.2579e-36
2.19628e-36
2.13606e-36
2.07738e-36
2.02001e-36
1.96393e-36
1.90928e-36
1.85563e-36
1.80297e-36
1.75125e-36
1.70085e-36
1.65173e-36
1.60347e-36
1.55604e-36
1.50941e-36
1.46396e-36
1.41966e-36
1.37608e-36
1.3332e-36
1.2914e-36
1.25065e-36
1.21171e-36
1.17376e-36
1.13597e-36
1.09913e-36
1.06321e-36
1.0282e-36
9.94058e-37
9.60777e-37
9.27537e-37
8.95124e-37
8.6431e-37
8.3427e-37
8.04982e-37
7.77222e-37
7.50957e-37
7.25363e-37
6.99629e-37
6.73752e-37
6.48523e-37
6.22338e-37
5.9521e-37
5.68735e-37
5.429e-37
5.161e-37
4.8835e-37
4.62833e-37
4.37921e-37
4.136e-37
3.91442e-37
3.69819e-37
3.47132e-37
3.21808e-37
2.95477e-37
2.71326e-37
2.47727e-37
2.21495e-37
1.97431e-37
1.75496e-37
1.54062e-37
1.34706e-37
1.09456e-37
8.15841e-38
5.43055e-38
2.76081e-38
4.65282e-39
-1.78002e-38
-4.29351e-38
-7.07076e-38
-9.79013e-38
-1.24528e-37
-1.47426e-37
-1.69835e-37
-1.94938e-37
-2.19518e-37
-2.43584e-37
-2.70321e-37
-2.96512e-37
-3.18993e-37
-3.41004e-37
-3.62554e-37
-3.83652e-37
-4.04309e-37
-4.24532e-37
-4.44332e-37
-4.66889e-37
-4.88984e-37
-5.138e-37
-5.38118e-37
-5.55602e-37
-5.66369e-37
-5.70538e-37
-5.68224e-37
-5.59541e-37
-5.50946e-37
-5.4244e-37
-5.40371e-37
-5.50975e-37
-5.67689e-37
-5.9041e-37
-6.19034e-37
-6.5346e-37
-6.93589e-37
-7.32975e-37
-7.84325e-37
-8.34738e-37
-8.77884e-37
-9.20233e-37
-9.55454e-37
-9.83669e-37
-1.005e-36
-1.03225e-36
-1.07168e-36
-1.12307e-36
-1.18621e-36
-1.26725e-36
-1.37222e-36
-1.48802e-36
-1.61445e-36
-1.75134e-36
-1.89849e-36
-2.06207e-36
-2.24179e-36
-2.44372e-36
-2.64842e-36
-2.85585e-36
-3.08499e-36
-3.32277e-36
-3.56267e-36
-3.81736e-36
-4.08022e-36
-4.34476e-36
-4.62364e-36
-4.91659e-36
-5.21068e-36
-5.49953e-36
-5.79591e-36
-6.0997e-36
-6.4044e-36
-6.71634e-36
-7.04173e-36
-7.36764e-36
-7.69406e-36
-8.0273e-36
-8.36091e-36
-8.70121e-36
-9.04808e-36
-9.39505e-36
-9.74847e-36
-1.01145e-35
-1.04804e-35
-1.08396e-35
-1.11987e-35
-1.15639e-35
-1.19416e-35
-1.23252e-35
-1.27018e-35
-1.30716e-35
-1.34346e-35
-1.3791e-35
-1.4141e-35
-1.44845e-35
-1.48218e-35
-1.51528e-35
-1.54778e-35
-1.57968e-35
-1.61099e-35
-1.64236e-35
-1.67442e-35
-1.70715e-35
-1.73992e-35
-1.77271e-35
-1.80617e-35
-1.83965e-35
-1.87251e-35
-1.9054e-35
-1.93894e-35
-1.97251e-35
-2.00608e-35
-2.03967e-35
-2.07264e-35
-2.105e-35
-2.13739e-35
-2.16982e-35
-2.20164e-35
-2.2335e-35
-2.26478e-35
-2.29547e-35
-2.32622e-35
-2.35703e-35
-2.38791e-35
-2.41693e-35
-2.44478e-35
-2.47274e-35
-2.50017e-35
-2.52709e-35
-2.5535e-35
-2.57941e-35
-2.60483e-35
-2.62976e-35
-2.65359e-35
-2.6776e-35
-2.70179e-35
-2.72425e-35
-2.74692e-35
-2.77042e-35
-2.7922e-35
-2.81293e-35
-2.83454e-35
-2.85572e-35
-2.87587e-35
-2.895e-35
-2.91375e-35
-2.93088e-35
-2.94576e-35
-2.95908e-35
-2.97023e-35
-2.97924e-35
-2.98616e-35
-2.99101e-35
-2.99321e-35
-2.99407e-35
-2.99424e-35
-2.99311e-35
-2.99006e-35
-2.98513e-35
-2.97898e-35
-2.97228e-35
-2.96376e-35
-2.95346e-35
-2.94204e-35
-2.92952e-35
-2.9172e-35
-2.9038e-35
-2.8887e-35
-2.87258e-35
-2.85545e-35
-2.83732e-35
-2.81886e-35
-2.79944e-35
-2.77907e-35
-2.7584e-35
-2.73681e-35
-2.71463e-35
-2.69219e-35
-2.66918e-35
-2.64561e-35
-2.62181e-35
-2.59746e-35
-2.57258e-35
-2.54781e-35
-2.52283e-35
-2.49733e-35
-2.47196e-35
-2.4464e-35
-2.42033e-35
-2.39439e-35
-2.3686e-35
-2.34262e-35
-2.31678e-35
-2.29108e-35
-2.26551e-35
-2.24008e-35
-2.21447e-35
-2.18867e-35
-2.1627e-35
-2.13688e-35
-2.1112e-35
-2.08534e-35
-2.05963e-35
-2.03406e-35
-2.00863e-35
-1.98303e-35
-1.95725e-35
-1.93193e-35
-1.90708e-35
-1.88235e-35
-1.85744e-35
-1.83234e-35
-1.80739e-35
-1.78272e-35
-1.75819e-35
-1.73379e-35
-1.70951e-35
-1.68552e-35
-1.66165e-35
-1.63774e-35
-1.6138e-35
-1.58981e-35
-1.56611e-35
-1.54268e-35
-1.51937e-35
-1.49617e-35
-1.47323e-35
-1.45072e-35
-1.42831e-35
-1.40615e-35
-1.38441e-35
-1.36291e-35
-1.34164e-35
-1.32062e-35
-1.29998e-35
-1.27958e-35
-1.25923e-35
-1.23927e-35
-1.21967e-35
-1.20029e-35
-1.18095e-35
-1.16182e-35
-1.14304e-35
-1.1243e-35
-1.10575e-35
-1.0874e-35
-1.06923e-35
-1.05132e-35
-1.03367e-35
-1.01635e-35
-9.99364e-36
-9.82696e-36
-9.66345e-36
-9.50383e-36
-9.34724e-36
-9.19205e-36
-9.03823e-36
-8.88575e-36
-8.73539e-36
-8.5871e-36
-8.44005e-36
-8.29502e-36
-8.15276e-36
-8.01244e-36
-7.874e-36
-7.73743e-36
-7.60268e-36
-7.47052e-36
-7.3401e-36
-7.2114e-36
-7.08518e-36
-6.96059e-36
-6.83682e-36
-6.71464e-36
-6.59443e-36
-6.47613e-36
-6.35972e-36
-6.24517e-36
-6.13244e-36
-6.02149e-36
-5.9123e-36
-5.80523e-36
-5.70063e-36
-5.59767e-36
-5.49631e-36
-5.39693e-36
-5.29909e-36
-5.20237e-36
-5.10754e-36
-5.01455e-36
-4.9226e-36
-4.83204e-36
-4.74286e-36
-4.65543e-36
-4.56971e-36
-4.48527e-36
-4.4025e-36
-4.32095e-36
-4.24021e-36
-4.16106e-36
-4.08347e-36
-4.00701e-36
-3.93206e-36
-3.85839e-36
-3.78577e-36
-3.71439e-36
-3.64423e-36
-3.57505e-36
-3.50704e-36
-3.44058e-36
-3.37543e-36
-3.31138e-36
-3.2486e-36
-3.18687e-36
-3.12596e-36
-3.06627e-36
-3.00777e-36
-2.95003e-36
-2.89325e-36
-2.8376e-36
-2.78305e-36
-2.7296e-36
-2.67682e-36
-2.62469e-36
-2.57361e-36
-2.52335e-36
-2.47389e-36
-2.42543e-36
-2.37783e-36
-2.33099e-36
-2.28499e-36
-2.23992e-36
-2.19574e-36
-2.15246e-36
-2.10994e-36
-2.06819e-36
-2.02727e-36
-1.98727e-36
-1.94808e-36
-1.90959e-36
-1.87187e-36
-1.83481e-36
-1.79841e-36
-1.76264e-36
-1.72749e-36
-1.69306e-36
-1.65932e-36
-1.62607e-36
-1.59329e-36
-1.56118e-36
-1.52982e-36
-1.4991e-36
-1.4689e-36
-1.43931e-36
-1.41038e-36
-1.38204e-36
-1.35417e-36
-1.32682e-36
-1.30003e-36
-1.27374e-36
-1.24793e-36
-1.22266e-36
-1.19789e-36
-1.17359e-36
-1.14973e-36
-1.12636e-36
-1.10342e-36
-1.08095e-36
-1.05889e-36
-1.03719e-36
-1.01593e-36
-9.95104e-37
-9.74707e-37
-9.5473e-37
-9.35164e-37
-9.16001e-37
-8.97232e-37
-8.78801e-37
-8.607e-37
-8.43021e-37
-8.25733e-37
-8.08776e-37
-7.9217e-37
-7.75883e-37
-7.59908e-37
-7.44263e-37
-7.28918e-37
-7.13841e-37
-6.99051e-37
-6.84568e-37
-6.7036e-37
-6.56423e-37
-6.42824e-37
-6.29557e-37
-6.16542e-37
-6.03772e-37
-5.91268e-37
-5.79025e-37
-5.67037e-37
-5.55298e-37
-5.43805e-37
-5.32526e-37
-5.21458e-37
-5.10622e-37
-4.99987e-37
-4.89549e-37
-4.79342e-37
-4.69348e-37
-4.59551e-37
-4.49947e-37
-4.40532e-37
-4.31313e-37
-4.22276e-37
-4.13415e-37
-4.04741e-37
-3.96248e-37
-3.87934e-37
-3.79794e-37
-3.71813e-37
-3.63987e-37
-3.56326e-37
-3.48826e-37
-3.41484e-37
-3.34271e-37
-3.27198e-37
-3.20299e-37
-3.13545e-37
-3.06909e-37
-3.00401e-37
-2.9403e-37
-2.87793e-37
-2.81688e-37
-2.75718e-37
-2.69868e-37
-2.6413e-37
-2.58513e-37
-2.53014e-37
-2.47633e-37
-2.42371e-37
-2.37221e-37
-2.32173e-37
-2.27233e-37
-2.22398e-37
-2.17665e-37
-2.13021e-37
-2.08462e-37
-2.04001e-37
-1.99634e-37
-1.95354e-37
-1.91165e-37
-1.87071e-37
-1.83064e-37
-1.79149e-37
-1.75317e-37
-1.71555e-37
-1.67867e-37
-1.6426e-37
-1.60727e-37
-1.5727e-37
-1.53892e-37
-1.50584e-37
-1.47343e-37
-1.44172e-37
-1.41065e-37
-1.38018e-37
-1.35034e-37
-1.32113e-37
-1.29252e-37
-1.26449e-37
-1.23706e-37
-1.21025e-37
-1.18401e-37
-1.1583e-37
-1.13312e-37
-1.10844e-37
-1.08433e-37
-1.06076e-37
-1.03767e-37
-1.01504e-37
-9.92931e-38
-9.71328e-38
-9.50159e-38
-9.29414e-38
-9.09116e-38
-8.89255e-38
-8.69822e-38
-8.50791e-38
-8.32171e-38
-8.13968e-38
-7.96158e-38
-7.78716e-38
-7.61635e-38
-7.44923e-38
-7.28572e-38
-7.12559e-38
-6.96876e-38
-6.81532e-38
-6.66536e-38
-6.51879e-38
-6.37539e-38
-6.2351e-38
-6.09785e-38
-5.96357e-38
-5.8322e-38
-5.70384e-38
-5.57826e-38
-5.45541e-38
-5.33537e-38
-5.21795e-38
-5.103e-38
-4.99055e-38
-4.88062e-38
-4.77308e-38
-4.66796e-38
-4.56521e-38
-4.46461e-38
-4.36613e-38
-4.2698e-38
-4.17557e-38
-4.08339e-38
-3.99322e-38
-3.90494e-38
-3.81859e-38
-3.7342e-38
-3.65157e-38
-3.57068e-38
-3.49162e-38
-3.4143e-38
-3.33859e-38
-3.26445e-38
-3.19186e-38
-3.12086e-38
-3.05141e-38
-2.98352e-38
-2.91719e-38
-2.85236e-38
-2.78894e-38
-2.72692e-38
-2.66621e-38
-2.60684e-38
-2.54881e-38
-2.49201e-38
-2.43646e-38
-2.38213e-38
-2.32896e-38
-2.27695e-38
-2.22608e-38
-2.17634e-38
-2.12768e-38
-2.0801e-38
-2.03357e-38
-1.98805e-38
-1.94354e-38
-1.90001e-38
-1.85748e-38
-1.81592e-38
-1.77528e-38
-1.73549e-38
-1.69655e-38
-1.65846e-38
-1.62124e-38
-1.58481e-38
-1.54917e-38
-1.51434e-38
-1.48027e-38
-1.44696e-38
-1.41438e-38
-1.38252e-38
-1.35137e-38
-1.32091e-38
-1.29112e-38
-1.26199e-38
-1.2335e-38
-1.20565e-38
-1.17841e-38
-1.15177e-38
-1.12575e-38
-1.10032e-38
-1.07545e-38
-1.05113e-38
-1.02736e-38
-1.00411e-38
-9.8138e-39
-9.59172e-39
-9.37477e-39
-9.16254e-39
-8.95503e-39
-8.75213e-39
-8.55374e-39
-8.35996e-39
-8.17049e-39
-7.98514e-39
-7.80391e-39
-7.62682e-39
-7.45386e-39
-7.28495e-39
-7.12e-39
-6.95902e-39
-6.80173e-39
-6.64795e-39
-6.4976e-39
-6.35052e-39
-6.20672e-39
-6.06613e-39
-5.92878e-39
-5.79451e-39
-5.66314e-39
-5.5349e-39
-5.40972e-39
-5.28725e-39
-5.16742e-39
-5.05033e-39
-4.93591e-39
-4.824e-39
-4.7146e-39
-4.6077e-39
-4.50319e-39
-4.40103e-39
-4.30112e-39
-4.20344e-39
-4.10805e-39
-4.0149e-39
-3.92389e-39
-3.83488e-39
-3.74782e-39
-3.66271e-39
-3.57961e-39
-3.49843e-39
-3.41903e-39
-3.34136e-39
-3.26534e-39
-3.19104e-39
-3.11845e-39
-3.0474e-39
-2.9779e-39
-2.91001e-39
-2.84368e-39
-2.77883e-39
-2.71543e-39
-2.65345e-39
-2.59289e-39
-2.53375e-39
-2.47596e-39
-2.41945e-39
-2.36422e-39
-2.31023e-39
-2.25743e-39
-2.20583e-39
-2.15539e-39
-2.10609e-39
-2.0579e-39
-2.01078e-39
-1.9647e-39
-1.91965e-39
-1.87565e-39
-1.83264e-39
-1.79061e-39
-1.74952e-39
-1.70936e-39
-1.67014e-39
-1.6318e-39
-1.59433e-39
-1.55772e-39
-1.52194e-39
-1.48698e-39
-1.45283e-39
-1.41944e-39
-1.3868e-39
-1.35491e-39
-1.32374e-39
-1.29327e-39
-1.26349e-39
-1.23438e-39
-1.20594e-39
-1.17813e-39
-1.15093e-39
-1.12438e-39
-1.09845e-39
-1.07312e-39
-1.04836e-39
-1.02414e-39
-1.00049e-39
-9.77394e-40
-9.54819e-40
-9.32756e-40
-9.11195e-40
-8.90137e-40
-8.69557e-40
-8.49445e-40
-8.2979e-40
-8.10583e-40
-7.91813e-40
-7.7347e-40
-7.55544e-40
-7.38039e-40
-7.20938e-40
-7.04227e-40
-6.87897e-40
-6.71933e-40
-6.56332e-40
-6.41093e-40
-6.26214e-40
-6.11674e-40
-5.97459e-40
-5.83581e-40
-5.70032e-40
-5.56792e-40
-5.43854e-40
-5.31218e-40
-5.18877e-40
-5.06811e-40
-4.95021e-40
-4.83506e-40
-4.72252e-40
-4.61255e-40
-4.50513e-40
-4.40016e-40
-4.29762e-40
-4.19746e-40
-4.09955e-40
-4.00392e-40
-3.91054e-40
-3.81933e-40
-3.73027e-40
-3.64331e-40
-3.5584e-40
-3.4755e-40
-3.39453e-40
-3.31541e-40
-3.23811e-40
-3.16259e-40
-3.08883e-40
-3.01679e-40
-2.94643e-40
-2.87769e-40
-2.81053e-40
-2.74495e-40
-2.68087e-40
-2.61827e-40
-2.55715e-40
-2.49744e-40
-2.4391e-40
-2.38209e-40
-2.32642e-40
-2.27202e-40
-2.21889e-40
-2.16699e-40
-2.11631e-40
-2.06682e-40
-2.01851e-40
-1.97133e-40
-1.92526e-40
-1.88024e-40
-1.83623e-40
-1.79326e-40
-1.75129e-40
-1.71028e-40
-1.67022e-40
-1.63112e-40
-1.59294e-40
-1.55564e-40
-1.51918e-40
-1.48359e-40
-1.44882e-40
-1.41485e-40
-1.38167e-40
-1.34925e-40
-1.31759e-40
-1.28667e-40
-1.25648e-40
-1.22699e-40
-1.19818e-40
-1.17004e-40
-1.14257e-40
-1.11574e-40
-1.08955e-40
-1.06397e-40
-1.03898e-40
-1.01457e-40
-9.90714e-41
-9.67423e-41
-9.44663e-41
-9.22437e-41
-9.00742e-41
-8.79557e-41
-8.58863e-41
-8.38656e-41
-8.18925e-41
-7.99644e-41
-7.80814e-41
-7.62428e-41
-7.44476e-41
-7.26944e-41
-7.09819e-41
-6.93092e-41
-6.76757e-41
-6.60808e-41
-6.45234e-41
-6.30017e-41
-6.15151e-41
-6.00629e-41
-5.86445e-41
-5.7259e-41
-5.59061e-41
-5.45854e-41
-5.32958e-41
-5.20362e-41
-5.08062e-41
-4.96052e-41
-4.8433e-41
-4.72883e-41
-4.61699e-41
-4.50784e-41
-4.40125e-41
-4.29712e-41
-4.19543e-41
-4.09614e-41
-3.9992e-41
-3.90455e-41
-3.81209e-41
-3.72181e-41
-3.63366e-41
-3.54756e-41
-3.46346e-41
-3.38135e-41
-3.30119e-41
-3.22291e-41
-3.14647e-41
-3.0718e-41
-2.9989e-41
-2.92774e-41
-2.85826e-41
-2.7904e-41
-2.72411e-41
-2.65938e-41
-2.59618e-41
-2.53446e-41
-2.47418e-41
-2.41533e-41
-2.35788e-41
-2.30174e-41
-2.24694e-41
-2.19345e-41
-2.14121e-41
-2.0902e-41
-2.0404e-41
-1.99178e-41
-1.94431e-41
-1.89797e-41
-1.85273e-41
-1.80857e-41
-1.76546e-41
-1.72336e-41
-1.68226e-41
-1.64211e-41
-1.60293e-41
-1.56468e-41
-1.52733e-41
-1.49086e-41
-1.45526e-41
-1.4205e-41
-1.38655e-41
-1.35341e-41
-1.32107e-41
-1.28949e-41
-1.25866e-41
-1.22857e-41
-1.1992e-41
-1.17053e-41
-1.14253e-41
-1.1152e-41
-1.08853e-41
-1.06248e-41
-1.03706e-41
-1.01225e-41
-9.88021e-42
-9.64374e-42
-9.41288e-42
-9.18754e-42
-8.9676e-42
-8.75288e-42
-8.54327e-42
-8.33868e-42
-8.13896e-42
-7.94394e-42
-7.75356e-42
-7.56766e-42
-7.38624e-42
-7.20919e-42
-7.03636e-42
-6.8676e-42
-6.70282e-42
-6.54202e-42
-6.38506e-42
-6.23185e-42
-6.08229e-42
-5.93637e-42
-5.79393e-42
-5.65481e-42
-5.51902e-42
-5.38648e-42
-5.25712e-42
-5.13091e-42
-5.00773e-42
-4.88746e-42
-4.77003e-42
-4.65538e-42
-4.54353e-42
-4.43442e-42
-4.32784e-42
-4.22378e-42
-4.12223e-42
-4.02308e-42
-3.92624e-42
-3.83168e-42
-3.7395e-42
-3.64964e-42
-3.56192e-42
-3.47627e-42
-3.39265e-42
-3.31096e-42
-3.23126e-42
-3.15344e-42
-3.07742e-42
-3.00325e-42
-2.93088e-42
-2.86028e-42
-2.79144e-42
-2.72429e-42
-2.65868e-42
-2.59462e-42
-2.53218e-42
-2.47128e-42
-2.41181e-42
-2.35376e-42
-2.29709e-42
-2.24176e-42
-2.1878e-42
-2.13516e-42
-2.08378e-42
-2.03362e-42
-1.98465e-42
-1.93689e-42
-1.89031e-42
-1.8448e-42
-1.80032e-42
-1.75694e-42
-1.71465e-42
-1.67336e-42
-1.63315e-42
-1.59394e-42
-1.55558e-42
-1.51812e-42
-1.48165e-42
-1.44601e-42
-1.41121e-42
-1.37734e-42
-1.34428e-42
-1.31196e-42
-1.2804e-42
-1.24965e-42
-1.21968e-42
-1.19042e-42
-1.16186e-42
-1.13399e-42
-1.10682e-42
-1.08036e-42
-1.05452e-42
-1.0294e-42
-1.00493e-42
-9.81037e-43
-9.57627e-43
-9.34729e-43
-9.12378e-43
-8.90514e-43
-8.69126e-43
-8.48202e-43
-8.27776e-43
-8.07886e-43
-7.88518e-43
-7.69708e-43
-7.51443e-43
-7.33615e-43
-7.16263e-43
-6.99327e-43
-6.8275e-43
-6.66476e-43
-6.50498e-43
-6.35091e-43
-6.20242e-43
-6.05657e-43
-5.91327e-43
-5.77436e-43
-5.63974e-43
-5.50741e-43
-5.37732e-43
-5.2494e-43
-5.12455e-43
-5.00269e-43
-4.8828e-43
-4.76673e-43
-4.65438e-43
-4.54378e-43
-4.43584e-43
-4.33142e-43
-4.22951e-43
-4.13006e-43
-4.03204e-43
-3.93732e-43
-3.84582e-43
-3.75464e-43
-3.6647e-43
-3.57785e-43
-3.49403e-43
-3.41222e-43
-3.33144e-43
-3.25353e-43
-3.17939e-43
-3.10705e-43
-3.03646e-43
-2.96664e-43
-2.89756e-43
-2.83013e-43
-2.76528e-43
-2.70293e-43
-2.64116e-43
-2.58087e-43
-2.5211e-43
-2.46276e-43
-2.40677e-43
-2.35213e-43
-2.3007e-43
-2.25148e-43
-2.20347e-43
-2.15568e-43
-2.10812e-43
-2.06077e-43
-2.01362e-43
-1.96759e-43
-1.92268e-43
-1.88073e-43
-1.84075e-43
-1.80269e-43
-1.76746e-43
-1.73406e-43
-1.70245e-43
-1.67259e-43
-1.64445e-43
-1.61515e-43
-1.5866e-43
-1.56067e-43
-1.53542e-43
-1.51083e-43
-1.48499e-43
-1.45791e-43
-1.43152e-43
-1.40578e-43
-1.38068e-43
-1.35432e-43
-1.3267e-43
-1.29975e-43
-1.27155e-43
-1.24213e-43
-1.21338e-43
-1.18529e-43
-1.16163e-43
-1.14233e-43
-1.12351e-43
-1.10706e-43
-1.09294e-43
-1.0792e-43
-1.06395e-43
-1.04721e-43
-1.03089e-43
-1.01687e-43
-1.00322e-43
-9.89933e-44
-9.80776e-44
-9.71895e-44
-9.63281e-44
-9.54927e-44
-9.44934e-44
-9.33328e-44
-9.23915e-44
-9.16656e-44
-9.07729e-44
-8.9905e-44
-8.90612e-44
-8.82411e-44
-8.76329e-44
-8.72329e-44
-8.66589e-44
-8.59137e-44
-8.53784e-44
-8.48599e-44
-8.41686e-44
-8.34964e-44
-8.28429e-44
-8.23966e-44
-8.21538e-44
-8.17325e-44
-8.09465e-44
-8.01802e-44
-7.96222e-44
-7.88905e-44
-7.81771e-44
-7.78598e-44
-7.75533e-44
-7.70683e-44
-7.67858e-44
-7.65131e-44
-7.60609e-44
-7.56211e-44
-7.51935e-44
-7.47776e-44
-7.43733e-44
-7.41693e-44
-7.41621e-44
-7.41589e-44
-7.39705e-44
-7.36e-44
-7.30504e-44
-7.2703e-44
-7.27433e-44
-7.25971e-44
-7.24567e-44
-7.2511e-44
-7.23784e-44
-7.2251e-44
-7.23178e-44
-7.23863e-44
-7.24564e-44
-7.29061e-44
-7.37289e-44
-7.454e-44
-7.53394e-44
-7.61273e-44
-7.72819e-44
-7.8797e-44
-8.02878e-44
-8.2133e-44
-8.3948e-44
-8.57333e-44
-8.74891e-44
-8.9216e-44
-9.09142e-44
-9.22059e-44
-9.34763e-44
-9.47256e-44
-9.59542e-44
-9.71622e-44
-9.835e-44
-9.95179e-44
-1.00288e-43
-1.00667e-43
-1.00661e-43
-1.00277e-43
-1.00279e-43
-1.00659e-43
-1.01033e-43
-1.01401e-43
-1.01763e-43
-1.02497e-43
-1.03597e-43
-1.04299e-43
-1.04612e-43
-1.04919e-43
-1.05221e-43
-1.05517e-43
-1.05809e-43
-1.06096e-43
-1.05999e-43
-1.05526e-43
-1.05061e-43
-1.04982e-43
-1.04905e-43
-1.0445e-43
-1.04004e-43
-1.03565e-43
-1.03512e-43
-1.03839e-43
-1.0416e-43
-1.04097e-43
-1.03657e-43
-1.03225e-43
-1.028e-43
-1.02761e-43
-1.02723e-43
-1.01929e-43
-1.01149e-43
-1.01138e-43
-1.01507e-43
-1.01869e-43
-1.02225e-43
-1.02575e-43
-1.02541e-43
-1.02508e-43
-1.02853e-43
-1.02815e-43
-1.02398e-43
-1.0199e-43
-1.01966e-43
-1.02321e-43
-1.0267e-43
-1.03013e-43
-1.03351e-43
-1.03682e-43
-1.04386e-43
-1.05835e-43
-1.0688e-43
-1.07151e-43
-1.07416e-43
-1.07299e-43
-1.07184e-43
-1.07448e-43
-1.08087e-43
-1.09092e-43
-1.1008e-43
-1.11429e-43
-1.13132e-43
-1.14806e-43
-1.16451e-43
-1.18067e-43
-1.19276e-43
-1.20086e-43
-1.21259e-43
-1.22412e-43
-1.22787e-43
-1.22777e-43
-1.22767e-43
-1.23134e-43
-1.23872e-43
-1.24598e-43
-1.2531e-43
-1.26387e-43
-1.27823e-43
-1.29234e-43
-1.30242e-43
-1.30853e-43
-1.31453e-43
-1.31663e-43
-1.31869e-43
-1.32827e-43
-1.3339e-43
-1.33563e-43
-1.34111e-43
-1.33893e-43
-1.33299e-43
-1.33093e-43
-1.3289e-43
-1.33068e-43
-1.33242e-43
-1.33412e-43
-1.34336e-43
-1.35621e-43
-1.36883e-43
-1.38123e-43
-1.38963e-43
-1.39787e-43
-1.40974e-43
-1.42141e-43
-1.43286e-43
-1.44033e-43
-1.44766e-43
-1.45863e-43
-1.47319e-43
-1.49127e-43
-1.50904e-43
-1.52648e-43
-1.54361e-43
-1.56044e-43
-1.57697e-43
-1.5932e-43
-1.60913e-43
-1.62478e-43
-1.64771e-43
-1.67024e-43
-1.68479e-43
-1.69908e-43
-1.71311e-43
-1.72688e-43
-1.73284e-43
-1.73111e-43
-1.73696e-43
-1.7427e-43
-1.74075e-43
-1.74639e-43
-1.75949e-43
-1.77235e-43
-1.79253e-43
-1.81236e-43
-1.83183e-43
-1.84338e-43
-1.84715e-43
-1.85841e-43
-1.86189e-43
-1.8653e-43
-1.8762e-43
-1.87933e-43
-1.87483e-43
-1.87039e-43
-1.86601e-43
-1.8617e-43
-1.85745e-43
-1.85326e-43
-1.84157e-43
-1.8225e-43
-1.80375e-43
-1.78531e-43
-1.77476e-43
-1.77194e-43
-1.77673e-43
-1.78899e-43
-1.79348e-43
-1.79788e-43
-1.80976e-43
-1.81387e-43
-1.81033e-43
-1.79929e-43
-1.78843e-43
-1.78531e-43
-1.78225e-43
-1.77923e-43
-1.77626e-43
-1.78091e-43
-1.79303e-43
-1.79738e-43
-1.80165e-43
-1.8134e-43
-1.82495e-43
-1.82873e-43
-1.82487e-43
-1.82108e-43
-1.80978e-43
-1.79867e-43
-1.79531e-43
-1.79201e-43
-1.78876e-43
-1.78557e-43
-1.78242e-43
-1.77933e-43
-1.7763e-43
-1.77331e-43
-1.77793e-43
-1.78248e-43
-1.77938e-43
-1.77633e-43
-1.77333e-43
-1.77039e-43
-1.76749e-43
-1.76464e-43
-1.76184e-43
-1.75909e-43
-1.75638e-43
-1.75372e-43
-1.75111e-43
-1.74854e-43
-1.74601e-43
-1.73597e-43
-1.71853e-43
-1.70139e-43
-1.68455e-43
-1.67557e-43
-1.66674e-43
-1.65051e-43
-1.63456e-43
-1.61889e-43
-1.61105e-43
-1.60336e-43
-1.58824e-43
-1.57339e-43
-1.5588e-43
-1.55203e-43
-1.54539e-43
-1.53131e-43
-1.51747e-43
-1.50388e-43
-1.4981e-43
-1.49999e-43
-1.50186e-43
-1.5037e-43
-1.51308e-43
-1.52988e-43
-1.53882e-43
-1.54006e-43
-1.54127e-43
-1.55004e-43
-1.55866e-43
-1.55957e-43
-1.56804e-43
-1.58392e-43
-1.59954e-43
-1.60732e-43
-1.61497e-43
-1.62249e-43
-1.62988e-43
-1.64471e-43
-1.65172e-43
-1.66617e-43
-1.6955e-43
-1.72433e-43
-1.75265e-43
-1.78049e-43
-1.80783e-43
-1.8347e-43
-1.85354e-43
-1.86447e-43
-1.87521e-43
-1.88575e-43
-1.88854e-43
-1.89127e-43
-1.89394e-43
-1.89656e-43
-1.89912e-43
-1.8865e-43
-1.88165e-43
-1.89201e-43
-1.90218e-43
-1.91217e-43
-1.92198e-43
-1.92405e-43
-1.92608e-43
-1.92806e-43
-1.92243e-43
-1.91689e-43
-1.91144e-43
-1.89851e-43
-1.8858e-43
-1.8733e-43
-1.86102e-43
-1.8565e-43
-1.8445e-43
-1.82513e-43
-1.81366e-43
-1.80995e-43
-1.80631e-43
-1.80272e-43
-1.7992e-43
-1.79574e-43
-1.79234e-43
-1.78899e-43
-1.7857e-43
-1.78247e-43
-1.7793e-43
-1.77618e-43
-1.77312e-43
-1.77011e-43
-1.76715e-43
-1.76424e-43
-1.76139e-43
-1.75858e-43
-1.75583e-43
-1.75312e-43
-1.75803e-43
-1.77042e-43
-1.79016e-43
-1.81712e-43
-1.83606e-43
-1.8471e-43
-1.85795e-43
-1.86861e-43
-1.87152e-43
-1.87438e-43
-1.87718e-43
-1.87236e-43
-1.87519e-43
-1.87797e-43
-1.87313e-43
-1.86837e-43
-1.87125e-43
-1.88165e-43
-1.89187e-43
-1.89434e-43
-1.8892e-43
-1.88414e-43
-1.88674e-43
-1.89685e-43
-1.91435e-43
-1.93154e-43
-1.94087e-43
-1.95003e-43
-1.95904e-43
-1.96788e-43
-1.97656e-43
-1.97752e-43
-1.97089e-43
-1.97194e-43
-1.97296e-43
-1.97397e-43
-1.97494e-43
-1.96834e-43
-1.96184e-43
-1.95545e-43
-1.94916e-43
-1.95055e-43
-1.94434e-43
-1.92311e-43
-1.90224e-43
-1.88929e-43
-1.88413e-43
-1.87906e-43
-1.88164e-43
-1.89175e-43
-1.90168e-43
-1.90387e-43
-1.89846e-43
-1.90071e-43
-1.91048e-43
-1.91252e-43
-1.90696e-43
-1.90905e-43
-1.91868e-43
-1.92814e-43
-1.92987e-43
-1.93156e-43
-1.93323e-43
-1.93487e-43
-1.94404e-43
-1.95305e-43
-1.95434e-43
-1.94804e-43
-1.94184e-43
-1.93575e-43
-1.9222e-43
-1.90131e-43
-1.89592e-43
-1.90575e-43
-1.91541e-43
-1.9249e-43
-1.93423e-43
-1.9434e-43
-1.9524e-43
-1.96125e-43
-1.96995e-43
-1.97093e-43
-1.96432e-43
-1.96539e-43
-1.97401e-43
-1.97491e-43
-1.97579e-43
-1.97665e-43
-1.9775e-43
-1.98589e-43
-1.99414e-43
-2.00224e-43
-2.00263e-43
-2.00301e-43
-2.01095e-43
-2.01875e-43
-2.02641e-43
-2.03394e-43
-2.03377e-43
-2.02603e-43
-2.02598e-43
-2.0335e-43
-2.04088e-43
-2.04814e-43
-2.06282e-43
-2.08482e-43
-2.10644e-43
-2.12767e-43
-2.14097e-43
-2.15403e-43
-2.17442e-43
-2.19446e-43
-2.21414e-43
-2.23347e-43
-2.25246e-43
-2.27111e-43
-2.28942e-43
-2.30741e-43
-2.32508e-43
-2.34243e-43
-2.35947e-43
-2.37621e-43
-2.39264e-43
-2.40877e-43
-2.42461e-43
-2.4326e-43
-2.44043e-43
-2.45568e-43
-2.47065e-43
-2.47779e-43
-2.48479e-43
-2.49921e-43
-2.51337e-43
-2.52728e-43
-2.54092e-43
-2.54676e-43
-2.54491e-43
-2.54307e-43
-2.54126e-43
-2.53946e-43
-2.53768e-43
-2.53591e-43
-2.54173e-43
-2.555e-43
-2.56803e-43
-2.58083e-43
-2.59338e-43
-2.60571e-43
-2.61782e-43
-2.6297e-43
-2.64137e-43
-2.65282e-43
-2.66405e-43
-2.67508e-43
-2.68591e-43
-2.68897e-43
-2.6844e-43
-2.67989e-43
-2.67545e-43
-2.67864e-43
-2.68176e-43
-2.67725e-43
-2.67281e-43
-2.66843e-43
-2.66412e-43
-2.65987e-43
-2.65569e-43
-2.65157e-43
-2.64751e-43
-2.64351e-43
-2.63958e-43
-2.6357e-43
-2.63189e-43
-2.62813e-43
-2.62444e-43
-2.6208e-43
-2.61722e-43
-2.6137e-43
-2.61023e-43
-2.60681e-43
-2.60346e-43
-2.59259e-43
-2.57434e-43
-2.5564e-43
-2.53877e-43
-2.52144e-43
-2.50441e-43
-2.48767e-43
-2.47123e-43
-2.45507e-43
-2.43919e-43
-2.43115e-43
-2.43082e-43
-2.4305e-43
-2.43019e-43
-2.42989e-43
-2.4296e-43
-2.42932e-43
-2.42905e-43
-2.42878e-43
-2.42852e-43
-2.42827e-43
-2.42803e-43
-2.42779e-43
-2.42756e-43
-2.42734e-43
-2.42713e-43
-2.42692e-43
-2.42672e-43
-2.42652e-43
-2.41877e-43
-2.40358e-43
-2.38866e-43
-2.38157e-43
-2.3746e-43
-2.36019e-43
-2.34604e-43
-2.33213e-43
-2.31847e-43
-2.31262e-43
-2.30687e-43
-2.29367e-43
-2.28069e-43
-2.26795e-43
-2.25544e-43
-2.24315e-43
-2.23107e-43
-2.21922e-43
-2.20758e-43
-2.19614e-43
-2.18492e-43
-2.18146e-43
-2.17807e-43
-2.16719e-43
-2.16406e-43
-2.161e-43
-2.15044e-43
-2.14007e-43
-2.12988e-43
-2.12745e-43
-2.13263e-43
-2.13017e-43
-2.1202e-43
-2.11797e-43
-2.11578e-43
-2.10608e-43
-2.09656e-43
-2.08721e-43
-2.07803e-43
-2.06902e-43
-2.06017e-43
-2.05148e-43
-2.04295e-43
-2.03458e-43
-2.02637e-43
-2.0183e-43
-2.01039e-43
-2.00262e-43
-2.00256e-43
-2.01008e-43
-2.00991e-43
-2.00219e-43
-2.00218e-43
-2.00217e-43
-1.99461e-43
-1.98719e-43
-1.9799e-43
-1.98032e-43
-1.98073e-43
-1.97358e-43
-1.96657e-43
-1.95968e-43
-1.96048e-43
-1.96885e-43
-1.97708e-43
-1.99274e-43
-2.00813e-43
-2.02327e-43
-2.03815e-43
-2.05277e-43
-2.06715e-43
-2.08129e-43
-2.09518e-43
-2.10883e-43
-2.12225e-43
-2.13544e-43
-2.1484e-43
-2.15357e-43
-2.16621e-43
-2.17863e-43
-2.18327e-43
-2.18783e-43
-2.19987e-43
-2.21927e-43
-2.23076e-43
-2.23449e-43
-2.24571e-43
-2.25673e-43
-2.26756e-43
-2.28576e-43
-2.30364e-43
-2.31364e-43
-2.31589e-43
-2.3181e-43
-2.32027e-43
-2.32995e-43
-2.34703e-43
-2.35624e-43
-2.35772e-43
-2.35916e-43
-2.36057e-43
-2.36952e-43
-2.38586e-43
-2.40192e-43
-2.41013e-43
-2.41062e-43
-2.4111e-43
-2.41156e-43
-2.412e-43
-2.41243e-43
-2.4204e-43
-2.4358e-43
-2.44336e-43
-2.44321e-43
-2.44306e-43
-2.45047e-43
-2.45775e-43
-2.45732e-43
-2.45689e-43
-2.45647e-43
-2.46361e-43
-2.47062e-43
-2.4775e-43
-2.48425e-43
-2.48331e-43
-2.48995e-43
-2.49647e-43
-2.50287e-43
-2.50915e-43
-2.50775e-43
-2.51393e-43
-2.51999e-43
-2.51838e-43
-2.51679e-43
-2.51522e-43
-2.52123e-43
-2.5347e-43
-2.54037e-43
-2.54593e-43
-2.55895e-43
-2.56418e-43
-2.56931e-43
-2.58191e-43
-2.58671e-43
-2.58387e-43
-2.58863e-43
-2.59329e-43
-2.59031e-43
-2.59493e-43
-2.60704e-43
-2.61136e-43
-2.60803e-43
-2.61233e-43
-2.61653e-43
-2.6131e-43
-2.61728e-43
-2.62895e-43
-2.63284e-43
-2.6291e-43
-2.62541e-43
-2.62178e-43
-2.62578e-43
-2.63726e-43
-2.64854e-43
-2.65962e-43
-2.66293e-43
-2.65862e-43
-2.66194e-43
-2.66519e-43
-2.66082e-43
-2.65652e-43
-2.65985e-43
-2.67068e-43
-2.68132e-43
-2.68421e-43
-2.68704e-43
-2.68981e-43
-2.68497e-43
-2.68777e-43
-2.69808e-43
-2.7082e-43
-2.71815e-43
-2.72035e-43
-2.71495e-43
-2.70963e-43
-2.7044e-43
-2.70681e-43
-2.70918e-43
-2.70394e-43
-2.69879e-43
-2.69371e-43
-2.69629e-43
-2.69882e-43
-2.69374e-43
-2.6963e-43
-2.69882e-43
-2.69373e-43
-2.68872e-43
-2.69136e-43
-2.69395e-43
-2.68892e-43
-2.69155e-43
-2.69413e-43
-2.68909e-43
-2.69171e-43
-2.69428e-43
-2.6968e-43
-2.69927e-43
-2.7017e-43
-2.70409e-43
-2.70643e-43
-2.70873e-43
-2.71099e-43
-2.7132e-43
-2.70781e-43
-2.71007e-43
-2.71986e-43
-2.72191e-43
-2.72393e-43
-2.7259e-43
-2.72784e-43
-2.72975e-43
-2.72405e-43
-2.71845e-43
-2.71294e-43
-2.71509e-43
-2.7172e-43
-2.71927e-43
-2.72131e-43
-2.72331e-43
-2.72527e-43
-2.71963e-43
-2.72165e-43
-2.7312e-43
-2.73302e-43
-2.72724e-43
-2.72912e-43
-2.73097e-43
-2.72521e-43
-2.72713e-43
-2.729e-43
-2.72328e-43
-2.72522e-43
-2.72713e-43
-2.72143e-43
-2.7234e-43
-2.72533e-43
-2.71966e-43
-2.71409e-43
-2.71618e-43
-2.71824e-43
-2.71269e-43
-2.70724e-43
-2.70188e-43
-2.69661e-43
-2.699e-43
-2.70134e-43
-2.69609e-43
-2.69092e-43
-2.68584e-43
-2.68085e-43
-2.67595e-43
-2.67869e-43
-2.68896e-43
-2.69149e-43
-2.6864e-43
-2.68141e-43
-2.6765e-43
-2.67167e-43
-2.66693e-43
-2.66228e-43
-2.6577e-43
-2.65321e-43
-2.64879e-43
-2.64446e-43
-2.6402e-43
-2.63601e-43
-2.63947e-43
-2.65043e-43
-2.6612e-43
-2.6718e-43
-2.67464e-43
-2.66987e-43
-2.66518e-43
-2.66058e-43
-2.66362e-43
-2.67417e-43
-2.68454e-43
-2.69474e-43
-2.69719e-43
-2.69204e-43
-2.68697e-43
-2.68199e-43
-2.67709e-43
-2.67228e-43
-2.67512e-43
-2.68548e-43
-2.68809e-43
-2.68309e-43
-2.68574e-43
-2.68078e-43
-2.66078e-43
-2.64868e-43
-2.64436e-43
-2.63255e-43
-2.61339e-43
-2.60212e-43
-2.59104e-43
-2.5726e-43
-2.55448e-43
-2.53667e-43
-2.52674e-43
-2.51699e-43
-2.49985e-43
-2.49058e-43
-2.48147e-43
-2.46496e-43
-2.45631e-43
-2.44781e-43
-2.43947e-43
-2.43129e-43
-2.41568e-43
-2.40792e-43
-2.40787e-43
-2.40026e-43
-2.38523e-43
-2.37046e-43
-2.35596e-43
-2.34172e-43
-2.33529e-43
-2.32899e-43
-2.31525e-43
-2.30175e-43
-2.28849e-43
-2.27547e-43
-2.27026e-43
-2.26514e-43
-2.26013e-43
-2.25521e-43
-2.25039e-43
-2.25323e-43
-2.24846e-43
-2.24379e-43
-2.23921e-43
-2.22715e-43
-2.21531e-43
-2.20368e-43
-2.19227e-43
-2.18106e-43
-2.17762e-43
-2.18182e-43
-2.17839e-43
-2.16747e-43
-2.15674e-43
-2.14621e-43
-2.14344e-43
-2.14829e-43
-2.1455e-43
-2.13521e-43
-2.1251e-43
-2.11518e-43
-2.10544e-43
-2.09587e-43
-2.09405e-43
-2.09227e-43
-2.08297e-43
-2.07383e-43
-2.07243e-43
-2.07107e-43
-2.06217e-43
-2.05343e-43
-2.04486e-43
-2.04401e-43
-2.04318e-43
-2.03482e-43
-2.03417e-43
-2.04111e-43
-2.04037e-43
-2.03209e-43
-2.02396e-43
-2.01598e-43
-2.01571e-43
-2.01545e-43
-2.00764e-43
-1.99998e-43
-1.99246e-43
-1.98507e-43
-1.97782e-43
-1.9707e-43
-1.96372e-43
-1.972e-43
-1.99527e-43
-2.01815e-43
-2.04064e-43
-2.05518e-43
-2.06192e-43
-2.06854e-43
-2.07505e-43
-2.08145e-43
-2.08774e-43
-2.10149e-43
-2.115e-43
-2.12072e-43
-2.12634e-43
-2.13187e-43
-2.14486e-43
-2.15763e-43
-2.16261e-43
-2.16751e-43
-2.17232e-43
-2.17704e-43
-2.18169e-43
-2.18625e-43
-2.19072e-43
-2.19512e-43
-2.19944e-43
-2.20369e-43
-2.20786e-43
-2.21195e-43
-2.21597e-43
-2.21991e-43
-2.22379e-43
-2.22003e-43
-2.20877e-43
-2.1977e-43
-2.18681e-43
-2.17612e-43
-2.1656e-43
-2.15527e-43
-2.14511e-43
-2.13513e-43
-2.12532e-43
-2.11569e-43
-2.10622e-43
-2.09691e-43
-2.08777e-43
-2.07879e-43
-2.06997e-43
-2.06886e-43
-2.07535e-43
-2.08173e-43
-2.088e-43
-2.09416e-43
-2.10022e-43
-2.10618e-43
-2.11203e-43
-2.11779e-43
-2.13101e-43
-2.14401e-43
-2.14922e-43
-2.15434e-43
-2.15936e-43
-2.1643e-43
-2.16916e-43
-2.17393e-43
-2.17861e-43
-2.18322e-43
-2.18774e-43
-2.19218e-43
-2.19654e-43
-2.20083e-43
-2.20504e-43
-2.20917e-43
-2.2208e-43
-2.23222e-43
-2.23588e-43
-2.23947e-43
-2.24299e-43
-2.24645e-43
-2.24985e-43
-2.25318e-43
-2.25646e-43
-2.26723e-43
-2.27782e-43
-2.28066e-43
-2.28344e-43
-2.28617e-43
-2.28885e-43
-2.29148e-43
-2.29406e-43
-2.29658e-43
-2.29907e-43
-2.30906e-43
-2.31889e-43
-2.32097e-43
-2.32301e-43
-2.32501e-43
-2.32697e-43
-2.32889e-43
-2.33834e-43
-2.34763e-43
-2.34918e-43
-2.3507e-43
-2.35219e-43
-2.35364e-43
-2.35507e-43
-2.35647e-43
-2.35784e-43
-2.35918e-43
-2.36049e-43
-2.36178e-43
-2.36303e-43
-2.36427e-43
-2.36547e-43
-2.36665e-43
-2.36781e-43
-2.36894e-43
-2.37005e-43
-2.37114e-43
-2.3722e-43
-2.37324e-43
-2.37426e-43
-2.36769e-43
-2.35367e-43
-2.33988e-43
-2.32634e-43
-2.31302e-43
-2.29993e-43
-2.28706e-43
-2.27442e-43
-2.262e-43
-2.24979e-43
-2.2378e-43
-2.22601e-43
-2.21443e-43
-2.20305e-43
-2.19187e-43
-2.18089e-43
-2.17767e-43
-2.18207e-43
-2.17884e-43
-2.17567e-43
-2.18012e-43
-2.1845e-43
-2.18881e-43
-2.19304e-43
-2.19721e-43
-2.20131e-43
-2.19778e-43
-2.1943e-43
-2.19846e-43
-2.20255e-43
-2.20657e-43
-2.21052e-43
-2.21441e-43
-2.21823e-43
-2.22199e-43
-2.22568e-43
-2.22931e-43
-2.23288e-43
-2.23639e-43
-2.23227e-43
-2.22823e-43
-2.23182e-43
-2.23535e-43
-2.23881e-43
-2.24222e-43
-2.24557e-43
-2.24886e-43
-2.2521e-43
-2.25528e-43
-2.2584e-43
-2.26147e-43
-2.25692e-43
-2.25245e-43
-2.25562e-43
-2.25117e-43
-2.25436e-43
-2.27263e-43
-2.29058e-43
-2.30822e-43
-2.32556e-43
-2.33502e-43
-2.34432e-43
-2.36103e-43
-2.36987e-43
-2.37856e-43
-2.39465e-43
-2.4029e-43
-2.411e-43
-2.42653e-43
-2.44177e-43
-2.45675e-43
-2.47146e-43
-2.48591e-43
-2.5001e-43
-2.50648e-43
-2.51274e-43
-2.52644e-43
-2.5399e-43
-2.54555e-43
-2.54353e-43
-2.54154e-43
-2.53957e-43
-2.53762e-43
-2.5357e-43
-2.53381e-43
-2.53194e-43
-2.52253e-43
-2.51328e-43
-2.51174e-43
-2.51023e-43
-2.50117e-43
-2.48469e-43
-2.47606e-43
-2.47514e-43
-2.46667e-43
-2.45834e-43
-2.45015e-43
-2.4421e-43
-2.44175e-43
-2.43385e-43
-2.42607e-43
-2.426e-43
-2.42592e-43
-2.41828e-43
-2.41077e-43
-2.41096e-43
-2.41114e-43
-2.40376e-43
-2.3965e-43
-2.39694e-43
-2.3898e-43
-2.37522e-43
-2.36845e-43
-2.36938e-43
-2.37028e-43
-2.36361e-43
-2.35705e-43
-2.35818e-43
-2.35929e-43
-2.36038e-43
-2.35389e-43
-2.34751e-43
-2.34881e-43
-2.34252e-43
-2.32878e-43
-2.31528e-43
-2.30202e-43
-2.29655e-43
-2.29874e-43
-2.30091e-43
-2.30304e-43
-2.29757e-43
-2.29219e-43
-2.29448e-43
-2.29674e-43
-2.29139e-43
-2.27857e-43
-2.26598e-43
-2.26118e-43
-2.25646e-43
-2.24426e-43
-2.23984e-43
-2.24307e-43
-2.24625e-43
-2.24938e-43
-2.24489e-43
-2.23292e-43
-2.22116e-43
-2.20961e-43
-2.20582e-43
-2.20211e-43
-2.1909e-43
-2.17233e-43
-2.15408e-43
-2.14372e-43
-2.13354e-43
-2.12355e-43
-2.11373e-43
-2.1041e-43
-2.09464e-43
-2.08534e-43
-2.07622e-43
-2.06727e-43
-2.05091e-43
-2.04241e-43
-2.04919e-43
-2.05587e-43
-2.05487e-43
-2.04634e-43
-2.03796e-43
-2.03729e-43
-2.03665e-43
-2.03603e-43
-2.03543e-43
-2.03484e-43
-2.03427e-43
-2.02615e-43
-2.01818e-43
-2.01036e-43
-2.01024e-43
-2.01013e-43
-2.00247e-43
-2.00251e-43
-2.01012e-43
-2.01761e-43
-2.02498e-43
-2.03222e-43
-2.03935e-43
-2.03879e-43
-2.03068e-43
-2.02271e-43
-2.02245e-43
-2.02977e-43
-2.03696e-43
-2.03647e-43
-2.02843e-43
-2.02053e-43
-2.01277e-43
-2.01271e-43
-2.02779e-43
-2.05018e-43
-2.07218e-43
-2.08624e-43
-2.10006e-43
-2.12121e-43
-2.13443e-43
-2.13986e-43
-2.14518e-43
-2.15042e-43
-2.15556e-43
-2.16061e-43
-2.16558e-43
-2.17045e-43
-2.17524e-43
-2.17994e-43
-2.18456e-43
-2.1891e-43
-2.20112e-43
-2.22049e-43
-2.23953e-43
-2.25067e-43
-2.24648e-43
-2.23479e-43
-2.2233e-43
-2.212e-43
-2.2009e-43
-2.19754e-43
-2.20181e-43
-2.19844e-43
-2.19512e-43
-2.19942e-43
-2.20365e-43
-2.2078e-43
-2.20431e-43
-2.19332e-43
-2.18251e-43
-2.17188e-43
-2.16144e-43
-2.15118e-43
-2.1411e-43
-2.13875e-43
-2.14401e-43
-2.14918e-43
-2.15426e-43
-2.15926e-43
-2.16417e-43
-2.16143e-43
-2.15117e-43
-2.14109e-43
-2.13118e-43
-2.12901e-43
-2.13444e-43
-2.13978e-43
-2.14503e-43
-2.14262e-43
-2.13269e-43
-2.12294e-43
-2.12091e-43
-2.12649e-43
-2.13198e-43
-2.13737e-43
-2.14266e-43
-2.14787e-43
-2.15299e-43
-2.15802e-43
-2.16296e-43
-2.16782e-43
-2.17259e-43
-2.17728e-43
-2.18189e-43
-2.18641e-43
-2.19086e-43
-2.19523e-43
-2.19196e-43
-2.18117e-43
-2.17057e-43
-2.16015e-43
-2.14992e-43
-2.13985e-43
-2.12997e-43
-2.12025e-43
-2.1107e-43
-2.10132e-43
-2.09967e-43
-2.10561e-43
-2.11145e-43
-2.10963e-43
-2.10028e-43
-2.08353e-43
-2.0595e-43
-2.04345e-43
-2.03525e-43
-2.01963e-43
-1.99672e-43
-1.97421e-43
-1.95209e-43
-1.93793e-43
-1.93159e-43
-1.91779e-43
-1.90425e-43
-1.89094e-43
-1.87031e-43
-1.85004e-43
-1.83014e-43
-1.81815e-43
-1.80638e-43
-1.79482e-43
-1.79104e-43
-1.77977e-43
-1.76115e-43
-1.74285e-43
-1.73245e-43
-1.72224e-43
-1.70466e-43
-1.68739e-43
-1.67043e-43
-1.65377e-43
-1.63742e-43
-1.62137e-43
-1.6056e-43
-1.59013e-43
-1.57493e-43
-1.56758e-43
-1.56037e-43
-1.5533e-43
-1.54636e-43
-1.532e-43
-1.5179e-43
-1.50406e-43
-1.49804e-43
-1.4997e-43
-1.50135e-43
-1.50298e-43
-1.51217e-43
-1.52121e-43
-1.53011e-43
-1.53886e-43
-1.53992e-43
-1.54096e-43
-1.542e-43
-1.54303e-43
-1.54405e-43
-1.54506e-43
-1.54607e-43
-1.54706e-43
-1.55561e-43
-1.56403e-43
-1.56474e-43
-1.56544e-43
-1.56614e-43
-1.56683e-43
-1.56752e-43
-1.5682e-43
-1.56131e-43
-1.54698e-43
-1.5329e-43
-1.51907e-43
-1.50549e-43
-1.49215e-43
-1.47904e-43
-1.46617e-43
-1.46109e-43
-1.46368e-43
-1.46623e-43
-1.46874e-43
-1.47122e-43
-1.47366e-43
-1.47607e-43
-1.47844e-43
-1.48078e-43
-1.48308e-43
-1.49292e-43
-1.50259e-43
-1.50453e-43
-1.50645e-43
-1.50833e-43
-1.51019e-43
-1.51202e-43
-1.52138e-43
-1.53059e-43
-1.53208e-43
-1.53354e-43
-1.53498e-43
-1.5364e-43
-1.53779e-43
-1.54673e-43
-1.55552e-43
-1.55659e-43
-1.55764e-43
-1.55867e-43
-1.55969e-43
-1.56069e-43
-1.56167e-43
-1.56264e-43
-1.56359e-43
-1.56453e-43
-1.56545e-43
-1.56635e-43
-1.56724e-43
-1.56811e-43
-1.56897e-43
-1.56981e-43
-1.57064e-43
-1.57145e-43
-1.57225e-43
-1.57304e-43
-1.57381e-43
-1.57457e-43
-1.57532e-43
-1.57605e-43
-1.57677e-43
-1.57748e-43
-1.57817e-43
-1.57886e-43
-1.57953e-43
-1.58018e-43
-1.58083e-43
-1.5739e-43
-1.55952e-43
-1.5454e-43
-1.53151e-43
-1.51787e-43
-1.50446e-43
-1.48372e-43
-1.47091e-43
-1.47345e-43
-1.47596e-43
-1.47842e-43
-1.48085e-43
-1.48323e-43
-1.48558e-43
-1.48789e-43
-1.49017e-43
-1.49241e-43
-1.49461e-43
-1.49677e-43
-1.49891e-43
-1.501e-43
-1.4955e-43
-1.49009e-43
-1.49235e-43
-1.49456e-43
-1.49674e-43
-1.49889e-43
-1.501e-43
-1.50307e-43
-1.50511e-43
-1.50712e-43
-1.50909e-43
-1.51103e-43
-1.50537e-43
-1.49981e-43
-1.50191e-43
-1.49641e-43
-1.49101e-43
-1.50083e-43
-1.51805e-43
-1.53497e-43
-1.5516e-43
-1.56795e-43
-1.58401e-43
-1.59979e-43
-1.6153e-43
-1.63053e-43
-1.6455e-43
-1.66021e-43
-1.67466e-43
-1.68885e-43
-1.70279e-43
-1.71649e-43
-1.72994e-43
-1.74315e-43
-1.75613e-43
-1.76888e-43
-1.78139e-43
-1.78612e-43
-1.79076e-43
-1.80287e-43
-1.79963e-43
-1.78888e-43
-1.78587e-43
-1.7829e-43
-1.77241e-43
-1.75453e-43
-1.74451e-43
-1.74223e-43
-1.74755e-43
-1.76034e-43
-1.7729e-43
-1.77767e-43
-1.77479e-43
-1.77952e-43
-1.79173e-43
-1.80372e-43
-1.8155e-43
-1.82707e-43
-1.83087e-43
-1.83459e-43
-1.84581e-43
-1.85683e-43
-1.86766e-43
-1.87072e-43
-1.86616e-43
-1.86923e-43
-1.87981e-43
-1.88263e-43
-1.87784e-43
-1.88068e-43
-1.89103e-43
-1.9012e-43
-1.91119e-43
-1.91343e-43
-1.91562e-43
-1.92534e-43
-1.92731e-43
-1.92168e-43
-1.9237e-43
-1.94081e-43
-1.95762e-43
-1.97413e-43
-1.99792e-43
-2.02129e-43
-2.03667e-43
-2.05179e-43
-2.0742e-43
-2.09621e-43
-2.11026e-43
-2.1165e-43
-2.13018e-43
-2.15117e-43
-2.16423e-43
-2.17705e-43
-2.1972e-43
-2.21699e-43
-2.23642e-43
-2.24794e-43
-2.25924e-43
-2.2779e-43
-2.28866e-43
-2.29922e-43
-2.31715e-43
-2.32718e-43
-2.3219e-43
-2.31669e-43
-2.31912e-43
-2.31393e-43
-2.30125e-43
-2.29634e-43
-2.29907e-43
-2.29417e-43
-2.28179e-43
-2.27716e-43
-2.28018e-43
-2.27557e-43
-2.26346e-43
-2.25912e-43
-2.26241e-43
-2.26563e-43
-2.26879e-43
-2.27189e-43
-2.26737e-43
-2.25535e-43
-2.24353e-43
-2.23947e-43
-2.24304e-43
-2.24655e-43
-2.24999e-43
-2.2458e-43
-2.23411e-43
-2.22262e-43
-2.21889e-43
-2.21521e-43
-2.20404e-43
-2.19305e-43
-2.18982e-43
-2.1942e-43
-2.19851e-43
-2.19518e-43
-2.18434e-43
-2.18124e-43
-2.18577e-43
-2.19021e-43
-2.18702e-43
-2.17631e-43
-2.17335e-43
-2.17801e-43
-2.17502e-43
-2.16451e-43
-2.15419e-43
-2.15161e-43
-2.14907e-43
-2.13902e-43
-2.1367e-43
-2.14199e-43
-2.13962e-43
-2.12973e-43
-2.12002e-43
-2.11047e-43
-2.10865e-43
-2.10687e-43
-2.09755e-43
-2.09596e-43
-2.10197e-43
-2.10031e-43
-2.09112e-43
-2.07452e-43
-2.05821e-43
-2.04219e-43
-2.01888e-43
-2.00354e-43
-1.99604e-43
-1.98111e-43
-1.95887e-43
-1.94459e-43
-1.93813e-43
-1.92423e-43
-1.90301e-43
-1.88972e-43
-1.88424e-43
-1.8713e-43
-1.85103e-43
-1.83111e-43
-1.81911e-43
-1.8149e-43
-1.80321e-43
-1.78416e-43
-1.76545e-43
-1.74708e-43
-1.7366e-43
-1.73388e-43
-1.73121e-43
-1.72861e-43
-1.72606e-43
-1.71601e-43
-1.69857e-43
-1.68145e-43
-1.66464e-43
-1.64812e-43
-1.63191e-43
-1.62355e-43
-1.61535e-43
-1.59974e-43
-1.58442e-43
-1.56937e-43
-1.56216e-43
-1.56265e-43
-1.56315e-43
-1.55609e-43
-1.5416e-43
-1.52738e-43
-1.51341e-43
-1.4997e-43
-1.4938e-43
-1.49559e-43
-1.48979e-43
-1.47654e-43
-1.46353e-43
-1.45833e-43
-1.46079e-43
-1.45566e-43
-1.44307e-43
-1.43071e-43
-1.42613e-43
-1.42922e-43
-1.4247e-43
-1.41271e-43
-1.40093e-43
-1.39694e-43
-1.39303e-43
-1.38919e-43
-1.38544e-43
-1.36663e-43
-1.3406e-43
-1.31502e-43
-1.2899e-43
-1.27279e-43
-1.26356e-43
-1.26207e-43
-1.26818e-43
-1.26663e-43
-1.25757e-43
-1.24867e-43
-1.2475e-43
-1.24637e-43
-1.2377e-43
-1.2292e-43
-1.22086e-43
-1.21267e-43
-1.20464e-43
-1.20432e-43
-1.20402e-43
-1.19618e-43
-1.18848e-43
-1.18849e-43
-1.19608e-43
-1.20355e-43
-1.2109e-43
-1.21814e-43
-1.22526e-43
-1.23227e-43
-1.23159e-43
-1.22338e-43
-1.21531e-43
-1.20739e-43
-1.19961e-43
-1.19198e-43
-1.18449e-43
-1.1847e-43
-1.19248e-43
-1.20769e-43
-1.23022e-43
-1.2448e-43
-1.25914e-43
-1.27323e-43
-1.27952e-43
-1.2857e-43
-1.29178e-43
-1.29776e-43
-1.30363e-43
-1.30941e-43
-1.31508e-43
-1.32066e-43
-1.33371e-43
-1.34654e-43
-1.35158e-43
-1.35653e-43
-1.36139e-43
-1.36617e-43
-1.37087e-43
-1.38304e-43
-1.39501e-43
-1.3992e-43
-1.40332e-43
-1.40737e-43
-1.41134e-43
-1.40767e-43
-1.3965e-43
-1.38552e-43
-1.37473e-43
-1.36412e-43
-1.3537e-43
-1.34345e-43
-1.33338e-43
-1.32348e-43
-1.31376e-43
-1.3042e-43
-1.29481e-43
-1.29315e-43
-1.29152e-43
-1.28236e-43
-1.27335e-43
-1.26451e-43
-1.25582e-43
-1.25485e-43
-1.2539e-43
-1.2454e-43
-1.23705e-43
-1.22885e-43
-1.2208e-43
-1.21289e-43
-1.20512e-43
-1.19749e-43
-1.19e-43
-1.18264e-43
-1.17541e-43
-1.16832e-43
-1.16135e-43
-1.1545e-43
-1.14779e-43
-1.14119e-43
-1.13471e-43
-1.12835e-43
-1.12968e-43
-1.13855e-43
-1.14727e-43
-1.15585e-43
-1.16429e-43
-1.17259e-43
-1.18074e-43
-1.18876e-43
-1.19665e-43
-1.2044e-43
-1.21202e-43
-1.21951e-43
-1.22687e-43
-1.23411e-43
-1.24122e-43
-1.24821e-43
-1.25508e-43
-1.26183e-43
-1.26846e-43
-1.27498e-43
-1.28138e-43
-1.28768e-43
-1.29386e-43
-1.29993e-43
-1.3059e-43
-1.31176e-43
-1.31752e-43
-1.32317e-43
-1.32873e-43
-1.33419e-43
-1.33198e-43
-1.32224e-43
-1.31267e-43
-1.31083e-43
-1.31658e-43
-1.32223e-43
-1.32778e-43
-1.33323e-43
-1.33858e-43
-1.34384e-43
-1.34901e-43
-1.35408e-43
-1.35907e-43
-1.36396e-43
-1.36877e-43
-1.37348e-43
-1.37812e-43
-1.38267e-43
-1.38714e-43
-1.39153e-43
-1.39583e-43
-1.40006e-43
-1.39665e-43
-1.38573e-43
-1.38255e-43
-1.37943e-43
-1.36879e-43
-1.35834e-43
-1.35562e-43
-1.36052e-43
-1.36533e-43
-1.37006e-43
-1.36713e-43
-1.35669e-43
-1.34643e-43
-1.33635e-43
-1.32643e-43
-1.32426e-43
-1.32968e-43
-1.33502e-43
-1.34026e-43
-1.34541e-43
-1.35047e-43
-1.35544e-43
-1.36033e-43
-1.36513e-43
-1.36984e-43
-1.37447e-43
-1.37903e-43
-1.3835e-43
-1.38032e-43
-1.36964e-43
-1.3667e-43
-1.37138e-43
-1.37597e-43
-1.38048e-43
-1.38492e-43
-1.38928e-43
-1.39355e-43
-1.39776e-43
-1.39432e-43
-1.38338e-43
-1.38018e-43
-1.38461e-43
-1.38896e-43
-1.39323e-43
-1.39743e-43
-1.40155e-43
-1.39803e-43
-1.38701e-43
-1.37618e-43
-1.36553e-43
-1.35506e-43
-1.33721e-43
-1.31211e-43
-1.28743e-43
-1.26319e-43
-1.23936e-43
-1.21595e-43
-1.19295e-43
-1.17036e-43
-1.15572e-43
-1.14891e-43
-1.14223e-43
-1.13567e-43
-1.12923e-43
-1.12291e-43
-1.1167e-43
-1.11061e-43
-1.10464e-43
-1.09878e-43
-1.09302e-43
-1.08738e-43
-1.08184e-43
-1.0764e-43
-1.06351e-43
-1.04327e-43
-1.03096e-43
-1.02644e-43
-1.02201e-43
-1.01766e-43
-1.01339e-43
-1.00921e-43
-1.00511e-43
-1.00109e-43
-9.89584e-44
-9.8585e-44
-9.9732e-44
-1.00104e-43
-9.97131e-44
-9.93302e-44
-9.97112e-44
-1.00843e-43
-1.01199e-43
-1.00794e-43
-1.01152e-43
-1.02262e-43
-1.02596e-43
-1.02169e-43
-1.02506e-43
-1.03595e-43
-1.03908e-43
-1.04217e-43
-1.0452e-43
-1.04062e-43
-1.04369e-43
-1.05428e-43
-1.06469e-43
-1.06735e-43
-1.06997e-43
-1.08011e-43
-1.08251e-43
-1.08488e-43
-1.0872e-43
-1.08192e-43
-1.07673e-43
-1.0792e-43
-1.08162e-43
-1.08401e-43
-1.08635e-43
-1.07353e-43
-1.06849e-43
-1.07867e-43
-1.08868e-43
-1.09851e-43
-1.10818e-43
-1.11011e-43
-1.10444e-43
-1.10644e-43
-1.11597e-43
-1.12533e-43
-1.13453e-43
-1.14357e-43
-1.14489e-43
-1.13861e-43
-1.13245e-43
-1.12639e-43
-1.12043e-43
-1.12214e-43
-1.12382e-43
-1.12547e-43
-1.12709e-43
-1.12868e-43
-1.13024e-43
-1.13178e-43
-1.13329e-43
-1.1272e-43
-1.12122e-43
-1.12291e-43
-1.13213e-43
-1.1412e-43
-1.1501e-43
-1.15129e-43
-1.15245e-43
-1.16116e-43
-1.16215e-43
-1.15556e-43
-1.15664e-43
-1.16527e-43
-1.17375e-43
-1.18207e-43
-1.19782e-43
-1.2133e-43
-1.2285e-43
-1.25101e-43
-1.26555e-43
-1.27228e-43
-1.27888e-43
-1.28536e-43
-1.29929e-43
-1.31298e-43
-1.32642e-43
-1.34718e-43
-1.36002e-43
-1.36506e-43
-1.37758e-43
-1.39743e-43
-1.41693e-43
-1.43609e-43
-1.4549e-43
-1.47338e-43
-1.49153e-43
