Vec Object: Vec_0x55e2489620c0_0 1 MPI process
  type: seq
1.
0.999879
0.999758
0.999637
0.999515
0.999394
0.999273
0.999152
0.999031
0.99891
0.998789
0.998668
0.998546
0.998425
0.998304
0.998183
0.998062
0.997941
0.997819
0.997698
0.997577
0.997456
0.997335
0.997214
0.997093
0.996971
0.99685
0.996729
0.996608
0.996487
0.996365
0.996244
0.996123
0.996002
0.995881
0.99576
0.995638
0.995517
0.995396
0.995275
0.995154
0.995032
0.994911
0.99479
0.994669
0.994548
0.994426
0.994305
0.994184
0.994063
0.993941
0.99382
0.993699
0.993578
0.993457
0.993335
0.993214
0.993093
0.992972
0.99285
0.992729
0.992608
0.992487
0.992365
0.992244
0.992123
0.992002
0.99188
0.991759
0.991638
0.991517
0.991395
0.991274
0.991153
0.991032
0.99091
0.990789
0.990668
0.990546
0.990425
0.990304
0.990183
0.990061
0.98994
0.989819
0.989697
0.989576
0.989455
0.989334
0.989212
0.989091
0.98897
0.988848
0.988727
0.988606
0.988484
0.988363
0.988242
0.988121
0.987999
0.987878
0.987757
0.987635
0.987514
0.987393
0.987271
0.98715
0.987029
0.986907
0.986786
0.986664
0.986543
0.986422
0.9863
0.986179
0.986058
0.985936
0.985815
0.985694
0.985572
0.985451
0.98533
0.985208
0.985087
0.984965
0.984844
0.984723
0.984601
0.98448
0.984359
0.984237
0.984116
0.983994
0.983873
0.983752
0.98363
0.983509
0.983387
0.983266
0.983145
0.983023
0.982902
0.98278
0.982659
0.982537
0.982416
0.982295
0.982173
0.982052
0.98193
0.981809
0.981687
0.981566
0.981445
0.981323
0.981202
0.98108
0.980959
0.980837
0.980716
0.980594
0.980473
0.980351
0.98023
0.980109
0.979987
0.979866
0.979744
0.979623
0.979501
0.97938
0.979258
0.979137
0.979015
0.978894
0.978772
0.978651
0.978529
0.978408
0.978286
0.978165
0.978043
0.977922
0.9778
0.977679
0.977557
0.977436
0.977314
0.977193
0.977071
0.97695
0.976828
0.976706
0.976585
0.976463
0.976342
0.97622
0.976099
0.975977
0.975856
0.975734
0.975613
0.975491
0.975369
0.975248
0.975126
0.975005
0.974883
0.974762
0.97464
0.974518
0.974397
0.974275
0.974154
0.974032
0.97391
0.973789
0.973667
0.973546
0.973424
0.973303
0.973181
0.973059
0.972938
0.972816
0.972694
0.972573
0.972451
0.97233
0.972208
0.972086
0.971965
0.971843
0.971721
0.9716
0.971478
0.971357
0.971235
0.971113
0.970992
0.97087
0.970748
0.970627
0.970505
0.970383
0.970262
0.97014
0.970018
0.969897
0.969775
0.969653
0.969532
0.96941
0.969288
0.969166
0.969045
0.968923
0.968801
0.96868
0.968558
0.968436
0.968315
0.968193
0.968071
0.967949
0.967828
0.967706
0.967584
0.967463
0.967341
0.967219
0.967097
0.966976
0.966854
0.966732
0.96661
0.966489
0.966367
0.966245
0.966123
0.966002
0.96588
0.965758
0.965636
0.965515
0.965393
0.965271
0.965149
0.965027
0.964906
0.964784
0.964662
0.96454
0.964419
0.964297
0.964175
0.964053
0.963931
0.96381
0.963688
0.963566
0.963444
0.963322
0.9632
0.963079
0.962957
0.962835
0.962713
0.962591
0.962469
0.962348
0.962226
0.962104
0.961982
0.96186
0.961738
0.961616
0.961495
0.961373
0.961251
0.961129
0.961007
0.960885
0.960763
0.960642
0.96052
0.960398
0.960276
0.960154
0.960032
0.95991
0.959788
0.959666
0.959544
0.959423
0.959301
0.959179
0.959057
0.958935
0.958813
0.958691
0.958569
0.958447
0.958325
0.958203
0.958081
0.957959
0.957837
0.957716
0.957594
0.957472
0.95735
0.957228
0.957106
0.956984
0.956862
0.95674
0.956618
0.956496
0.956374
0.956252
0.95613
0.956008
0.955886
0.955764
0.955642
0.95552
0.955398
0.955276
0.955154
0.955032
0.95491
0.954788
0.954666
0.954544
0.954422
0.9543
0.954178
0.954056
0.953934
0.953812
0.953689
0.953567
0.953445
0.953323
0.953201
0.953079
0.952957
0.952835
0.952713
0.952591
0.952469
0.952347
0.952225
0.952103
0.95198
0.951858
0.951736
0.951614
0.951492
0.95137
0.951248
0.951126
0.951004
0.950881
0.950759
0.950637
0.950515
0.950393
0.950271
0.950149
0.950027
0.949904
0.949782
0.94966
0.949538
0.949416
0.949294
0.949171
0.949049
0.948927
0.948805
0.948683
0.948561
0.948438
0.948316
0.948194
0.948072
0.94795
0.947827
0.947705
0.947583
0.947461
0.947339
0.947216
0.947094
0.946972
0.94685
0.946727
0.946605
0.946483
0.946361
0.946238
0.946116
0.945994
0.945872
0.945749
0.945627
0.945505
0.945383
0.94526
0.945138
0.945016
0.944893
0.944771
0.944649
0.944527
0.944404
0.944282
0.94416
0.944037
0.943915
0.943793
0.94367
0.943548
0.943426
0.943304
0.943181
0.943059
0.942936
0.942814
0.942692
0.942569
0.942447
0.942325
0.942202
0.94208
0.941958
0.941835
0.941713
0.941591
0.941468
0.941346
0.941223
0.941101
0.940979
0.940856
0.940734
0.940611
0.940489
0.940367
0.940244
0.940122
0.939999
0.939877
0.939754
0.939632
0.93951
0.939387
0.939265
0.939142
0.93902
0.938897
0.938775
0.938652
0.93853
0.938407
0.938285
0.938163
0.93804
0.937918
0.937795
0.937673
0.93755
0.937428
0.937305
0.937183
0.93706
0.936938
0.936815
0.936693
0.93657
0.936447
0.936325
0.936202
0.93608
0.935957
0.935835
0.935712
0.93559
0.935467
0.935345
0.935222
0.935099
0.934977
0.934854
0.934732
0.934609
0.934486
0.934364
0.934241
0.934119
0.933996
0.933873
0.933751
0.933628
0.933506
0.933383
0.93326
0.933138
0.933015
0.932892
0.93277
0.932647
0.932524
0.932402
0.932279
0.932157
0.932034
0.931911
0.931788
0.931666
0.931543
0.93142
0.931298
0.931175
0.931052
0.93093
0.930807
0.930684
0.930561
0.930439
0.930316
0.930193
0.930071
0.929948
0.929825
0.929702
0.92958
0.929457
0.929334
0.929211
0.929089
0.928966
0.928843
0.92872
0.928597
0.928475
0.928352
0.928229
0.928106
0.927984
0.927861
0.927738
0.927615
0.927492
0.927369
0.927247
0.927124
0.927001
0.926878
0.926755
0.926632
0.92651
0.926387
0.926264
0.926141
0.926018
0.925895
0.925772
0.925649
0.925527
0.925404
0.925281
0.925158
0.925035
0.924912
0.924789
0.924666
0.924543
0.92442
0.924297
0.924175
0.924052
0.923929
0.923806
0.923683
0.92356
0.923437
0.923314
0.923191
0.923068
0.922945
0.922822
0.922699
0.922576
0.922453
0.92233
0.922207
0.922084
0.921961
0.921838
0.921715
0.921592
0.921469
0.921346
0.921223
0.9211
0.920977
0.920854
0.920731
0.920607
0.920484
0.920361
0.920238
0.920115
0.919992
0.919869
0.919746
0.919623
0.9195
0.919377
0.919253
0.91913
0.919007
0.918884
0.918761
0.918638
0.918515
0.918392
0.918268
0.918145
0.918022
0.917899
0.917776
0.917653
0.917529
0.917406
0.917283
0.91716
0.917037
0.916913
0.91679
0.916667
0.916544
0.91642
0.916297
0.916174
0.916051
0.915928
0.915804
0.915681
0.915558
0.915435
0.915311
0.915188
0.915065
0.914941
0.914818
0.914695
0.914572
0.914448
0.914325
0.914202
0.914078
0.913955
0.913832
0.913708
0.913585
0.913462
0.913338
0.913215
0.913092
0.912968
0.912845
0.912721
0.912598
0.912475
0.912351
0.912228
0.912105
0.911981
0.911858
0.911734
0.911611
0.911487
0.911364
0.911241
0.911117
0.910994
0.91087
0.910747
0.910623
0.9105
0.910376
0.910253
0.910129
0.910006
0.909882
0.909759
0.909635
0.909512
0.909388
0.909265
0.909141
0.909018
0.908894
0.908771
0.908647
0.908524
0.9084
0.908277
0.908153
0.908029
0.907906
0.907782
0.907659
0.907535
0.907411
0.907288
0.907164
0.907041
0.906917
0.906793
0.90667
0.906546
0.906422
0.906299
0.906175
0.906052
0.905928
0.905804
0.90568
0.905557
0.905433
0.905309
0.905186
0.905062
0.904938
0.904815
0.904691
0.904567
0.904443
0.90432
0.904196
0.904072
0.903948
0.903825
0.903701
0.903577
0.903453
0.90333
0.903206
0.903082
0.902958
0.902834
0.902711
0.902587
0.902463
0.902339
0.902215
0.902091
0.901968
0.901844
0.90172
0.901596
0.901472
0.901348
0.901224
0.9011
0.900976
0.900853
0.900729
0.900605
0.900481
0.900357
0.900233
0.900109
0.899985
0.899861
0.899737
0.899613
0.899489
0.899365
0.899241
0.899117
0.898993
0.898869
0.898745
0.898621
0.898497
0.898373
0.898249
0.898125
0.898001
0.897877
0.897753
0.897629
0.897505
0.897381
0.897257
0.897133
0.897008
0.896884
0.89676
0.896636
0.896512
0.896388
0.896264
0.89614
0.896015
0.895891
0.895767
0.895643
0.895519
0.895395
0.89527
0.895146
0.895022
0.894898
0.894774
0.894649
0.894525
0.894401
0.894277
0.894152
0.894028
0.893904
0.89378
0.893655
0.893531
0.893407
0.893283
0.893158
0.893034
0.89291
0.892785
0.892661
0.892537
0.892412
0.892288
0.892164
0.892039
0.891915
0.891791
0.891666
0.891542
0.891417
0.891293
0.891169
0.891044
0.89092
0.890795
0.890671
0.890546
0.890422
0.890297
0.890173
0.890049
0.889924
0.8898
0.889675
0.889551
0.889426
0.889302
0.889177
0.889052
0.888928
0.888803
0.888679
0.888554
0.88843
0.888305
0.888181
0.888056
0.887931
0.887807
0.887682
0.887558
0.887433
0.887308
0.887184
0.887059
0.886934
0.88681
0.886685
0.88656
0.886436
0.886311
0.886186
0.886061
0.885937
0.885812
0.885687
0.885563
0.885438
0.885313
0.885188
0.885064
0.884939
0.884814
0.884689
0.884564
0.88444
0.884315
0.88419
0.884065
0.88394
0.883815
0.883691
0.883566
0.883441
0.883316
0.883191
0.883066
0.882941
0.882816
0.882691
0.882566
0.882441
0.882317
0.882192
0.882067
0.881942
0.881817
0.881692
0.881567
0.881442
0.881317
0.881192
0.881067
0.880942
0.880817
0.880691
0.880566
0.880441
0.880316
0.880191
0.880066
0.879941
0.879816
0.879691
0.879566
0.87944
0.879315
0.87919
0.879065
0.87894
0.878815
0.878689
0.878564
0.878439
0.878314
0.878189
0.878063
0.877938
0.877813
0.877688
0.877562
0.877437
0.877312
0.877187
0.877061
0.876936
0.876811
0.876685
0.87656
0.876435
0.876309
0.876184
0.876058
0.875933
0.875808
0.875682
0.875557
0.875431
0.875306
0.875181
0.875055
0.87493
0.874804
0.874679
0.874553
0.874428
0.874302
0.874177
0.874051
0.873926
0.8738
0.873674
0.873549
0.873423
0.873298
0.873172
0.873047
0.872921
0.872795
0.87267
0.872544
0.872418
0.872293
0.872167
0.872041
0.871916
0.87179
0.871664
0.871539
0.871413
0.871287
0.871161
0.871036
0.87091
0.870784
0.870658
0.870532
0.870407
0.870281
0.870155
0.870029
0.869903
0.869777
0.869652
0.869526
0.8694
0.869274
0.869148
0.869022
0.868896
0.86877
0.868644
0.868518
0.868392
0.868266
0.86814
0.868014
0.867888
0.867762
0.867636
0.86751
0.867384
0.867258
0.867132
0.867006
0.86688
0.866753
0.866627
0.866501
0.866375
0.866249
0.866123
0.865997
0.86587
0.865744
0.865618
0.865492
0.865365
0.865239
0.865113
0.864987
0.86486
0.864734
0.864608
0.864481
0.864355
0.864229
0.864102
0.863976
0.86385
0.863723
0.863597
0.86347
0.863344
0.863218
0.863091
0.862965
0.862838
0.862712
0.862585
0.862459
0.862332
0.862206
0.862079
0.861952
0.861826
0.861699
0.861573
0.861446
0.861319
0.861193
0.861066
0.860939
0.860813
0.860686
0.860559
0.860433
0.860306
0.860179
0.860052
0.859926
0.859799
0.859672
0.859545
0.859419
0.859292
0.859165
0.859038
0.858911
0.858784
0.858657
0.85853
0.858404
0.858277
0.85815
0.858023
0.857896
0.857769
0.857642
0.857515
0.857388
0.857261
0.857134
0.857006
0.856879
0.856752
0.856625
0.856498
0.856371
0.856244
0.856117
0.855989
0.855862
0.855735
0.855608
0.85548
0.855353
0.855226
0.855099
0.854971
0.854844
0.854717
0.854589
0.854462
0.854335
0.854207
0.85408
0.853952
0.853825
0.853698
0.85357
0.853443
0.853315
0.853188
0.85306
0.852933
0.852805
0.852677
0.85255
0.852422
0.852295
0.852167
0.852039
0.851912
0.851784
0.851656
0.851529
0.851401
0.851273
0.851145
0.851018
0.85089
0.850762
0.850634
0.850506
0.850378
0.850251
0.850123
0.849995
0.849867
0.849739
0.849611
0.849483
0.849355
0.849227
0.849099
0.848971
0.848843
0.848715
0.848587
0.848458
0.84833
0.848202
0.848074
0.847946
0.847818
0.847689
0.847561
0.847433
0.847305
0.847176
0.847048
0.84692
0.846791
0.846663
0.846535
0.846406
0.846278
0.846149
0.846021
0.845892
0.845764
0.845635
0.845507
0.845378
0.84525
0.845121
0.844993
0.844864
0.844735
0.844607
0.844478
0.844349
0.84422
0.844092
0.843963
0.843834
0.843705
0.843576
0.843448
0.843319
0.84319
0.843061
0.842932
0.842803
0.842674
0.842545
0.842416
0.842287
0.842158
0.842029
0.8419
0.841771
0.841641
0.841512
0.841383
0.841254
0.841125
0.840995
0.840866
0.840737
0.840607
0.840478
0.840349
0.840219
0.84009
0.83996
0.839831
0.839701
0.839572
0.839442
0.839313
0.839183
0.839054
0.838924
0.838794
0.838665
0.838535
0.838405
0.838276
0.838146
0.838016
0.837886
0.837756
0.837626
0.837496
0.837367
0.837237
0.837107
0.836977
0.836847
0.836717
0.836586
0.836456
0.836326
0.836196
0.836066
0.835936
0.835805
0.835675
0.835545
0.835415
0.835284
0.835154
0.835023
0.834893
0.834762
0.834632
0.834501
0.834371
0.83424
0.83411
0.833979
0.833848
0.833718
0.833587
0.833456
0.833325
0.833195
0.833064
0.832933
0.832802
0.832671
0.83254
0.832409
0.832278
0.832147
0.832016
0.831885
0.831754
0.831623
0.831491
0.83136
0.831229
0.831097
0.830966
0.830835
0.830703
0.830572
0.83044
0.830309
0.830177
0.830046
0.829914
0.829782
0.829651
0.829519
0.829387
0.829255
0.829124
0.828992
0.82886
0.828728
0.828596
0.828464
0.828332
0.8282
0.828068
0.827936
0.827803
0.827671
0.827539
0.827407
0.827274
0.827142
0.827009
0.826877
0.826744
0.826612
0.826479
0.826347
0.826214
0.826081
0.825948
0.825816
0.825683
0.82555
0.825417
0.825284
0.825151
0.825018
0.824885
0.824752
0.824619
0.824485
0.824352
0.824219
0.824085
0.823952
0.823818
0.823685
0.823551
0.823418
0.823284
0.823151
0.823017
0.822883
0.822749
0.822615
0.822481
0.822347
0.822213
0.822079
0.821945
0.821811
0.821677
0.821542
0.821408
0.821274
0.821139
0.821005
0.82087
0.820736
0.820601
0.820466
0.820332
0.820197
0.820062
0.819927
0.819792
0.819657
0.819522
0.819387
0.819251
0.819116
0.818981
0.818845
0.81871
0.818575
0.818439
0.818303
0.818168
0.818032
0.817896
0.81776
0.817624
0.817488
0.817352
0.817216
0.81708
0.816944
0.816808
0.816671
0.816535
0.816398
0.816262
0.816125
0.815988
0.815852
0.815715
0.815578
0.815441
0.815304
0.815167
0.81503
0.814893
0.814755
0.814618
0.81448
0.814343
0.814205
0.814068
0.81393
0.813792
0.813654
0.813516
0.813378
0.81324
0.813102
0.812964
0.812826
0.812687
0.812549
0.81241
0.812272
0.812133
0.811994
0.811856
0.811717
0.811578
0.811439
0.811299
0.81116
0.811021
0.810882
0.810742
0.810603
0.810463
0.810323
0.810183
0.810044
0.809904
0.809764
0.809624
0.809483
0.809343
0.809203
0.809062
0.808922
0.808781
0.808641
0.8085
0.808359
0.808218
0.808077
0.807936
0.807795
0.807653
0.807512
0.807371
0.807229
0.807088
0.806946
0.806804
0.806662
0.80652
0.806378
0.806236
0.806094
0.805952
0.805809
0.805667
0.805524
0.805381
0.805239
0.805096
0.804953
0.80481
0.804667
0.804524
0.80438
0.804237
0.804093
0.80395
0.803806
0.803662
0.803519
0.803375
0.803231
0.803086
0.802942
0.802798
0.802654
0.802509
0.802364
0.80222
0.802075
0.80193
0.801785
0.80164
0.801495
0.80135
0.801204
0.801059
0.800913
0.800768
0.800622
0.800476
0.80033
0.800184
0.800038
0.799892
0.799746
0.799599
0.799453
0.799306
0.79916
0.799013
0.798866
0.798719
0.798572
0.798425
0.798278
0.79813
0.797983
0.797835
0.797688
0.79754
0.797392
0.797244
0.797096
0.796948
0.7968
0.796652
0.796503
0.796355
0.796206
0.796057
0.795908
0.79576
0.795611
0.795461
0.795312
0.795163
0.795013
0.794864
0.794714
0.794565
0.794415
0.794265
0.794115
0.793965
0.793815
0.793664
0.793514
0.793363
0.793213
0.793062
0.792911
0.79276
0.792609
0.792458
0.792307
0.792156
0.792004
0.791853
0.791701
0.791549
0.791397
0.791245
0.791093
0.790941
0.790789
0.790637
0.790484
0.790332
0.790179
0.790026
0.789873
0.78972
0.789567
0.789414
0.789261
0.789108
0.788954
0.788801
0.788647
0.788493
0.788339
0.788185
0.788031
0.787877
0.787723
0.787568
0.787414
0.787259
0.787104
0.786949
0.786795
0.78664
0.786484
0.786329
0.786174
0.786018
0.785863
0.785707
0.785551
0.785395
0.785239
0.785083
0.784927
0.784771
0.784614
0.784458
0.784301
0.784145
0.783988
0.783831
0.783674
0.783517
0.783359
0.783202
0.783045
0.782887
0.782729
0.782571
0.782414
0.782256
0.782097
0.781939
0.781781
0.781622
0.781464
0.781305
0.781147
0.780988
0.780829
0.78067
0.78051
0.780351
0.780192
0.780032
0.779873
0.779713
0.779553
0.779393
0.779233
0.779073
0.778913
0.778752
0.778592
0.778431
0.77827
0.77811
0.777949
0.777788
0.777626
0.777465
0.777304
0.777142
0.776981
0.776819
0.776657
0.776495
0.776333
0.776171
0.776009
0.775847
0.775684
0.775521
0.775359
0.775196
0.775033
0.77487
0.774707
0.774544
0.77438
0.774217
0.774053
0.77389
0.773726
0.773562
0.773398
0.773234
0.773069
0.772905
0.772741
0.772576
0.772411
0.772247
0.772082
0.771917
0.771751
0.771586
0.771421
0.771255
0.77109
0.770924
0.770758
0.770592
0.770426
0.77026
0.770094
0.769927
0.769761
0.769594
0.769428
0.769261
0.769094
0.768927
0.76876
0.768592
0.768425
0.768257
0.76809
0.767922
0.767754
0.767586
0.767418
0.76725
0.767081
0.766913
0.766744
0.766576
0.766407
0.766238
0.766069
0.7659
0.765731
0.765561
0.765392
0.765222
0.765053
0.764883
0.764713
0.764543
0.764373
0.764202
0.764032
0.763861
0.763691
0.76352
0.763349
0.763178
0.763007
0.762836
0.762664
0.762493
0.762321
0.76215
0.761978
0.761806
0.761634
0.761462
0.761289
0.761117
0.760945
0.760772
0.760599
0.760426
0.760253
0.76008
0.759907
0.759734
0.75956
0.759387
0.759213
0.759039
0.758865
0.758691
0.758517
0.758343
0.758168
0.757994
0.757819
0.757644
0.75747
0.757294
0.757119
0.756944
0.756769
0.756593
0.756418
0.756242
0.756066
0.75589
0.755714
0.755538
0.755362
0.755185
0.755009
0.754832
0.754655
0.754478
0.754301
0.754124
0.753947
0.753769
0.753592
0.753414
0.753236
0.753058
0.75288
0.752702
0.752524
0.752346
0.752167
0.751988
0.75181
0.751631
0.751452
0.751273
0.751093
0.750914
0.750735
0.750555
0.750375
0.750195
0.750015
0.749835
0.749655
0.749475
0.749294
0.749114
0.748933
0.748752
0.748571
0.74839
0.748209
0.748028
0.747846
0.747665
0.747483
0.747301
0.747119
0.746937
0.746755
0.746572
0.74639
0.746207
0.746025
0.745842
0.745659
0.745476
0.745293
0.745109
0.744926
0.744742
0.744559
0.744375
0.744191
0.744007
0.743823
0.743638
0.743454
0.743269
0.743084
0.7429
0.742715
0.74253
0.742344
0.742159
0.741973
0.741788
0.741602
0.741416
0.74123
0.741044
0.740858
0.740672
0.740485
0.740299
0.740112
0.739925
0.739738
0.739551
0.739364
0.739176
0.738989
0.738801
0.738613
0.738425
0.738237
0.738049
0.737861
0.737672
0.737484
0.737295
0.737106
0.736918
0.736728
0.736539
0.73635
0.736161
0.735971
0.735781
0.735591
0.735401
0.735211
0.735021
0.734831
0.73464
0.73445
0.734259
0.734068
0.733877
0.733686
0.733495
0.733303
0.733112
0.73292
0.732728
0.732536
0.732344
0.732152
0.73196
0.731767
0.731575
0.731382
0.731189
0.730996
0.730803
0.73061
0.730417
0.730223
0.730029
0.729836
0.729642
0.729448
0.729254
0.729059
0.728865
0.72867
0.728476
0.728281
0.728086
0.727891
0.727695
0.7275
0.727305
0.727109
0.726913
0.726717
0.726521
0.726325
0.726129
0.725932
0.725736
0.725539
0.725342
0.725145
0.724948
0.724751
0.724554
0.724356
0.724158
0.723961
0.723763
0.723565
0.723366
0.723168
0.72297
0.722771
0.722572
0.722373
0.722174
0.721975
0.721776
0.721577
0.721377
0.721177
0.720978
0.720778
0.720577
0.720377
0.720177
0.719976
0.719776
0.719575
0.719374
0.719173
0.718972
0.71877
0.718569
0.718367
0.718166
0.717964
0.717762
0.71756
0.717357
0.717155
0.716952
0.71675
0.716547
0.716344
0.716141
0.715937
0.715734
0.71553
0.715327
0.715123
0.714919
0.714715
0.714511
0.714306
0.714102
0.713897
0.713692
0.713487
0.713282
0.713077
0.712872
0.712666
0.71246
0.712255
0.712049
0.711843
0.711636
0.71143
0.711224
0.711017
0.71081
0.710603
0.710396
0.710189
0.709982
0.709774
0.709567
0.709359
0.709151
0.708943
0.708735
0.708526
0.708318
0.708109
0.707901
0.707692
0.707483
0.707273
0.707064
0.706855
0.706645
0.706435
0.706225
0.706015
0.705805
0.705595
0.705384
0.705174
0.704963
0.704752
0.704541
0.70433
0.704118
0.703907
0.703695
0.703484
0.703272
0.70306
0.702847
0.702635
0.702422
0.70221
0.701997
0.701784
0.701571
0.701358
0.701144
0.700931
0.700717
0.700503
0.700289
0.700075
0.699861
0.699647
0.699432
0.699217
0.699003
0.698788
0.698573
0.698357
0.698142
0.697926
0.697711
0.697495
0.697279
0.697063
0.696846
0.69663
0.696413
0.696196
0.69598
0.695762
0.695545
0.695328
0.69511
0.694893
0.694675
0.694457
0.694239
0.694021
0.693802
0.693584
0.693365
0.693146
0.692927
0.692708
0.692489
0.69227
0.69205
0.69183
0.69161
0.69139
0.69117
0.69095
0.690729
0.690509
0.690288
0.690067
0.689846
0.689625
0.689403
0.689182
0.68896
0.688738
0.688516
0.688294
0.688072
0.687849
0.687627
0.687404
0.687181
0.686958
0.686735
0.686511
0.686288
0.686064
0.68584
0.685616
0.685392
0.685168
0.684944
0.684719
0.684494
0.684269
0.684044
0.683819
0.683594
0.683368
0.683143
0.682917
0.682691
0.682465
0.682239
0.682012
0.681786
0.681559
0.681332
0.681105
0.680878
0.68065
0.680423
0.680195
0.679967
0.679739
0.679511
0.679283
0.679055
0.678826
0.678597
0.678368
0.678139
0.67791
0.677681
0.677451
0.677221
0.676992
0.676762
0.676531
0.676301
0.676071
0.67584
0.675609
0.675378
0.675147
0.674916
0.674684
0.674453
0.674221
0.673989
0.673757
0.673525
0.673293
0.67306
0.672827
0.672595
0.672362
0.672128
0.671895
0.671662
0.671428
0.671194
0.67096
0.670726
0.670492
0.670257
0.670023
0.669788
0.669553
0.669318
0.669083
0.668847
0.668612
0.668376
0.66814
0.667904
0.667668
0.667432
0.667195
0.666959
0.666722
0.666485
0.666248
0.66601
0.665773
0.665535
0.665297
0.665059
0.664821
0.664583
0.664344
0.664106
0.663867
0.663628
0.663389
0.66315
0.66291
0.662671
0.662431
0.662191
0.661951
0.661711
0.66147
0.66123
0.660989
0.660748
0.660507
0.660266
0.660024
0.659783
0.659541
0.659299
0.659057
0.658815
0.658573
0.65833
0.658087
0.657844
0.657601
0.657358
0.657115
0.656871
0.656628
0.656384
0.65614
0.655895
0.655651
0.655406
0.655162
0.654917
0.654672
0.654427
0.654181
0.653936
0.65369
0.653444
0.653198
0.652952
0.652706
0.652459
0.652212
0.651966
0.651718
0.651471
0.651224
0.650976
0.650729
0.650481
0.650233
0.649985
0.649736
0.649488
0.649239
0.64899
0.648741
0.648492
0.648242
0.647993
0.647743
0.647493
0.647243
0.646993
0.646742
0.646492
0.646241
0.64599
0.645739
0.645488
0.645236
0.644985
0.644733
0.644481
0.644229
0.643976
0.643724
0.643471
0.643219
0.642966
0.642712
0.642459
0.642206
0.641952
0.641698
0.641444
0.64119
0.640936
0.640681
0.640426
0.640171
0.639916
0.639661
0.639406
0.63915
0.638895
0.638639
0.638383
0.638126
0.63787
0.637613
0.637356
0.637099
0.636842
0.636585
0.636328
0.63607
0.635812
0.635554
0.635296
0.635038
0.634779
0.63452
0.634261
0.634002
0.633743
0.633484
0.633224
0.632964
0.632704
0.632444
0.632184
0.631924
0.631663
0.631402
0.631141
0.63088
0.630619
0.630357
0.630095
0.629834
0.629572
0.629309
0.629047
0.628784
0.628522
0.628259
0.627995
0.627732
0.627469
0.627205
0.626941
0.626677
0.626413
0.626149
0.625884
0.625619
0.625354
0.625089
0.624824
0.624559
0.624293
0.624027
0.623761
0.623495
0.623229
0.622962
0.622696
0.622429
0.622162
0.621894
0.621627
0.621359
0.621092
0.620824
0.620555
0.620287
0.620019
0.61975
0.619481
0.619212
0.618943
0.618673
0.618404
0.618134
0.617864
0.617594
0.617323
0.617053
0.616782
0.616511
0.61624
0.615969
0.615698
0.615426
0.615154
0.614882
0.61461
0.614338
0.614065
0.613792
0.61352
0.613247
0.612973
0.6127
0.612426
0.612152
0.611878
0.611604
0.61133
0.611055
0.61078
0.610506
0.61023
0.609955
0.60968
0.609404
0.609128
0.608852
0.608576
0.608299
0.608023
0.607746
0.607469
0.607192
0.606914
0.606637
0.606359
0.606081
0.605803
0.605525
0.605246
0.604968
0.604689
0.60441
0.604131
0.603851
0.603572
0.603292
0.603012
0.602732
0.602451
0.602171
0.60189
0.601609
0.601328
0.601047
0.600765
0.600484
0.600202
0.59992
0.599637
0.599355
0.599072
0.598789
0.598506
0.598223
0.59794
0.597656
0.597372
0.597089
0.596804
0.59652
0.596235
0.595951
0.595666
0.595381
0.595095
0.59481
0.594524
0.594238
0.593952
0.593666
0.59338
0.593093
0.592806
0.592519
0.592232
0.591944
0.591657
0.591369
0.591081
0.590793
0.590504
0.590216
0.589927
0.589638
0.589349
0.589059
0.58877
0.58848
0.58819
0.5879
0.58761
0.587319
0.587029
0.586738
0.586446
0.586155
0.585864
0.585572
0.58528
0.584988
0.584696
0.584403
0.584111
0.583818
0.583525
0.583231
0.582938
0.582644
0.58235
0.582056
0.581762
0.581468
0.581173
0.580878
0.580583
0.580288
0.579992
0.579697
0.579401
0.579105
0.578809
0.578512
0.578216
0.577919
0.577622
0.577325
0.577027
0.576729
0.576432
0.576134
0.575835
0.575537
0.575238
0.57494
0.574641
0.574341
0.574042
0.573742
0.573442
0.573142
0.572842
0.572542
0.572241
0.57194
0.571639
0.571338
0.571037
0.570735
0.570433
0.570131
0.569829
0.569526
0.569224
0.568921
0.568618
0.568315
0.568011
0.567708
0.567404
0.5671
0.566795
0.566491
0.566186
0.565881
0.565576
0.565271
0.564966
0.56466
0.564354
0.564048
0.563742
0.563435
0.563128
0.562822
0.562514
0.562207
0.5619
0.561592
0.561284
0.560976
0.560667
0.560359
0.56005
0.559741
0.559432
0.559123
0.558813
0.558503
0.558193
0.557883
0.557573
0.557262
0.556951
0.55664
0.556329
0.556017
0.555706
0.555394
0.555082
0.55477
0.554457
0.554144
0.553832
0.553518
0.553205
0.552892
0.552578
0.552264
0.55195
0.551635
0.551321
0.551006
0.550691
0.550376
0.550061
0.549745
0.549429
0.549113
0.548797
0.54848
0.548164
0.547847
0.54753
0.547212
0.546895
0.546577
0.546259
0.545941
0.545623
0.545304
0.544986
0.544667
0.544347
0.544028
0.543708
0.543389
0.543068
0.542748
0.542428
0.542107
0.541786
0.541465
0.541144
0.540822
0.5405
0.540179
0.539856
0.539534
0.539211
0.538889
0.538566
0.538242
0.537919
0.537595
0.537271
0.536947
0.536623
0.536298
0.535974
0.535649
0.535324
0.534998
0.534673
0.534347
0.534021
0.533694
0.533368
0.533041
0.532714
0.532387
0.53206
0.531732
0.531405
0.531077
0.530749
0.53042
0.530092
0.529763
0.529434
0.529104
0.528775
0.528445
0.528115
0.527785
0.527455
0.527124
0.526793
0.526462
0.526131
0.5258
0.525468
0.525136
0.524804
0.524472
0.524139
0.523806
0.523473
0.52314
0.522807
0.522473
0.522139
0.521805
0.521471
0.521136
0.520802
0.520467
0.520131
0.519796
0.51946
0.519125
0.518788
0.518452
0.518116
0.517779
0.517442
0.517105
0.516767
0.51643
0.516092
0.515754
0.515416
0.515077
0.514738
0.514399
0.51406
0.513721
0.513381
0.513041
0.512701
0.512361
0.512021
0.51168
0.511339
0.510998
0.510656
0.510315
0.509973
0.509631
0.509288
0.508946
0.508603
0.50826
0.507917
0.507574
0.50723
0.506886
0.506542
0.506198
0.505853
0.505508
0.505163
0.504818
0.504473
0.504127
0.503781
0.503435
0.503089
0.502742
0.502395
0.502048
0.501701
0.501353
0.501006
0.500658
0.50031
0.499961
0.499612
0.499264
0.498915
0.498565
0.498216
0.497866
0.497516
0.497166
0.496815
0.496465
0.496114
0.495763
0.495411
0.49506
0.494708
0.494356
0.494003
0.493651
0.493298
0.492945
0.492592
0.492239
0.491885
0.491531
0.491177
0.490823
0.490468
0.490113
0.489758
0.489403
0.489047
0.488692
0.488336
0.48798
0.487623
0.487266
0.48691
0.486552
0.486195
0.485838
0.48548
0.485122
0.484763
0.484405
0.484046
0.483687
0.483328
0.482968
0.482609
0.482249
0.481889
0.481528
0.481168
0.480807
0.480446
0.480085
0.479723
0.479361
0.478999
0.478637
0.478274
0.477912
0.477549
0.477186
0.476822
0.476459
0.476095
0.475731
0.475366
0.475002
0.474637
0.474272
0.473906
0.473541
0.473175
0.472809
0.472443
0.472076
0.47171
0.471343
0.470976
0.470608
0.47024
0.469873
0.469504
0.469136
0.468767
0.468399
0.46803
0.46766
0.467291
0.466921
0.466551
0.466181
0.46581
0.465439
0.465068
0.464697
0.464326
0.463954
0.463582
0.46321
0.462837
0.462465
0.462092
0.461719
0.461345
0.460972
0.460598
0.460224
0.459849
0.459475
0.4591
0.458725
0.45835
0.457974
0.457598
0.457222
0.456846
0.45647
0.456093
0.455716
0.455339
0.454961
0.454584
0.454206
0.453828
0.453449
0.45307
0.452692
0.452312
0.451933
0.451553
0.451174
0.450793
0.450413
0.450032
0.449652
0.449271
0.448889
0.448508
0.448126
0.447744
0.447361
0.446979
0.446596
0.446213
0.44583
0.445446
0.445063
0.444679
0.444294
0.44391
0.443525
0.44314
0.442755
0.44237
0.441984
0.441598
0.441212
0.440825
0.440439
0.440052
0.439664
0.439277
0.438889
0.438501
0.438113
0.437725
0.437336
0.436947
0.436558
0.436169
0.435779
0.435389
0.434999
0.434609
0.434218
0.433827
0.433436
0.433045
0.432653
0.432261
0.431869
0.431477
0.431084
0.430692
0.430299
0.429905
0.429512
0.429118
0.428724
0.428329
0.427935
0.42754
0.427145
0.42675
0.426354
0.425958
0.425562
0.425166
0.424769
0.424373
0.423976
0.423578
0.423181
0.422783
0.422385
0.421987
0.421588
0.421189
0.42079
0.420391
0.419991
0.419592
0.419192
0.418791
0.418391
0.41799
0.417589
0.417188
0.416786
0.416384
0.415982
0.41558
0.415178
0.414775
0.414372
0.413968
0.413565
0.413161
0.412757
0.412353
0.411948
0.411543
0.411138
0.410733
0.410328
0.409922
0.409516
0.409109
0.408703
0.408296
0.407889
0.407482
0.407074
0.406666
0.406258
0.40585
0.405441
0.405033
0.404624
0.404214
0.403805
0.403395
0.402985
0.402574
0.402164
0.401753
0.401342
0.400931
0.400519
0.400107
0.399695
0.399283
0.39887
0.398457
0.398044
0.397631
0.397217
0.396803
0.396389
0.395975
0.39556
0.395145
0.39473
0.394315
0.393899
0.393483
0.393067
0.39265
0.392234
0.391817
0.3914
0.390982
0.390565
0.390147
0.389728
0.38931
0.388891
0.388472
0.388053
0.387634
0.387214
0.386794
0.386374
0.385953
0.385532
0.385111
0.38469
0.384269
0.383847
0.383425
0.383003
0.38258
0.382157
0.381734
0.381311
0.380887
0.380464
0.380039
0.379615
0.379191
0.378766
0.378341
0.377915
0.37749
0.377064
0.376638
0.376211
0.375785
0.375358
0.374931
0.374503
0.374076
0.373648
0.37322
0.372791
0.372362
0.371934
0.371504
0.371075
0.370645
0.370215
0.369785
0.369355
0.368924
0.368493
0.368062
0.36763
0.367198
0.366766
0.366334
0.365902
0.365469
0.365036
0.364602
0.364169
0.363735
0.363301
0.362867
0.362432
0.361997
0.361562
0.361127
0.360691
0.360255
0.359819
0.359383
0.358946
0.358509
0.358072
0.357635
0.357197
0.356759
0.356321
0.355882
0.355444
0.355005
0.354565
0.354126
0.353686
0.353246
0.352806
0.352366
0.351925
0.351484
0.351042
0.350601
0.350159
0.349717
0.349275
0.348832
0.348389
0.347946
0.347503
0.347059
0.346616
0.346171
0.345727
0.345282
0.344838
0.344392
0.343947
0.343501
0.343055
0.342609
0.342163
0.341716
0.341269
0.340822
0.340375
0.339927
0.339479
0.339031
0.338582
0.338133
0.337684
0.337235
0.336786
0.336336
0.335886
0.335436
0.334985
0.334534
0.334083
0.333632
0.33318
0.332729
0.332276
0.331824
0.331372
0.330919
0.330466
0.330012
0.329559
0.329105
0.328651
0.328196
0.327742
0.327287
0.326832
0.326376
0.32592
0.325464
0.325008
0.324552
0.324095
0.323638
0.323181
0.322724
0.322266
0.321808
0.32135
0.320891
0.320432
0.319973
0.319514
0.319055
0.318595
0.318135
0.317675
0.317214
0.316753
0.316292
0.315831
0.315369
0.314908
0.314446
0.313983
0.313521
0.313058
0.312595
0.312131
0.311668
0.311204
0.31074
0.310276
0.309811
0.309346
0.308881
0.308416
0.30795
0.307484
0.307018
0.306552
0.306085
0.305618
0.305151
0.304684
0.304216
0.303748
0.30328
0.302812
0.302343
0.301874
0.301405
0.300936
0.300466
0.299996
0.299526
0.299055
0.298585
0.298114
0.297643
0.297171
0.2967
0.296228
0.295756
0.295283
0.294811
0.294338
0.293864
0.293391
0.292917
0.292444
0.291969
0.291495
0.29102
0.290545
0.29007
0.289595
0.289119
0.288643
0.288167
0.287691
0.287214
0.286737
0.28626
0.285783
0.285305
0.284827
0.284349
0.283871
0.283392
0.282913
0.282434
0.281955
0.281475
0.280995
0.280515
0.280035
0.279554
0.279074
0.278593
0.278111
0.27763
0.277148
0.276666
0.276184
0.275701
0.275218
0.274735
0.274252
0.273769
0.273285
0.272801
0.272317
0.271832
0.271348
0.270863
0.270378
0.269892
0.269406
0.268921
0.268434
0.267948
0.267461
0.266975
0.266488
0.266
0.265513
0.265025
0.264537
0.264049
0.26356
0.263071
0.262582
0.262093
0.261604
0.261114
0.260624
0.260134
0.259644
0.259153
0.258662
0.258171
0.25768
0.257188
0.256696
0.256204
0.255712
0.25522
0.254727
0.254234
0.253741
0.253247
0.252754
0.25226
0.251766
0.251272
0.250777
0.250282
0.249787
0.249292
0.248797
0.248301
0.247805
0.247309
0.246812
0.246316
0.245819
0.245322
0.244825
0.244327
0.24383
0.243332
0.242834
0.242335
0.241837
0.241338
0.240839
0.24034
0.23984
0.239341
0.238841
0.238341
0.23784
0.23734
0.236839
0.236338
0.235837
0.235335
0.234834
0.234332
0.23383
0.233328
0.232825
0.232322
0.23182
0.231316
0.230813
0.23031
0.229806
0.229302
0.228798
0.228293
0.227789
0.227284
0.226779
0.226274
0.225768
0.225263
0.224757
0.224251
0.223745
0.223238
0.222732
0.222225
0.221718
0.221211
0.220703
0.220196
0.219688
0.21918
0.218672
0.218163
0.217655
0.217146
0.216637
0.216128
0.215619
0.215109
0.214599
0.214089
0.213579
0.213069
0.212558
0.212048
0.211537
0.211026
0.210514
0.210003
0.209491
0.20898
0.208468
0.207955
0.207443
0.206931
0.206418
0.205905
0.205392
0.204879
0.204365
0.203852
0.203338
0.202824
0.20231
0.201796
0.201281
0.200766
0.200252
0.199737
0.199222
0.198706
0.198191
0.197675
0.197159
0.196643
0.196127
0.195611
0.195095
0.194578
0.194061
0.193544
0.193027
0.19251
0.191993
0.191475
0.190957
0.190439
0.189921
0.189403
0.188885
0.188367
0.187848
0.187329
0.18681
0.186291
0.185772
0.185253
0.184733
0.184214
0.183694
0.183174
0.182654
0.182134
0.181614
0.181094
0.180573
0.180052
0.179532
0.179011
0.17849
0.177969
0.177447
0.176926
0.176404
0.175883
0.175361
0.174839
0.174317
0.173795
0.173273
0.172751
0.172228
0.171706
0.171183
0.17066
0.170137
0.169614
0.169091
0.168568
0.168045
0.167522
0.166998
0.166475
0.165951
0.165427
0.164903
0.164379
0.163855
0.163331
0.162807
0.162283
0.161759
0.161234
0.16071
0.160185
0.159661
0.159136
0.158611
0.158086
0.157562
0.157037
0.156512
0.155987
0.155461
0.154936
0.154411
0.153886
0.15336
0.152835
0.15231
0.151784
0.151259
0.150733
0.150207
0.149682
0.149156
0.14863
0.148105
0.147579
0.147053
0.146527
0.146001
0.145476
0.14495
0.144424
0.143898
0.143372
0.142846
0.14232
0.141794
0.141268
0.140742
0.140216
0.13969
0.139165
0.138639
0.138113
0.137587
0.137061
0.136535
0.136009
0.135484
0.134958
0.134432
0.133906
0.133381
0.132855
0.13233
0.131804
0.131279
0.130753
0.130228
0.129702
0.129177
0.128652
0.128127
0.127602
0.127077
0.126552
0.126027
0.125502
0.124978
0.124453
0.123929
0.123404
0.12288
0.122356
0.121832
0.121308
0.120784
0.12026
0.119736
0.119213
0.118689
0.118166
0.117643
0.11712
0.116597
0.116074
0.115552
0.115029
0.114507
0.113985
0.113463
0.112941
0.112419
0.111898
0.111377
0.110856
0.110335
0.109814
0.109293
0.108773
0.108253
0.107733
0.107213
0.106694
0.106175
0.105656
0.105137
0.104618
0.1041
0.103582
0.103064
0.102547
0.102029
0.101512
0.100995
0.100479
0.0999626
0.0994467
0.098931
0.0984157
0.0979006
0.0973859
0.0968714
0.0963573
0.0958435
0.09533
0.0948169
0.0943041
0.0937916
0.0932795
0.0927678
0.0922564
0.0917454
0.0912347
0.0907245
0.0902146
0.0897051
0.089196
0.0886874
0.0881791
0.0876713
0.0871638
0.0866569
0.0861503
0.0856442
0.0851386
0.0846334
0.0841287
0.0836244
0.0831206
0.0826174
0.0821146
0.0816123
0.0811105
0.0806093
0.0801086
0.0796084
0.0791087
0.0786096
0.0781111
0.0776131
0.0771157
0.0766189
0.0761227
0.0756271
0.075132
0.0746376
0.0741438
0.0736507
0.0731582
0.0726663
0.0721751
0.0716846
0.0711947
0.0707056
0.0702171
0.0697294
0.0692423
0.068756
0.0682704
0.0677856
0.0673015
0.0668182
0.0663356
0.0658539
0.0653729
0.0648928
0.0644135
0.063935
0.0634573
0.0629805
0.0625045
0.0620294
0.0615553
0.061082
0.0606096
0.0601381
0.0596675
0.0591979
0.0587293
0.0582616
0.0577949
0.0573292
0.0568645
0.0564008
0.0559381
0.0554765
0.055016
0.0545565
0.054098
0.0536407
0.0531845
0.0527294
0.0522754
0.0518226
0.051371
0.0509205
0.0504712
0.0500231
0.0495763
0.0491306
0.0486863
0.0482432
0.0478013
0.0473608
0.0469215
0.0464836
0.046047
0.0456118
0.045178
0.0447455
0.0443144
0.0438848
0.0434566
0.0430298
0.0426045
0.0421807
0.0417584
0.0413376
0.0409183
0.0405006
0.0400844
0.0396699
0.0392569
0.0388455
0.0384358
0.0380277
0.0376213
0.0372166
0.0368136
0.0364123
0.0360128
0.035615
0.035219
0.0348247
0.0344323
0.0340417
0.033653
0.0332661
0.0328812
0.0324981
0.0321169
0.0317377
0.0313604
0.0309851
0.0306118
0.0302405
0.0298713
0.0295041
0.0291389
0.0287759
0.0284149
0.0280561
0.0276994
0.0273448
0.0269925
0.0266423
0.0262943
0.0259486
0.0256051
0.0252639
0.0249249
0.0245882
0.0242539
0.0239219
0.0235922
0.0232649
0.02294
0.0226175
0.0222974
0.0219797
0.0216644
0.0213516
0.0210413
0.0207335
0.0204281
0.0201253
0.019825
0.0195273
0.0192321
0.0189394
0.0186494
0.0183619
0.0180771
0.0177948
0.0175152
0.0172382
0.0169638
0.0166921
0.0164231
0.0161567
0.0158931
0.0156321
0.0153737
0.0151181
0.0148652
0.014615
0.0143675
0.0141228
0.0138807
0.0136414
0.0134048
0.0131709
0.0129398
0.0127114
0.0124857
0.0122627
0.0120425
0.011825
0.0116102
0.0113982
0.0111889
0.0109822
0.0107783
0.0105771
0.0103786
0.0101827
0.00998959
0.00979911
0.0096113
0.00942613
0.00924361
0.00906372
0.00888645
0.00871179
0.00853972
0.00837024
0.00820333
0.00803897
0.00787715
0.00771785
0.00756106
0.00740676
0.00725494
0.00710557
0.00695864
0.00681412
0.00667201
0.00653228
0.0063949
0.00625987
0.00612715
0.00599673
0.00586859
0.0057427
0.00561904
0.00549759
0.00537832
0.00526121
0.00514625
0.00503339
0.00492263
0.00481393
0.00470727
0.00460263
0.00449998
0.0043993
0.00430056
0.00420373
0.00410879
0.00401572
0.00392449
0.00383506
0.00374743
0.00366156
0.00357743
0.003495
0.00341426
0.00333518
0.00325773
0.00318189
0.00310763
0.00303493
0.00296377
0.0028941
0.00282592
0.0027592
0.00269391
0.00263002
0.00256752
0.00250637
0.00244657
0.00238807
0.00233086
0.00227491
0.0022202
0.00216671
0.00211442
0.0020633
0.00201332
0.00196448
0.00191674
0.00187009
0.0018245
0.00177995
0.00173643
0.0016939
0.00165236
0.00161178
0.00157214
0.00153342
0.0014956
0.00145867
0.00142261
0.00138739
0.00135301
0.00131944
0.00128666
0.00125466
0.00122342
0.00119293
0.00116316
0.00113411
0.00110575
0.00107808
0.00105107
0.00102472
0.000998998
0.000973903
0.000949417
0.000925526
0.000902216
0.000879476
0.00085729
0.000835648
0.000814536
0.000793942
0.000773854
0.000754261
0.00073515
0.000716512
0.000698334
0.000680605
0.000663316
0.000646456
0.000630015
0.000613982
0.000598349
0.000583105
0.000568242
0.00055375
0.00053962
0.000525844
0.000512413
0.000499319
0.000486553
0.000474109
0.000461977
0.00045015
0.000438622
0.000427384
0.00041643
0.000405752
0.000395344
0.000385199
0.000375312
0.000365674
0.000356281
0.000347126
0.000338203
0.000329507
0.000321032
0.000312772
0.000304723
0.000296878
0.000289233
0.000281783
0.000274524
0.000267449
0.000260555
0.000253836
0.00024729
0.000240911
0.000234695
0.000228638
0.000222736
0.000216985
0.000211382
0.000205922
0.000200602
0.000195419
0.000190368
0.000185447
0.000180653
0.000175982
0.00017143
0.000166996
0.000162676
0.000158467
0.000154366
0.00015037
0.000146478
0.000142686
0.000138991
0.000135392
0.000131885
0.000128469
0.000125141
0.000121898
0.00011874
0.000115663
0.000112665
0.000109744
0.0001069
0.000104128
0.000101428
9.87979e-05
9.62357e-05
9.37397e-05
9.13082e-05
8.89396e-05
8.66323e-05
8.43846e-05
8.2195e-05
8.00621e-05
7.79844e-05
7.59604e-05
7.39889e-05
7.20683e-05
7.01975e-05
6.83752e-05
6.66e-05
6.48708e-05
6.31864e-05
6.15456e-05
5.99474e-05
5.83905e-05
5.6874e-05
5.53969e-05
5.3958e-05
5.25564e-05
5.11911e-05
4.98612e-05
4.85659e-05
4.73041e-05
4.6075e-05
4.48779e-05
4.37118e-05
4.25759e-05
4.14695e-05
4.03918e-05
3.93421e-05
3.83196e-05
3.73237e-05
3.63536e-05
3.54087e-05
3.44883e-05
3.35918e-05
3.27186e-05
3.18681e-05
3.10396e-05
3.02327e-05
2.94467e-05
2.86811e-05
2.79354e-05
2.72091e-05
2.65016e-05
2.58126e-05
2.51414e-05
2.44876e-05
2.38509e-05
2.32307e-05
2.26266e-05
2.20382e-05
2.14651e-05
2.09068e-05
2.03631e-05
1.98335e-05
1.93177e-05
1.88153e-05
1.83259e-05
1.78493e-05
1.7385e-05
1.69329e-05
1.64924e-05
1.60634e-05
1.56456e-05
1.52386e-05
1.48423e-05
1.44562e-05
1.40801e-05
1.37139e-05
1.33571e-05
1.30097e-05
1.26712e-05
1.23416e-05
1.20205e-05
1.17078e-05
1.14032e-05
1.11066e-05
1.08176e-05
1.05362e-05
1.02621e-05
9.99509e-06
9.73505e-06
9.48177e-06
9.23508e-06
8.99481e-06
8.76078e-06
8.53285e-06
8.31084e-06
8.0946e-06
7.88399e-06
7.67886e-06
7.47906e-06
7.28446e-06
7.09493e-06
6.91032e-06
6.73051e-06
6.55539e-06
6.38481e-06
6.21868e-06
6.05687e-06
5.89926e-06
5.74576e-06
5.59625e-06
5.45063e-06
5.3088e-06
5.17066e-06
5.03611e-06
4.90506e-06
4.77743e-06
4.65311e-06
4.53203e-06
4.41409e-06
4.29923e-06
4.18735e-06
4.07839e-06
3.97226e-06
3.86889e-06
3.76821e-06
3.67015e-06
3.57465e-06
3.48162e-06
3.39102e-06
3.30278e-06
3.21683e-06
3.13312e-06
3.05158e-06
2.97217e-06
2.89482e-06
2.81949e-06
2.74612e-06
2.67465e-06
2.60505e-06
2.53726e-06
2.47123e-06
2.40692e-06
2.34428e-06
2.28327e-06
2.22385e-06
2.16598e-06
2.10961e-06
2.05471e-06
2.00124e-06
1.94915e-06
1.89843e-06
1.84902e-06
1.8009e-06
1.75404e-06
1.70839e-06
1.66393e-06
1.62062e-06
1.57845e-06
1.53737e-06
1.49736e-06
1.45839e-06
1.42044e-06
1.38347e-06
1.34746e-06
1.3124e-06
1.27824e-06
1.24498e-06
1.21258e-06
1.18102e-06
1.15028e-06
1.12035e-06
1.09119e-06
1.06279e-06
1.03513e-06
1.00819e-06
9.81952e-07
9.56397e-07
9.31506e-07
9.07263e-07
8.83652e-07
8.60654e-07
8.38255e-07
8.16439e-07
7.95191e-07
7.74496e-07
7.54339e-07
7.34707e-07
7.15586e-07
6.96962e-07
6.78824e-07
6.61157e-07
6.4395e-07
6.27191e-07
6.10868e-07
5.94969e-07
5.79485e-07
5.64403e-07
5.49714e-07
5.35408e-07
5.21473e-07
5.07902e-07
4.94683e-07
4.81808e-07
4.69269e-07
4.57056e-07
4.45161e-07
4.33575e-07
4.22291e-07
4.113e-07
4.00596e-07
3.9017e-07
3.80016e-07
3.70125e-07
3.60492e-07
3.5111e-07
3.41972e-07
3.33072e-07
3.24404e-07
3.15961e-07
3.07738e-07
2.99728e-07
2.91928e-07
2.8433e-07
2.7693e-07
2.69723e-07
2.62703e-07
2.55866e-07
2.49207e-07
2.42721e-07
2.36404e-07
2.30251e-07
2.24259e-07
2.18422e-07
2.12737e-07
2.07201e-07
2.01808e-07
1.96556e-07
1.9144e-07
1.86458e-07
1.81605e-07
1.76879e-07
1.72275e-07
1.67791e-07
1.63424e-07
1.59171e-07
1.55029e-07
1.50994e-07
1.47064e-07
1.43236e-07
1.39509e-07
1.35878e-07
1.32341e-07
1.28897e-07
1.25542e-07
1.22275e-07
1.19093e-07
1.15993e-07
1.12974e-07
1.10034e-07
1.0717e-07
1.04381e-07
1.01664e-07
9.90184e-08
9.64414e-08
9.39314e-08
9.14867e-08
8.91056e-08
8.67866e-08
8.45278e-08
8.23279e-08
8.01852e-08
7.80983e-08
7.60657e-08
7.4086e-08
7.21578e-08
7.02798e-08
6.84507e-08
6.66692e-08
6.49341e-08
6.32441e-08
6.15981e-08
5.99949e-08
5.84335e-08
5.69127e-08
5.54315e-08
5.39888e-08
5.25837e-08
5.12151e-08
4.98822e-08
4.85839e-08
4.73195e-08
4.60879e-08
4.48884e-08
4.37202e-08
4.25823e-08
4.1474e-08
4.03946e-08
3.93433e-08
3.83194e-08
3.7322e-08
3.63507e-08
3.54046e-08
3.44832e-08
3.35857e-08
3.27116e-08
3.18602e-08
3.1031e-08
3.02234e-08
2.94368e-08
2.86707e-08
2.79245e-08
2.71977e-08
2.64899e-08
2.58004e-08
2.5129e-08
2.44749e-08
2.3838e-08
2.32175e-08
2.26133e-08
2.20247e-08
2.14515e-08
2.08932e-08
2.03494e-08
1.98198e-08
1.9304e-08
1.88016e-08
1.83122e-08
1.78356e-08
1.73715e-08
1.69193e-08
1.6479e-08
1.60501e-08
1.56324e-08
1.52255e-08
1.48293e-08
1.44433e-08
1.40674e-08
1.37013e-08
1.33447e-08
1.29974e-08
1.26591e-08
1.23296e-08
1.20087e-08
1.16962e-08
1.13918e-08
1.10953e-08
1.08065e-08
1.05253e-08
1.02514e-08
9.98455e-09
9.72469e-09
9.4716e-09
9.22509e-09
8.98499e-09
8.75115e-09
8.52339e-09
8.30155e-09
8.0855e-09
7.87506e-09
7.6701e-09
7.47048e-09
7.27605e-09
7.08668e-09
6.90224e-09
6.7226e-09
6.54764e-09
6.37723e-09
6.21125e-09
6.0496e-09
5.89215e-09
5.7388e-09
5.58944e-09
5.44397e-09
5.30228e-09
5.16428e-09
5.02988e-09
4.89897e-09
4.77147e-09
4.64728e-09
4.52633e-09
4.40853e-09
4.29379e-09
4.18204e-09
4.0732e-09
3.96719e-09
3.86394e-09
3.76337e-09
3.66543e-09
3.57003e-09
3.47711e-09
3.38662e-09
3.29848e-09
3.21263e-09
3.12902e-09
3.04758e-09
2.96826e-09
2.89101e-09
2.81577e-09
2.74248e-09
2.67111e-09
2.60159e-09
2.53388e-09
2.46793e-09
2.4037e-09
2.34114e-09
2.28021e-09
2.22087e-09
2.16306e-09
2.10677e-09
2.05194e-09
1.99853e-09
1.94652e-09
1.89586e-09
1.84652e-09
1.79846e-09
1.75165e-09
1.70606e-09
1.66166e-09
1.61841e-09
1.57629e-09
1.53527e-09
1.49531e-09
1.45639e-09
1.41849e-09
1.38157e-09
1.34561e-09
1.31059e-09
1.27648e-09
1.24326e-09
1.2109e-09
1.17939e-09
1.14869e-09
1.1188e-09
1.08968e-09
1.06132e-09
1.0337e-09
1.00679e-09
9.80589e-10
9.55068e-10
9.30211e-10
9.06001e-10
8.82421e-10
8.59455e-10
8.37087e-10
8.15301e-10
7.94081e-10
7.73414e-10
7.53285e-10
7.3368e-10
7.14585e-10
6.95987e-10
6.77873e-10
6.60231e-10
6.43048e-10
6.26311e-10
6.10011e-10
5.94135e-10
5.78671e-10
5.63611e-10
5.48942e-10
5.34655e-10
5.2074e-10
5.07187e-10
4.93987e-10
4.8113e-10
4.68608e-10
4.56412e-10
4.44534e-10
4.32964e-10
4.21696e-10
4.1072e-10
4.00031e-10
3.8962e-10
3.79479e-10
3.69603e-10
3.59983e-10
3.50614e-10
3.41489e-10
3.32602e-10
3.23945e-10
3.15514e-10
3.07303e-10
2.99305e-10
2.91515e-10
2.83928e-10
2.76538e-10
2.69341e-10
2.62331e-10
2.55504e-10
2.48854e-10
2.42377e-10
2.36069e-10
2.29925e-10
2.23941e-10
2.18112e-10
2.12436e-10
2.06907e-10
2.01522e-10
1.96277e-10
1.91169e-10
1.86193e-10
1.81347e-10
1.76628e-10
1.72031e-10
1.67553e-10
1.63192e-10
1.58945e-10
1.54808e-10
1.50779e-10
1.46855e-10
1.43033e-10
1.3931e-10
1.35685e-10
1.32153e-10
1.28714e-10
1.25364e-10
1.22101e-10
1.18923e-10
1.15828e-10
1.12814e-10
1.09878e-10
1.07018e-10
1.04233e-10
1.0152e-10
9.88776e-11
9.63042e-11
9.37977e-11
9.13565e-11
8.89789e-11
8.66631e-11
8.44076e-11
8.22108e-11
8.00711e-11
7.79872e-11
7.59575e-11
7.39806e-11
7.20551e-11
7.01798e-11
6.83533e-11
6.65743e-11
6.48416e-11
6.3154e-11
6.15104e-11
5.99095e-11
5.83503e-11
5.68316e-11
5.53525e-11
5.39119e-11
5.25088e-11
5.11422e-11
4.98111e-11
4.85147e-11
4.72521e-11
4.60223e-11
4.48245e-11
4.36579e-11
4.25216e-11
4.14149e-11
4.03371e-11
3.92872e-11
3.82647e-11
3.72689e-11
3.62989e-11
3.53542e-11
3.4434e-11
3.35378e-11
3.2665e-11
3.18148e-11
3.09868e-11
3.01803e-11
2.93949e-11
2.86298e-11
2.78847e-11
2.7159e-11
2.64521e-11
2.57637e-11
2.50931e-11
2.44401e-11
2.3804e-11
2.31844e-11
2.2581e-11
2.19933e-11
2.14209e-11
2.08634e-11
2.03204e-11
1.97916e-11
1.92765e-11
1.87748e-11
1.82861e-11
1.78102e-11
1.73467e-11
1.68952e-11
1.64555e-11
1.60272e-11
1.56101e-11
1.52038e-11
1.48081e-11
1.44227e-11
1.40473e-11
1.36817e-11
1.33257e-11
1.29788e-11
1.26411e-11
1.23121e-11
1.19916e-11
1.16795e-11
1.13755e-11
1.10795e-11
1.07911e-11
1.05103e-11
1.02367e-11
9.97031e-12
9.71082e-12
9.45808e-12
9.21192e-12
8.97217e-12
8.73866e-12
8.51122e-12
8.28971e-12
8.07396e-12
7.86382e-12
7.65916e-12
7.45982e-12
7.26567e-12
7.07657e-12
6.89239e-12
6.71301e-12
6.5383e-12
6.36813e-12
6.20239e-12
6.04096e-12
5.88374e-12
5.73061e-12
5.58146e-12
5.4362e-12
5.29471e-12
5.15691e-12
5.0227e-12
4.89198e-12
4.76466e-12
4.64065e-12
4.51987e-12
4.40224e-12
4.28766e-12
4.17607e-12
4.06738e-12
3.96152e-12
3.85842e-12
3.758e-12
3.66019e-12
3.56493e-12
3.47215e-12
3.38178e-12
3.29377e-12
3.20804e-12
3.12455e-12
3.04323e-12
2.96403e-12
2.88688e-12
2.81175e-12
2.73857e-12
2.66729e-12
2.59787e-12
2.53026e-12
2.46441e-12
2.40027e-12
2.3378e-12
2.27695e-12
2.21769e-12
2.15998e-12
2.10376e-12
2.04901e-12
1.99568e-12
1.94374e-12
1.89315e-12
1.84388e-12
1.79589e-12
1.74915e-12
1.70363e-12
1.65929e-12
1.6161e-12
1.57404e-12
1.53307e-12
1.49317e-12
1.45431e-12
1.41646e-12
1.3796e-12
1.34369e-12
1.30872e-12
1.27466e-12
1.24148e-12
1.20917e-12
1.1777e-12
1.14705e-12
1.1172e-12
1.08812e-12
1.0598e-12
1.03222e-12
1.00535e-12
9.79189e-13
9.53704e-13
9.28883e-13
9.04707e-13
8.81161e-13
8.58228e-13
8.35891e-13
8.14136e-13
7.92947e-13
7.7231e-13
7.52209e-13
7.32632e-13
7.13565e-13
6.94993e-13
6.76905e-13
6.59288e-13
6.42129e-13
6.25417e-13
6.0914e-13
5.93286e-13
5.77845e-13
5.62806e-13
5.48158e-13
5.33891e-13
5.19996e-13
5.06463e-13
4.93281e-13
4.80443e-13
4.67939e-13
4.5576e-13
4.43899e-13
4.32346e-13
4.21093e-13
4.10134e-13
3.99459e-13
3.89063e-13
3.78937e-13
3.69075e-13
3.59469e-13
3.50114e-13
3.41001e-13
3.32126e-13
3.23482e-13
3.15063e-13
3.06863e-13
2.98877e-13
2.91098e-13
2.83522e-13
2.76143e-13
2.68956e-13
2.61956e-13
2.55138e-13
2.48498e-13
2.42031e-13
2.35732e-13
2.29596e-13
2.23621e-13
2.17801e-13
2.12132e-13
2.06611e-13
2.01234e-13
1.95997e-13
1.90895e-13
1.85927e-13
1.81088e-13
1.76375e-13
1.71785e-13
1.67314e-13
1.62959e-13
1.58718e-13
1.54587e-13
1.50564e-13
1.46645e-13
1.42829e-13
1.39111e-13
1.35491e-13
1.31964e-13
1.2853e-13
1.25185e-13
1.21927e-13
1.18753e-13
1.15663e-13
1.12652e-13
1.0972e-13
1.06865e-13
1.04084e-13
1.01375e-13
9.87363e-14
9.61665e-14
9.36637e-14
9.1226e-14
8.88517e-14
8.65392e-14
8.42869e-14
8.20932e-14
7.99567e-14
7.78757e-14
7.58489e-14
7.38748e-14
7.19521e-14
7.00795e-14
6.82556e-14
6.64791e-14
6.47489e-14
6.30638e-14
6.14224e-14
5.98238e-14
5.82669e-14
5.67504e-14
5.52734e-14
5.38348e-14
5.24337e-14
5.10691e-14
4.97399e-14
4.84454e-14
4.71845e-14
4.59565e-14
4.47604e-14
4.35955e-14
4.24608e-14
4.13557e-14
4.02794e-14
3.92311e-14
3.821e-14
3.72156e-14
3.6247e-14
3.53036e-14
3.43848e-14
3.34899e-14
3.26183e-14
3.17693e-14
3.09425e-14
3.01372e-14
2.93528e-14
2.85889e-14
2.78448e-14
2.71201e-14
2.64143e-14
2.57268e-14
2.50572e-14
2.44051e-14
2.37699e-14
2.31513e-14
2.25487e-14
2.19619e-14
2.13903e-14
2.08336e-14
2.02914e-14
1.97633e-14
1.92489e-14
1.87479e-14
1.826e-14
1.77847e-14
1.73219e-14
1.6871e-14
1.6432e-14
1.60043e-14
1.55878e-14
1.51821e-14
1.47869e-14
1.44021e-14
1.40273e-14
1.36622e-14
1.33066e-14
1.29603e-14
1.2623e-14
1.22944e-14
1.19745e-14
1.16628e-14
1.13593e-14
1.10636e-14
1.07757e-14
1.04952e-14
1.02221e-14
9.95605e-15
9.69693e-15
9.44455e-15
9.19875e-15
8.95934e-15
8.72616e-15
8.49905e-15
8.27785e-15
8.06241e-15
7.85257e-15
7.6482e-15
7.44915e-15
7.25527e-15
7.06645e-15
6.88253e-15
6.70341e-15
6.52894e-15
6.35902e-15
6.19352e-15
6.03232e-15
5.87532e-15
5.72241e-15
5.57348e-15
5.42842e-15
5.28714e-15
5.14953e-15
5.01551e-15
4.88498e-15
4.75784e-15
4.63401e-15
4.5134e-15
4.39594e-15
4.28153e-15
4.17009e-15
4.06156e-15
3.95586e-15
3.8529e-15
3.75262e-15
3.65496e-15
3.55983e-15
3.46718e-15
3.37694e-15
3.28905e-15
3.20345e-15
3.12008e-15
3.03887e-15
2.95978e-15
2.88275e-15
2.80772e-15
2.73465e-15
2.66348e-15
2.59416e-15
2.52664e-15
2.46088e-15
2.39683e-15
2.33445e-15
2.2737e-15
2.21452e-15
2.15688e-15
2.10075e-15
2.04607e-15
1.99282e-15
1.94096e-15
1.89044e-15
1.84124e-15
1.79332e-15
1.74665e-15
1.70119e-15
1.65691e-15
1.61379e-15
1.57179e-15
1.53088e-15
1.49104e-15
1.45223e-15
1.41443e-15
1.37762e-15
1.34177e-15
1.30685e-15
1.27283e-15
1.23971e-15
1.20744e-15
1.17602e-15
1.14541e-15
1.1156e-15
1.08656e-15
1.05828e-15
1.03074e-15
1.00391e-15
9.77787e-16
9.52339e-16
9.27553e-16
9.03412e-16
8.799e-16
8.56999e-16
8.34695e-16
8.12971e-16
7.91812e-16
7.71204e-16
7.51133e-16
7.31583e-16
7.12543e-16
6.93998e-16
6.75936e-16
6.58344e-16
6.4121e-16
6.24521e-16
6.08267e-16
5.92436e-16
5.77017e-16
5.62e-16
5.47373e-16
5.33127e-16
5.19252e-16
5.05738e-16
4.92575e-16
4.79755e-16
4.67269e-16
4.55108e-16
4.43263e-16
4.31726e-16
4.2049e-16
4.09546e-16
3.98887e-16
3.88506e-16
3.78394e-16
3.68546e-16
3.58954e-16
3.49612e-16
3.40513e-16
3.31651e-16
3.23019e-16
3.14612e-16
3.06424e-16
2.98449e-16
2.90681e-16
2.83116e-16
2.75748e-16
2.68571e-16
2.61581e-16
2.54773e-16
2.48142e-16
2.41684e-16
2.35394e-16
2.29267e-16
2.233e-16
2.17489e-16
2.11828e-16
2.06315e-16
2.00946e-16
1.95716e-16
1.90622e-16
1.85661e-16
1.80829e-16
1.76122e-16
1.71539e-16
1.67074e-16
1.62726e-16
1.58491e-16
1.54366e-16
1.50348e-16
1.46435e-16
1.42624e-16
1.38912e-16
1.35297e-16
1.31775e-16
1.28346e-16
1.25005e-16
1.21752e-16
1.18583e-16
1.15497e-16
1.12491e-16
1.09563e-16
1.06712e-16
1.03934e-16
1.01229e-16
9.85948e-17
9.60287e-17
9.35295e-17
9.10953e-17
8.87244e-17
8.64152e-17
8.41661e-17
8.19756e-17
7.98421e-17
7.77641e-17
7.57402e-17
7.3769e-17
7.1849e-17
6.99791e-17
6.81578e-17
6.63839e-17
6.46562e-17
6.29734e-17
6.13344e-17
5.97381e-17
5.81834e-17
5.66691e-17
5.51942e-17
5.37577e-17
5.23586e-17
5.09959e-17
4.96686e-17
4.83759e-17
4.71169e-17
4.58906e-17
4.46963e-17
4.3533e-17
4.24e-17
4.12965e-17
4.02217e-17
3.91749e-17
3.81553e-17
3.71622e-17
3.6195e-17
3.5253e-17
3.43355e-17
3.34419e-17
3.25715e-17
3.17238e-17
3.08982e-17
3.0094e-17
2.93108e-17
2.85479e-17
2.78049e-17
2.70812e-17
2.63764e-17
2.56899e-17
2.50213e-17
2.43701e-17
2.37359e-17
2.31181e-17
2.25164e-17
2.19304e-17
2.13596e-17
2.08037e-17
2.02623e-17
1.97349e-17
1.92213e-17
1.8721e-17
1.82338e-17
1.77592e-17
1.7297e-17
1.68469e-17
1.64084e-17
1.59813e-17
1.55654e-17
1.51603e-17
1.47657e-17
1.43814e-17
1.40071e-17
1.36426e-17
1.32875e-17
1.29417e-17
1.26049e-17
1.22768e-17
1.19573e-17
1.16461e-17
1.1343e-17
1.10478e-17
1.07602e-17
1.04802e-17
1.02074e-17
9.94177e-18
9.68302e-18
9.43101e-18
9.18556e-18
8.94649e-18
8.71365e-18
8.48686e-18
8.26598e-18
8.05085e-18
7.84131e-18
7.63723e-18
7.43846e-18
7.24487e-18
7.05631e-18
6.87266e-18
6.69379e-18
6.51958e-18
6.3499e-18
6.18463e-18
6.02367e-18
5.8669e-18
5.7142e-18
5.56548e-18
5.42063e-18
5.27956e-18
5.14215e-18
5.00832e-18
4.87797e-18
4.75101e-18
4.62736e-18
4.50693e-18
4.38963e-18
4.27539e-18
4.16411e-18
4.05574e-18
3.95018e-18
3.84737e-18
3.74724e-18
3.64971e-18
3.55472e-18
3.46221e-18
3.3721e-18
3.28434e-18
3.19886e-18
3.1156e-18
3.03452e-18
2.95554e-18
2.87862e-18
2.8037e-18
2.73073e-18
2.65966e-18
2.59044e-18
2.52302e-18
2.45735e-18
2.3934e-18
2.3311e-18
2.27043e-18
2.21134e-18
2.15379e-18
2.09774e-18
2.04314e-18
1.98996e-18
1.93817e-18
1.88773e-18
1.8386e-18
1.79075e-18
1.74414e-18
1.69875e-18
1.65453e-18
1.61147e-18
1.56953e-18
1.52868e-18
1.4889e-18
1.45015e-18
1.4124e-18
1.37565e-18
1.33984e-18
1.30497e-18
1.27101e-18
1.23793e-18
1.20571e-18
1.17433e-18
1.14377e-18
1.114e-18
1.085e-18
1.05677e-18
1.02926e-18
1.00247e-18
9.76384e-19
9.50972e-19
9.26222e-19
9.02116e-19
8.78637e-19
8.55769e-19
8.33497e-19
8.11804e-19
7.90676e-19
7.70097e-19
7.50055e-19
7.30533e-19
7.1152e-19
6.93002e-19
6.74966e-19
6.57399e-19
6.40289e-19
6.23625e-19
6.07394e-19
5.91586e-19
5.76189e-19
5.61193e-19
5.46587e-19
5.32362e-19
5.18506e-19
5.05012e-19
4.91868e-19
4.79067e-19
4.66598e-19
4.54454e-19
4.42627e-19
4.31107e-19
4.19887e-19
4.08958e-19
3.98315e-19
3.87948e-19
3.77851e-19
3.68017e-19
3.58439e-19
3.4911e-19
3.40024e-19
3.31175e-19
3.22555e-19
3.1416e-19
3.05984e-19
2.9802e-19
2.90264e-19
2.8271e-19
2.75352e-19
2.68185e-19
2.61205e-19
2.54407e-19
2.47786e-19
2.41337e-19
2.35056e-19
2.28938e-19
2.2298e-19
2.17177e-19
2.11524e-19
2.06019e-19
2.00657e-19
1.95435e-19
1.90348e-19
1.85394e-19
1.80569e-19
1.7587e-19
1.71292e-19
1.66834e-19
1.62492e-19
1.58263e-19
1.54144e-19
1.50132e-19
1.46225e-19
1.42419e-19
1.38713e-19
1.35102e-19
1.31586e-19
1.28161e-19
1.24826e-19
1.21577e-19
1.18413e-19
1.15331e-19
1.12329e-19
1.09406e-19
1.06559e-19
1.03785e-19
1.01084e-19
9.84532e-20
9.58908e-20
9.33951e-20
9.09644e-20
8.8597e-20
8.62911e-20
8.40453e-20
8.18579e-20
7.97274e-20
7.76524e-20
7.56314e-20
7.3663e-20
7.17458e-20
6.98785e-20
6.80599e-20
6.62885e-20
6.45633e-20
6.28829e-20
6.12463e-20
5.96523e-20
5.80998e-20
5.65877e-20
5.51149e-20
5.36805e-20
5.22834e-20
5.09226e-20
4.95973e-20
4.83065e-20
4.70492e-20
4.58247e-20
4.4632e-20
4.34704e-20
4.23391e-20
4.12371e-20
4.01639e-20
3.91186e-20
3.81005e-20
3.71088e-20
3.6143e-20
3.52024e-20
3.42862e-20
3.33938e-20
3.25247e-20
3.16782e-20
3.08538e-20
3.00507e-20
2.92686e-20
2.85069e-20
2.7765e-20
2.70423e-20
2.63385e-20
2.5653e-20
2.49854e-20
2.43351e-20
2.37017e-20
2.30849e-20
2.24841e-20
2.18989e-20
2.13289e-20
2.07738e-20
2.02332e-20
1.97066e-20
1.91937e-20
1.86941e-20
1.82076e-20
1.77337e-20
1.72722e-20
1.68226e-20
1.63848e-20
1.59584e-20
1.5543e-20
1.51385e-20
1.47445e-20
1.43608e-20
1.3987e-20
1.3623e-20
1.32684e-20
1.29231e-20
1.25868e-20
1.22592e-20
1.19401e-20
1.16294e-20
1.13267e-20
1.10319e-20
1.07448e-20
1.04651e-20
1.01928e-20
9.92748e-21
9.6691e-21
9.41745e-21
9.17235e-21
8.93363e-21
8.70112e-21
8.47466e-21
8.2541e-21
8.03927e-21
7.83004e-21
7.62626e-21
7.42777e-21
7.23445e-21
7.04617e-21
6.86278e-21
6.68417e-21
6.51021e-21
6.34077e-21
6.17574e-21
6.01501e-21
5.85846e-21
5.70599e-21
5.55748e-21
5.41284e-21
5.27197e-21
5.13476e-21
5.00112e-21
4.87096e-21
4.74418e-21
4.62071e-21
4.50045e-21
4.38332e-21
4.26924e-21
4.15813e-21
4.04991e-21
3.9445e-21
3.84184e-21
3.74185e-21
3.64447e-21
3.54961e-21
3.45723e-21
3.36725e-21
3.27961e-21
3.19426e-21
3.11112e-21
3.03015e-21
2.95129e-21
2.87448e-21
2.79967e-21
2.7268e-21
2.65583e-21
2.58671e-21
2.51939e-21
2.45382e-21
2.38995e-21
2.32775e-21
2.26717e-21
2.20816e-21
2.15069e-21
2.09472e-21
2.0402e-21
1.9871e-21
1.93538e-21
1.88501e-21
1.83595e-21
1.78817e-21
1.74163e-21
1.6963e-21
1.65215e-21
1.60916e-21
1.56727e-21
1.52648e-21
1.48676e-21
1.44806e-21
1.41037e-21
1.37367e-21
1.33792e-21
1.30309e-21
1.26918e-21
1.23615e-21
1.20397e-21
1.17264e-21
1.14212e-21
1.1124e-21
1.08344e-21
1.05525e-21
1.02778e-21
1.00103e-21
9.74979e-22
9.49604e-22
9.24889e-22
9.00818e-22
8.77373e-22
8.54538e-22
8.32298e-22
8.10636e-22
7.89538e-22
7.68989e-22
7.48975e-22
7.29482e-22
7.10497e-22
6.92005e-22
6.73995e-22
6.56453e-22
6.39368e-22
6.22728e-22
6.0652e-22
5.90735e-22
5.7536e-22
5.60386e-22
5.45801e-22
5.31596e-22
5.1776e-22
5.04285e-22
4.9116e-22
4.78377e-22
4.65927e-22
4.538e-22
4.4199e-22
4.30486e-22
4.19282e-22
4.0837e-22
3.97742e-22
3.8739e-22
3.77308e-22
3.67488e-22
3.57923e-22
3.48608e-22
3.39535e-22
3.30698e-22
3.22091e-22
3.13708e-22
3.05544e-22
2.97592e-22
2.89846e-22
2.82303e-22
2.74955e-22
2.67799e-22
2.6083e-22
2.54041e-22
2.47429e-22
2.4099e-22
2.34718e-22
2.28609e-22
2.22659e-22
2.16864e-22
2.1122e-22
2.05722e-22
2.00368e-22
1.95153e-22
1.90074e-22
1.85127e-22
1.80309e-22
1.75616e-22
1.71046e-22
1.66594e-22
1.62258e-22
1.58035e-22
1.53922e-22
1.49916e-22
1.46014e-22
1.42214e-22
1.38513e-22
1.34908e-22
1.31397e-22
1.27977e-22
1.24646e-22
1.21402e-22
1.18242e-22
1.15165e-22
1.12168e-22
1.09248e-22
1.06405e-22
1.03636e-22
1.00939e-22
9.83115e-23
9.57528e-23
9.32607e-23
9.08335e-23
8.84694e-23
8.61669e-23
8.39243e-23
8.174e-23
7.96126e-23
7.75406e-23
7.55225e-23
7.35569e-23
7.16425e-23
6.97779e-23
6.79619e-23
6.61931e-23
6.44703e-23
6.27924e-23
6.11581e-23
5.95664e-23
5.80161e-23
5.65062e-23
5.50355e-23
5.36032e-23
5.22081e-23
5.08493e-23
4.95259e-23
4.82369e-23
4.69815e-23
4.57587e-23
4.45678e-23
4.34078e-23
4.22781e-23
4.11778e-23
4.0106e-23
3.90622e-23
3.80456e-23
3.70554e-23
3.6091e-23
3.51517e-23
3.42368e-23
3.33457e-23
3.24779e-23
3.16326e-23
3.08093e-23
3.00075e-23
2.92265e-23
2.84658e-23
2.7725e-23
2.70034e-23
2.63006e-23
2.56161e-23
2.49494e-23
2.43e-23
2.36676e-23
2.30516e-23
2.24517e-23
2.18673e-23
2.12982e-23
2.07439e-23
2.0204e-23
1.96782e-23
1.9166e-23
1.86672e-23
1.81814e-23
1.77082e-23
1.72473e-23
1.67984e-23
1.63612e-23
1.59354e-23
1.55207e-23
1.51167e-23
1.47233e-23
1.43401e-23
1.39669e-23
1.36034e-23
1.32493e-23
1.29045e-23
1.25686e-23
1.22415e-23
1.19229e-23
1.16126e-23
1.13104e-23
1.1016e-23
1.07293e-23
1.04501e-23
1.01781e-23
9.91318e-24
9.65517e-24
9.40388e-24
9.15914e-24
8.92076e-24
8.68858e-24
8.46245e-24
8.2422e-24
8.02769e-24
7.81876e-24
7.61527e-24
7.41707e-24
7.22403e-24
7.03601e-24
6.85289e-24
6.67454e-24
6.50082e-24
6.33163e-24
6.16684e-24
6.00634e-24
5.85002e-24
5.69777e-24
5.54947e-24
5.40504e-24
5.26437e-24
5.12736e-24
4.99391e-24
4.86394e-24
4.73735e-24
4.61405e-24
4.49396e-24
4.377e-24
4.26309e-24
4.15213e-24
4.04407e-24
3.93882e-24
3.8363e-24
3.73646e-24
3.63921e-24
3.5445e-24
3.45225e-24
3.3624e-24
3.27489e-24
3.18965e-24
3.10664e-24
3.02578e-24
2.94703e-24
2.87033e-24
2.79563e-24
2.72287e-24
2.652e-24
2.58298e-24
2.51576e-24
2.45028e-24
2.38651e-24
2.3244e-24
2.2639e-24
2.20498e-24
2.14759e-24
2.0917e-24
2.03726e-24
1.98424e-24
1.93259e-24
1.8823e-24
1.83331e-24
1.78559e-24
1.73912e-24
1.69386e-24
1.64977e-24
1.60684e-24
1.56502e-24
1.52428e-24
1.48461e-24
1.44597e-24
1.40834e-24
1.37169e-24
1.33599e-24
1.30122e-24
1.26735e-24
1.23436e-24
1.20224e-24
1.17095e-24
1.14047e-24
1.11079e-24
1.08188e-24
1.05372e-24
1.0263e-24
9.99589e-25
9.73573e-25
9.48235e-25
9.23556e-25
8.99519e-25
8.76108e-25
8.53306e-25
8.31097e-25
8.09467e-25
7.884e-25
7.6788e-25
7.47895e-25
7.2843e-25
7.09472e-25
6.91007e-25
6.73023e-25
6.55506e-25
6.38446e-25
6.2183e-25
6.05646e-25
5.89883e-25
5.7453e-25
5.59578e-25
5.45014e-25
5.30829e-25
5.17014e-25
5.03558e-25
4.90452e-25
4.77687e-25
4.65255e-25
4.53146e-25
4.41352e-25
4.29865e-25
4.18678e-25
4.07781e-25
3.97168e-25
3.86831e-25
3.76763e-25
3.66958e-25
3.57407e-25
3.48105e-25
3.39045e-25
3.30221e-25
3.21627e-25
3.13256e-25
3.05103e-25
2.97162e-25
2.89428e-25
2.81895e-25
2.74559e-25
2.67413e-25
2.60453e-25
2.53675e-25
2.47072e-25
2.40642e-25
2.34379e-25
2.28279e-25
2.22338e-25
2.16551e-25
2.10915e-25
2.05426e-25
2.00079e-25
1.94872e-25
1.898e-25
1.8486e-25
1.80049e-25
1.75363e-25
1.70799e-25
1.66354e-25
1.62024e-25
1.57807e-25
1.537e-25
1.497e-25
1.45804e-25
1.42009e-25
1.38313e-25
1.34713e-25
1.31207e-25
1.27792e-25
1.24466e-25
1.21227e-25
1.18072e-25
1.14999e-25
1.12006e-25
1.09091e-25
1.06252e-25
1.03486e-25
1.00793e-25
9.81696e-26
9.56146e-26
9.31261e-26
9.07024e-26
8.83417e-26
8.60425e-26
8.38031e-26
8.1622e-26
7.94977e-26
7.74287e-26
7.54135e-26
7.34508e-26
7.15391e-26
6.96772e-26
6.78638e-26
6.60975e-26
6.43773e-26
6.27018e-26
6.10699e-26
5.94804e-26
5.79324e-26
5.64246e-26
5.49561e-26
5.35258e-26
5.21327e-26
5.07759e-26
4.94544e-26
4.81673e-26
4.69136e-26
4.56926e-26
4.45034e-26
4.33452e-26
4.22171e-26
4.11183e-26
4.00481e-26
3.90058e-26
3.79907e-26
3.70019e-26
3.60389e-26
3.51009e-26
3.41874e-26
3.32976e-26
3.2431e-26
3.15869e-26
3.07648e-26
2.99641e-26
2.91843e-26
2.84247e-26
2.76849e-26
2.69644e-26
2.62626e-26
2.55791e-26
2.49134e-26
2.4265e-26
2.36334e-26
2.30183e-26
2.24193e-26
2.18358e-26
2.12675e-26
2.0714e-26
2.01748e-26
1.96498e-26
1.91384e-26
1.86403e-26
1.81551e-26
1.76826e-26
1.72224e-26
1.67742e-26
1.63376e-26
1.59124e-26
1.54982e-26
1.50949e-26
1.4702e-26
1.43194e-26
1.39467e-26
1.35837e-26
1.32302e-26
1.28858e-26
1.25505e-26
1.22238e-26
1.19057e-26
1.15958e-26
1.1294e-26
1.10001e-26
1.07138e-26
1.0435e-26
1.01634e-26
9.89886e-27
9.64123e-27
9.3903e-27
9.14591e-27
8.90787e-27
8.67603e-27
8.45023e-27
8.2303e-27
8.01609e-27
7.80747e-27
7.60427e-27
7.40635e-27
7.21359e-27
7.02585e-27
6.84299e-27
6.6649e-27
6.49143e-27
6.32249e-27
6.15793e-27
5.99767e-27
5.84157e-27
5.68953e-27
5.54146e-27
5.39723e-27
5.25676e-27
5.11995e-27
4.98669e-27
4.85691e-27
4.7305e-27
4.60738e-27
4.48747e-27
4.37068e-27
4.25693e-27
4.14613e-27
4.03823e-27
3.93313e-27
3.83076e-27
3.73106e-27
3.63395e-27
3.53938e-27
3.44726e-27
3.35754e-27
3.27015e-27
3.18504e-27
3.10215e-27
3.02141e-27
2.94278e-27
2.86619e-27
2.79159e-27
2.71893e-27
2.64817e-27
2.57925e-27
2.51212e-27
2.44674e-27
2.38306e-27
2.32104e-27
2.26063e-27
2.20179e-27
2.14449e-27
2.08868e-27
2.03432e-27
1.98137e-27
1.9298e-27
1.87958e-27
1.83066e-27
1.78301e-27
1.73661e-27
1.69141e-27
1.64739e-27
1.60451e-27
1.56275e-27
1.52208e-27
1.48247e-27
1.44388e-27
1.4063e-27
1.3697e-27
1.33405e-27
1.29933e-27
1.26552e-27
1.23258e-27
1.2005e-27
1.16926e-27
1.13883e-27
1.10919e-27
1.08032e-27
1.0522e-27
1.02482e-27
9.98144e-28
9.72166e-28
9.46864e-28
9.2222e-28
8.98218e-28
8.74841e-28
8.52072e-28
8.29896e-28
8.08297e-28
7.8726e-28
7.6677e-28
7.46814e-28
7.27377e-28
7.08446e-28
6.90008e-28
6.7205e-28
6.54559e-28
6.37523e-28
6.20931e-28
6.0477e-28
5.8903e-28
5.737e-28
5.58768e-28
5.44226e-28
5.30062e-28
5.16266e-28
5.0283e-28
4.89743e-28
4.76996e-28
4.64582e-28
4.52491e-28
4.40714e-28
4.29244e-28
4.18072e-28
4.07191e-28
3.96594e-28
3.86272e-28
3.76218e-28
3.66427e-28
3.5689e-28
3.47602e-28
3.38555e-28
3.29743e-28
3.21161e-28
3.12803e-28
3.04662e-28
2.96732e-28
2.8901e-28
2.81488e-28
2.74162e-28
2.67026e-28
2.60077e-28
2.53308e-28
2.46715e-28
2.40294e-28
2.3404e-28
2.27949e-28
2.22016e-28
2.16238e-28
2.1061e-28
2.05129e-28
1.9979e-28
1.9459e-28
1.89526e-28
1.84593e-28
1.79789e-28
1.75109e-28
1.70552e-28
1.66113e-28
1.6179e-28
1.57579e-28
1.53478e-28
1.49483e-28
1.45593e-28
1.41804e-28
1.38113e-28
1.34518e-28
1.31017e-28
1.27607e-28
1.24286e-28
1.21052e-28
1.17901e-28
1.14833e-28
1.11844e-28
1.08933e-28
1.06098e-28
1.03336e-28
1.00647e-28
9.80276e-29
9.54763e-29
9.29914e-29
9.05711e-29
8.82139e-29
8.5918e-29
8.36819e-29
8.1504e-29
7.93827e-29
7.73167e-29
7.53044e-29
7.33445e-29
7.14356e-29
6.95764e-29
6.77656e-29
6.60019e-29
6.42841e-29
6.2611e-29
6.09815e-29
5.93944e-29
5.78485e-29
5.6343e-29
5.48766e-29
5.34483e-29
5.20573e-29
5.07024e-29
4.93828e-29
4.80976e-29
4.68457e-29
4.56265e-29
4.4439e-29
4.32824e-29
4.2156e-29
4.10588e-29
3.99902e-29
3.89494e-29
3.79357e-29
3.69484e-29
3.59867e-29
3.50501e-29
3.41379e-29
3.32494e-29
3.23841e-29
3.15412e-29
3.07203e-29
2.99208e-29
2.9142e-29
2.83836e-29
2.76449e-29
2.69254e-29
2.62246e-29
2.55421e-29
2.48773e-29
2.42298e-29
2.35992e-29
2.2985e-29
2.23868e-29
2.18042e-29
2.12367e-29
2.0684e-29
2.01456e-29
1.96213e-29
1.91107e-29
1.86133e-29
1.81288e-29
1.7657e-29
1.71975e-29
1.67499e-29
1.63139e-29
1.58893e-29
1.54758e-29
1.5073e-29
1.46807e-29
1.42986e-29
1.39265e-29
1.3564e-29
1.3211e-29
1.28672e-29
1.25323e-29
1.22061e-29
1.18885e-29
1.1579e-29
1.12777e-29
1.09842e-29
1.06983e-29
1.04198e-29
1.01487e-29
9.88453e-30
9.62727e-30
9.3767e-30
9.13266e-30
8.89497e-30
8.66347e-30
8.43799e-30
8.21838e-30
8.00449e-30
7.79616e-30
7.59325e-30
7.39563e-30
7.20315e-30
7.01568e-30
6.83308e-30
6.65524e-30
6.48203e-30
6.31333e-30
6.14902e-30
5.98898e-30
5.83311e-30
5.68129e-30
5.53343e-30
5.38942e-30
5.24915e-30
5.11253e-30
4.97947e-30
4.84988e-30
4.72365e-30
4.60071e-30
4.48097e-30
4.36435e-30
4.25076e-30
4.14013e-30
4.03238e-30
3.92743e-30
3.82521e-30
3.72566e-30
3.62869e-30
3.53425e-30
3.44227e-30
3.35268e-30
3.26542e-30
3.18043e-30
3.09766e-30
3.01704e-30
2.93851e-30
2.86203e-30
2.78755e-30
2.715e-30
2.64433e-30
2.57551e-30
2.50848e-30
2.44319e-30
2.37961e-30
2.31767e-30
2.25735e-30
2.1986e-30
2.14138e-30
2.08565e-30
2.03137e-30
1.9785e-30
1.92701e-30
1.87685e-30
1.82801e-30
1.78043e-30
1.73409e-30
1.68896e-30
1.645e-30
1.60219e-30
1.56049e-30
1.51988e-30
1.48032e-30
1.44179e-30
1.40427e-30
1.36772e-30
1.33212e-30
1.29745e-30
1.26368e-30
1.23079e-30
1.19876e-30
1.16756e-30
1.13717e-30
1.10758e-30
1.07875e-30
1.05068e-30
1.02333e-30
9.96697e-31
9.70757e-31
9.45492e-31
9.20884e-31
8.96917e-31
8.73573e-31
8.50837e-31
8.28693e-31
8.07125e-31
7.86119e-31
7.65659e-31
7.45732e-31
7.26323e-31
7.0742e-31
6.89008e-31
6.71076e-31
6.5361e-31
6.36599e-31
6.20031e-31
6.03893e-31
5.88176e-31
5.72868e-31
5.57959e-31
5.43437e-31
5.29293e-31
5.15518e-31
5.02101e-31
4.89033e-31
4.76305e-31
4.63909e-31
4.51835e-31
4.40075e-31
4.28622e-31
4.17466e-31
4.06601e-31
3.96019e-31
3.85712e-31
3.75673e-31
3.65896e-31
3.56373e-31
3.47098e-31
3.38064e-31
3.29265e-31
3.20696e-31
3.12349e-31
3.0422e-31
2.96302e-31
2.88591e-31
2.8108e-31
2.73764e-31
2.66639e-31
2.59699e-31
2.5294e-31
2.46357e-31
2.39946e-31
2.33701e-31
2.27618e-31
2.21694e-31
2.15924e-31
2.10305e-31
2.04831e-31
1.995e-31
1.94308e-31
1.89251e-31
1.84325e-31
1.79528e-31
1.74855e-31
1.70305e-31
1.65872e-31
1.61555e-31
1.5735e-31
1.53255e-31
1.49267e-31
1.45382e-31
1.41598e-31
1.37913e-31
1.34323e-31
1.30827e-31
1.27422e-31
1.24106e-31
1.20876e-31
1.1773e-31
1.14666e-31
1.11682e-31
1.08775e-31
1.05944e-31
1.03187e-31
1.00501e-31
9.78854e-32
9.53378e-32
9.28565e-32
9.04398e-32
8.8086e-32
8.57934e-32
8.35605e-32
8.13857e-32
7.92676e-32
7.72045e-32
7.51952e-32
7.32381e-32
7.1332e-32
6.94755e-32
6.76673e-32
6.59062e-32
6.41909e-32
6.25202e-32
6.0893e-32
5.93082e-32
5.77646e-32
5.62612e-32
5.4797e-32
5.33708e-32
5.19817e-32
5.06289e-32
4.93112e-32
4.80278e-32
4.67778e-32
4.55603e-32
4.43746e-32
4.32197e-32
4.20948e-32
4.09992e-32
3.99322e-32
3.88929e-32
3.78806e-32
3.68948e-32
3.59345e-32
3.49993e-32
3.40884e-32
3.32012e-32
3.23371e-32
3.14955e-32
3.06757e-32
2.98774e-32
2.90998e-32
2.83424e-32
2.76048e-32
2.68863e-32
2.61866e-32
2.5505e-32
2.48412e-32
2.41947e-32
2.3565e-32
2.29517e-32
2.23543e-32
2.17725e-32
2.12059e-32
2.0654e-32
2.01164e-32
1.95928e-32
1.90829e-32
1.85863e-32
1.81025e-32
1.76314e-32
1.71725e-32
1.67256e-32
1.62903e-32
1.58663e-32
1.54533e-32
1.50511e-32
1.46594e-32
1.42779e-32
1.39063e-32
1.35444e-32
1.31919e-32
1.28485e-32
1.25141e-32
1.21884e-32
1.18712e-32
1.15622e-32
1.12613e-32
1.09682e-32
1.06828e-32
1.04047e-32
1.01339e-32
9.87018e-33
9.61329e-33
9.36309e-33
9.11941e-33
8.88206e-33
8.65089e-33
8.42574e-33
8.20645e-33
7.99287e-33
7.78484e-33
7.58223e-33
7.38489e-33
7.19269e-33
7.00549e-33
6.82317e-33
6.64558e-33
6.47262e-33
6.30416e-33
6.14009e-33
5.98029e-33
5.82464e-33
5.67305e-33
5.5254e-33
5.38159e-33
5.24153e-33
5.10511e-33
4.97224e-33
4.84283e-33
4.71679e-33
4.59403e-33
4.47447e-33
4.35801e-33
4.24459e-33
4.13412e-33
4.02652e-33
3.92173e-33
3.81966e-33
3.72025e-33
3.62342e-33
3.52912e-33
3.43727e-33
3.34781e-33
3.26068e-33
3.17581e-33
3.09316e-33
3.01265e-33
2.93425e-33
2.85788e-33
2.7835e-33
2.71105e-33
2.64049e-33
2.57177e-33
2.50484e-33
2.43965e-33
2.37615e-33
2.31431e-33
2.25408e-33
2.19541e-33
2.13827e-33
2.08262e-33
2.02842e-33
1.97563e-33
1.92421e-33
1.87413e-33
1.82535e-33
1.77784e-33
1.73157e-33
1.68651e-33
1.64261e-33
1.59986e-33
1.55822e-33
1.51767e-33
1.47817e-33
1.4397e-33
1.40223e-33
1.36573e-33
1.33019e-33
1.29557e-33
1.26185e-33
1.22901e-33
1.19702e-33
1.16587e-33
1.13552e-33
1.10597e-33
1.07719e-33
1.04915e-33
1.02184e-33
9.9525e-34
9.69347e-34
9.44118e-34
9.19546e-34
8.95614e-34
8.72304e-34
8.49601e-34
8.27489e-34
8.05953e-34
7.84977e-34
7.64547e-34
7.44648e-34
7.25268e-34
7.06392e-34
6.88007e-34
6.70101e-34
6.5266e-34
6.35674e-34
6.1913e-34
6.03016e-34
5.87322e-34
5.72036e-34
5.57148e-34
5.42647e-34
5.28524e-34
5.14769e-34
5.01371e-34
4.88322e-34
4.75613e-34
4.63235e-34
4.51178e-34
4.39436e-34
4.27999e-34
4.1686e-34
4.0601e-34
3.95443e-34
3.85151e-34
3.75127e-34
3.65364e-34
3.55855e-34
3.46593e-34
3.37573e-34
3.28787e-34
3.2023e-34
3.11895e-34
3.03778e-34
2.95872e-34
2.88171e-34
2.80671e-34
2.73366e-34
2.66252e-34
2.59322e-34
2.52573e-34
2.45999e-34
2.39597e-34
2.33361e-34
2.27287e-34
2.21372e-34
2.1561e-34
2.09999e-34
2.04533e-34
1.9921e-34
1.94025e-34
1.88976e-34
1.84057e-34
1.79267e-34
1.74601e-34
1.70057e-34
1.65631e-34
1.6132e-34
1.57122e-34
1.53032e-34
1.4905e-34
1.4517e-34
1.41392e-34
1.37712e-34
1.34128e-34
1.30637e-34
1.27237e-34
1.23926e-34
1.207e-34
1.17559e-34
1.14499e-34
1.11519e-34
1.08617e-34
1.0579e-34
1.03037e-34
1.00355e-34
9.77431e-35
9.51992e-35
9.27215e-35
9.03083e-35
8.79579e-35
8.56687e-35
8.3439e-35
8.12674e-35
7.91523e-35
7.70923e-35
7.50858e-35
7.31316e-35
7.12283e-35
6.93745e-35
6.75689e-35
6.58103e-35
6.40975e-35
6.24293e-35
6.08045e-35
5.9222e-35
5.76806e-35
5.61794e-35
5.47173e-35
5.32932e-35
5.19062e-35
5.05552e-35
4.92395e-35
4.79579e-35
4.67098e-35
4.54941e-35
4.431e-35
4.31568e-35
4.20336e-35
4.09396e-35
3.98741e-35
3.88363e-35
3.78256e-35
3.68411e-35
3.58823e-35
3.49484e-35
3.40388e-35
3.31529e-35
3.229e-35
3.14496e-35
3.06311e-35
2.98339e-35
2.90574e-35
2.83012e-35
2.75646e-35
2.68472e-35
2.61485e-35
2.54679e-35
2.48051e-35
2.41595e-35
2.35307e-35
2.29183e-35
2.23218e-35
2.17409e-35
2.1175e-35
2.06239e-35
2.00871e-35
1.95643e-35
1.90552e-35
1.85592e-35
1.80762e-35
1.76057e-35
1.71475e-35
1.67012e-35
1.62666e-35
1.58432e-35
1.54309e-35
1.50293e-35
1.46381e-35
1.42571e-35
1.38861e-35
1.35247e-35
1.31727e-35
1.28298e-35
1.24959e-35
1.21707e-35
1.18539e-35
1.15454e-35
1.12449e-35
1.09523e-35
1.06672e-35
1.03896e-35
1.01192e-35
9.85582e-36
9.59931e-36
9.34947e-36
9.10614e-36
8.86914e-36
8.63831e-36
8.41348e-36
8.19451e-36
7.98124e-36
7.77351e-36
7.5712e-36
7.37415e-36
7.18223e-36
6.9953e-36
6.81324e-36
6.63591e-36
6.4632e-36
6.29499e-36
6.13115e-36
5.97158e-36
5.81616e-36
5.66479e-36
5.51736e-36
5.37376e-36
5.2339e-36
5.09768e-36
4.96501e-36
4.83579e-36
4.70993e-36
4.58735e-36
4.46795e-36
4.35167e-36
4.23841e-36
4.1281e-36
4.02066e-36
3.91602e-36
3.8141e-36
3.71483e-36
3.61815e-36
3.52398e-36
3.43226e-36
3.34293e-36
3.25593e-36
3.17119e-36
3.08866e-36
3.00827e-36
2.92997e-36
2.85372e-36
2.77945e-36
2.70711e-36
2.63665e-36
2.56803e-36
2.50119e-36
2.43609e-36
2.37269e-36
2.31094e-36
2.25079e-36
2.19221e-36
2.13516e-36
2.07959e-36
2.02546e-36
1.97275e-36
1.92141e-36
1.8714e-36
1.82269e-36
1.77525e-36
1.72905e-36
1.68405e-36
1.64022e-36
1.59753e-36
1.55595e-36
1.51546e-36
1.47602e-36
1.4376e-36
1.40018e-36
1.36374e-36
1.32825e-36
1.29368e-36
1.26001e-36
1.22722e-36
1.19528e-36
1.16417e-36
1.13387e-36
1.10436e-36
1.07562e-36
1.04762e-36
1.02036e-36
9.938e-37
9.67935e-37
9.42743e-37
9.18207e-37
8.94309e-37
8.71034e-37
8.48364e-37
8.26284e-37
8.04779e-37
7.83833e-37
7.63433e-37
7.43564e-37
7.24211e-37
7.05363e-37
6.87005e-37
6.69124e-37
6.5171e-37
6.34748e-37
6.18228e-37
6.02137e-37
5.86466e-37
5.71202e-37
5.56336e-37
5.41857e-37
5.27754e-37
5.14019e-37
5.00641e-37
4.87611e-37
4.7492e-37
4.62559e-37
4.50521e-37
4.38795e-37
4.27375e-37
4.16252e-37
4.05419e-37
3.94867e-37
3.8459e-37
3.7458e-37
3.64832e-37
3.55336e-37
3.46088e-37
3.37081e-37
3.28308e-37
3.19763e-37
3.11441e-37
3.03335e-37
2.9544e-37
2.87751e-37
2.80262e-37
2.72968e-37
2.65863e-37
2.58944e-37
2.52205e-37
2.45641e-37
2.39247e-37
2.33021e-37
2.26956e-37
2.21049e-37
2.15296e-37
2.09693e-37
2.04235e-37
1.9892e-37
1.93742e-37
1.887e-37
1.83789e-37
1.79006e-37
1.74347e-37
1.69809e-37
1.6539e-37
1.61085e-37
1.56893e-37
1.52809e-37
1.48832e-37
1.44959e-37
1.41186e-37
1.37511e-37
1.33932e-37
1.30447e-37
1.27051e-37
1.23745e-37
1.20524e-37
1.17387e-37
1.14332e-37
1.11357e-37
1.08458e-37
1.05636e-37
1.02886e-37
1.00208e-37
9.76004e-38
9.50602e-38
9.25861e-38
9.01764e-38
8.78295e-38
8.55436e-38
8.33172e-38
8.11487e-38
7.90367e-38
7.69797e-38
7.49762e-38
7.30248e-38
7.11242e-38
6.92731e-38
6.74702e-38
6.57142e-38
6.40039e-38
6.23381e-38
6.07156e-38
5.91354e-38
5.75963e-38
5.60973e-38
5.46373e-38
5.32153e-38
5.18303e-38
5.04813e-38
4.91675e-38
4.78878e-38
4.66414e-38
4.54275e-38
4.42452e-38
4.30937e-38
4.19721e-38
4.08797e-38
3.98157e-38
3.87795e-38
3.77702e-38
3.67872e-38
3.58297e-38
3.48972e-38
3.39889e-38
3.31043e-38
3.22427e-38
3.14036e-38
3.05862e-38
2.97902e-38
2.90148e-38
2.82597e-38
2.75242e-38
2.68078e-38
2.61101e-38
2.54306e-38
2.47687e-38
2.4124e-38
2.34962e-38
2.28846e-38
2.2289e-38
2.17089e-38
2.11439e-38
2.05936e-38
2.00576e-38
1.95356e-38
1.90271e-38
1.85319e-38
1.80496e-38
1.75798e-38
1.71223e-38
1.66767e-38
1.62426e-38
1.58199e-38
1.54081e-38
1.50071e-38
1.46165e-38
1.42361e-38
1.38656e-38
1.35047e-38
1.31532e-38
1.28109e-38
1.24775e-38
1.21527e-38
1.18364e-38
1.15284e-38
1.12283e-38
1.09361e-38
1.06514e-38
1.03742e-38
1.01042e-38
9.84122e-39
9.58508e-39
9.33561e-39
9.09263e-39
8.85598e-39
8.62548e-39
8.40099e-39
8.18234e-39
7.96937e-39
7.76195e-39
7.55993e-39
7.36317e-39
7.17153e-39
6.98487e-39
6.80307e-39
6.62601e-39
6.45355e-39
6.28558e-39
6.12199e-39
5.96265e-39
5.80746e-39
5.6563e-39
5.50908e-39
5.3657e-39
5.22604e-39
5.09002e-39
4.95754e-39
4.82851e-39
4.70283e-39
4.58043e-39
4.46121e-39
4.34509e-39
4.232e-39
4.12185e-39
4.01457e-39
3.91008e-39
3.80831e-39
3.70918e-39
3.61264e-39
3.51861e-39
3.42703e-39
3.33783e-39
3.25095e-39
3.16634e-39
3.08392e-39
3.00365e-39
2.92547e-39
2.84933e-39
2.77516e-39
2.70293e-39
2.63258e-39
2.56405e-39
2.49731e-39
2.43231e-39
2.369e-39
2.30734e-39
2.24728e-39
2.18879e-39
2.13182e-39
2.07633e-39
2.02228e-39
1.96964e-39
1.91838e-39
1.86844e-39
1.81981e-39
1.77244e-39
1.7263e-39
1.68137e-39
1.6376e-39
1.59498e-39
1.55346e-39
1.51302e-39
1.47364e-39
1.43528e-39
1.39792e-39
1.36153e-39
1.32609e-39
1.29157e-39
1.25795e-39
1.2252e-39
1.19331e-39
1.16225e-39
1.13199e-39
1.10252e-39
1.07382e-39
1.04587e-39
1.01864e-39
9.92125e-40
9.66298e-40
9.41143e-40
9.16642e-40
8.9278e-40
8.69538e-40
8.46901e-40
8.24854e-40
8.0338e-40
7.82465e-40
7.62094e-40
7.42254e-40
7.2293e-40
7.04108e-40
6.85777e-40
6.67923e-40
6.50533e-40
6.33597e-40
6.17101e-40
6.01034e-40
5.85385e-40
5.70143e-40
5.55298e-40
5.4084e-40
5.26757e-40
5.13041e-40
4.99683e-40
4.86671e-40
4.73999e-40
4.61656e-40
4.49634e-40
4.37926e-40
4.26522e-40
4.15414e-40
4.04596e-40
3.94059e-40
3.83797e-40
3.73802e-40
3.64066e-40
3.54584e-40
3.45349e-40
3.36355e-40
3.27594e-40
3.19061e-40
3.10751e-40
3.02657e-40
2.94774e-40
2.87095e-40
2.79617e-40
2.72333e-40
2.65239e-40
2.5833e-40
2.516e-40
2.45046e-40
2.38662e-40
2.32444e-40
2.26388e-40
2.2049e-40
2.14745e-40
2.0915e-40
2.03701e-40
1.98393e-40
1.93224e-40
1.88188e-40
1.83284e-40
1.78508e-40
1.73856e-40
1.69325e-40
1.64912e-40
1.60614e-40
1.56427e-40
1.5235e-40
1.48379e-40
1.44511e-40
1.40744e-40
1.37075e-40
1.33501e-40
1.30021e-40
1.2663e-40
1.23329e-40
1.20113e-40
1.16981e-40
1.1393e-40
1.10958e-40
1.08064e-40
1.05246e-40
1.02501e-40
9.98269e-41
9.72228e-41
9.46866e-41
9.22165e-41
8.98107e-41
8.74673e-41
8.51847e-41
8.29616e-41
8.07963e-41
7.86875e-41
7.66337e-41
7.46331e-41
7.26846e-41
7.07869e-41
6.89389e-41
6.71389e-41
6.53857e-41
6.36781e-41
6.20151e-41
6.03952e-41
5.88173e-41
5.72805e-41
5.57836e-41
5.4326e-41
5.29064e-41
5.15238e-41
5.01772e-41
4.88655e-41
4.75879e-41
4.63437e-41
4.51322e-41
4.39522e-41
4.28027e-41
4.16832e-41
4.05928e-41
3.95308e-41
3.84965e-41
3.74891e-41
3.6508e-41
3.55524e-41
3.46216e-41
3.37153e-41
3.28324e-41
3.19722e-41
3.11343e-41
3.03184e-41
2.9524e-41
2.87502e-41
2.79964e-41
2.72622e-41
2.65472e-41
2.58507e-41
2.51724e-41
2.45118e-41
2.38685e-41
2.3242e-41
2.26318e-41
2.20373e-41
2.14582e-41
2.08945e-41
2.03452e-41
1.98101e-41
1.92889e-41
1.87812e-41
1.82868e-41
1.78052e-41
1.73363e-41
1.68798e-41
1.64352e-41
1.6002e-41
1.55799e-41
1.51688e-41
1.47686e-41
1.43789e-41
1.39994e-41
1.36298e-41
1.32697e-41
1.29186e-41
1.25764e-41
1.2243e-41
1.19186e-41
1.16025e-41
1.12945e-41
1.09947e-41
1.07028e-41
1.04185e-41
1.01416e-41
9.87194e-42
9.60927e-42
9.35343e-42
9.10424e-42
8.86154e-42
8.62514e-42
8.3949e-42
8.17063e-42
7.95202e-42
7.7389e-42
7.53131e-42
7.32928e-42
7.13286e-42
6.94173e-42
6.7556e-42
6.57432e-42
6.39777e-42
6.22564e-42
6.05782e-42
5.89454e-42
5.73551e-42
5.58044e-42
5.42941e-42
5.2823e-42
5.13919e-42
5e-42
4.86444e-42
4.73242e-42
4.60385e-42
4.47864e-42
4.3567e-42
4.23776e-42
4.12174e-42
4.00873e-42
3.89865e-42
3.79144e-42
3.68701e-42
3.58548e-42
3.48678e-42
3.39065e-42
3.29704e-42
3.2057e-42
3.11655e-42
3.02972e-42
2.94514e-42
2.86294e-42
2.78307e-42
2.70528e-42
2.62935e-42
2.55522e-42
2.48301e-42
2.41267e-42
2.34416e-42
2.27743e-42
2.21242e-42
2.14911e-42
2.08743e-42
2.02736e-42
1.96884e-42
1.91185e-42
1.85633e-42
1.80225e-42
1.74957e-42
1.69825e-42
1.64845e-42
1.60014e-42
1.55309e-42
1.50728e-42
1.46267e-42
1.41923e-42
1.37694e-42
1.33576e-42
1.29566e-42
1.25662e-42
1.21842e-42
1.18103e-42
1.14462e-42
1.10933e-42
1.07514e-42
1.04204e-42
1.01e-42
9.78637e-43
9.4793e-43
9.18216e-43
8.89478e-43
8.61515e-43
8.34309e-43
8.07655e-43
7.81532e-43
7.56281e-43
7.31707e-43
7.0779e-43
6.84698e-43
6.62234e-43
6.40382e-43
6.18942e-43
5.98078e-43
5.77775e-43
5.57836e-43
5.38608e-43
5.20081e-43
5.02061e-43
4.84354e-43
4.67126e-43
4.50545e-43
4.34421e-43
4.18743e-43
4.03497e-43
3.88674e-43
3.74261e-43
3.60247e-43
3.46623e-43
3.33378e-43
3.20319e-43
3.07616e-43
2.95258e-43
2.83237e-43
2.71727e-43
2.60539e-43
2.49666e-43
2.38917e-43
2.28278e-43
2.17923e-43
2.07842e-43
1.97846e-43
1.88107e-43
1.78618e-43
1.69373e-43
1.60548e-43
1.51957e-43
1.43595e-43
1.35455e-43
1.27532e-43
1.19819e-43
1.12312e-43
1.05004e-43
9.77084e-44
9.05982e-44
8.38515e-44
7.72844e-44
7.08923e-44
6.46705e-44
5.86145e-44
5.27199e-44
4.71653e-44
4.19502e-44
3.68915e-44
3.19849e-44
2.72264e-44
2.26121e-44
1.81379e-44
1.38001e-44
9.41234e-45
4.9671e-45
6.40062e-46
-3.57195e-45
-7.672e-45
-1.16631e-44
-1.55481e-44
-1.93299e-44
-2.30113e-44
-2.65948e-44
-3.0266e-44
-3.38484e-44
-3.71615e-44
-4.03866e-44
-4.35261e-44
-4.65822e-44
-4.95572e-44
-5.26361e-44
-5.56419e-44
-5.83938e-44
-6.10726e-44
-6.36803e-44
-6.62189e-44
-6.86901e-44
-7.12785e-44
-7.38069e-44
-7.60941e-44
-7.83206e-44
-8.0488e-44
-8.25979e-44
-8.46518e-44
-8.66513e-44
-8.85977e-44
-9.04925e-44
-9.23371e-44
-9.41327e-44
-9.58808e-44
-9.75825e-44
-9.92392e-44
-1.00852e-43
-1.02422e-43
-1.0395e-43
-1.05438e-43
-1.06887e-43
-1.08297e-43
-1.0967e-43
-1.11007e-43
-1.12308e-43
-1.13575e-43
-1.14808e-43
-1.16009e-43
-1.17178e-43
-1.18316e-43
-1.19424e-43
-1.20503e-43
-1.21553e-43
-1.22393e-43
-1.23019e-43
-1.23611e-43
-1.24171e-43
-1.24699e-43
-1.25196e-43
-1.2548e-43
-1.25914e-43
-1.26686e-43
-1.27437e-43
-1.2817e-43
-1.28883e-43
-1.29579e-43
-1.30257e-43
-1.30917e-43
-1.31561e-43
-1.32189e-43
-1.32801e-43
-1.33397e-43
-1.33979e-43
-1.34546e-43
-1.34916e-43
-1.35268e-43
-1.35787e-43
-1.36292e-43
-1.36785e-43
-1.37266e-43
-1.37736e-43
-1.38194e-43
-1.38641e-43
-1.39077e-43
-1.39503e-43
-1.39919e-43
-1.40142e-43
-1.40351e-43
-1.40731e-43
-1.40918e-43
-1.41094e-43
-1.41622e-43
-1.4233e-43
-1.43037e-43
-1.43745e-43
-1.44451e-43
-1.45158e-43
-1.45864e-43
-1.4657e-43
-1.47275e-43
-1.4798e-43
-1.48684e-43
-1.49387e-43
-1.5009e-43
-1.50792e-43
-1.51494e-43
-1.52194e-43
-1.52893e-43
-1.53592e-43
-1.54289e-43
-1.54986e-43
-1.55498e-43
-1.56006e-43
-1.56691e-43
-1.57009e-43
-1.57136e-43
-1.57434e-43
-1.57723e-43
-1.57821e-43
-1.57725e-43
-1.57797e-43
-1.5804e-43
-1.58459e-43
-1.59058e-43
-1.59658e-43
-1.60076e-43
-1.60308e-43
-1.60716e-43
-1.61304e-43
-1.61893e-43
-1.62482e-43
-1.63072e-43
-1.6348e-43
-1.63884e-43
-1.64468e-43
-1.65052e-43
-1.65637e-43
-1.66039e-43
-1.66255e-43
-1.66647e-43
-1.67217e-43
-1.67605e-43
-1.67807e-43
-1.68185e-43
-1.68742e-43
-1.69299e-43
-1.69857e-43
-1.70232e-43
-1.70603e-43
-1.71154e-43
-1.71522e-43
-1.71704e-43
-1.72061e-43
-1.7278e-43
-1.73503e-43
-1.7423e-43
-1.75144e-43
-1.76065e-43
-1.7681e-43
-1.77557e-43
-1.7849e-43
-1.79429e-43
-1.80191e-43
-1.80772e-43
-1.81533e-43
-1.82479e-43
-1.83247e-43
-1.84016e-43
-1.84968e-43
-1.85925e-43
-1.86885e-43
-1.87667e-43
-1.88449e-43
-1.89413e-43
-1.90197e-43
-1.9098e-43
-1.91945e-43
-1.9273e-43
-1.93148e-43
-1.93557e-43
-1.9414e-43
-1.94534e-43
-1.94738e-43
-1.95111e-43
-1.95659e-43
-1.96019e-43
-1.96188e-43
-1.96528e-43
-1.97043e-43
-1.97371e-43
-1.97509e-43
-1.97817e-43
-1.98301e-43
-1.98781e-43
-1.99258e-43
-1.99731e-43
-2.00018e-43
-2.00115e-43
-2.002e-43
-2.00458e-43
-2.00891e-43
-2.01322e-43
-2.0175e-43
-2.01992e-43
-2.02044e-43
-2.02087e-43
-2.02302e-43
-2.0251e-43
-2.0253e-43
-2.02541e-43
-2.02724e-43
-2.03085e-43
-2.03445e-43
-2.0362e-43
-2.03607e-43
-2.03768e-43
-2.04107e-43
-2.04444e-43
-2.04597e-43
-2.04563e-43
-2.04703e-43
-2.0502e-43
-2.05155e-43
-2.05102e-43
-2.0504e-43
-2.05153e-43
-2.05262e-43
-2.05185e-43
-2.05282e-43
-2.05558e-43
-2.05652e-43
-2.05559e-43
-2.05459e-43
-2.05352e-43
-2.05421e-43
-2.05486e-43
-2.05366e-43
-2.05422e-43
-2.05658e-43
-2.05712e-43
-2.05581e-43
-2.05261e-43
-2.04931e-43
-2.04591e-43
-2.04059e-43
-2.03697e-43
-2.03509e-43
-2.03134e-43
-2.02568e-43
-2.02173e-43
-2.01953e-43
-2.01547e-43
-2.00951e-43
-2.00527e-43
-2.0028e-43
-1.99847e-43
-1.99226e-43
-1.98595e-43
-1.98138e-43
-1.97858e-43
-1.97395e-43
-1.96744e-43
-1.96085e-43
-1.95418e-43
-1.94926e-43
-1.94613e-43
-1.94301e-43
-1.93989e-43
-1.93679e-43
-1.93186e-43
-1.92507e-43
-1.91822e-43
-1.9113e-43
-1.90433e-43
-1.8973e-43
-1.89204e-43
-1.88677e-43
-1.87966e-43
-1.8725e-43
-1.8653e-43
-1.85988e-43
-1.85629e-43
-1.85273e-43
-1.84739e-43
-1.84022e-43
-1.83301e-43
-1.82576e-43
-1.81849e-43
-1.81301e-43
-1.80937e-43
-1.80395e-43
-1.79671e-43
-1.78945e-43
-1.784e-43
-1.78039e-43
-1.775e-43
-1.76781e-43
-1.76059e-43
-1.75519e-43
-1.75163e-43
-1.74631e-43
-1.73918e-43
-1.73204e-43
-1.72671e-43
-1.72141e-43
-1.71614e-43
-1.71089e-43
-1.70202e-43
-1.69127e-43
-1.68044e-43
-1.66953e-43
-1.66038e-43
-1.65302e-43
-1.6475e-43
-1.64386e-43
-1.63848e-43
-1.63131e-43
-1.62415e-43
-1.61884e-43
-1.61357e-43
-1.60653e-43
-1.59949e-43
-1.59248e-43
-1.58547e-43
-1.57848e-43
-1.57334e-43
-1.56825e-43
-1.56139e-43
-1.55455e-43
-1.54955e-43
-1.54645e-43
-1.54343e-43
-1.54051e-43
-1.53768e-43
-1.53494e-43
-1.53229e-43
-1.5279e-43
-1.52173e-43
-1.51557e-43
-1.50943e-43
-1.50329e-43
-1.49717e-43
-1.49106e-43
-1.48679e-43
-1.4844e-43
-1.48394e-43
-1.48543e-43
-1.48525e-43
-1.48519e-43
-1.48525e-43
-1.4836e-43
-1.48202e-43
-1.48052e-43
-1.47908e-43
-1.47771e-43
-1.47642e-43
-1.47519e-43
-1.47402e-43
-1.47475e-43
-1.47557e-43
-1.47467e-43
-1.47382e-43
-1.47303e-43
-1.4723e-43
-1.47162e-43
-1.47282e-43
-1.4741e-43
-1.47365e-43
-1.47324e-43
-1.47288e-43
-1.47256e-43
-1.47046e-43
-1.46653e-43
-1.46257e-43
-1.45858e-43
-1.45455e-43
-1.4505e-43
-1.44642e-43
-1.44231e-43
-1.43818e-43
-1.43402e-43
-1.42984e-43
-1.42564e-43
-1.42325e-43
-1.42088e-43
-1.4167e-43
-1.4125e-43
-1.40828e-43
-1.40405e-43
-1.40163e-43
-1.39923e-43
-1.39503e-43
-1.39082e-43
-1.38659e-43
-1.38235e-43
-1.37811e-43
-1.37385e-43
-1.36958e-43
-1.36531e-43
-1.36103e-43
-1.35674e-43
-1.35245e-43
-1.34816e-43
-1.34387e-43
-1.33957e-43
-1.33527e-43
-1.33097e-43
-1.32668e-43
-1.32421e-43
-1.32362e-43
-1.3231e-43
-1.32266e-43
-1.32229e-43
-1.32199e-43
-1.32177e-43
-1.32162e-43
-1.32153e-43
-1.32151e-43
-1.32156e-43
-1.32167e-43
-1.32184e-43
-1.32207e-43
-1.32236e-43
-1.32271e-43
-1.32312e-43
-1.32357e-43
-1.32408e-43
-1.32465e-43
-1.32526e-43
-1.32592e-43
-1.32662e-43
-1.32738e-43
-1.32818e-43
-1.32902e-43
-1.3299e-43
-1.33082e-43
-1.33179e-43
-1.33279e-43
-1.332e-43
-1.32938e-43
-1.32672e-43
-1.32585e-43
-1.32681e-43
-1.32781e-43
-1.32885e-43
-1.32992e-43
-1.33103e-43
-1.33217e-43
-1.33334e-43
-1.33455e-43
-1.33579e-43
-1.33706e-43
-1.33835e-43
-1.33968e-43
-1.34103e-43
-1.3424e-43
-1.34381e-43
-1.34523e-43
-1.34668e-43
-1.34815e-43
-1.34781e-43
-1.34563e-43
-1.34522e-43
-1.34479e-43
-1.34252e-43
-1.3402e-43
-1.33966e-43
-1.34093e-43
-1.34223e-43
-1.34355e-43
-1.34307e-43
-1.34075e-43
-1.33838e-43
-1.33595e-43
-1.33348e-43
-1.33279e-43
-1.33392e-43
-1.33508e-43
-1.33628e-43
-1.3375e-43
-1.33874e-43
-1.34002e-43
-1.34132e-43
-1.34265e-43
-1.344e-43
-1.34538e-43
-1.34677e-43
-1.34819e-43
-1.3478e-43
-1.34557e-43
-1.34511e-43
-1.34646e-43
-1.34783e-43
-1.34923e-43
-1.35065e-43
-1.35208e-43
-1.35354e-43
-1.35502e-43
-1.35468e-43
-1.3525e-43
-1.35208e-43
-1.35348e-43
-1.35489e-43
-1.35633e-43
-1.35778e-43
-1.35925e-43
-1.35891e-43
-1.35672e-43
-1.35447e-43
-1.35216e-43
-1.3498e-43
-1.34555e-43
-1.33939e-43
-1.3331e-43
-1.32669e-43
-1.32017e-43
-1.31353e-43
-1.30679e-43
-1.29994e-43
-1.29482e-43
-1.29147e-43
-1.28809e-43
-1.28471e-43
-1.2813e-43
-1.27789e-43
-1.27446e-43
-1.27101e-43
-1.26756e-43
-1.26409e-43
-1.26062e-43
-1.25713e-43
-1.25364e-43
-1.25015e-43
-1.24482e-43
-1.23762e-43
-1.23217e-43
-1.22851e-43
-1.22486e-43
-1.2212e-43
-1.21756e-43
-1.21392e-43
-1.21028e-43
-1.20665e-43
-1.20121e-43
-1.19756e-43
-1.19757e-43
-1.19585e-43
-1.19234e-43
-1.18884e-43
-1.18718e-43
-1.18739e-43
-1.18586e-43
-1.18255e-43
-1.18107e-43
-1.18146e-43
-1.1801e-43
-1.17696e-43
-1.17565e-43
-1.17621e-43
-1.17502e-43
-1.17387e-43
-1.17275e-43
-1.16985e-43
-1.16877e-43
-1.16956e-43
-1.17043e-43
-1.16953e-43
-1.16868e-43
-1.16968e-43
-1.16892e-43
-1.16819e-43
-1.16749e-43
-1.165e-43
-1.16249e-43
-1.1618e-43
-1.16115e-43
-1.16052e-43
-1.15992e-43
-1.15569e-43
-1.15324e-43
-1.15443e-43
-1.1557e-43
-1.15703e-43
-1.15843e-43
-1.15806e-43
-1.15588e-43
-1.15552e-43
-1.15701e-43
-1.15855e-43
-1.16016e-43
-1.16182e-43
-1.16171e-43
-1.15979e-43
-1.15784e-43
-1.15588e-43
-1.15389e-43
-1.15371e-43
-1.15354e-43
-1.1534e-43
-1.15327e-43
-1.15316e-43
-1.15307e-43
-1.15299e-43
-1.15293e-43
-1.15106e-43
-1.14916e-43
-1.14907e-43
-1.15082e-43
-1.15263e-43
-1.15449e-43
-1.15458e-43
-1.15467e-43
-1.15661e-43
-1.15676e-43
-1.1551e-43
-1.15523e-43
-1.15721e-43
-1.15923e-43
-1.16129e-43
-1.16523e-43
-1.16925e-43
-1.17335e-43
-1.17935e-43
-1.18363e-43
-1.18615e-43
-1.1887e-43
-1.19128e-43
-1.19571e-43
-1.20021e-43
-1.20476e-43
-1.2112e-43
-1.2159e-43
-1.21883e-43
-1.22359e-43
-1.23023e-43
-1.23696e-43
-1.24377e-43
-1.25065e-43
-1.2576e-43
-1.26463e-43
