Vec Object: Vec_0x3_0 1 MPI process
  type: seq
1.
0.999751
0.999502
0.999254
0.999005
0.998756
0.998507
0.998258
0.99801
0.997761
0.997512
0.997263
0.997014
0.996766
0.996517
0.996268
0.996019
0.99577
0.995522
0.995273
0.995024
0.994775
0.994526
0.994278
0.994029
0.99378
0.993531
0.993282
0.993034
0.992785
0.992536
0.992287
0.992038
0.99179
0.991541
0.991292
0.991043
0.990794
0.990546
0.990297
0.990048
0.989799
0.98955
0.989302
0.989053
0.988804
0.988555
0.988306
0.988057
0.987809
0.98756
0.987311
0.987062
0.986813
0.986565
0.986316
0.986067
0.985818
0.985569
0.98532
0.985072
0.984823
0.984574
0.984325
0.984076
0.983828
0.983579
0.98333
0.983081
0.982832
0.982583
0.982335
0.982086
0.981837
0.981588
0.981339
0.98109
0.980842
0.980593
0.980344
0.980095
0.979846
0.979597
0.979349
0.9791
0.978851
0.978602
0.978353
0.978104
0.977856
0.977607
0.977358
0.977109
0.97686
0.976611
0.976363
0.976114
0.975865
0.975616
0.975367
0.975118
0.97487
0.974621
0.974372
0.974123
0.973874
0.973625
0.973376
0.973128
0.972879
0.97263
0.972381
0.972132
0.971883
0.971634
0.971386
0.971137
0.970888
0.970639
0.97039
0.970141
0.969893
0.969644
0.969395
0.969146
0.968897
0.968648
0.968399
0.96815
0.967902
0.967653
0.967404
0.967155
0.966906
0.966657
0.966408
0.96616
0.965911
0.965662
0.965413
0.965164
0.964915
0.964666
0.964417
0.964169
0.96392
0.963671
0.963422
0.963173
0.962924
0.962675
0.962426
0.962178
0.961929
0.96168
0.961431
0.961182
0.960933
0.960684
0.960435
0.960186
0.959938
0.959689
0.95944
0.959191
0.958942
0.958693
0.958444
0.958195
0.957946
0.957698
0.957449
0.9572
0.956951
0.956702
0.956453
0.956204
0.955955
0.955706
0.955457
0.955209
0.95496
0.954711
0.954462
0.954213
0.953964
0.953715
0.953466
0.953217
0.952968
0.952719
0.952471
0.952222
0.951973
0.951724
0.951475
0.951226
0.950977
0.950728
0.950479
0.95023
0.949981
0.949732
0.949484
0.949235
0.948986
0.948737
0.948488
0.948239
0.94799
0.947741
0.947492
0.947243
0.946994
0.946745
0.946496
0.946247
0.945999
0.94575
0.945501
0.945252
0.945003
0.944754
0.944505
0.944256
0.944007
0.943758
0.943509
0.94326
0.943011
0.942762
0.942513
0.942264
0.942015
0.941766
0.941517
0.941268
0.94102
0.940771
0.940522
0.940273
0.940024
0.939775
0.939526
0.939277
0.939028
0.938779
0.93853
0.938281
0.938032
0.937783
0.937534
0.937285
0.937036
0.936787
0.936538
0.936289
0.93604
0.935791
0.935542
0.935293
0.935044
0.934795
0.934546
0.934297
0.934048
0.933799
0.93355
0.933301
0.933052
0.932803
0.932554
0.932305
0.932056
0.931807
0.931558
0.931309
0.93106
0.930811
0.930562
0.930313
0.930064
0.929815
0.929566
0.929317
0.929068
0.928819
0.92857
0.928321
0.928072
0.927823
0.927574
0.927325
0.927076
0.926827
0.926578
0.926329
0.92608
0.925831
0.925582
0.925333
0.925084
0.924835
0.924586
0.924337
0.924088
0.923839
0.92359
0.92334
0.923091
0.922842
0.922593
0.922344
0.922095
0.921846
0.921597
0.921348
0.921099
0.92085
0.920601
0.920352
0.920103
0.919854
0.919605
0.919356
0.919106
0.918857
0.918608
0.918359
0.91811
0.917861
0.917612
0.917363
0.917114
0.916865
0.916616
0.916367
0.916118
0.915868
0.915619
0.91537
0.915121
0.914872
0.914623
0.914374
0.914125
0.913876
0.913627
0.913378
0.913128
0.912879
0.91263
0.912381
0.912132
0.911883
0.911634
0.911385
0.911136
0.910886
0.910637
0.910388
0.910139
0.90989
0.909641
0.909392
0.909143
0.908893
0.908644
0.908395
0.908146
0.907897
0.907648
0.907399
0.907149
0.9069
0.906651
0.906402
0.906153
0.905904
0.905655
0.905405
0.905156
0.904907
0.904658
0.904409
0.90416
0.90391
0.903661
0.903412
0.903163
0.902914
0.902665
0.902415
0.902166
0.901917
0.901668
0.901419
0.901169
0.90092
0.900671
0.900422
0.900173
0.899924
0.899674
0.899425
0.899176
0.898927
0.898678
0.898428
0.898179
0.89793
0.897681
0.897431
0.897182
0.896933
0.896684
0.896435
0.896185
0.895936
0.895687
0.895438
0.895189
0.894939
0.89469
0.894441
0.894192
0.893942
0.893693
0.893444
0.893195
0.892945
0.892696
0.892447
0.892198
0.891948
0.891699
0.89145
0.891201
0.890951
0.890702
0.890453
0.890204
0.889954
0.889705
0.889456
0.889206
0.888957
0.888708
0.888459
0.888209
0.88796
0.887711
0.887461
0.887212
0.886963
0.886714
0.886464
0.886215
0.885966
0.885716
0.885467
0.885218
0.884968
0.884719
0.88447
0.88422
0.883971
0.883722
0.883472
0.883223
0.882974
0.882724
0.882475
0.882226
0.881976
0.881727
0.881478
0.881228
0.880979
0.88073
0.88048
0.880231
0.879982
0.879732
0.879483
0.879234
0.878984
0.878735
0.878485
0.878236
0.877987
0.877737
0.877488
0.877239
0.876989
0.87674
0.87649
0.876241
0.875992
0.875742
0.875493
0.875243
0.874994
0.874745
0.874495
0.874246
0.873996
0.873747
0.873498
0.873248
0.872999
0.872749
0.8725
0.87225
0.872001
0.871752
0.871502
0.871253
0.871003
0.870754
0.870504
0.870255
0.870005
0.869756
0.869507
0.869257
0.869008
0.868758
0.868509
0.868259
0.86801
0.86776
0.867511
0.867261
0.867012
0.866762
0.866513
0.866263
0.866014
0.865764
0.865515
0.865265
0.865016
0.864766
0.864517
0.864267
0.864018
0.863768
0.863519
0.863269
0.86302
0.86277
0.862521
0.862271
0.862021
0.861772
0.861522
0.861273
0.861023
0.860774
0.860524
0.860275
0.860025
0.859775
0.859526
0.859276
0.859027
0.858777
0.858528
0.858278
0.858028
0.857779
0.857529
0.85728
0.85703
0.85678
0.856531
0.856281
0.856032
0.855782
0.855532
0.855283
0.855033
0.854783
0.854534
0.854284
0.854035
0.853785
0.853535
0.853286
0.853036
0.852786
0.852537
0.852287
0.852037
0.851788
0.851538
0.851288
0.851039
0.850789
0.850539
0.85029
0.85004
0.84979
0.849541
0.849291
0.849041
0.848791
0.848542
0.848292
0.848042
0.847793
0.847543
0.847293
0.847043
0.846794
0.846544
0.846294
0.846044
0.845795
0.845545
0.845295
0.845045
0.844796
0.844546
0.844296
0.844046
0.843797
0.843547
0.843297
0.843047
0.842798
0.842548
0.842298
0.842048
0.841798
0.841549
0.841299
0.841049
0.840799
0.840549
0.840299
0.84005
0.8398
0.83955
0.8393
0.83905
0.8388
0.838551
0.838301
0.838051
0.837801
0.837551
0.837301
0.837051
0.836802
0.836552
0.836302
0.836052
0.835802
0.835552
0.835302
0.835052
0.834802
0.834553
0.834303
0.834053
0.833803
0.833553
0.833303
0.833053
0.832803
0.832553
0.832303
0.832053
0.831803
0.831553
0.831303
0.831053
0.830803
0.830553
0.830304
0.830054
0.829804
0.829554
0.829304
0.829054
0.828804
0.828554
0.828304
0.828054
0.827804
0.827553
0.827303
0.827053
0.826803
0.826553
0.826303
0.826053
0.825803
0.825553
0.825303
0.825053
0.824803
0.824553
0.824303
0.824053
0.823803
0.823553
0.823302
0.823052
0.822802
0.822552
0.822302
0.822052
0.821802
0.821552
0.821302
0.821051
0.820801
0.820551
0.820301
0.820051
0.819801
0.819551
0.8193
0.81905
0.8188
0.81855
0.8183
0.818049
0.817799
0.817549
0.817299
0.817049
0.816798
0.816548
0.816298
0.816048
0.815797
0.815547
0.815297
0.815047
0.814797
0.814546
0.814296
0.814046
0.813795
0.813545
0.813295
0.813045
0.812794
0.812544
0.812294
0.812043
0.811793
0.811543
0.811292
0.811042
0.810792
0.810541
0.810291
0.810041
0.80979
0.80954
0.80929
0.809039
0.808789
0.808539
0.808288
0.808038
0.807787
0.807537
0.807287
0.807036
0.806786
0.806535
0.806285
0.806034
0.805784
0.805534
0.805283
0.805033
0.804782
0.804532
0.804281
0.804031
0.80378
0.80353
0.803279
0.803029
0.802778
0.802528
0.802277
0.802027
0.801776
0.801526
0.801275
0.801025
0.800774
0.800524
0.800273
0.800022
0.799772
0.799521
0.799271
0.79902
0.798769
0.798519
0.798268
0.798018
0.797767
0.797516
0.797266
0.797015
0.796764
0.796514
0.796263
0.796013
0.795762
0.795511
0.795261
0.79501
0.794759
0.794508
0.794258
0.794007
0.793756
0.793506
0.793255
0.793004
0.792753
0.792503
0.792252
0.792001
0.79175
0.7915
0.791249
0.790998
0.790747
0.790496
0.790246
0.789995
0.789744
0.789493
0.789242
0.788991
0.788741
0.78849
0.788239
0.787988
0.787737
0.787486
0.787235
0.786984
0.786734
0.786483
0.786232
0.785981
0.78573
0.785479
0.785228
0.784977
0.784726
0.784475
0.784224
0.783973
0.783722
0.783471
0.78322
0.782969
0.782718
0.782467
0.782216
0.781965
0.781714
0.781463
0.781212
0.780961
0.78071
0.780459
0.780208
0.779957
0.779705
0.779454
0.779203
0.778952
0.778701
0.77845
0.778199
0.777948
0.777696
0.777445
0.777194
0.776943
0.776692
0.776441
0.776189
0.775938
0.775687
0.775436
0.775184
0.774933
0.774682
0.774431
0.774179
0.773928
0.773677
0.773426
0.773174
0.772923
0.772672
0.77242
0.772169
0.771918
0.771666
0.771415
0.771164
0.770912
0.770661
0.770409
0.770158
0.769907
0.769655
0.769404
0.769152
0.768901
0.768649
0.768398
0.768146
0.767895
0.767644
0.767392
0.767141
0.766889
0.766637
0.766386
0.766134
0.765883
0.765631
0.76538
0.765128
0.764877
0.764625
0.764373
0.764122
0.76387
0.763619
0.763367
0.763115
0.762864
0.762612
0.76236
0.762109
0.761857
0.761605
0.761354
0.761102
0.76085
0.760598
0.760347
0.760095
0.759843
0.759591
0.75934
0.759088
0.758836
0.758584
0.758332
0.75808
0.757829
0.757577
0.757325
0.757073
0.756821
0.756569
0.756317
0.756065
0.755813
0.755562
0.75531
0.755058
0.754806
0.754554
0.754302
0.75405
0.753798
0.753546
0.753294
0.753042
0.75279
0.752538
0.752286
0.752033
0.751781
0.751529
0.751277
0.751025
0.750773
0.750521
0.750269
0.750016
0.749764
0.749512
0.74926
0.749008
0.748755
0.748503
0.748251
0.747999
0.747746
0.747494
0.747242
0.74699
0.746737
0.746485
0.746233
0.74598
0.745728
0.745476
0.745223
0.744971
0.744718
0.744466
0.744214
0.743961
0.743709
0.743456
0.743204
0.742951
0.742699
0.742446
0.742194
0.741941
0.741689
0.741436
0.741184
0.740931
0.740678
0.740426
0.740173
0.739921
0.739668
0.739415
0.739163
0.73891
0.738657
0.738405
0.738152
0.737899
0.737646
0.737394
0.737141
0.736888
0.736635
0.736382
0.73613
0.735877
0.735624
0.735371
0.735118
0.734865
0.734612
0.734359
0.734107
0.733854
0.733601
0.733348
0.733095
0.732842
0.732589
0.732336
0.732083
0.73183
0.731576
0.731323
0.73107
0.730817
0.730564
0.730311
0.730058
0.729805
0.729551
0.729298
0.729045
0.728792
0.728539
0.728285
0.728032
0.727779
0.727525
0.727272
0.727019
0.726765
0.726512
0.726259
0.726005
0.725752
0.725498
0.725245
0.724992
0.724738
0.724485
0.724231
0.723978
0.723724
0.723471
0.723217
0.722963
0.72271
0.722456
0.722203
0.721949
0.721695
0.721442
0.721188
0.720934
0.72068
0.720427
0.720173
0.719919
0.719665
0.719412
0.719158
0.718904
0.71865
0.718396
0.718142
0.717888
0.717634
0.717381
0.717127
0.716873
0.716619
0.716365
0.716111
0.715856
0.715602
0.715348
0.715094
0.71484
0.714586
0.714332
0.714078
0.713823
0.713569
0.713315
0.713061
0.712806
0.712552
0.712298
0.712043
0.711789
0.711535
0.71128
0.711026
0.710772
0.710517
0.710263
0.710008
0.709754
0.709499
0.709245
0.70899
0.708735
0.708481
0.708226
0.707972
0.707717
0.707462
0.707207
0.706953
0.706698
0.706443
0.706188
0.705934
0.705679
0.705424
0.705169
0.704914
0.704659
0.704404
0.704149
0.703894
0.703639
0.703384
0.703129
0.702874
0.702619
0.702364
0.702109
0.701854
0.701599
0.701343
0.701088
0.700833
0.700578
0.700322
0.700067
0.699812
0.699556
0.699301
0.699045
0.69879
0.698535
0.698279
0.698024
0.697768
0.697512
0.697257
0.697001
0.696746
0.69649
0.696234
0.695979
0.695723
0.695467
0.695211
0.694956
0.6947
0.694444
0.694188
0.693932
0.693676
0.69342
0.693164
0.692908
0.692652
0.692396
0.69214
0.691884
0.691628
0.691371
0.691115
0.690859
0.690603
0.690346
0.69009
0.689834
0.689577
0.689321
0.689065
0.688808
0.688552
0.688295
0.688039
0.687782
0.687525
0.687269
0.687012
0.686755
0.686499
0.686242
0.685985
0.685728
0.685472
0.685215
0.684958
0.684701
0.684444
0.684187
0.68393
0.683673
0.683416
0.683159
0.682901
0.682644
0.682387
0.68213
0.681872
0.681615
0.681358
0.6811
0.680843
0.680586
0.680328
0.680071
0.679813
0.679555
0.679298
0.67904
0.678782
0.678525
0.678267
0.678009
0.677751
0.677493
0.677235
0.676978
0.67672
0.676462
0.676203
0.675945
0.675687
0.675429
0.675171
0.674913
0.674654
0.674396
0.674138
0.673879
0.673621
0.673362
0.673104
0.672845
0.672587
0.672328
0.672069
0.671811
0.671552
0.671293
0.671034
0.670775
0.670516
0.670257
0.669998
0.669739
0.66948
0.669221
0.668962
0.668703
0.668444
0.668184
0.667925
0.667665
0.667406
0.667147
0.666887
0.666627
0.666368
0.666108
0.665848
0.665589
0.665329
0.665069
0.664809
0.664549
0.664289
0.664029
0.663769
0.663509
0.663249
0.662988
0.662728
0.662468
0.662207
0.661947
0.661686
0.661426
0.661165
0.660904
0.660644
0.660383
0.660122
0.659861
0.6596
0.659339
0.659078
0.658817
0.658556
0.658295
0.658034
0.657772
0.657511
0.65725
0.656988
0.656726
0.656465
0.656203
0.655941
0.65568
0.655418
0.655156
0.654894
0.654632
0.65437
0.654108
0.653845
0.653583
0.653321
0.653058
0.652796
0.652533
0.652271
0.652008
0.651745
0.651483
0.65122
0.650957
0.650694
0.650431
0.650168
0.649904
0.649641
0.649378
0.649114
0.648851
0.648587
0.648324
0.64806
0.647796
0.647532
0.647268
0.647004
0.64674
0.646476
0.646212
0.645948
0.645683
0.645419
0.645154
0.64489
0.644625
0.64436
0.644095
0.64383
0.643565
0.6433
0.643035
0.64277
0.642504
0.642239
0.641973
0.641708
0.641442
0.641176
0.64091
0.640644
0.640378
0.640112
0.639846
0.639579
0.639313
0.639046
0.63878
0.638513
0.638246
0.637979
0.637712
0.637445
0.637178
0.636911
0.636643
0.636376
0.636108
0.635841
0.635573
0.635305
0.635037
0.634769
0.634501
0.634232
0.633964
0.633695
0.633427
0.633158
0.632889
0.63262
0.632351
0.632082
0.631813
0.631543
0.631274
0.631004
0.630734
0.630464
0.630194
0.629924
0.629654
0.629384
0.629113
0.628843
0.628572
0.628301
0.62803
0.627759
0.627488
0.627217
0.626945
0.626674
0.626402
0.62613
0.625858
0.625586
0.625314
0.625042
0.624769
0.624497
0.624224
0.623951
0.623678
0.623405
0.623132
0.622858
0.622585
0.622311
0.622037
0.621763
0.621489
0.621215
0.62094
0.620666
0.620391
0.620116
0.619842
0.619566
0.619291
0.619016
0.61874
0.618465
0.618189
0.617913
0.617637
0.61736
0.617084
0.616807
0.616531
0.616254
0.615977
0.6157
0.615422
0.615145
0.614867
0.614589
0.614311
0.614033
0.613755
0.613477
0.613198
0.612919
0.61264
0.612361
0.612082
0.611803
0.611523
0.611243
0.610963
0.610683
0.610403
0.610123
0.609842
0.609562
0.609281
0.609
0.608719
0.608437
0.608156
0.607874
0.607592
0.60731
0.607028
0.606745
0.606463
0.60618
0.605897
0.605614
0.605331
0.605048
0.604764
0.60448
0.604196
0.603912
0.603628
0.603344
0.603059
0.602774
0.602489
0.602204
0.601919
0.601633
0.601348
0.601062
0.600776
0.60049
0.600203
0.599917
0.59963
0.599343
0.599056
0.598769
0.598481
0.598194
0.597906
0.597618
0.59733
0.597042
0.596753
0.596464
0.596176
0.595886
0.595597
0.595308
0.595018
0.594728
0.594438
0.594148
0.593858
0.593567
0.593277
0.592986
0.592695
0.592403
0.592112
0.59182
0.591529
0.591237
0.590944
0.590652
0.590359
0.590067
0.589774
0.589481
0.589187
0.588894
0.5886
0.588306
0.588012
0.587718
0.587424
0.587129
0.586834
0.586539
0.586244
0.585949
0.585653
0.585357
0.585061
0.584765
0.584469
0.584172
0.583876
0.583579
0.583282
0.582984
0.582687
0.582389
0.582091
0.581793
0.581495
0.581197
0.580898
0.580599
0.5803
0.580001
0.579702
0.579402
0.579102
0.578802
0.578502
0.578202
0.577901
0.577601
0.5773
0.576998
0.576697
0.576396
0.576094
0.575792
0.57549
0.575188
0.574885
0.574582
0.574279
0.573976
0.573673
0.57337
0.573066
0.572762
0.572458
0.572154
0.571849
0.571545
0.57124
0.570935
0.570629
0.570324
0.570018
0.569713
0.569407
0.5691
0.568794
0.568487
0.56818
0.567873
0.567566
0.567259
0.566951
0.566643
0.566335
0.566027
0.565719
0.56541
0.565101
0.564792
0.564483
0.564173
0.563864
0.563554
0.563244
0.562934
0.562623
0.562313
0.562002
0.561691
0.561379
0.561068
0.560756
0.560445
0.560132
0.55982
0.559508
0.559195
0.558882
0.558569
0.558256
0.557942
0.557629
0.557315
0.557001
0.556687
0.556372
0.556057
0.555742
0.555427
0.555112
0.554797
0.554481
0.554165
0.553849
0.553532
0.553216
0.552899
0.552582
0.552265
0.551948
0.55163
0.551312
0.550994
0.550676
0.550358
0.550039
0.54972
0.549401
0.549082
0.548763
0.548443
0.548123
0.547803
0.547483
0.547163
0.546842
0.546521
0.5462
0.545879
0.545557
0.545235
0.544914
0.544591
0.544269
0.543947
0.543624
0.543301
0.542978
0.542654
0.542331
0.542007
0.541683
0.541359
0.541034
0.54071
0.540385
0.54006
0.539734
0.539409
0.539083
0.538757
0.538431
0.538105
0.537778
0.537452
0.537125
0.536797
0.53647
0.536142
0.535815
0.535487
0.535158
0.53483
0.534501
0.534172
0.533843
0.533514
0.533184
0.532855
0.532525
0.532195
0.531864
0.531534
0.531203
0.530872
0.530541
0.530209
0.529878
0.529546
0.529214
0.528881
0.528549
0.528216
0.527883
0.52755
0.527217
0.526883
0.526549
0.526215
0.525881
0.525546
0.525212
0.524877
0.524542
0.524206
0.523871
0.523535
0.523199
0.522863
0.522527
0.52219
0.521853
0.521516
0.521179
0.520841
0.520504
0.520166
0.519827
0.519489
0.519151
0.518812
0.518473
0.518133
0.517794
0.517454
0.517114
0.516774
0.516434
0.516093
0.515753
0.515412
0.51507
0.514729
0.514387
0.514045
0.513703
0.513361
0.513018
0.512676
0.512333
0.51199
0.511646
0.511302
0.510959
0.510615
0.51027
0.509926
0.509581
0.509236
0.508891
0.508545
0.5082
0.507854
0.507508
0.507161
0.506815
0.506468
0.506121
0.505774
0.505427
0.505079
0.504731
0.504383
0.504035
0.503686
0.503337
0.502988
0.502639
0.50229
0.50194
0.50159
0.50124
0.50089
0.500539
0.500188
0.499837
0.499486
0.499135
0.498783
0.498431
0.498079
0.497726
0.497374
0.497021
0.496668
0.496315
0.495961
0.495607
0.495253
0.494899
0.494545
0.49419
0.493835
0.49348
0.493125
0.492769
0.492414
0.492058
0.491701
0.491345
0.490988
0.490631
0.490274
0.489917
0.489559
0.489201
0.488843
0.488485
0.488127
0.487768
0.487409
0.48705
0.48669
0.486331
0.485971
0.485611
0.48525
0.48489
0.484529
0.484168
0.483806
0.483445
0.483083
0.482721
0.482359
0.481997
0.481634
0.481271
0.480908
0.480545
0.480181
0.479817
0.479453
0.479089
0.478724
0.47836
0.477995
0.477629
0.477264
0.476898
0.476532
0.476166
0.4758
0.475433
0.475066
0.474699
0.474332
0.473964
0.473597
0.473229
0.47286
0.472492
0.472123
0.471754
0.471385
0.471016
0.470646
0.470276
0.469906
0.469536
0.469165
0.468794
0.468423
0.468052
0.46768
0.467309
0.466937
0.466564
0.466192
0.465819
0.465446
0.465073
0.4647
0.464326
0.463952
0.463578
0.463204
0.462829
0.462454
0.462079
0.461704
0.461328
0.460952
0.460576
0.4602
0.459824
0.459447
0.45907
0.458693
0.458315
0.457938
0.45756
0.457181
0.456803
0.456424
0.456046
0.455666
0.455287
0.454907
0.454528
0.454148
0.453767
0.453387
0.453006
0.452625
0.452244
0.451862
0.45148
0.451098
0.450716
0.450334
0.449951
0.449568
0.449185
0.448801
0.448418
0.448034
0.447649
0.447265
0.44688
0.446496
0.44611
0.445725
0.445339
0.444954
0.444567
0.444181
0.443795
0.443408
0.443021
0.442633
0.442246
0.441858
0.44147
0.441082
0.440693
0.440304
0.439915
0.439526
0.439137
0.438747
0.438357
0.437967
0.437576
0.437186
0.436795
0.436403
0.436012
0.43562
0.435228
0.434836
0.434444
0.434051
0.433658
0.433265
0.432872
0.432478
0.432084
0.43169
0.431296
0.430901
0.430506
0.430111
0.429716
0.42932
0.428924
0.428528
0.428132
0.427735
0.427338
0.426941
0.426544
0.426146
0.425749
0.425351
0.424952
0.424554
0.424155
0.423756
0.423357
0.422957
0.422557
0.422157
0.421757
0.421356
0.420956
0.420555
0.420153
0.419752
0.41935
0.418948
0.418546
0.418143
0.41774
0.417337
0.416934
0.416531
0.416127
0.415723
0.415319
0.414914
0.414509
0.414104
0.413699
0.413294
0.412888
0.412482
0.412076
0.411669
0.411262
0.410855
0.410448
0.410041
0.409633
0.409225
0.408817
0.408408
0.408
0.407591
0.407181
0.406772
0.406362
0.405952
0.405542
0.405131
0.404721
0.40431
0.403898
0.403487
0.403075
0.402663
0.402251
0.401838
0.401426
0.401013
0.400599
0.400186
0.399772
0.399358
0.398944
0.398529
0.398115
0.3977
0.397284
0.396869
0.396453
0.396037
0.395621
0.395204
0.394787
0.39437
0.393953
0.393536
0.393118
0.3927
0.392282
0.391863
0.391444
0.391025
0.390606
0.390186
0.389767
0.389346
0.388926
0.388506
0.388085
0.387664
0.387242
0.386821
0.386399
0.385977
0.385555
0.385132
0.384709
0.384286
0.383863
0.383439
0.383015
0.382591
0.382167
0.381742
0.381317
0.380892
0.380467
0.380041
0.379615
0.379189
0.378763
0.378336
0.377909
0.377482
0.377055
0.376627
0.376199
0.375771
0.375342
0.374914
0.374485
0.374056
0.373626
0.373196
0.372766
0.372336
0.371906
0.371475
0.371044
0.370613
0.370181
0.36975
0.369318
0.368885
0.368453
0.36802
0.367587
0.367154
0.36672
0.366287
0.365852
0.365418
0.364984
0.364549
0.364114
0.363678
0.363243
0.362807
0.362371
0.361935
0.361498
0.361061
0.360624
0.360187
0.359749
0.359311
0.358873
0.358435
0.357996
0.357557
0.357118
0.356679
0.356239
0.355799
0.355359
0.354919
0.354478
0.354037
0.353596
0.353154
0.352713
0.352271
0.351828
0.351386
0.350943
0.3505
0.350057
0.349613
0.34917
0.348726
0.348281
0.347837
0.347392
0.346947
0.346502
0.346056
0.345611
0.345164
0.344718
0.344272
0.343825
0.343378
0.34293
0.342483
0.342035
0.341587
0.341139
0.34069
0.340241
0.339792
0.339343
0.338893
0.338443
0.337993
0.337543
0.337092
0.336641
0.33619
0.335738
0.335287
0.334835
0.334383
0.33393
0.333478
0.333025
0.332571
0.332118
0.331664
0.33121
0.330756
0.330302
0.329847
0.329392
0.328937
0.328481
0.328025
0.327569
0.327113
0.326657
0.3262
0.325743
0.325286
0.324828
0.32437
0.323912
0.323454
0.322995
0.322537
0.322077
0.321618
0.321159
0.320699
0.320239
0.319778
0.319318
0.318857
0.318396
0.317935
0.317473
0.317011
0.316549
0.316087
0.315624
0.315161
0.314698
0.314235
0.313771
0.313307
0.312843
0.312379
0.311914
0.311449
0.310984
0.310519
0.310053
0.309587
0.309121
0.308655
0.308188
0.307721
0.307254
0.306787
0.306319
0.305851
0.305383
0.304915
0.304446
0.303977
0.303508
0.303038
0.302569
0.302099
0.301629
0.301158
0.300688
0.300217
0.299746
0.299274
0.298803
0.298331
0.297859
0.297386
0.296913
0.296441
0.295967
0.295494
0.29502
0.294547
0.294072
0.293598
0.293123
0.292649
0.292173
0.291698
0.291222
0.290747
0.29027
0.289794
0.289317
0.288841
0.288363
0.287886
0.287409
0.286931
0.286453
0.285974
0.285496
0.285017
0.284538
0.284059
0.283579
0.283099
0.282619
0.282139
0.281658
0.281178
0.280697
0.280215
0.279734
0.279252
0.27877
0.278288
0.277805
0.277323
0.27684
0.276357
0.275873
0.275389
0.274906
0.274421
0.273937
0.273452
0.272968
0.272482
0.271997
0.271511
0.271026
0.27054
0.270053
0.269567
0.26908
0.268593
0.268106
0.267618
0.26713
0.266643
0.266154
0.265666
0.265177
0.264688
0.264199
0.26371
0.26322
0.26273
0.26224
0.26175
0.261259
0.260769
0.260278
0.259786
0.259295
0.258803
0.258311
0.257819
0.257327
0.256834
0.256341
0.255848
0.255355
0.254861
0.254367
0.253873
0.253379
0.252885
0.25239
0.251895
0.2514
0.250905
0.250409
0.249913
0.249417
0.248921
0.248424
0.247928
0.247431
0.246934
0.246436
0.245939
0.245441
0.244943
0.244445
0.243946
0.243447
0.242948
0.242449
0.24195
0.24145
0.24095
0.24045
0.23995
0.23945
0.238949
0.238448
0.237947
0.237446
0.236944
0.236442
0.23594
0.235438
0.234936
0.234433
0.23393
0.233427
0.232924
0.232421
0.231917
0.231413
0.230909
0.230405
0.2299
0.229396
0.228891
0.228386
0.22788
0.227375
0.226869
0.226363
0.225857
0.225351
0.224844
0.224337
0.223831
0.223323
0.222816
0.222308
0.221801
0.221293
0.220785
0.220276
0.219768
0.219259
0.21875
0.218241
0.217732
0.217222
0.216713
0.216203
0.215693
0.215182
0.214672
0.214161
0.21365
0.213139
0.212628
0.212117
0.211605
0.211094
0.210582
0.210069
0.209557
0.209045
0.208532
0.208019
0.207506
0.206993
0.20648
0.205966
0.205452
0.204938
0.204424
0.20391
0.203396
0.202881
0.202366
0.201851
0.201336
0.200821
0.200305
0.19979
0.199274
0.198758
0.198242
0.197726
0.197209
0.196693
0.196176
0.195659
0.195142
0.194625
0.194107
0.19359
0.193072
0.192554
0.192036
0.191518
0.191
0.190481
0.189963
0.189444
0.188925
0.188406
0.187887
0.187367
0.186848
0.186328
0.185808
0.185288
0.184768
0.184248
0.183728
0.183207
0.182687
0.182166
0.181645
0.181124
0.180603
0.180082
0.179561
0.179039
0.178518
0.177996
0.177474
0.176952
0.17643
0.175908
0.175385
0.174863
0.17434
0.173818
0.173295
0.172772
0.172249
0.171726
0.171203
0.17068
0.170156
0.169633
0.169109
0.168585
0.168061
0.167538
0.167014
0.16649
0.165965
0.165441
0.164917
0.164392
0.163868
0.163343
0.162819
0.162294
0.161769
0.161244
0.160719
0.160194
0.159669
0.159144
0.158618
0.158093
0.157568
0.157042
0.156517
0.155991
0.155466
0.15494
0.154414
0.153888
0.153363
0.152837
0.152311
0.151785
0.151259
0.150733
0.150207
0.14968
0.149154
0.148628
0.148102
0.147576
0.147049
0.146523
0.145997
0.145471
0.144944
0.144418
0.143891
0.143365
0.142839
0.142312
0.141786
0.14126
0.140733
0.140207
0.13968
0.139154
0.138628
0.138101
0.137575
0.137049
0.136523
0.135996
0.13547
0.134944
0.134418
0.133892
0.133366
0.13284
0.132314
0.131788
0.131262
0.130736
0.13021
0.129684
0.129159
0.128633
0.128108
0.127582
0.127057
0.126531
0.126006
0.125481
0.124956
0.124431
0.123906
0.123381
0.122857
0.122332
0.121808
0.121283
0.120759
0.120235
0.119711
0.119187
0.118663
0.118139
0.117616
0.117093
0.116569
0.116046
0.115523
0.115001
0.114478
0.113955
0.113433
0.112911
0.112389
0.111867
0.111346
0.110824
0.110303
0.109782
0.109261
0.10874
0.10822
0.1077
0.10718
0.10666
0.10614
0.105621
0.105102
0.104583
0.104065
0.103546
0.103028
0.10251
0.101993
0.101475
0.100958
0.100441
0.0999248
0.0994086
0.0988926
0.098377
0.0978617
0.0973466
0.0968319
0.0963175
0.0958035
0.0952897
0.0947763
0.0942632
0.0937505
0.0932382
0.0927262
0.0922145
0.0917033
0.0911924
0.0906819
0.0901718
0.089662
0.0891527
0.0886438
0.0881353
0.0876272
0.0871196
0.0866124
0.0861056
0.0855993
0.0850934
0.084588
0.0840831
0.0835786
0.0830747
0.0825712
0.0820682
0.0815657
0.0810638
0.0805623
0.0800614
0.079561
0.0790612
0.0785619
0.0780632
0.077565
0.0770674
0.0765705
0.0760741
0.0755783
0.0750831
0.0745885
0.0740946
0.0736012
0.0731086
0.0726166
0.0721252
0.0716345
0.0711446
0.0706552
0.0701666
0.0696787
0.0691916
0.0687051
0.0682194
0.0677345
0.0672503
0.0667668
0.0662842
0.0658023
0.0653212
0.064841
0.0643615
0.0638829
0.0634052
0.0629283
0.0624522
0.0619771
0.0615028
0.0610294
0.0605569
0.0600854
0.0596148
0.0591451
0.0586764
0.0582086
0.0577419
0.0572761
0.0568114
0.0563476
0.0558849
0.0554232
0.0549626
0.0545031
0.0540446
0.0535873
0.053131
0.0526759
0.0522219
0.0517691
0.0513174
0.050867
0.0504177
0.0499696
0.0495227
0.0490771
0.0486327
0.0481896
0.0477478
0.0473073
0.0468681
0.0464302
0.0459936
0.0455584
0.0451246
0.0446922
0.0442612
0.0438316
0.0434034
0.0429767
0.0425515
0.0421277
0.0417055
0.0412847
0.0408655
0.0404479
0.0400318
0.0396173
0.0392044
0.0387932
0.0383835
0.0379756
0.0375693
0.0371647
0.0367618
0.0363606
0.0359612
0.0355635
0.0351676
0.0347735
0.0343812
0.0339908
0.0336022
0.0332155
0.0328307
0.0324477
0.0320667
0.0316877
0.0313106
0.0309355
0.0305623
0.0301912
0.0298222
0.0294551
0.0290902
0.0287273
0.0283666
0.0280079
0.0276514
0.0272971
0.026945
0.026595
0.0262473
0.0259018
0.0255585
0.0252175
0.0248788
0.0245424
0.0242083
0.0238765
0.0235471
0.0232201
0.0228954
0.0225731
0.0222533
0.0219359
0.0216209
0.0213084
0.0209983
0.0206908
0.0203858
0.0200832
0.0197832
0.0194858
0.0191909
0.0188986
0.0186088
0.0183217
0.0180371
0.0177552
0.0174759
0.0171992
0.0169252
0.0166538
0.0163851
0.0161191
0.0158557
0.0155951
0.0153371
0.0150818
0.0148293
0.0145794
0.0143323
0.0140878
0.0138461
0.0136072
0.0133709
0.0131374
0.0129066
0.0126786
0.0124533
0.0122307
0.0120108
0.0117937
0.0115793
0.0113676
0.0111586
0.0109523
0.0107488
0.0105479
0.0103498
0.0101543
0.00996151
0.00977139
0.00958394
0.00939913
0.00921697
0.00903744
0.00886053
0.00868623
0.00851452
0.0083454
0.00817884
0.00801484
0.00785337
0.00769442
0.00753798
0.00738403
0.00723255
0.00708352
0.00693693
0.00679276
0.00665098
0.00651158
0.00637454
0.00623984
0.00610745
0.00597736
0.00584954
0.00572397
0.00560062
0.00547949
0.00536053
0.00524373
0.00512907
0.00501652
0.00490606
0.00479765
0.00469129
0.00458694
0.00448458
0.00438418
0.00428571
0.00418916
0.0040945
0.0040017
0.00391073
0.00382157
0.0037342
0.00364859
0.0035647
0.00348253
0.00340204
0.0033232
0.00324599
0.00317038
0.00309636
0.00302389
0.00295294
0.0028835
0.00281554
0.00274903
0.00268395
0.00262027
0.00255797
0.00249703
0.00243742
0.00237911
0.00232209
0.00226633
0.00221181
0.0021585
0.00210639
0.00205544
0.00200564
0.00195696
0.00190939
0.0018629
0.00181747
0.00177308
0.0017297
0.00168733
0.00164593
0.00160549
0.001566
0.00152742
0.00148974
0.00145294
0.00141701
0.00138192
0.00134766
0.00131421
0.00128155
0.00124967
0.00121855
0.00118817
0.00115851
0.00112957
0.00110132
0.00107375
0.00104684
0.00102059
0.000994965
0.000969965
0.000945572
0.000921772
0.000898551
0.000875897
0.000853797
0.000832238
0.000811207
0.000790693
0.000770683
0.000751165
0.000732129
0.000713563
0.000695456
0.000677797
0.000660576
0.000643782
0.000627405
0.000611436
0.000595864
0.000580681
0.000565876
0.000551442
0.000537368
0.000523647
0.00051027
0.000497228
0.000484514
0.000472119
0.000460036
0.000448257
0.000436775
0.000425582
0.000414672
0.000404038
0.000393672
0.000383569
0.000373721
0.000364123
0.000354768
0.00034565
0.000336764
0.000328104
0.000319663
0.000311438
0.000303421
0.000295609
0.000287996
0.000280576
0.000273346
0.000266301
0.000259435
0.000252745
0.000246226
0.000239873
0.000233683
0.000227651
0.000221774
0.000216047
0.000210467
0.00020503
0.000199733
0.000194571
0.000189542
0.000184642
0.000179867
0.000175216
0.000170684
0.000166268
0.000161966
0.000157775
0.000153691
0.000149713
0.000145837
0.000142061
0.000138382
0.000134798
0.000131306
0.000127905
0.000124591
0.000121362
0.000118217
0.000115153
0.000112168
0.00010926
0.000106427
0.000103668
0.000100979
9.83606e-05
9.58094e-05
9.33241e-05
9.09031e-05
8.85448e-05
8.62474e-05
8.40094e-05
8.18293e-05
7.97056e-05
7.76369e-05
7.56217e-05
7.36587e-05
7.17465e-05
6.98839e-05
6.80694e-05
6.6302e-05
6.45803e-05
6.29033e-05
6.12697e-05
5.96784e-05
5.81284e-05
5.66185e-05
5.51478e-05
5.37152e-05
5.23197e-05
5.09605e-05
4.96364e-05
4.83468e-05
4.70905e-05
4.58669e-05
4.4675e-05
4.3514e-05
4.23832e-05
4.12816e-05
4.02087e-05
3.91636e-05
3.81457e-05
3.71542e-05
3.61884e-05
3.52476e-05
3.43313e-05
3.34388e-05
3.25695e-05
3.17227e-05
3.0898e-05
3.00946e-05
2.93121e-05
2.855e-05
2.78076e-05
2.70845e-05
2.63802e-05
2.56942e-05
2.50261e-05
2.43752e-05
2.37413e-05
2.31239e-05
2.25225e-05
2.19367e-05
2.13662e-05
2.08105e-05
2.02692e-05
1.9742e-05
1.92285e-05
1.87284e-05
1.82412e-05
1.77667e-05
1.73046e-05
1.68544e-05
1.6416e-05
1.5989e-05
1.5573e-05
1.51679e-05
1.47733e-05
1.4389e-05
1.40146e-05
1.365e-05
1.32949e-05
1.2949e-05
1.26121e-05
1.2284e-05
1.19644e-05
1.16531e-05
1.13499e-05
1.10546e-05
1.0767e-05
1.04868e-05
1.0214e-05
9.94822e-06
9.68937e-06
9.43725e-06
9.19169e-06
8.95252e-06
8.71957e-06
8.49268e-06
8.27169e-06
8.05645e-06
7.84681e-06
7.64262e-06
7.44375e-06
7.25005e-06
7.06139e-06
6.87763e-06
6.69866e-06
6.52434e-06
6.35456e-06
6.18919e-06
6.02813e-06
5.87126e-06
5.71847e-06
5.56965e-06
5.42471e-06
5.28354e-06
5.14604e-06
5.01211e-06
4.88168e-06
4.75463e-06
4.6309e-06
4.51038e-06
4.393e-06
4.27867e-06
4.16732e-06
4.05886e-06
3.95323e-06
3.85035e-06
3.75014e-06
3.65254e-06
3.55748e-06
3.46489e-06
3.37472e-06
3.28689e-06
3.20134e-06
3.11803e-06
3.03688e-06
2.95784e-06
2.88086e-06
2.80588e-06
2.73285e-06
2.66172e-06
2.59245e-06
2.52498e-06
2.45926e-06
2.39525e-06
2.33291e-06
2.27219e-06
2.21306e-06
2.15546e-06
2.09936e-06
2.04472e-06
1.9915e-06
1.93967e-06
1.88918e-06
1.84001e-06
1.79212e-06
1.74548e-06
1.70005e-06
1.6558e-06
1.6127e-06
1.57073e-06
1.52984e-06
1.49003e-06
1.45124e-06
1.41347e-06
1.37668e-06
1.34085e-06
1.30595e-06
1.27196e-06
1.23885e-06
1.20661e-06
1.1752e-06
1.14462e-06
1.11482e-06
1.08581e-06
1.05755e-06
1.03002e-06
1.00321e-06
9.77099e-07
9.51667e-07
9.26897e-07
9.02771e-07
8.79274e-07
8.56388e-07
8.34097e-07
8.12387e-07
7.91242e-07
7.70648e-07
7.50589e-07
7.31052e-07
7.12024e-07
6.93491e-07
6.75441e-07
6.5786e-07
6.40737e-07
6.2406e-07
6.07816e-07
5.91996e-07
5.76587e-07
5.61579e-07
5.46962e-07
5.32726e-07
5.1886e-07
5.05355e-07
4.92201e-07
4.7939e-07
4.66912e-07
4.54759e-07
4.42922e-07
4.31393e-07
4.20165e-07
4.09228e-07
3.98577e-07
3.88202e-07
3.78098e-07
3.68257e-07
3.58671e-07
3.49336e-07
3.40243e-07
3.31387e-07
3.22761e-07
3.1436e-07
3.06178e-07
2.98208e-07
2.90446e-07
2.82886e-07
2.75523e-07
2.68352e-07
2.61367e-07
2.54564e-07
2.47938e-07
2.41484e-07
2.35199e-07
2.29077e-07
2.23114e-07
2.17307e-07
2.1165e-07
2.06141e-07
2.00776e-07
1.9555e-07
1.9046e-07
1.85502e-07
1.80674e-07
1.75971e-07
1.71391e-07
1.6693e-07
1.62585e-07
1.58353e-07
1.54231e-07
1.50217e-07
1.46307e-07
1.42498e-07
1.38789e-07
1.35177e-07
1.31658e-07
1.28231e-07
1.24894e-07
1.21643e-07
1.18477e-07
1.15393e-07
1.12389e-07
1.09464e-07
1.06615e-07
1.0384e-07
1.01137e-07
9.85043e-08
9.59403e-08
9.34431e-08
9.10108e-08
8.86419e-08
8.63347e-08
8.40875e-08
8.18987e-08
7.9767e-08
7.76908e-08
7.56685e-08
7.3699e-08
7.17807e-08
6.99123e-08
6.80925e-08
6.63202e-08
6.45939e-08
6.29126e-08
6.1275e-08
5.96801e-08
5.81267e-08
5.66137e-08
5.51401e-08
5.37049e-08
5.2307e-08
5.09455e-08
4.96194e-08
4.83279e-08
4.707e-08
4.58448e-08
4.46515e-08
4.34892e-08
4.23573e-08
4.12547e-08
4.01809e-08
3.91351e-08
3.81164e-08
3.71243e-08
3.6158e-08
3.52168e-08
3.43002e-08
3.34074e-08
3.25378e-08
3.16909e-08
3.0866e-08
3.00626e-08
2.92801e-08
2.85179e-08
2.77756e-08
2.70527e-08
2.63485e-08
2.56627e-08
2.49947e-08
2.43441e-08
2.37105e-08
2.30933e-08
2.24922e-08
2.19068e-08
2.13366e-08
2.07812e-08
2.02403e-08
1.97134e-08
1.92003e-08
1.87005e-08
1.82138e-08
1.77397e-08
1.7278e-08
1.68282e-08
1.63902e-08
1.59636e-08
1.55481e-08
1.51434e-08
1.47492e-08
1.43653e-08
1.39914e-08
1.36272e-08
1.32725e-08
1.2927e-08
1.25905e-08
1.22628e-08
1.19436e-08
1.16327e-08
1.133e-08
1.10351e-08
1.07478e-08
1.04681e-08
1.01956e-08
9.93021e-09
9.67173e-09
9.41999e-09
9.1748e-09
8.93598e-09
8.70339e-09
8.47685e-09
8.2562e-09
8.0413e-09
7.83199e-09
7.62814e-09
7.42958e-09
7.2362e-09
7.04785e-09
6.8644e-09
6.68572e-09
6.5117e-09
6.34221e-09
6.17712e-09
6.01634e-09
5.85974e-09
5.70722e-09
5.55866e-09
5.41398e-09
5.27306e-09
5.1358e-09
5.00212e-09
4.87192e-09
4.74511e-09
4.6216e-09
4.5013e-09
4.38414e-09
4.27002e-09
4.15888e-09
4.05063e-09
3.94519e-09
3.8425e-09
3.74249e-09
3.64507e-09
3.5502e-09
3.45779e-09
3.36778e-09
3.28012e-09
3.19475e-09
3.11159e-09
3.0306e-09
2.95171e-09
2.87488e-09
2.80005e-09
2.72717e-09
2.65618e-09
2.58705e-09
2.51971e-09
2.45412e-09
2.39024e-09
2.32803e-09
2.26743e-09
2.20841e-09
2.15093e-09
2.09494e-09
2.04041e-09
1.9873e-09
1.93558e-09
1.88519e-09
1.83612e-09
1.78833e-09
1.74178e-09
1.69645e-09
1.65229e-09
1.60928e-09
1.56739e-09
1.5266e-09
1.48686e-09
1.44816e-09
1.41046e-09
1.37375e-09
1.33799e-09
1.30317e-09
1.26925e-09
1.23621e-09
1.20403e-09
1.17269e-09
1.14217e-09
1.11244e-09
1.08348e-09
1.05528e-09
1.02781e-09
1.00106e-09
9.75003e-10
9.49625e-10
9.24907e-10
9.00832e-10
8.77385e-10
8.54547e-10
8.32304e-10
8.1064e-10
7.8954e-10
7.68989e-10
7.48973e-10
7.29478e-10
7.1049e-10
6.91997e-10
6.73985e-10
6.56441e-10
6.39355e-10
6.22713e-10
6.06504e-10
5.90718e-10
5.75342e-10
5.60366e-10
5.4578e-10
5.31574e-10
5.17738e-10
5.04261e-10
4.91136e-10
4.78352e-10
4.65901e-10
4.53774e-10
4.41963e-10
4.30459e-10
4.19255e-10
4.08342e-10
3.97713e-10
3.87361e-10
3.77278e-10
3.67458e-10
3.57893e-10
3.48578e-10
3.39505e-10
3.30668e-10
3.22061e-10
3.13678e-10
3.05513e-10
2.97561e-10
2.89815e-10
2.82272e-10
2.74925e-10
2.67769e-10
2.60799e-10
2.5401e-10
2.47399e-10
2.40959e-10
2.34687e-10
2.28579e-10
2.22629e-10
2.16834e-10
2.1119e-10
2.05693e-10
2.00339e-10
1.95124e-10
1.90045e-10
1.85099e-10
1.80281e-10
1.75588e-10
1.71018e-10
1.66566e-10
1.62231e-10
1.58008e-10
1.53895e-10
1.4989e-10
1.45988e-10
1.42188e-10
1.38487e-10
1.34882e-10
1.31372e-10
1.27952e-10
1.24622e-10
1.21378e-10
1.18218e-10
1.15141e-10
1.12144e-10
1.09225e-10
1.06382e-10
1.03613e-10
1.00916e-10
9.82895e-11
9.57311e-11
9.32393e-11
9.08124e-11
8.84486e-11
8.61464e-11
8.39041e-11
8.17201e-11
7.9593e-11
7.75213e-11
7.55035e-11
7.35382e-11
7.16241e-11
6.97597e-11
6.7944e-11
6.61754e-11
6.4453e-11
6.27753e-11
6.11413e-11
5.95499e-11
5.79998e-11
5.64902e-11
5.50198e-11
5.35877e-11
5.21928e-11
5.08343e-11
4.95111e-11
4.82224e-11
4.69672e-11
4.57447e-11
4.4554e-11
4.33943e-11
4.22648e-11
4.11647e-11
4.00932e-11
3.90496e-11
3.80332e-11
3.70432e-11
3.6079e-11
3.51399e-11
3.42252e-11
3.33344e-11
3.24667e-11
3.16216e-11
3.07986e-11
2.99969e-11
2.92161e-11
2.84556e-11
2.7715e-11
2.69936e-11
2.6291e-11
2.56066e-11
2.49401e-11
2.42909e-11
2.36587e-11
2.30429e-11
2.24431e-11
2.18589e-11
2.12899e-11
2.07358e-11
2.0196e-11
1.96704e-11
1.91584e-11
1.86597e-11
1.8174e-11
1.77009e-11
1.72402e-11
1.67914e-11
1.63544e-11
1.59287e-11
1.55141e-11
1.51103e-11
1.4717e-11
1.43339e-11
1.39608e-11
1.35974e-11
1.32435e-11
1.28988e-11
1.2563e-11
1.2236e-11
1.19175e-11
1.16073e-11
1.13052e-11
1.10109e-11
1.07243e-11
1.04452e-11
1.01733e-11
9.90849e-12
9.65059e-12
9.39939e-12
9.15473e-12
8.91644e-12
8.68436e-12
8.45831e-12
8.23815e-12
8.02372e-12
7.81487e-12
7.61145e-12
7.41333e-12
7.22037e-12
7.03243e-12
6.84938e-12
6.6711e-12
6.49746e-12
6.32833e-12
6.16361e-12
6.00318e-12
5.84692e-12
5.69473e-12
5.5465e-12
5.40213e-12
5.26152e-12
5.12457e-12
4.99118e-12
4.86126e-12
4.73473e-12
4.61149e-12
4.49146e-12
4.37455e-12
4.26068e-12
4.14978e-12
4.04176e-12
3.93656e-12
3.8341e-12
3.7343e-12
3.6371e-12
3.54243e-12
3.45022e-12
3.36041e-12
3.27295e-12
3.18775e-12
3.10478e-12
3.02397e-12
2.94525e-12
2.86859e-12
2.79392e-12
2.7212e-12
2.65037e-12
2.58138e-12
2.51419e-12
2.44875e-12
2.38501e-12
2.32293e-12
2.26247e-12
2.20358e-12
2.14622e-12
2.09036e-12
2.03595e-12
1.98295e-12
1.93134e-12
1.88107e-12
1.8321e-12
1.78442e-12
1.73797e-12
1.69273e-12
1.64867e-12
1.60576e-12
1.56396e-12
1.52325e-12
1.4836e-12
1.44499e-12
1.40738e-12
1.37074e-12
1.33506e-12
1.30031e-12
1.26647e-12
1.2335e-12
1.2014e-12
1.17012e-12
1.13967e-12
1.11e-12
1.08111e-12
1.05297e-12
1.02556e-12
9.98867e-13
9.72868e-13
9.47545e-13
9.22881e-13
8.98859e-13
8.75463e-13
8.52675e-13
8.30481e-13
8.08864e-13
7.8781e-13
7.67304e-13
7.47332e-13
7.2788e-13
7.08933e-13
6.90481e-13
6.72508e-13
6.55003e-13
6.37954e-13
6.21349e-13
6.05176e-13
5.89423e-13
5.74081e-13
5.59138e-13
5.44584e-13
5.30409e-13
5.16603e-13
5.03157e-13
4.9006e-13
4.77304e-13
4.6488e-13
4.5278e-13
4.40994e-13
4.29516e-13
4.18336e-13
4.07447e-13
3.96841e-13
3.86512e-13
3.76451e-13
3.66653e-13
3.57109e-13
3.47814e-13
3.38761e-13
3.29943e-13
3.21355e-13
3.1299e-13
3.04843e-13
2.96909e-13
2.8918e-13
2.81653e-13
2.74322e-13
2.67182e-13
2.60227e-13
2.53454e-13
2.46856e-13
2.40431e-13
2.34173e-13
2.28077e-13
2.22141e-13
2.16359e-13
2.10727e-13
2.05242e-13
1.999e-13
1.94697e-13
1.89629e-13
1.84693e-13
1.79885e-13
1.75203e-13
1.70643e-13
1.66201e-13
1.61875e-13
1.57662e-13
1.53558e-13
1.49561e-13
1.45668e-13
1.41876e-13
1.38183e-13
1.34587e-13
1.31083e-13
1.27671e-13
1.24348e-13
1.21112e-13
1.17959e-13
1.14889e-13
1.11898e-13
1.08986e-13
1.06149e-13
1.03386e-13
1.00695e-13
9.80739e-14
9.55211e-14
9.30348e-14
9.06132e-14
8.82546e-14
8.59574e-14
8.372e-14
8.15409e-14
7.94184e-14
7.73512e-14
7.53378e-14
7.33769e-14
7.14669e-14
6.96067e-14
6.77949e-14
6.60303e-14
6.43115e-14
6.26376e-14
6.10072e-14
5.94192e-14
5.78726e-14
5.63662e-14
5.4899e-14
5.34701e-14
5.20783e-14
5.07227e-14
4.94025e-14
4.81166e-14
4.68641e-14
4.56443e-14
4.44562e-14
4.32991e-14
4.2172e-14
4.10743e-14
4.00052e-14
3.89639e-14
3.79497e-14
3.69619e-14
3.59998e-14
3.50628e-14
3.41501e-14
3.32612e-14
3.23955e-14
3.15522e-14
3.0731e-14
2.99311e-14
2.9152e-14
2.83932e-14
2.76541e-14
2.69343e-14
2.62332e-14
2.55504e-14
2.48854e-14
2.42376e-14
2.36067e-14
2.29923e-14
2.23938e-14
2.18109e-14
2.12432e-14
2.06902e-14
2.01517e-14
1.96272e-14
1.91163e-14
1.86187e-14
1.81341e-14
1.76621e-14
1.72023e-14
1.67546e-14
1.63185e-14
1.58937e-14
1.548e-14
1.50771e-14
1.46846e-14
1.43024e-14
1.39301e-14
1.35675e-14
1.32144e-14
1.28704e-14
1.25354e-14
1.22091e-14
1.18913e-14
1.15818e-14
1.12804e-14
1.09867e-14
1.07008e-14
1.04222e-14
1.01509e-14
9.88673e-15
9.62939e-15
9.37874e-15
9.13462e-15
8.89685e-15
8.66528e-15
8.43973e-15
8.22005e-15
8.00609e-15
7.7977e-15
7.59473e-15
7.39704e-15
7.20451e-15
7.01698e-15
6.83433e-15
6.65644e-15
6.48318e-15
6.31443e-15
6.15007e-15
5.98999e-15
5.83407e-15
5.68222e-15
5.53431e-15
5.39026e-15
5.24996e-15
5.11331e-15
4.98021e-15
4.85058e-15
4.72432e-15
4.60135e-15
4.48158e-15
4.36493e-15
4.25132e-15
4.14066e-15
4.03288e-15
3.92791e-15
3.82567e-15
3.72609e-15
3.6291e-15
3.53464e-15
3.44264e-15
3.35303e-15
3.26575e-15
3.18075e-15
3.09795e-15
3.01732e-15
2.93878e-15
2.86229e-15
2.78778e-15
2.71522e-15
2.64454e-15
2.57571e-15
2.50867e-15
2.44337e-15
2.37977e-15
2.31782e-15
2.25749e-15
2.19873e-15
2.1415e-15
2.08576e-15
2.03147e-15
1.97859e-15
1.92709e-15
1.87693e-15
1.82808e-15
1.78049e-15
1.73415e-15
1.68901e-15
1.64505e-15
1.60223e-15
1.56052e-15
1.5199e-15
1.48034e-15
1.44181e-15
1.40428e-15
1.36773e-15
1.33213e-15
1.29745e-15
1.26368e-15
1.23079e-15
1.19875e-15
1.16755e-15
1.13716e-15
1.10756e-15
1.07873e-15
1.05065e-15
1.02331e-15
9.9667e-16
9.70728e-16
9.4546e-16
9.20851e-16
8.96882e-16
8.73537e-16
8.50799e-16
8.28654e-16
8.07085e-16
7.86077e-16
7.65616e-16
7.45688e-16
7.26278e-16
7.07374e-16
6.88961e-16
6.71028e-16
6.53562e-16
6.3655e-16
6.19981e-16
6.03844e-16
5.88126e-16
5.72818e-16
5.57908e-16
5.43386e-16
5.29242e-16
5.15466e-16
5.02049e-16
4.88981e-16
4.76254e-16
4.63857e-16
4.51783e-16
4.40024e-16
4.2857e-16
4.17415e-16
4.0655e-16
3.95968e-16
3.85661e-16
3.75623e-16
3.65846e-16
3.56323e-16
3.47048e-16
3.38015e-16
3.29217e-16
3.20647e-16
3.12301e-16
3.04172e-16
2.96255e-16
2.88544e-16
2.81033e-16
2.73718e-16
2.66593e-16
2.59654e-16
2.52896e-16
2.46313e-16
2.39902e-16
2.33657e-16
2.27575e-16
2.21652e-16
2.15882e-16
2.10263e-16
2.0479e-16
1.9946e-16
1.94268e-16
1.89211e-16
1.84286e-16
1.79489e-16
1.74817e-16
1.70267e-16
1.65835e-16
1.61519e-16
1.57314e-16
1.5322e-16
1.49231e-16
1.45347e-16
1.41564e-16
1.37879e-16
1.3429e-16
1.30795e-16
1.2739e-16
1.24074e-16
1.20845e-16
1.17699e-16
1.14636e-16
1.11652e-16
1.08746e-16
1.05915e-16
1.03158e-16
1.00473e-16
9.78578e-17
9.53107e-17
9.28298e-17
9.04135e-17
8.80601e-17
8.5768e-17
8.35355e-17
8.13612e-17
7.92434e-17
7.71808e-17
7.51718e-17
7.32152e-17
7.13094e-17
6.94533e-17
6.76455e-17
6.58847e-17
6.41698e-17
6.24995e-17
6.08727e-17
5.92883e-17
5.7745e-17
5.6242e-17
5.4778e-17
5.33522e-17
5.19635e-17
5.06109e-17
4.92936e-17
4.80105e-17
4.67608e-17
4.55437e-17
4.43582e-17
4.32036e-17
4.20791e-17
4.09838e-17
3.9917e-17
3.8878e-17
3.7866e-17
3.68804e-17
3.59205e-17
3.49855e-17
3.40748e-17
3.31879e-17
3.2324e-17
3.14827e-17
3.06632e-17
2.98651e-17
2.90877e-17
2.83306e-17
2.75932e-17
2.68749e-17
2.61754e-17
2.54941e-17
2.48305e-17
2.41842e-17
2.35547e-17
2.29416e-17
2.23444e-17
2.17628e-17
2.11963e-17
2.06446e-17
2.01073e-17
1.95839e-17
1.90741e-17
1.85776e-17
1.80941e-17
1.76231e-17
1.71644e-17
1.67176e-17
1.62825e-17
1.58587e-17
1.54459e-17
1.50438e-17
1.46522e-17
1.42709e-17
1.38994e-17
1.35376e-17
1.31852e-17
1.2842e-17
1.25078e-17
1.21822e-17
1.18651e-17
1.15563e-17
1.12555e-17
1.09625e-17
1.06772e-17
1.03992e-17
1.01286e-17
9.86492e-18
9.60814e-18
9.35805e-18
9.11447e-18
8.87722e-18
8.64616e-18
8.4211e-18
8.20191e-18
7.98842e-18
7.78049e-18
7.57797e-18
7.38072e-18
7.18861e-18
7.00149e-18
6.81925e-18
6.64175e-18
6.46887e-18
6.30049e-18
6.1365e-18
5.97677e-18
5.8212e-18
5.66968e-18
5.5221e-18
5.37836e-18
5.23837e-18
5.10202e-18
4.96922e-18
4.83987e-18
4.7139e-18
4.5912e-18
4.47169e-18
4.3553e-18
4.24193e-18
4.13152e-18
4.02398e-18
3.91924e-18
3.81722e-18
3.71786e-18
3.62109e-18
3.52684e-18
3.43504e-18
3.34562e-18
3.25854e-18
3.17372e-18
3.09111e-18
3.01066e-18
2.93229e-18
2.85597e-18
2.78163e-18
2.70922e-18
2.6387e-18
2.57002e-18
2.50313e-18
2.43797e-18
2.37451e-18
2.31271e-18
2.25251e-18
2.19388e-18
2.13677e-18
2.08115e-18
2.02698e-18
1.97422e-18
1.92284e-18
1.87279e-18
1.82404e-18
1.77656e-18
1.73032e-18
1.68528e-18
1.64141e-18
1.59869e-18
1.55708e-18
1.51655e-18
1.47707e-18
1.43862e-18
1.40118e-18
1.36471e-18
1.32918e-18
1.29459e-18
1.26089e-18
1.22807e-18
1.1961e-18
1.16497e-18
1.13465e-18
1.10511e-18
1.07635e-18
1.04833e-18
1.02104e-18
9.94468e-19
9.68583e-19
9.43371e-19
9.18816e-19
8.949e-19
8.71606e-19
8.48919e-19
8.26822e-19
8.05301e-19
7.8434e-19
7.63924e-19
7.4404e-19
7.24673e-19
7.0581e-19
6.87439e-19
6.69545e-19
6.52117e-19
6.35143e-19
6.18611e-19
6.02509e-19
5.86826e-19
5.71552e-19
5.56675e-19
5.42185e-19
5.28072e-19
5.14327e-19
5.00939e-19
4.879e-19
4.75201e-19
4.62832e-19
4.50784e-19
4.39051e-19
4.27623e-19
4.16492e-19
4.05651e-19
3.95092e-19
3.84808e-19
3.74792e-19
3.65037e-19
3.55535e-19
3.46281e-19
3.37267e-19
3.28489e-19
3.19938e-19
3.11611e-19
3.035e-19
2.956e-19
2.87905e-19
2.80412e-19
2.73113e-19
2.66004e-19
2.5908e-19
2.52336e-19
2.45768e-19
2.39371e-19
2.3314e-19
2.27072e-19
2.21161e-19
2.15405e-19
2.09798e-19
2.04337e-19
1.99018e-19
1.93838e-19
1.88793e-19
1.83878e-19
1.79092e-19
1.74431e-19
1.6989e-19
1.65468e-19
1.61161e-19
1.56966e-19
1.52881e-19
1.48901e-19
1.45026e-19
1.41251e-19
1.37574e-19
1.33993e-19
1.30505e-19
1.27108e-19
1.238e-19
1.20577e-19
1.17439e-19
1.14382e-19
1.11405e-19
1.08505e-19
1.05681e-19
1.0293e-19
1.00251e-19
9.76413e-20
9.50998e-20
9.26244e-20
9.02134e-20
8.78653e-20
8.55782e-20
8.33507e-20
8.11811e-20
7.9068e-20
7.701e-20
7.50055e-20
7.30531e-20
7.11516e-20
6.92996e-20
6.74958e-20
6.57389e-20
6.40278e-20
6.23612e-20
6.0738e-20
5.9157e-20
5.76172e-20
5.61175e-20
5.46568e-20
5.32341e-20
5.18485e-20
5.04989e-20
4.91845e-20
4.79042e-20
4.66573e-20
4.54429e-20
4.426e-20
4.3108e-20
4.19859e-20
4.0893e-20
3.98286e-20
3.87919e-20
3.77822e-20
3.67988e-20
3.58409e-20
3.4908e-20
3.39994e-20
3.31144e-20
3.22525e-20
3.1413e-20
3.05953e-20
2.97989e-20
2.90233e-20
2.82678e-20
2.7532e-20
2.68154e-20
2.61174e-20
2.54376e-20
2.47755e-20
2.41306e-20
2.35025e-20
2.28907e-20
2.22949e-20
2.17146e-20
2.11494e-20
2.05989e-20
2.00627e-20
1.95405e-20
1.90319e-20
1.85365e-20
1.8054e-20
1.75841e-20
1.71264e-20
1.66806e-20
1.62464e-20
1.58235e-20
1.54116e-20
1.50105e-20
1.46198e-20
1.42392e-20
1.38686e-20
1.35076e-20
1.3156e-20
1.28136e-20
1.24801e-20
1.21552e-20
1.18388e-20
1.15307e-20
1.12305e-20
1.09382e-20
1.06535e-20
1.03762e-20
1.01061e-20
9.84305e-21
9.58685e-21
9.33731e-21
9.09427e-21
8.85755e-21
8.62699e-21
8.40244e-21
8.18373e-21
7.97071e-21
7.76324e-21
7.56117e-21
7.36436e-21
7.17267e-21
6.98597e-21
6.80413e-21
6.62703e-21
6.45453e-21
6.28653e-21
6.12289e-21
5.96352e-21
5.80829e-21
5.65711e-21
5.50986e-21
5.36644e-21
5.22676e-21
5.09071e-21
4.9582e-21
4.82914e-21
4.70344e-21
4.58102e-21
4.46178e-21
4.34564e-21
4.23253e-21
4.12236e-21
4.01505e-21
3.91055e-21
3.80876e-21
3.70962e-21
3.61306e-21
3.51902e-21
3.42742e-21
3.3382e-21
3.25131e-21
3.16668e-21
3.08426e-21
3.00398e-21
2.92579e-21
2.84963e-21
2.77546e-21
2.70321e-21
2.63285e-21
2.56432e-21
2.49757e-21
2.43256e-21
2.36925e-21
2.30758e-21
2.24751e-21
2.18901e-21
2.13203e-21
2.07654e-21
2.02249e-21
1.96984e-21
1.91857e-21
1.86863e-21
1.81999e-21
1.77262e-21
1.72648e-21
1.68154e-21
1.63777e-21
1.59514e-21
1.55362e-21
1.51318e-21
1.47379e-21
1.43543e-21
1.39807e-21
1.36168e-21
1.32624e-21
1.29171e-21
1.25809e-21
1.22534e-21
1.19345e-21
1.16239e-21
1.13213e-21
1.10266e-21
1.07396e-21
1.04601e-21
1.01878e-21
9.9226e-22
9.66433e-22
9.41277e-22
9.16777e-22
8.92914e-22
8.69672e-22
8.47035e-22
8.24987e-22
8.03513e-22
7.82599e-22
7.62228e-22
7.42388e-22
7.23064e-22
7.04243e-22
6.85912e-22
6.68059e-22
6.5067e-22
6.33733e-22
6.17238e-22
6.01171e-22
5.85523e-22
5.70283e-22
5.55439e-22
5.40981e-22
5.269e-22
5.13185e-22
4.99827e-22
4.86817e-22
4.74145e-22
4.61804e-22
4.49783e-22
4.38076e-22
4.26673e-22
4.15567e-22
4.0475e-22
3.94215e-22
3.83954e-22
3.7396e-22
3.64226e-22
3.54745e-22
3.45512e-22
3.36518e-22
3.27759e-22
3.19228e-22
3.10918e-22
3.02825e-22
2.94943e-22
2.87266e-22
2.79789e-22
2.72506e-22
2.65413e-22
2.58504e-22
2.51776e-22
2.45222e-22
2.38839e-22
2.32622e-22
2.26567e-22
2.2067e-22
2.14926e-22
2.09332e-22
2.03883e-22
1.98576e-22
1.93407e-22
1.88373e-22
1.8347e-22
1.78694e-22
1.74043e-22
1.69513e-22
1.65101e-22
1.60803e-22
1.56618e-22
1.52541e-22
1.4857e-22
1.44703e-22
1.40937e-22
1.37268e-22
1.33695e-22
1.30215e-22
1.26826e-22
1.23525e-22
1.20309e-22
1.17178e-22
1.14128e-22
1.11157e-22
1.08264e-22
1.05446e-22
1.02701e-22
1.00028e-22
9.74242e-23
9.48884e-23
9.24185e-23
9.00129e-23
8.76699e-23
8.5388e-23
8.31654e-23
8.10006e-23
7.88923e-23
7.68388e-23
7.48387e-23
7.28907e-23
7.09934e-23
6.91455e-23
6.73457e-23
6.55928e-23
6.38854e-23
6.22225e-23
6.06029e-23
5.90255e-23
5.74891e-23
5.59927e-23
5.45352e-23
5.31157e-23
5.17332e-23
5.03866e-23
4.90751e-23
4.77977e-23
4.65535e-23
4.53418e-23
4.41616e-23
4.30121e-23
4.18925e-23
4.08021e-23
3.974e-23
3.87056e-23
3.76982e-23
3.67169e-23
3.57612e-23
3.48304e-23
3.39237e-23
3.30407e-23
3.21807e-23
3.13431e-23
3.05272e-23
2.97326e-23
2.89587e-23
2.82049e-23
2.74708e-23
2.67557e-23
2.60593e-23
2.5381e-23
2.47204e-23
2.40769e-23
2.34502e-23
2.28398e-23
2.22453e-23
2.16663e-23
2.11023e-23
2.05531e-23
2.00181e-23
1.9497e-23
1.89895e-23
1.84952e-23
1.80138e-23
1.75449e-23
1.70883e-23
1.66435e-23
1.62102e-23
1.57883e-23
1.53773e-23
1.49771e-23
1.45872e-23
1.42075e-23
1.38377e-23
1.34776e-23
1.31267e-23
1.27851e-23
1.24523e-23
1.21282e-23
1.18125e-23
1.1505e-23
1.12055e-23
1.09139e-23
1.06298e-23
1.03531e-23
1.00836e-23
9.82114e-24
9.5655e-24
9.31652e-24
9.07402e-24
8.83783e-24
8.60779e-24
8.38373e-24
8.16551e-24
7.95297e-24
7.74596e-24
7.54434e-24
7.34796e-24
7.1567e-24
6.97042e-24
6.78898e-24
6.61227e-24
6.44016e-24
6.27253e-24
6.10926e-24
5.95024e-24
5.79536e-24
5.64451e-24
5.49759e-24
5.35449e-24
5.21512e-24
5.07937e-24
4.94716e-24
4.81839e-24
4.69297e-24
4.57081e-24
4.45184e-24
4.33596e-24
4.2231e-24
4.11317e-24
4.00611e-24
3.90184e-24
3.80027e-24
3.70136e-24
3.60501e-24
3.51118e-24
3.41978e-24
3.33077e-24
3.24407e-24
3.15963e-24
3.07739e-24
2.99729e-24
2.91927e-24
2.84328e-24
2.76927e-24
2.69719e-24
2.62699e-24
2.55861e-24
2.49201e-24
2.42714e-24
2.36397e-24
2.30243e-24
2.2425e-24
2.18413e-24
2.12728e-24
2.07191e-24
2.01798e-24
1.96545e-24
1.91429e-24
1.86447e-24
1.81594e-24
1.76867e-24
1.72263e-24
1.67779e-24
1.63412e-24
1.59159e-24
1.55016e-24
1.50981e-24
1.47051e-24
1.43223e-24
1.39495e-24
1.35864e-24
1.32328e-24
1.28883e-24
1.25529e-24
1.22261e-24
1.19079e-24
1.15979e-24
1.12961e-24
1.1002e-24
1.07157e-24
1.04367e-24
1.01651e-24
9.90048e-25
9.64278e-25
9.39179e-25
9.14733e-25
8.90923e-25
8.67733e-25
8.45146e-25
8.23148e-25
8.01722e-25
7.80854e-25
7.60528e-25
7.40733e-25
7.21452e-25
7.02673e-25
6.84383e-25
6.66569e-25
6.49219e-25
6.3232e-25
6.15861e-25
5.99831e-25
5.84218e-25
5.69011e-25
5.542e-25
5.39774e-25
5.25725e-25
5.1204e-25
4.98712e-25
4.85731e-25
4.73088e-25
4.60774e-25
4.4878e-25
4.37099e-25
4.25721e-25
4.1464e-25
4.03847e-25
3.93336e-25
3.83097e-25
3.73126e-25
3.63413e-25
3.53954e-25
3.44741e-25
3.35768e-25
3.27028e-25
3.18515e-25
3.10225e-25
3.0215e-25
2.94285e-25
2.86625e-25
2.79164e-25
2.71898e-25
2.64821e-25
2.57928e-25
2.51214e-25
2.44675e-25
2.38306e-25
2.32103e-25
2.26062e-25
2.20178e-25
2.14447e-25
2.08865e-25
2.03428e-25
1.98133e-25
1.92976e-25
1.87953e-25
1.8306e-25
1.78296e-25
1.73655e-25
1.69135e-25
1.64732e-25
1.60444e-25
1.56268e-25
1.522e-25
1.48239e-25
1.4438e-25
1.40622e-25
1.36962e-25
1.33397e-25
1.29925e-25
1.26543e-25
1.23249e-25
1.20041e-25
1.16916e-25
1.13873e-25
1.10909e-25
1.08022e-25
1.0521e-25
1.02472e-25
9.98046e-26
9.72067e-26
9.46765e-26
9.22121e-26
8.98119e-26
8.74742e-26
8.51973e-26
8.29797e-26
8.08198e-26
7.87161e-26
7.66672e-26
7.46716e-26
7.27279e-26
7.08349e-26
6.89911e-26
6.71953e-26
6.54463e-26
6.37427e-26
6.20836e-26
6.04676e-26
5.88936e-26
5.73607e-26
5.58676e-26
5.44134e-26
5.29971e-26
5.16176e-26
5.0274e-26
4.89655e-26
4.76909e-26
4.64496e-26
4.52405e-26
4.40629e-26
4.2916e-26
4.17989e-26
4.07109e-26
3.96513e-26
3.86192e-26
3.76139e-26
3.66349e-26
3.56813e-26
3.47525e-26
3.3848e-26
3.29669e-26
3.21088e-26
3.1273e-26
3.0459e-26
2.96662e-26
2.8894e-26
2.81419e-26
2.74094e-26
2.6696e-26
2.60011e-26
2.53243e-26
2.46651e-26
2.40231e-26
2.33978e-26
2.27888e-26
2.21956e-26
2.16179e-26
2.10552e-26
2.05071e-26
1.99733e-26
1.94534e-26
1.89471e-26
1.84539e-26
1.79736e-26
1.75057e-26
1.70501e-26
1.66063e-26
1.6174e-26
1.5753e-26
1.5343e-26
1.49436e-26
1.45546e-26
1.41758e-26
1.38068e-26
1.34474e-26
1.30974e-26
1.27565e-26
1.24244e-26
1.2101e-26
1.17861e-26
1.14793e-26
1.11805e-26
1.08895e-26
1.0606e-26
1.03299e-26
1.00611e-26
9.79918e-27
9.54411e-27
9.29569e-27
9.05373e-27
8.81807e-27
8.58854e-27
8.36498e-27
8.14725e-27
7.93518e-27
7.72864e-27
7.52746e-27
7.33153e-27
7.1407e-27
6.95483e-27
6.7738e-27
6.59748e-27
6.42575e-27
6.2585e-27
6.09559e-27
5.93693e-27
5.78239e-27
5.63188e-27
5.48529e-27
5.34251e-27
5.20345e-27
5.06801e-27
4.93609e-27
4.80761e-27
4.68247e-27
4.56059e-27
4.44188e-27
4.32626e-27
4.21365e-27
4.10397e-27
3.99715e-27
3.89311e-27
3.79177e-27
3.69307e-27
3.59695e-27
3.50332e-27
3.41213e-27
3.32332e-27
3.23681e-27
3.15256e-27
3.0705e-27
2.99058e-27
2.91274e-27
2.83692e-27
2.76308e-27
2.69115e-27
2.62111e-27
2.55288e-27
2.48643e-27
2.42171e-27
2.35868e-27
2.29728e-27
2.23748e-27
2.17924e-27
2.12252e-27
2.06727e-27
2.01346e-27
1.96105e-27
1.91001e-27
1.86029e-27
1.81187e-27
1.76471e-27
1.71877e-27
1.67404e-27
1.63046e-27
1.58802e-27
1.54669e-27
1.50643e-27
1.46722e-27
1.42903e-27
1.39183e-27
1.3556e-27
1.32032e-27
1.28595e-27
1.25248e-27
1.21988e-27
1.18812e-27
1.1572e-27
1.12708e-27
1.09774e-27
1.06917e-27
1.04134e-27
1.01423e-27
9.87831e-28
9.62119e-28
9.37075e-28
9.12684e-28
8.88927e-28
8.65789e-28
8.43253e-28
8.21304e-28
7.99926e-28
7.79105e-28
7.58825e-28
7.39073e-28
7.19836e-28
7.01099e-28
6.8285e-28
6.65076e-28
6.47764e-28
6.30903e-28
6.14481e-28
5.98487e-28
5.82909e-28
5.67736e-28
5.52958e-28
5.38565e-28
5.24547e-28
5.10893e-28
4.97595e-28
4.84643e-28
4.72028e-28
4.59741e-28
4.47775e-28
4.36119e-28
4.24767e-28
4.13711e-28
4.02942e-28
3.92454e-28
3.82239e-28
3.72289e-28
3.62599e-28
3.53161e-28
3.43968e-28
3.35015e-28
3.26295e-28
3.17802e-28
3.09529e-28
3.01473e-28
2.93625e-28
2.85983e-28
2.78539e-28
2.71288e-28
2.64227e-28
2.57349e-28
2.50651e-28
2.44127e-28
2.37772e-28
2.31583e-28
2.25555e-28
2.19684e-28
2.13966e-28
2.08396e-28
2.02972e-28
1.97689e-28
1.92543e-28
1.87531e-28
1.8265e-28
1.77896e-28
1.73265e-28
1.68755e-28
1.64363e-28
1.60084e-28
1.55918e-28
1.51859e-28
1.47906e-28
1.44056e-28
1.40307e-28
1.36655e-28
1.33098e-28
1.29633e-28
1.26259e-28
1.22973e-28
1.19772e-28
1.16654e-28
1.13618e-28
1.1066e-28
1.0778e-28
1.04974e-28
1.02242e-28
9.95807e-29
9.69887e-29
9.44641e-29
9.20053e-29
8.96105e-29
8.7278e-29
8.50062e-29
8.27935e-29
8.06385e-29
7.85395e-29
7.64952e-29
7.45041e-29
7.25648e-29
7.0676e-29
6.88363e-29
6.70445e-29
6.52994e-29
6.35997e-29
6.19443e-29
6.03319e-29
5.87615e-29
5.7232e-29
5.57423e-29
5.42913e-29
5.28782e-29
5.15018e-29
5.01612e-29
4.88556e-29
4.75839e-29
4.63453e-29
4.5139e-29
4.3964e-29
4.28197e-29
4.17051e-29
4.06196e-29
3.95623e-29
3.85325e-29
3.75295e-29
3.65526e-29
3.56012e-29
3.46745e-29
3.3772e-29
3.28929e-29
3.20367e-29
3.12028e-29
3.03907e-29
2.95996e-29
2.88291e-29
2.80787e-29
2.73479e-29
2.6636e-29
2.59427e-29
2.52674e-29
2.46097e-29
2.39692e-29
2.33453e-29
2.27376e-29
2.21458e-29
2.15693e-29
2.10079e-29
2.04611e-29
1.99285e-29
1.94098e-29
1.89045e-29
1.84125e-29
1.79332e-29
1.74664e-29
1.70118e-29
1.6569e-29
1.61377e-29
1.57176e-29
1.53085e-29
1.491e-29
1.45219e-29
1.41439e-29
1.37758e-29
1.34172e-29
1.3068e-29
1.27278e-29
1.23965e-29
1.20739e-29
1.17596e-29
1.14535e-29
1.11554e-29
1.0865e-29
1.05822e-29
1.03067e-29
1.00385e-29
9.77716e-30
9.52267e-30
9.2748e-30
9.03339e-30
8.79825e-30
8.56924e-30
8.34619e-30
8.12894e-30
7.91735e-30
7.71127e-30
7.51055e-30
7.31506e-30
7.12465e-30
6.9392e-30
6.75858e-30
6.58266e-30
6.41131e-30
6.24443e-30
6.08189e-30
5.92359e-30
5.7694e-30
5.61922e-30
5.47296e-30
5.3305e-30
5.19175e-30
5.05662e-30
4.92499e-30
4.7968e-30
4.67194e-30
4.55034e-30
4.43189e-30
4.31653e-30
4.20418e-30
4.09475e-30
3.98816e-30
3.88435e-30
3.78325e-30
3.68477e-30
3.58886e-30
3.49544e-30
3.40446e-30
3.31584e-30
3.22953e-30
3.14547e-30
3.0636e-30
2.98385e-30
2.90619e-30
2.83054e-30
2.75686e-30
2.6851e-30
2.61521e-30
2.54714e-30
2.48084e-30
2.41626e-30
2.35337e-30
2.29211e-30
2.23245e-30
2.17434e-30
2.11775e-30
2.06262e-30
2.00893e-30
1.95664e-30
1.90571e-30
1.85611e-30
1.80779e-30
1.76074e-30
1.71491e-30
1.67027e-30
1.62679e-30
1.58445e-30
1.54321e-30
1.50304e-30
1.46392e-30
1.42581e-30
1.3887e-30
1.35255e-30
1.31735e-30
1.28306e-30
1.24966e-30
1.21713e-30
1.18545e-30
1.15459e-30
1.12454e-30
1.09527e-30
1.06676e-30
1.03899e-30
1.01195e-30
9.85608e-31
9.59953e-31
9.34966e-31
9.1063e-31
8.86927e-31
8.63841e-31
8.41355e-31
8.19455e-31
7.98126e-31
7.77351e-31
7.57117e-31
7.3741e-31
7.18215e-31
6.99521e-31
6.81313e-31
6.63579e-31
6.46306e-31
6.29483e-31
6.13098e-31
5.97139e-31
5.81596e-31
5.66458e-31
5.51713e-31
5.37353e-31
5.23366e-31
5.09743e-31
4.96474e-31
4.83552e-31
4.70965e-31
4.58706e-31
4.46766e-31
4.35137e-31
4.23811e-31
4.12779e-31
4.02035e-31
3.9157e-31
3.81378e-31
3.71451e-31
3.61782e-31
3.52365e-31
3.43194e-31
3.3426e-31
3.2556e-31
3.17086e-31
3.08832e-31
3.00793e-31
2.92964e-31
2.85338e-31
2.77911e-31
2.70677e-31
2.63632e-31
2.5677e-31
2.50086e-31
2.43576e-31
2.37236e-31
2.31061e-31
2.25047e-31
2.19189e-31
2.13484e-31
2.07927e-31
2.02515e-31
1.97243e-31
1.92109e-31
1.87109e-31
1.82238e-31
1.77495e-31
1.72875e-31
1.68375e-31
1.63992e-31
1.59724e-31
1.55566e-31
1.51517e-31
1.47573e-31
1.43732e-31
1.39991e-31
1.36347e-31
1.32798e-31
1.29341e-31
1.25974e-31
1.22695e-31
1.19502e-31
1.16391e-31
1.13361e-31
1.10411e-31
1.07537e-31
1.04738e-31
1.02011e-31
9.93562e-32
9.677e-32
9.42511e-32
9.17978e-32
8.94084e-32
8.70811e-32
8.48145e-32
8.26068e-32
8.04566e-32
7.83624e-32
7.63227e-32
7.4336e-32
7.24011e-32
7.05166e-32
6.8681e-32
6.68933e-32
6.51521e-32
6.34563e-32
6.18045e-32
6.01958e-32
5.86289e-32
5.71029e-32
5.56165e-32
5.41689e-32
5.27589e-32
5.13856e-32
5.00481e-32
4.87453e-32
4.74765e-32
4.62407e-32
4.50371e-32
4.38648e-32
4.27231e-32
4.1611e-32
4.05279e-32
3.9473e-32
3.84455e-32
3.74448e-32
3.64702e-32
3.55209e-32
3.45963e-32
3.36958e-32
3.28187e-32
3.19644e-32
3.11324e-32
3.03221e-32
2.95328e-32
2.87641e-32
2.80154e-32
2.72861e-32
2.65759e-32
2.58841e-32
2.52104e-32
2.45542e-32
2.39151e-32
2.32926e-32
2.26863e-32
2.20958e-32
2.15206e-32
2.09605e-32
2.04149e-32
1.98835e-32
1.93659e-32
1.88618e-32
1.83709e-32
1.78927e-32
1.7427e-32
1.69733e-32
1.65315e-32
1.61012e-32
1.56821e-32
1.52739e-32
1.48764e-32
1.44891e-32
1.4112e-32
1.37447e-32
1.33869e-32
1.30385e-32
1.26991e-32
1.23685e-32
1.20466e-32
1.1733e-32
1.14276e-32
1.11302e-32
1.08404e-32
1.05583e-32
1.02834e-32
1.00158e-32
9.75507e-33
9.50115e-33
9.25384e-33
9.01297e-33
8.77837e-33
8.54987e-33
8.32733e-33
8.11057e-33
7.89946e-33
7.69384e-33
7.49357e-33
7.29852e-33
7.10855e-33
6.92351e-33
6.7433e-33
6.56778e-33
6.39682e-33
6.23031e-33
6.06814e-33
5.91019e-33
5.75635e-33
5.60652e-33
5.46059e-33
5.31845e-33
5.18001e-33
5.04518e-33
4.91386e-33
4.78595e-33
4.66138e-33
4.54005e-33
4.42187e-33
4.30677e-33
4.19467e-33
4.08549e-33
3.97914e-33
3.87557e-33
3.77469e-33
3.67644e-33
3.58074e-33
3.48754e-33
3.39676e-33
3.30834e-33
3.22223e-33
3.13836e-33
3.05667e-33
2.9771e-33
2.89961e-33
2.82414e-33
2.75062e-33
2.67903e-33
2.60929e-33
2.54138e-33
2.47523e-33
2.4108e-33
2.34805e-33
2.28693e-33
2.2274e-33
2.16942e-33
2.11295e-33
2.05795e-33
2.00439e-33
1.95221e-33
1.9014e-33
1.85191e-33
1.8037e-33
1.75675e-33
1.71103e-33
1.66649e-33
1.62311e-33
1.58086e-33
1.53971e-33
1.49964e-33
1.4606e-33
1.42258e-33
1.38555e-33
1.34949e-33
1.31436e-33
1.28015e-33
1.24683e-33
1.21437e-33
1.18276e-33
1.15198e-33
1.12199e-33
1.09279e-33
1.06434e-33
1.03664e-33
1.00966e-33
9.83375e-34
9.57779e-34
9.32848e-34
9.08567e-34
8.84917e-34
8.61883e-34
8.39449e-34
8.17599e-34
7.96317e-34
7.75589e-34
7.55401e-34
7.35739e-34
7.16588e-34
6.97935e-34
6.79769e-34
6.62075e-34
6.44841e-34
6.28056e-34
6.11708e-34
5.95786e-34
5.80278e-34
5.65174e-34
5.50463e-34
5.36134e-34
5.22179e-34
5.08587e-34
4.95349e-34
4.82455e-34
4.69897e-34
4.57666e-34
4.45753e-34
4.34151e-34
4.2285e-34
4.11843e-34
4.01123e-34
3.90682e-34
3.80513e-34
3.70609e-34
3.60962e-34
3.51566e-34
3.42415e-34
3.33502e-34
3.24821e-34
3.16366e-34
3.08132e-34
3.00111e-34
2.92299e-34
2.84691e-34
2.77281e-34
2.70063e-34
2.63034e-34
2.56187e-34
2.49519e-34
2.43024e-34
2.36698e-34
2.30537e-34
2.24536e-34
2.18692e-34
2.12999e-34
2.07455e-34
2.02055e-34
1.96796e-34
1.91673e-34
1.86684e-34
1.81825e-34
1.77092e-34
1.72482e-34
1.67993e-34
1.6362e-34
1.59361e-34
1.55213e-34
1.51173e-34
1.47238e-34
1.43405e-34
1.39673e-34
1.36037e-34
1.32496e-34
1.29047e-34
1.25688e-34
1.22417e-34
1.1923e-34
1.16127e-34
1.13104e-34
1.1016e-34
1.07293e-34
1.045e-34
1.0178e-34
9.91304e-35
9.65501e-35
9.4037e-35
9.15892e-35
8.92052e-35
8.68833e-35
8.46217e-35
8.24191e-35
8.02738e-35
7.81843e-35
7.61492e-35
7.41671e-35
7.22365e-35
7.03563e-35
6.85249e-35
6.67413e-35
6.5004e-35
6.3312e-35
6.1664e-35
6.00589e-35
5.84956e-35
5.6973e-35
5.549e-35
5.40457e-35
5.26389e-35
5.12687e-35
4.99342e-35
4.86345e-35
4.73685e-35
4.61356e-35
4.49347e-35
4.37651e-35
4.26259e-35
4.15163e-35
4.04357e-35
3.93832e-35
3.83581e-35
3.73596e-35
3.63872e-35
3.544e-35
3.45175e-35
3.36191e-35
3.2744e-35
3.18917e-35
3.10616e-35
3.0253e-35
2.94656e-35
2.86986e-35
2.79516e-35
2.7224e-35
2.65154e-35
2.58252e-35
2.5153e-35
2.44983e-35
2.38606e-35
2.32395e-35
2.26346e-35
2.20454e-35
2.14716e-35
2.09127e-35
2.03684e-35
1.98382e-35
1.93218e-35
1.88189e-35
1.8329e-35
1.78519e-35
1.73873e-35
1.69347e-35
1.64939e-35
1.60645e-35
1.56464e-35
1.52391e-35
1.48425e-35
1.44561e-35
1.40798e-35
1.37133e-35
1.33564e-35
1.30087e-35
1.26701e-35
1.23403e-35
1.20191e-35
1.17063e-35
1.14016e-35
1.11048e-35
1.08157e-35
1.05342e-35
1.026e-35
9.99294e-36
9.73282e-36
9.47948e-36
9.23274e-36
8.99241e-36
8.75835e-36
8.53037e-36
8.30833e-36
8.09207e-36
7.88144e-36
7.67629e-36
7.47648e-36
7.28187e-36
7.09232e-36
6.90771e-36
6.72791e-36
6.55279e-36
6.38222e-36
6.21609e-36
6.05429e-36
5.8967e-36
5.74321e-36
5.59372e-36
5.44812e-36
5.30631e-36
5.16819e-36
5.03366e-36
4.90264e-36
4.77502e-36
4.65073e-36
4.52968e-36
4.41177e-36
4.29694e-36
4.18509e-36
4.07615e-36
3.97005e-36
3.86671e-36
3.76606e-36
3.66804e-36
3.57256e-36
3.47957e-36
3.389e-36
3.30078e-36
3.21486e-36
3.13118e-36
3.04968e-36
2.9703e-36
2.89298e-36
2.81768e-36
2.74434e-36
2.6729e-36
2.60333e-36
2.53556e-36
2.46957e-36
2.40528e-36
2.34268e-36
2.2817e-36
2.22231e-36
2.16446e-36
2.10812e-36
2.05325e-36
1.9998e-36
1.94775e-36
1.89705e-36
1.84767e-36
1.79958e-36
1.75273e-36
1.70711e-36
1.66268e-36
1.6194e-36
1.57724e-36
1.53619e-36
1.4962e-36
1.45726e-36
1.41933e-36
1.38238e-36
1.3464e-36
1.31135e-36
1.27722e-36
1.24397e-36
1.21159e-36
1.18006e-36
1.14934e-36
1.11942e-36
1.09028e-36
1.06191e-36
1.03426e-36
1.00734e-36
9.81122e-37
9.55584e-37
9.30711e-37
9.06485e-37
8.82889e-37
8.59908e-37
8.37525e-37
8.15725e-37
7.94492e-37
7.73811e-37
7.53669e-37
7.34052e-37
7.14945e-37
6.96335e-37
6.7821e-37
6.60556e-37
6.43362e-37
6.26616e-37
6.10305e-37
5.94419e-37
5.78947e-37
5.63877e-37
5.492e-37
5.34904e-37
5.20981e-37
5.0742e-37
4.94212e-37
4.81348e-37
4.68819e-37
4.56615e-37
4.4473e-37
4.33154e-37
4.21879e-37
4.10898e-37
4.00202e-37
3.89785e-37
3.79639e-37
3.69757e-37
3.60133e-37
3.50759e-37
3.41629e-37
3.32736e-37
3.24075e-37
3.1564e-37
3.07424e-37
2.99421e-37
2.91628e-37
2.84037e-37
2.76643e-37
2.69442e-37
2.62429e-37
2.55598e-37
2.48945e-37
2.42465e-37
2.36154e-37
2.30007e-37
2.2402e-37
2.18189e-37
2.12509e-37
2.06978e-37
2.0159e-37
1.96343e-37
1.91232e-37
1.86254e-37
1.81406e-37
1.76684e-37
1.72085e-37
1.67606e-37
1.63243e-37
1.58994e-37
1.54856e-37
1.50825e-37
1.46899e-37
1.43075e-37
1.39351e-37
1.35724e-37
1.32191e-37
1.2875e-37
1.25399e-37
1.22135e-37
1.18955e-37
1.15859e-37
1.12843e-37
1.09906e-37
1.07045e-37
1.04259e-37
1.01545e-37
9.89019e-38
9.63275e-38
9.38202e-38
9.13781e-38
8.89995e-38
8.66829e-38
8.44266e-38
8.2229e-38
8.00886e-38
7.80039e-38
7.59735e-38
7.39959e-38
7.20699e-38
7.01939e-38
6.83668e-38
6.65872e-38
6.4854e-38
6.31659e-38
6.15217e-38
5.99203e-38
5.83606e-38
5.68415e-38
5.53619e-38
5.39209e-38
5.25173e-38
5.11503e-38
4.98189e-38
4.85221e-38
4.72591e-38
4.6029e-38
4.48308e-38
4.36639e-38
4.25274e-38
4.14204e-38
4.03422e-38
3.92921e-38
3.82694e-38
3.72732e-38
3.6303e-38
3.53581e-38
3.44377e-38
3.35413e-38
3.26682e-38
3.18179e-38
3.09897e-38
3.0183e-38
2.93974e-38
2.86322e-38
2.78869e-38
2.7161e-38
2.6454e-38
2.57654e-38
2.50947e-38
2.44415e-38
2.38053e-38
2.31857e-38
2.25822e-38
2.19944e-38
2.14218e-38
2.08642e-38
2.03212e-38
1.97922e-38
1.9277e-38
1.87752e-38
1.82865e-38
1.78105e-38
1.73469e-38
1.68954e-38
1.64556e-38
1.60273e-38
1.56101e-38
1.52038e-38
1.4808e-38
1.44226e-38
1.40471e-38
1.36815e-38
1.33254e-38
1.29785e-38
1.26407e-38
1.23116e-38
1.19912e-38
1.16791e-38
1.1375e-38
1.1079e-38
1.07906e-38
1.05097e-38
1.02361e-38
9.96968e-39
9.71017e-39
9.45742e-39
9.21124e-39
8.97147e-39
8.73795e-39
8.5105e-39
8.28897e-39
8.07321e-39
7.86306e-39
7.65838e-39
7.45904e-39
7.26488e-39
7.07577e-39
6.89159e-39
6.7122e-39
6.53748e-39
6.36731e-39
6.20157e-39
6.04014e-39
5.88291e-39
5.72978e-39
5.58063e-39
5.43537e-39
5.29388e-39
5.15608e-39
5.02187e-39
4.89115e-39
4.76383e-39
4.63983e-39
4.51905e-39
4.40142e-39
4.28685e-39
4.17526e-39
4.06658e-39
3.96072e-39
3.85762e-39
3.75721e-39
3.6594e-39
3.56415e-39
3.47137e-39
3.38101e-39
3.293e-39
3.20728e-39
3.1238e-39
3.04248e-39
2.96328e-39
2.88615e-39
2.81102e-39
2.73785e-39
2.66658e-39
2.59717e-39
2.52956e-39
2.46371e-39
2.39958e-39
2.33712e-39
2.27628e-39
2.21703e-39
2.15932e-39
2.10311e-39
2.04836e-39
1.99504e-39
1.94311e-39
1.89253e-39
1.84326e-39
1.79528e-39
1.74855e-39
1.70303e-39
1.6587e-39
1.61552e-39
1.57346e-39
1.5325e-39
1.49261e-39
1.45376e-39
1.41591e-39
1.37905e-39
1.34315e-39
1.30819e-39
1.27413e-39
1.24097e-39
1.20866e-39
1.1772e-39
1.14655e-39
1.1167e-39
1.08763e-39
1.05932e-39
1.03174e-39
1.00488e-39
9.7872e-40
9.5324e-40
9.28424e-40
9.04254e-40
8.80713e-40
8.57785e-40
8.35454e-40
8.13704e-40
7.9252e-40
7.71887e-40
7.51792e-40
7.32219e-40
7.13156e-40
6.94588e-40
6.76505e-40
6.58892e-40
6.41737e-40
6.2503e-40
6.08757e-40
5.92907e-40
5.7747e-40
5.62435e-40
5.47792e-40
5.3353e-40
5.19639e-40
5.06109e-40
4.92932e-40
4.80098e-40
4.67597e-40
4.55423e-40
4.43564e-40
4.32014e-40
4.20765e-40
4.09808e-40
3.99137e-40
3.88744e-40
3.78621e-40
3.68761e-40
3.59158e-40
3.49805e-40
3.40696e-40
3.31824e-40
3.23182e-40
3.14765e-40
3.06567e-40
2.98582e-40
2.90806e-40
2.83231e-40
2.75854e-40
2.68669e-40
2.61671e-40
2.54855e-40
2.48216e-40
2.41749e-40
2.35452e-40
2.29318e-40
2.23344e-40
2.17525e-40
2.11859e-40
2.0634e-40
2.00964e-40
1.95728e-40
1.90629e-40
1.85663e-40
1.80825e-40
1.76113e-40
1.71523e-40
1.67053e-40
1.62699e-40
1.58459e-40
1.54329e-40
1.50307e-40
1.4639e-40
1.42574e-40
1.38858e-40
1.35239e-40
1.31714e-40
1.28281e-40
1.24937e-40
1.21681e-40
1.18509e-40
1.1542e-40
1.12411e-40
1.09481e-40
1.06628e-40
1.03849e-40
1.01141e-40
9.85043e-41
9.59355e-41
9.34332e-41
9.09963e-41
8.86229e-41
8.63109e-41
8.40594e-41
8.18669e-41
7.97318e-41
7.76524e-41
7.56267e-41
7.36537e-41
7.17321e-41
6.98605e-41
6.80372e-41
6.6261e-41
6.45315e-41
6.28469e-41
6.12058e-41
5.96074e-41
5.8051e-41
5.65354e-41
5.50593e-41
5.3622e-41
5.22221e-41
5.08583e-41
4.953e-41
4.82363e-41
4.69763e-41
4.5749e-41
4.45538e-41
4.33896e-41
4.22557e-41
4.1151e-41
4.0075e-41
3.90274e-41
3.80071e-41
3.70133e-41
3.60455e-41
3.51028e-41
3.41846e-41
3.32904e-41
3.24194e-41
3.15711e-41
3.07449e-41
2.99402e-41
2.91564e-41
2.83931e-41
2.765e-41
2.69266e-41
2.62221e-41
2.55359e-41
2.48673e-41
2.4216e-41
2.35821e-41
2.29648e-41
2.23635e-41
2.17775e-41
2.12068e-41
2.06513e-41
2.01103e-41
1.95834e-41
1.90699e-41
1.85697e-41
1.8083e-41
1.76089e-41
1.71472e-41
1.66972e-41
1.62585e-41
1.58312e-41
1.54151e-41
1.50094e-41
1.46139e-41
1.4229e-41
1.38545e-41
1.34898e-41
1.31341e-41
1.27878e-41
1.24508e-41
1.21222e-41
1.18017e-41
1.14896e-41
1.1186e-41
1.08902e-41
1.06022e-41
1.03216e-41
1.0048e-41
9.78181e-42
9.52218e-42
9.26855e-42
9.02149e-42
8.78081e-42
8.54636e-42
8.31797e-42
8.09549e-42
7.87914e-42
7.66876e-42
7.46384e-42
7.26425e-42
7.0702e-42
6.8812e-42
6.69711e-42
6.51781e-42
6.34317e-42
6.17382e-42
6.00852e-42
5.84678e-42
5.68924e-42
5.53578e-42
5.3863e-42
5.24108e-42
5.09962e-42
4.96185e-42
4.82803e-42
4.6977e-42
4.57077e-42
4.44752e-42
4.32749e-42
4.21061e-42
4.09678e-42
3.98556e-42
3.87762e-42
3.77287e-42
3.6705e-42
3.57044e-42
3.47299e-42
3.37808e-42
3.28564e-42
3.19562e-42
3.10794e-42
3.02255e-42
2.93939e-42
2.85839e-42
2.77951e-42
2.70269e-42
2.62787e-42
2.555e-42
2.48403e-42
2.41492e-42
2.3476e-42
2.28204e-42
2.2182e-42
2.15602e-42
2.09508e-42
2.03536e-42
1.9768e-42
1.91937e-42
1.86377e-42
1.80996e-42
1.75753e-42
1.70646e-42
1.65707e-42
1.60896e-42
1.5621e-42
1.51683e-42
1.47237e-42
1.42906e-42
1.38725e-42
1.34653e-42
1.30651e-42
1.26715e-42
1.2288e-42
1.1918e-42
1.15614e-42
1.12141e-42
1.08722e-42
1.05355e-42
1.02036e-42
9.88016e-43
9.5686e-43
9.26501e-43
8.96919e-43
8.68093e-43
8.40006e-43
8.13008e-43
7.87083e-43
7.61468e-43
7.36519e-43
7.12216e-43
6.88543e-43
6.65857e-43
6.43769e-43
6.22264e-43
6.01327e-43
5.80571e-43
5.60724e-43
5.42146e-43
5.2408e-43
5.0614e-43
4.88312e-43
4.70955e-43
4.53685e-43
4.36489e-43
4.19727e-43
4.03759e-43
3.88575e-43
3.73422e-43
3.58288e-43
3.43906e-43
3.30267e-43
3.16618e-43
3.0295e-43
2.89624e-43
2.77004e-43
2.64709e-43
2.52732e-43
2.41064e-43
2.29325e-43
2.17879e-43
2.07089e-43
1.9695e-43
1.87084e-43
1.77482e-43
1.68509e-43
1.60161e-43
1.51314e-43
1.41961e-43
1.32837e-43
1.23938e-43
1.15258e-43
1.0679e-43
9.853e-44
9.04722e-44
8.26117e-44
7.53154e-44
6.8579e-44
6.16546e-44
5.45366e-44
4.79636e-44
4.156e-44
3.53213e-44
2.92434e-44
2.29502e-44
1.68089e-44
1.08156e-44
5.33864e-45
3.07235e-48
-5.56659e-45
-1.10027e-44
-1.63085e-44
-2.14874e-44
-2.61706e-44
-3.03604e-44
-3.48032e-44
-3.95028e-44
-4.4091e-44
-4.85705e-44
-5.33158e-44
-5.83303e-44
-6.32451e-44
-6.80624e-44
-7.24124e-44
-7.66685e-44
-8.12047e-44
-8.56519e-44
-9.00121e-44
-9.4287e-44
-9.84787e-44
-1.02589e-43
-1.06619e-43
-1.10571e-43
-1.14447e-43
-1.18248e-43
-1.21975e-43
-1.25631e-43
-1.29217e-43
-1.32734e-43
-1.36184e-43
-1.39196e-43
-1.42143e-43
-1.45399e-43
-1.48592e-43
-1.51354e-43
-1.54056e-43
-1.57071e-43
-1.60031e-43
-1.62935e-43
-1.65784e-43
-1.6821e-43
-1.7021e-43
-1.72159e-43
-1.74057e-43
-1.75906e-43
-1.77706e-43
-1.7946e-43
-1.8154e-43
-1.83947e-43
-1.86313e-43
-1.88637e-43
-1.9092e-43
-1.93163e-43
-1.95368e-43
-1.97533e-43
-1.99662e-43
-2.01753e-43
-2.03807e-43
-2.05827e-43
-2.07811e-43
-2.09389e-43
-2.10561e-43
-2.11699e-43
-2.12803e-43
-2.14247e-43
-2.1566e-43
-2.16671e-43
-2.17652e-43
-2.18604e-43
-2.19526e-43
-2.20421e-43
-2.21289e-43
-2.22131e-43
-2.22947e-43
-2.23738e-43
-2.24505e-43
-2.25248e-43
-2.25968e-43
-2.26666e-43
-2.27342e-43
-2.27997e-43
-2.28631e-43
-2.29246e-43
-2.29841e-43
-2.30417e-43
-2.30974e-43
-2.31142e-43
-2.3092e-43
-2.3068e-43
-2.30423e-43
-2.30149e-43
-2.29859e-43
-2.29554e-43
-2.29235e-43
-2.28902e-43
-2.28556e-43
-2.28569e-43
-2.28942e-43
-2.29306e-43
-2.2966e-43
-2.30003e-43
-2.30338e-43
-2.30663e-43
-2.3098e-43
-2.31288e-43
-2.31587e-43
-2.31879e-43
-2.32162e-43
-2.32438e-43
-2.32706e-43
-2.32966e-43
-2.3322e-43
-2.33467e-43
-2.33706e-43
-2.3394e-43
-2.33795e-43
-2.33271e-43
-2.3274e-43
-2.32574e-43
-2.32403e-43
-2.31854e-43
-2.313e-43
-2.3074e-43
-2.30175e-43
-2.29978e-43
-2.29777e-43
-2.29201e-43
-2.28621e-43
-2.28038e-43
-2.27452e-43
-2.26863e-43
-2.26272e-43
-2.25678e-43
-2.25083e-43
-2.24486e-43
-2.23888e-43
-2.23661e-43
-2.23433e-43
-2.22834e-43
-2.22606e-43
-2.22379e-43
-2.2178e-43
-2.21181e-43
-2.20582e-43
-2.20355e-43
-2.20501e-43
-2.20277e-43
-2.19683e-43
-2.19461e-43
-2.1924e-43
-2.18648e-43
-2.18058e-43
-2.17468e-43
-2.1688e-43
-2.16293e-43
-2.15707e-43
-2.15124e-43
-2.14541e-43
-2.13961e-43
-2.13383e-43
-2.12807e-43
-2.12234e-43
-2.11663e-43
-2.11466e-43
-2.11645e-43
-2.11456e-43
-2.10898e-43
-2.10714e-43
-2.10533e-43
-2.09984e-43
-2.09437e-43
-2.08893e-43
-2.08724e-43
-2.08557e-43
-2.08023e-43
-2.07491e-43
-2.06961e-43
-2.06807e-43
-2.07028e-43
-2.07253e-43
-2.07853e-43
-2.08459e-43
-2.09068e-43
-2.09681e-43
-2.10297e-43
-2.10916e-43
-2.11538e-43
-2.12163e-43
-2.12789e-43
-2.13418e-43
-2.14048e-43
-2.14679e-43
-2.14939e-43
-2.15572e-43
-2.16205e-43
-2.16466e-43
-2.16727e-43
-2.1736e-43
-2.18365e-43
-2.18998e-43
-2.19258e-43
-2.1989e-43
-2.2052e-43
-2.2115e-43
-2.2215e-43
-2.2315e-43
-2.23777e-43
-2.2403e-43
-2.2428e-43
-2.24528e-43
-2.25145e-43
-2.26131e-43
-2.26745e-43
-2.26984e-43
-2.27219e-43
-2.27452e-43
-2.28053e-43
-2.29023e-43
-2.29992e-43
-2.30586e-43
-2.30806e-43
-2.31022e-43
-2.31233e-43
-2.31441e-43
-2.31646e-43
-2.32218e-43
-2.3316e-43
-2.33727e-43
-2.33919e-43
-2.34108e-43
-2.34664e-43
-2.35217e-43
-2.35395e-43
-2.35568e-43
-2.35738e-43
-2.36276e-43
-2.36811e-43
-2.37343e-43
-2.37871e-43
-2.38024e-43
-2.38545e-43
-2.39063e-43
-2.39577e-43
-2.40088e-43
-2.40224e-43
-2.40727e-43
-2.41227e-43
-2.41351e-43
-2.41471e-43
-2.41588e-43
-2.42072e-43
-2.42924e-43
-2.43403e-43
-2.43877e-43
-2.4472e-43
-2.45189e-43
-2.45653e-43
-2.46486e-43
-2.46944e-43
-2.47026e-43
-2.47475e-43
-2.4792e-43
-2.47989e-43
-2.48426e-43
-2.49231e-43
-2.49661e-43
-2.49715e-43
-2.50137e-43
-2.50554e-43
-2.50596e-43
-2.51005e-43
-2.51783e-43
-2.52186e-43
-2.52212e-43
-2.52235e-43
-2.52253e-43
-2.52639e-43
-2.53393e-43
-2.54144e-43
-2.54893e-43
-2.55266e-43
-2.55264e-43
-2.55629e-43
-2.55991e-43
-2.55976e-43
-2.55958e-43
-2.56307e-43
-2.57025e-43
-2.5774e-43
-2.5808e-43
-2.58416e-43
-2.58749e-43
-2.58706e-43
-2.59031e-43
-2.59724e-43
-2.60415e-43
-2.61102e-43
-2.61415e-43
-2.61352e-43
-2.61284e-43
-2.61212e-43
-2.61508e-43
-2.618e-43
-2.61718e-43
-2.61631e-43
-2.61541e-43
-2.61819e-43
-2.62094e-43
-2.61995e-43
-2.62264e-43
-2.6253e-43
-2.62422e-43
-2.62311e-43
-2.62568e-43
-2.62823e-43
-2.62704e-43
-2.62954e-43
-2.63201e-43
-2.63075e-43
-2.63318e-43
-2.63558e-43
-2.63797e-43
-2.64033e-43
-2.64267e-43
-2.645e-43
-2.6473e-43
-2.64958e-43
-2.65184e-43
-2.65408e-43
-2.65258e-43
-2.65477e-43
-2.66066e-43
-2.66281e-43
-2.66495e-43
-2.66707e-43
-2.66916e-43
-2.67123e-43
-2.66957e-43
-2.66787e-43
-2.66615e-43
-2.66813e-43
-2.67009e-43
-2.67203e-43
-2.67395e-43
-2.67586e-43
-2.67775e-43
-2.67591e-43
-2.67776e-43
-2.68331e-43
-2.68514e-43
-2.68323e-43
-2.68502e-43
-2.68679e-43
-2.68483e-43
-2.68656e-43
-2.68828e-43
-2.68626e-43
-2.68795e-43
-2.68962e-43
-2.68756e-43
-2.68919e-43
-2.69082e-43
-2.68871e-43
-2.68659e-43
-2.68817e-43
-2.68974e-43
-2.68758e-43
-2.68541e-43
-2.68322e-43
-2.68101e-43
-2.68251e-43
-2.68401e-43
-2.68179e-43
-2.67955e-43
-2.6773e-43
-2.67504e-43
-2.67278e-43
-2.67422e-43
-2.67939e-43
-2.68084e-43
-2.67857e-43
-2.67629e-43
-2.67401e-43
-2.67171e-43
-2.66942e-43
-2.66711e-43
-2.6648e-43
-2.66249e-43
-2.66018e-43
-2.65787e-43
-2.65555e-43
-2.65324e-43
-2.65464e-43
-2.65978e-43
-2.66493e-43
-2.67008e-43
-2.67153e-43
-2.66927e-43
-2.667e-43
-2.66472e-43
-2.66615e-43
-2.67131e-43
-2.67648e-43
-2.68166e-43
-2.68312e-43
-2.68086e-43
-2.67859e-43
-2.67632e-43
-2.67403e-43
-2.67174e-43
-2.67316e-43
-2.6783e-43
-2.67973e-43
-2.67744e-43
-2.67886e-43
-2.67656e-43
-2.66682e-43
-2.66078e-43
-2.65845e-43
-2.6524e-43
-2.64262e-43
-2.63656e-43
-2.63049e-43
-2.62071e-43
-2.61093e-43
-2.60115e-43
-2.59509e-43
-2.58905e-43
-2.5793e-43
-2.57328e-43
-2.56729e-43
-2.5576e-43
-2.55164e-43
-2.54571e-43
-2.5398e-43
-2.53393e-43
-2.52436e-43
-2.51854e-43
-2.51647e-43
-2.51072e-43
-2.50128e-43
-2.49187e-43
-2.48249e-43
-2.47314e-43
-2.46755e-43
-2.462e-43
-2.45277e-43
-2.44358e-43
-2.43442e-43
-2.42531e-43
-2.41996e-43
-2.41465e-43
-2.4094e-43
-2.4042e-43
-2.39905e-43
-2.39767e-43
-2.39262e-43
-2.38763e-43
-2.38268e-43
-2.37407e-43
-2.36549e-43
-2.35696e-43
-2.34848e-43
-2.34004e-43
-2.33537e-43
-2.33448e-43
-2.32992e-43
-2.3217e-43
-2.31353e-43
-2.30541e-43
-2.30105e-43
-2.30047e-43
-2.29623e-43
-2.28833e-43
-2.28047e-43
-2.27267e-43
-2.26491e-43
-2.2572e-43
-2.25326e-43
-2.24938e-43
-2.24184e-43
-2.23435e-43
-2.23063e-43
-2.22697e-43
-2.21965e-43
-2.21237e-43
-2.20515e-43
-2.2017e-43
-2.19831e-43
-2.19125e-43
-2.18797e-43
-2.18846e-43
-2.1853e-43
-2.17848e-43
-2.1717e-43
-2.16497e-43
-2.162e-43
-2.15909e-43
-2.15252e-43
-2.146e-43
-2.13952e-43
-2.13309e-43
-2.12671e-43
-2.12038e-43
-2.1141e-43
-2.11531e-43
-2.12401e-43
-2.1328e-43
-2.14165e-43
-2.14684e-43
-2.14837e-43
-2.14993e-43
-2.15154e-43
-2.15318e-43
-2.15486e-43
-2.16029e-43
-2.16576e-43
-2.16755e-43
-2.16936e-43
-2.17119e-43
-2.17677e-43
-2.18237e-43
-2.18428e-43
-2.18621e-43
-2.18814e-43
-2.1901e-43
-2.19206e-43
-2.19403e-43
-2.19602e-43
-2.19801e-43
-2.20001e-43
-2.20201e-43
-2.20402e-43
-2.20604e-43
-2.20806e-43
-2.21008e-43
-2.21211e-43
-2.21041e-43
-2.205e-43
-2.19957e-43
-2.19413e-43
-2.18868e-43
-2.18323e-43
-2.17778e-43
-2.17232e-43
-2.16687e-43
-2.16142e-43
-2.15597e-43
-2.15053e-43
-2.1451e-43
-2.13967e-43
-2.13426e-43
-2.12886e-43
-2.12719e-43
-2.12926e-43
-2.13136e-43
-2.13348e-43
-2.13563e-43
-2.13781e-43
-2.14e-43
-2.14221e-43
-2.14445e-43
-2.15041e-43
-2.1564e-43
-2.15869e-43
-2.16099e-43
-2.1633e-43
-2.16562e-43
-2.16794e-43
-2.17027e-43
-2.1726e-43
-2.17494e-43
-2.17728e-43
-2.17962e-43
-2.18197e-43
-2.18431e-43
-2.18665e-43
-2.18899e-43
-2.19505e-43
-2.20111e-43
-2.20345e-43
-2.20579e-43
-2.20812e-43
-2.21044e-43
-2.21275e-43
-2.21505e-43
-2.21734e-43
-2.22334e-43
-2.22933e-43
-2.2316e-43
-2.23386e-43
-2.2361e-43
-2.23833e-43
-2.24054e-43
-2.24273e-43
-2.24491e-43
-2.24707e-43
-2.25294e-43
-2.2588e-43
-2.26092e-43
-2.26303e-43
-2.26511e-43
-2.26718e-43
-2.26923e-43
-2.27497e-43
-2.2807e-43
-2.2827e-43
-2.28468e-43
-2.28663e-43
-2.28856e-43
-2.29047e-43
-2.29235e-43
-2.29422e-43
-2.29606e-43
-2.29788e-43
-2.29967e-43
-2.30145e-43
-2.3032e-43
-2.30494e-43
-2.30665e-43
-2.30834e-43
-2.31001e-43
-2.31166e-43
-2.31328e-43
-2.31489e-43
-2.31648e-43
-2.31805e-43
-2.31587e-43
-2.30996e-43
-2.30401e-43
-2.29803e-43
-2.29203e-43
-2.28601e-43
-2.27997e-43
-2.27391e-43
-2.26784e-43
-2.26175e-43
-2.25566e-43
-2.24956e-43
-2.24346e-43
-2.23735e-43
-2.23125e-43
-2.22515e-43
-2.22277e-43
-2.22412e-43
-2.22177e-43
-2.21944e-43
-2.22083e-43
-2.22225e-43
-2.22368e-43
-2.22514e-43
-2.2266e-43
-2.22808e-43
-2.22586e-43
-2.22364e-43
-2.22515e-43
-2.22668e-43
-2.22821e-43
-2.22976e-43
-2.23132e-43
-2.23289e-43
-2.23447e-43
-2.23606e-43
-2.23765e-43
-2.23925e-43
-2.24086e-43
-2.23875e-43
-2.23665e-43
-2.23826e-43
-2.23987e-43
-2.24149e-43
-2.24312e-43
-2.24475e-43
-2.24638e-43
-2.24802e-43
-2.24966e-43
-2.25129e-43
-2.25293e-43
-2.25085e-43
-2.24877e-43
-2.25039e-43
-2.2483e-43
-2.24992e-43
-2.25898e-43
-2.26806e-43
-2.27714e-43
-2.28624e-43
-2.29161e-43
-2.29699e-43
-2.30607e-43
-2.31143e-43
-2.31678e-43
-2.32583e-43
-2.33115e-43
-2.33646e-43
-2.34547e-43
-2.35446e-43
-2.36344e-43
-2.3724e-43
-2.38134e-43
-2.39025e-43
-2.39542e-43
-2.40055e-43
-2.40937e-43
-2.41816e-43
-2.4232e-43
-2.42448e-43
-2.42571e-43
-2.4269e-43
-2.42805e-43
-2.42915e-43
-2.43021e-43
-2.43123e-43
-2.42849e-43
-2.42571e-43
-2.4266e-43
-2.42746e-43
-2.42457e-43
-2.41792e-43
-2.41494e-43
-2.41566e-43
-2.41263e-43
-2.40957e-43
-2.40648e-43
-2.40337e-43
-2.40395e-43
-2.4008e-43
-2.39763e-43
-2.39815e-43
-2.39867e-43
-2.39546e-43
-2.39222e-43
-2.3927e-43
-2.39316e-43
-2.3899e-43
-2.38662e-43
-2.38705e-43
-2.38376e-43
-2.37674e-43
-2.37343e-43
-2.37382e-43
-2.37422e-43
-2.3709e-43
-2.36757e-43
-2.36796e-43
-2.36836e-43
-2.36875e-43
-2.36544e-43
-2.36212e-43
-2.36251e-43
-2.35919e-43
-2.35216e-43
-2.34511e-43
-2.33807e-43
-2.33474e-43
-2.33514e-43
-2.33555e-43
-2.33597e-43
-2.3327e-43
-2.32943e-43
-2.32988e-43
-2.33035e-43
-2.32712e-43
-2.32017e-43
-2.31323e-43
-2.31e-43
-2.3068e-43
-2.29988e-43
-2.29669e-43
-2.29724e-43
-2.29781e-43
-2.2984e-43
-2.2953e-43
-2.28848e-43
-2.28168e-43
-2.27489e-43
-2.27183e-43
-2.26878e-43
-2.26204e-43
-2.2516e-43
-2.24116e-43
-2.23446e-43
-2.22778e-43
-2.22113e-43
-2.21449e-43
-2.20789e-43
-2.20132e-43
-2.19477e-43
-2.18826e-43
-2.18177e-43
-2.1716e-43
-2.16518e-43
-2.16623e-43
-2.16734e-43
-2.16477e-43
-2.15852e-43
-2.15231e-43
-2.14985e-43
-2.14743e-43
-2.14505e-43
-2.14271e-43
-2.14041e-43
-2.13815e-43
-2.13221e-43
-2.1263e-43
-2.12043e-43
-2.1183e-43
-2.11622e-43
-2.11045e-43
-2.10844e-43
-2.11019e-43
-2.11198e-43
-2.11382e-43
-2.11569e-43
-2.11761e-43
-2.11585e-43
-2.11039e-43
-2.10496e-43
-2.10327e-43
-2.10533e-43
-2.10742e-43
-2.10583e-43
-2.10055e-43
-2.09529e-43
-2.09004e-43
-2.08854e-43
-2.09451e-43
-2.10423e-43
-2.114e-43
-2.12009e-43
-2.12621e-43
-2.13607e-43
-2.14224e-43
-2.14471e-43
-2.14719e-43
-2.14968e-43
-2.15217e-43
-2.15467e-43
-2.15718e-43
-2.15968e-43
-2.16219e-43
-2.1647e-43
-2.16721e-43
-2.16972e-43
-2.17595e-43
-2.1859e-43
-2.19585e-43
-2.2021e-43
-2.2009e-43
-2.19596e-43
-2.191e-43
-2.18601e-43
-2.181e-43
-2.1797e-43
-2.1821e-43
-2.18078e-43
-2.17945e-43
-2.18184e-43
-2.18422e-43
-2.1866e-43
-2.18525e-43
-2.18018e-43
-2.1751e-43
-2.16999e-43
-2.16488e-43
-2.15976e-43
-2.15463e-43
-2.15322e-43
-2.15553e-43
-2.15784e-43
-2.16017e-43
-2.1625e-43
-2.16484e-43
-2.16347e-43
-2.15838e-43
-2.15328e-43
-2.14817e-43
-2.14678e-43
-2.14911e-43
-2.15146e-43
-2.15381e-43
-2.15246e-43
-2.14738e-43
-2.14231e-43
-2.14095e-43
-2.14331e-43
-2.14568e-43
-2.14807e-43
-2.15046e-43
-2.15287e-43
-2.15528e-43
-2.1577e-43
-2.16012e-43
-2.16255e-43
-2.16499e-43
-2.16742e-43
-2.16986e-43
-2.17229e-43
-2.17473e-43
-2.17717e-43
-2.17588e-43
-2.17087e-43
-2.16584e-43
-2.1608e-43
-2.15575e-43
-2.15069e-43
-2.14563e-43
-2.14056e-43
-2.13548e-43
-2.13041e-43
-2.12906e-43
-2.13143e-43
-2.13383e-43
-2.13251e-43
-2.12749e-43
-2.11874e-43
-2.10628e-43
-2.09752e-43
-2.09249e-43
-2.08375e-43
-2.0713e-43
-2.05885e-43
-2.04641e-43
-2.03771e-43
-2.03274e-43
-2.02408e-43
-2.01545e-43
-2.00685e-43
-1.99456e-43
-1.98229e-43
-1.97005e-43
-1.96156e-43
-1.95311e-43
-1.9447e-43
-1.94006e-43
-1.93175e-43
-1.91976e-43
-1.90782e-43
-1.89963e-43
-1.8915e-43
-1.8797e-43
-1.86795e-43
-1.85624e-43
-1.84459e-43
-1.83299e-43
-1.82145e-43
-1.80997e-43
-1.79854e-43
-1.78718e-43
-1.7796e-43
-1.77209e-43
-1.76466e-43
-1.75729e-43
-1.74628e-43
-1.73533e-43
-1.72445e-43
-1.71736e-43
-1.71406e-43
-1.71085e-43
-1.70771e-43
-1.70837e-43
-1.70912e-43
-1.70995e-43
-1.71085e-43
-1.70811e-43
-1.70544e-43
-1.70282e-43
-1.70027e-43
-1.69779e-43
-1.69536e-43
-1.69299e-43
-1.69068e-43
-1.69214e-43
-1.69366e-43
-1.69153e-43
-1.68944e-43
-1.6874e-43
-1.68541e-43
-1.68347e-43
-1.68157e-43
-1.676e-43
-1.66675e-43
-1.65752e-43
-1.64834e-43
-1.63918e-43
-1.63007e-43
-1.62099e-43
-1.61195e-43
-1.60668e-43
-1.60517e-43
-1.60373e-43
-1.60233e-43
-1.60099e-43
-1.59971e-43
-1.59847e-43
-1.59729e-43
-1.59615e-43
-1.59506e-43
-1.59774e-43
-1.60047e-43
-1.59952e-43
-1.59862e-43
-1.59775e-43
-1.59692e-43
-1.59613e-43
-1.59909e-43
-1.60209e-43
-1.60141e-43
-1.60076e-43
-1.60014e-43
-1.59955e-43
-1.59898e-43
-1.60216e-43
-1.60537e-43
-1.6049e-43
-1.60444e-43
-1.604e-43
-1.60358e-43
-1.60319e-43
-1.60281e-43
-1.60245e-43
-1.6021e-43
-1.60178e-43
-1.60147e-43
-1.60117e-43
-1.6009e-43
-1.60063e-43
-1.60039e-43
-1.60015e-43
-1.59993e-43
-1.59973e-43
-1.59953e-43
-1.59935e-43
-1.59918e-43
-1.59903e-43
-1.59888e-43
-1.59875e-43
-1.59862e-43
-1.59851e-43
-1.59841e-43
-1.59832e-43
-1.59823e-43
-1.59816e-43
-1.59809e-43
-1.59431e-43
-1.58682e-43
-1.57932e-43
-1.57183e-43
-1.56433e-43
-1.55684e-43
-1.54563e-43
-1.53815e-43
-1.53812e-43
-1.53811e-43
-1.53813e-43
-1.53818e-43
-1.53825e-43
-1.53835e-43
-1.53847e-43
-1.53861e-43
-1.53877e-43
-1.53896e-43
-1.53916e-43
-1.53938e-43
-1.53962e-43
-1.53616e-43
-1.53271e-43
-1.53299e-43
-1.53329e-43
-1.53361e-43
-1.53394e-43
-1.53429e-43
-1.53465e-43
-1.53503e-43
-1.53543e-43
-1.53583e-43
-1.53625e-43
-1.53297e-43
-1.52969e-43
-1.53013e-43
-1.52687e-43
-1.52362e-43
-1.52781e-43
-1.53574e-43
-1.54369e-43
-1.55167e-43
-1.55967e-43
-1.56768e-43
-1.5757e-43
-1.58373e-43
-1.59177e-43
-1.59981e-43
-1.60785e-43
-1.61588e-43
-1.62391e-43
-1.63194e-43
-1.63995e-43
-1.64794e-43
-1.65593e-43
-1.66389e-43
-1.67184e-43
-1.67976e-43
-1.68394e-43
-1.68809e-43
-1.69592e-43
-1.6963e-43
-1.69291e-43
-1.69319e-43
-1.69344e-43
-1.68993e-43
-1.68266e-43
-1.67907e-43
-1.67916e-43
-1.68294e-43
-1.69043e-43
-1.6979e-43
-1.70163e-43
-1.70163e-43
-1.70532e-43
-1.7127e-43
-1.72006e-43
-1.72741e-43
-1.73473e-43
-1.73832e-43
-1.74187e-43
-1.74912e-43
-1.75633e-43
-1.76353e-43
-1.76697e-43
-1.76667e-43
-1.77003e-43
-1.77709e-43
-1.7804e-43
-1.77995e-43
-1.78318e-43
-1.7901e-43
-1.79699e-43
-1.80385e-43
-1.80696e-43
-1.81004e-43
-1.81679e-43
-1.8198e-43
-1.81905e-43
-1.82198e-43
-1.8323e-43
-1.84261e-43
-1.85288e-43
-1.86685e-43
-1.88079e-43
-1.89099e-43
-1.90115e-43
-1.91498e-43
-1.92878e-43
-1.93882e-43
-1.9451e-43
-1.95503e-43
-1.96863e-43
-1.97847e-43
-1.98825e-43
-2.00169e-43
-2.01508e-43
-2.02841e-43
-2.03797e-43
-2.04746e-43
-2.0606e-43
-2.06996e-43
-2.07925e-43
-2.09219e-43
-2.10134e-43
-2.10298e-43
-2.10454e-43
-2.10972e-43
-2.11112e-43
-2.10871e-43
-2.10993e-43
-2.1148e-43
-2.11588e-43
-2.11317e-43
-2.1141e-43
-2.11868e-43
-2.11949e-43
-2.11651e-43
-2.11718e-43
-2.12151e-43
-2.12579e-43
-2.13002e-43
-2.1342e-43
-2.13461e-43
-2.13125e-43
-2.12783e-43
-2.12807e-43
-2.13198e-43
-2.13584e-43
-2.13968e-43
-2.13975e-43
-2.13605e-43
-2.13231e-43
-2.13224e-43
-2.13213e-43
-2.12826e-43
-2.12436e-43
-2.12413e-43
-2.12759e-43
-2.13103e-43
-2.13073e-43
-2.12668e-43
-2.12631e-43
-2.12964e-43
-2.13294e-43
-2.13251e-43
-2.12834e-43
-2.12786e-43
-2.13107e-43
-2.13055e-43
-2.12628e-43
-2.12199e-43
-2.1214e-43
-2.12079e-43
-2.11644e-43
-2.1158e-43
-2.11886e-43
-2.11819e-43
-2.1138e-43
-2.10938e-43
-2.10496e-43
-2.10423e-43
-2.1035e-43
-2.09905e-43
-2.09831e-43
-2.10128e-43
-2.10053e-43
-2.09607e-43
-2.08788e-43
-2.07967e-43
-2.07145e-43
-2.05951e-43
-2.05128e-43
-2.04676e-43
-2.03853e-43
-2.02659e-43
-2.01837e-43
-2.01388e-43
-2.00569e-43
-1.9938e-43
-1.98563e-43
-1.98121e-43
-1.97309e-43
-1.96128e-43
-1.94949e-43
-1.94143e-43
-1.93713e-43
-1.92915e-43
-1.91748e-43
-1.90585e-43
-1.89424e-43
-1.88639e-43
-1.8823e-43
-1.87826e-43
-1.87427e-43
-1.87033e-43
-1.86273e-43
-1.85145e-43
-1.84021e-43
-1.829e-43
-1.81785e-43
-1.80673e-43
-1.79938e-43
-1.79209e-43
-1.78114e-43
-1.77024e-43
-1.75939e-43
-1.75231e-43
-1.74902e-43
-1.74579e-43
-1.73892e-43
-1.72839e-43
-1.71791e-43
-1.70748e-43
-1.69712e-43
-1.69053e-43
-1.68773e-43
-1.68129e-43
-1.67119e-43
-1.66115e-43
-1.65489e-43
-1.65241e-43
-1.6463e-43
-1.63653e-43
-1.62681e-43
-1.62088e-43
-1.61874e-43
-1.61295e-43
-1.60351e-43
-1.59413e-43
-1.58852e-43
-1.58299e-43
-1.57752e-43
-1.57212e-43
-1.55935e-43
-1.54292e-43
-1.52653e-43
-1.5102e-43
-1.49764e-43
-1.48887e-43
-1.48389e-43
-1.48271e-43
-1.4779e-43
-1.46945e-43
-1.46108e-43
-1.45649e-43
-1.45198e-43
-1.44383e-43
-1.43574e-43
-1.42773e-43
-1.41979e-43
-1.41191e-43
-1.40783e-43
-1.40382e-43
-1.39617e-43
-1.38859e-43
-1.38479e-43
-1.38479e-43
-1.38487e-43
-1.38503e-43
-1.38526e-43
-1.38556e-43
-1.38593e-43
-1.38265e-43
-1.37571e-43
-1.36882e-43
-1.36198e-43
-1.35519e-43
-1.34845e-43
-1.34177e-43
-1.33885e-43
-1.33972e-43
-1.34437e-43
-1.35281e-43
-1.3576e-43
-1.36245e-43
-1.36735e-43
-1.36859e-43
-1.36987e-43
-1.37119e-43
-1.37255e-43
-1.37395e-43
-1.37538e-43
-1.37684e-43
-1.37834e-43
-1.38358e-43
-1.38886e-43
-1.39045e-43
-1.39206e-43
-1.3937e-43
-1.39535e-43
-1.39702e-43
-1.40243e-43
-1.40786e-43
-1.40959e-43
-1.41133e-43
-1.41308e-43
-1.41484e-43
-1.41289e-43
-1.40722e-43
-1.40155e-43
-1.39587e-43
-1.39019e-43
-1.38451e-43
-1.37883e-43
-1.37316e-43
-1.36749e-43
-1.36183e-43
-1.35618e-43
-1.35054e-43
-1.34863e-43
-1.34675e-43
-1.34116e-43
-1.33559e-43
-1.33003e-43
-1.32449e-43
-1.32269e-43
-1.32091e-43
-1.31544e-43
-1.30999e-43
-1.30455e-43
-1.29914e-43
-1.29375e-43
-1.28838e-43
-1.28304e-43
-1.27772e-43
-1.27243e-43
-1.26717e-43
-1.26193e-43
-1.25672e-43
-1.25154e-43
-1.2464e-43
-1.24128e-43
-1.23619e-43
-1.23114e-43
-1.22983e-43
-1.23229e-43
-1.23479e-43
-1.23733e-43
-1.23992e-43
-1.24254e-43
-1.2452e-43
-1.24789e-43
-1.25062e-43
-1.25337e-43
-1.25615e-43
-1.25896e-43
-1.26179e-43
-1.26464e-43
-1.26752e-43
-1.27041e-43
-1.27332e-43
-1.27624e-43
-1.27918e-43
-1.28213e-43
-1.2851e-43
-1.28807e-43
-1.29105e-43
-1.29403e-43
-1.29702e-43
-1.30002e-43
-1.30302e-43
-1.30602e-43
-1.30902e-43
-1.31202e-43
-1.31131e-43
-1.30686e-43
-1.3024e-43
-1.30164e-43
-1.3046e-43
-1.30757e-43
-1.31053e-43
-1.3135e-43
-1.31646e-43
-1.31942e-43
-1.32238e-43
-1.32534e-43
-1.32829e-43
-1.33123e-43
-1.33417e-43
-1.33711e-43
-1.34003e-43
-1.34295e-43
-1.34586e-43
-1.34875e-43
-1.35164e-43
-1.35452e-43
-1.35366e-43
-1.34907e-43
-1.34817e-43
-1.34726e-43
-1.34261e-43
-1.33795e-43
-1.33698e-43
-1.33972e-43
-1.34246e-43
-1.3452e-43
-1.34422e-43
-1.3395e-43
-1.33477e-43
-1.33002e-43
-1.32527e-43
-1.32421e-43
-1.32688e-43
-1.32955e-43
-1.33223e-43
-1.3349e-43
-1.33758e-43
-1.34026e-43
-1.34294e-43
-1.34562e-43
-1.34829e-43
-1.35097e-43
-1.35364e-43
-1.3563e-43
-1.35524e-43
-1.35045e-43
-1.34936e-43
-1.35198e-43
-1.3546e-43
-1.35721e-43
-1.35982e-43
-1.36243e-43
-1.36503e-43
-1.36763e-43
-1.3665e-43
-1.36163e-43
-1.36047e-43
-1.36301e-43
-1.36555e-43
-1.36809e-43
-1.37062e-43
-1.37315e-43
-1.37195e-43
-1.36702e-43
-1.36207e-43
-1.3571e-43
-1.35212e-43
-1.34341e-43
-1.33096e-43
-1.3185e-43
-1.30602e-43
-1.29353e-43
-1.28103e-43
-1.26854e-43
-1.25605e-43
-1.24728e-43
-1.24225e-43
-1.23725e-43
-1.23228e-43
-1.22733e-43
-1.22242e-43
-1.21753e-43
-1.21268e-43
-1.20786e-43
-1.20306e-43
-1.19831e-43
-1.19358e-43
-1.18889e-43
-1.18423e-43
-1.17589e-43
-1.16385e-43
-1.15556e-43
-1.15102e-43
-1.14653e-43
-1.14207e-43
-1.13766e-43
-1.13329e-43
-1.12896e-43
-1.12467e-43
-1.1167e-43
-1.11249e-43
-1.11576e-43
-1.11537e-43
-1.11131e-43
-1.10728e-43
-1.10702e-43
-1.11051e-43
-1.11034e-43
-1.10649e-43
-1.10639e-43
-1.11005e-43
-1.11004e-43
-1.10634e-43
-1.10639e-43
-1.11019e-43
-1.11032e-43
-1.11047e-43
-1.11066e-43
-1.10715e-43
-1.10738e-43
-1.11136e-43
-1.11538e-43
-1.1157e-43
-1.11605e-43
-1.12014e-43
-1.12053e-43
-1.12094e-43
-1.12137e-43
-1.1181e-43
-1.11483e-43
-1.11529e-43
-1.11577e-43
-1.11627e-43
-1.11678e-43
-1.10987e-43
-1.10668e-43
-1.11094e-43
-1.11522e-43
-1.11952e-43
-1.12384e-43
-1.12446e-43
-1.12137e-43
-1.122e-43
-1.12635e-43
-1.13072e-43
-1.13511e-43
-1.1395e-43
-1.14018e-43
-1.13715e-43
-1.13411e-43
-1.13107e-43
-1.12802e-43
-1.12868e-43
-1.12936e-43
-1.13003e-43
-1.13072e-43
-1.1314e-43
-1.13209e-43
-1.13278e-43
-1.13348e-43
-1.13045e-43
-1.12743e-43
-1.12812e-43
-1.13253e-43
-1.13695e-43
-1.14138e-43
-1.1421e-43
-1.14282e-43
-1.14726e-43
-1.14798e-43
-1.14498e-43
-1.14568e-43
-1.15011e-43
-1.15453e-43
-1.15896e-43
-1.16711e-43
-1.17527e-43
-1.18342e-43
-1.1953e-43
-1.20346e-43
-1.20789e-43
-1.21231e-43
-1.21671e-43
-1.22481e-43
-1.2329e-43
-1.24098e-43
-1.25275e-43
-1.2608e-43
-1.2651e-43
-1.27309e-43
-1.28477e-43
-1.29644e-43
-1.30807e-43
-1.31969e-43
-1.33127e-43
-1.34281e-43
